50
-1
1
  0.63398685   0.77289881   0.02623178  5.73847139e-04
 -0.42752999  -0.69898622  -0.57326815  2.66119263e-04
  0.97608707  -0.17932539   0.12286758  5.03043920e-04
 -0.80773649  -0.58096811   0.10018889  2.03701520e-04
  0.64039964   0.40775699   0.65086292  1.81962379e-04
  0.06767675  -0.99770714   0.00057379  4.77345005e-04
  0.09772772  -0.76697715   0.63418873  8.40290716e-04
  0.27067672   0.90550323  -0.32679966  3.78233613e-04
 -0.09471532   0.33969397   0.93575478  1.71762445e-04
  0.14423500  -0.38370760  -0.91212101  3.23536124e-04
  0.95782278  -0.22048143   0.18429180  1.56024292e-04
  0.27232428   0.92214416   0.27475377  2.41008385e-04
 -0.77984147  -0.05890477   0.62319941  1.70596058e-04
 -0.94184824   0.32029682  -0.10164562  3.63268857e-04
  0.16139937   0.58220984  -0.79685754  1.70701232e-04
  0.05859060  -0.16259752  -0.98495136  2.85618475e-04
 -0.38025043   0.84114916  -0.38454870  1.90943964e-04
  0.32891660  -0.91072093  -0.24980243  3.21258383e-04
  0.14328975   0.80479821   0.57599296  6.70748228e-04
 -0.60369947  -0.42122551   0.67684268  2.37937914e-04
 -0.60293069   0.60149836  -0.52409380  3.20334809e-04
  0.44140232   0.89730736   0.00187146  3.95478753e-04
  0.89462481  -0.11091587  -0.43283266  1.56247027e-04
 -0.45978364   0.88771919   0.02352964  5.18919689e-04
  0.63831440   0.73184451  -0.23865946  2.00807423e-04
 -0.36633979  -0.90931077  -0.19735523  1.80272979e-04
  0.13204334   0.97385448   0.18485673  1.77684281e-04
 -0.53105733  -0.29062549  -0.79593652  2.73549876e-04
 -0.39657914  -0.84994673  -0.34686530  1.45894371e-04
  0.89663667   0.13044949   0.42311417  2.26857070e-04
  0.22614796   0.88611509   0.40454560  3.95788492e-04
 -0.28726830  -0.71864317   0.63326844  1.91376802e-04
  0.45914748  -0.56902964   0.68219415  4.69074686e-04
 -0.53384802   0.66255314  -0.52538523  1.58702071e-04
  0.15398936   0.92231934  -0.35442109  1.96703190e-04
  0.57621355   0.78010107   0.24376273  5.47334824e-04
  0.42745804   0.90258758   0.05113990  3.17321777e-04
 -0.77602456   0.62237995   0.10212284  4.69795860e-04
 -0.54535421   0.41537189  -0.72804875  4.27175667e-04
  0.87780778   0.44632550  -0.17391678  2.31915312e-04
  0.54932694  -0.11884652  -0.82711270  1.94988910e-04
 -0.94644908   0.31996978  -0.04305208  1.73284196e-04
 -0.14690896   0.78809984   0.59775949  1.50434962e-04
 -0.58660253   0.18635859  -0.78814209  2.12116941e-04
  0.35294695  -0.65451886  -0.66860565  2.28634354e-04
 -0.97047564   0.11226586  -0.21347931  1.46871199e-04
  0.71098084   0.34110294   0.61494311  3.49753683e-04
  0.07093905  -0.98345966  -0.16665758  2.60486085e-04
  0.91724395   0.37199953   0.14240750  3.57362237e-04
  0.18051514   0.91881892  -0.35097873  2.01885213e-04
