50
 -1.1407996218300525E+00 -2.3170985309886123E+00 3.8420614944644871E-01
 8.7376138999590673E-03 -5.8921271919399184E-03 -1.6050505227591123E-03
0
0.0
 -1.1407996218300525E+00 -2.3170985309886123E+00 3.8420614944644871E-01
 8.6531394129566400E-03 -5.8918314564965811E-03 -1.4121466882235224E-03
0
0.0
 -1.1407996218300525E+00 -2.3170985309886123E+00 3.8420614944644871E-01
 8.8135401882856301E-03 -5.9208521490717089E-03 -1.4810357911772738E-03
0
0.0
 -1.1407996218300525E+00 -2.3170985309886123E+00 3.8420614944644871E-01
 9.0505899270763388E-03 -6.1226518395375599E-03 -1.5927322703228458E-03
0
0.0
 -1.1407996218300525E+00 -2.3170985309886123E+00 3.8420614944644871E-01
 8.5841840025841585E-03 -6.0859703384675574E-03 -1.6419140311653183E-03
0
0.0
 -1.1407996218300525E+00 -2.3170985309886123E+00 3.8420614944644871E-01
 8.9985710474347474E-03 -5.9382819188932593E-03 -1.6184154008984557E-03
0
0.0
 -1.1407996218300525E+00 -2.3170985309886123E+00 3.8420614944644871E-01
 8.7109096587252542E-03 -6.0611852051729986E-03 -1.5948517085761667E-03
0
0.0
 -1.1407996218300525E+00 -2.3170985309886123E+00 3.8420614944644871E-01
 8.7528048795932397E-03 -5.9356790371561368E-03 -1.4928242029344152E-03
0
0.0
 -1.1407996218300525E+00 -2.3170985309886123E+00 3.8420614944644871E-01
 8.6910468049774103E-03 -5.7916852229954775E-03 -1.5666519340499590E-03
0
0.0
 -1.1407996218300525E+00 -2.3170985309886123E+00 3.8420614944644871E-01
 8.8258409613281782E-03 -6.0842698895000854E-03 -1.3419123231868044E-03
0
0.0
 -1.1407996218300525E+00 -2.3170985309886123E+00 3.8420614944644871E-01
 8.7418140746143690E-03 -5.9673766589945325E-03 -1.6953883105345301E-03
0
0.0
 -1.1407996218300525E+00 -2.3170985309886123E+00 3.8420614944644871E-01
 8.8834173189664151E-03 -5.6230968835594471E-03 -1.6957617222155652E-03
0
0.0
 -1.1407996218300525E+00 -2.3170985309886123E+00 3.8420614944644871E-01
 8.8151669933802732E-03 -5.7875313990883286E-03 -1.6199658506225337E-03
0
0.0
 -1.1407996218300525E+00 -2.3170985309886123E+00 3.8420614944644871E-01
 8.7944349153032762E-03 -5.9160661891858538E-03 -1.7256508122793994E-03
0
0.0
 -1.1407996218300525E+00 -2.3170985309886123E+00 3.8420614944644871E-01
 8.7812279980818680E-03 -5.8942447155921219E-03 -1.4956561278868890E-03
0
0.0
 -1.1407996218300525E+00 -2.3170985309886123E+00 3.8420614944644871E-01
 8.8001607356162810E-03 -6.0160451484107319E-03 -1.8355761992936133E-03
0
0.0
 -1.1407996218300525E+00 -2.3170985309886123E+00 3.8420614944644871E-01
 8.5829834267387543E-03 -5.8726037939127443E-03 -1.4672215930158750E-03
0
0.0
 -1.1407996218300525E+00 -2.3170985309886123E+00 3.8420614944644871E-01
 8.7871262371424230E-03 -5.7966704177592147E-03 -1.3107707660371575E-03
0
0.0
 -1.1407996218300525E+00 -2.3170985309886123E+00 3.8420614944644871E-01
 8.8415936704024124E-03 -5.8443739345157199E-03 -1.7136838469188750E-03
0
0.0
 -1.1407996218300525E+00 -2.3170985309886123E+00 3.8420614944644871E-01
 8.7719827910604422E-03 -5.8946887453747224E-03 -1.5753121900460092E-03
0
0.0
 -1.1407996218300525E+00 -2.3170985309886123E+00 3.8420614944644871E-01
 8.9371624823225103E-03 -6.2001193495609345E-03 -1.6541514556192500E-03
0
0.0
 -1.1407996218300525E+00 -2.3170985309886123E+00 3.8420614944644871E-01
 8.8714665683079612E-03 -5.7004492119754379E-03 -1.8561147984132147E-03
0
0.0
 -1.1407996218300525E+00 -2.3170985309886123E+00 3.8420614944644871E-01
 8.7791012898776680E-03 -5.9175062640611188E-03 -1.6240977877424044E-03
0
0.0
 -1.1407996218300525E+00 -2.3170985309886123E+00 3.8420614944644871E-01
 8.7918448490651759E-03 -5.9563682836638590E-03 -1.5442424472223179E-03
0
0.0
 -1.1407996218300525E+00 -2.3170985309886123E+00 3.8420614944644871E-01
 8.8027460244868502E-03 -6.0995809438422590E-03 -1.7184968166663957E-03
0
0.0
 -1.1407996218300525E+00 -2.3170985309886123E+00 3.8420614944644871E-01
 8.9871316682568654E-03 -6.0705669352903576E-03 -1.7279191466837594E-03
0
0.0
 -1.1407996218300525E+00 -2.3170985309886123E+00 3.8420614944644871E-01
 8.7660691928320919E-03 -5.8059971692348061E-03 -1.4715550139275584E-03
0
0.0
 -1.1407996218300525E+00 -2.3170985309886123E+00 3.8420614944644871E-01
 8.5857534217072418E-03 -5.6579546219227683E-03 -1.5394556896992147E-03
0
0.0
 -1.1407996218300525E+00 -2.3170985309886123E+00 3.8420614944644871E-01
 8.8648375431944221E-03 -5.8547130725110190E-03 -1.6713993026442986E-03
0
0.0
 -1.1407996218300525E+00 -2.3170985309886123E+00 3.8420614944644871E-01
 8.6943670334040241E-03 -6.1181558569260832E-03 -1.5444477832543540E-03
0
0.0
 -1.1407996218300525E+00 -2.3170985309886123E+00 3.8420614944644871E-01
 8.7856438131541995E-03 -5.8805540563391535E-03 -1.5601592011950697E-03
0
0.0
 -1.1407996218300525E+00 -2.3170985309886123E+00 3.8420614944644871E-01
 8.8834011515758655E-03 -5.9731958679577462E-03 -1.6597725208435576E-03
0
0.0
 -1.1407996218300525E+00 -2.3170985309886123E+00 3.8420614944644871E-01
 8.6596432174207479E-03 -6.0990993501338457E-03 -1.6932440921611689E-03
0
0.0
 -1.1407996218300525E+00 -2.3170985309886123E+00 3.8420614944644871E-01
 8.7128746314158283E-03 -5.9140246071655517E-03 -1.5967299322560728E-03
0
0.0
 -1.1407996218300525E+00 -2.3170985309886123E+00 3.8420614944644871E-01
 8.9933067687646973E-03 -5.8099340831699901E-03 -1.5691279217516212E-03
0
0.0
 -1.1407996218300525E+00 -2.3170985309886123E+00 3.8420614944644871E-01
 9.0314912916664505E-03 -5.9391293790837345E-03 -1.6043147976875017E-03
0
0.0
 -1.1407996218300525E+00 -2.3170985309886123E+00 3.8420614944644871E-01
 8.6753632360550698E-03 -5.8788479415484655E-03 -1.5792266083376357E-03
0
0.0
 -1.1407996218300525E+00 -2.3170985309886123E+00 3.8420614944644871E-01
 8.8151775863681472E-03 -5.9314146940072192E-03 -1.6410133818507994E-03
0
0.0
 -1.1407996218300525E+00 -2.3170985309886123E+00 3.8420614944644871E-01
 8.7139693711392272E-03 -5.9274650446981599E-03 -1.9446680568157718E-03
0
0.0
 -1.1407996218300525E+00 -2.3170985309886123E+00 3.8420614944644871E-01
 8.8554336866766056E-03 -5.9237185421389107E-03 -1.5697956846088146E-03
0
0.0
 -1.1407996218300525E+00 -2.3170985309886123E+00 3.8420614944644871E-01
 8.6577852439230704E-03 -5.9918366139027953E-03 -1.6203289890570427E-03
0
0.0
 -1.1407996218300525E+00 -2.3170985309886123E+00 3.8420614944644871E-01
 8.5321586635314466E-03 -5.9229193346373981E-03 -1.7835516332341600E-03
0
0.0
 -1.1407996218300525E+00 -2.3170985309886123E+00 3.8420614944644871E-01
 8.8473635673309309E-03 -5.9922355614330496E-03 -1.5241947288178186E-03
0
0.0
 -1.1407996218300525E+00 -2.3170985309886123E+00 3.8420614944644871E-01
 8.7673494145518865E-03 -5.8228481481547058E-03 -1.6101012769191559E-03
0
0.0
 -1.1407996218300525E+00 -2.3170985309886123E+00 3.8420614944644871E-01
 8.7576337837210801E-03 -5.9298479054796247E-03 -1.6463336895339198E-03
0
0.0
 -1.1407996218300525E+00 -2.3170985309886123E+00 3.8420614944644871E-01
 8.5260902263973141E-03 -6.1074303701675672E-03 -1.6938813533718994E-03
0
0.0
 -1.1407996218300525E+00 -2.3170985309886123E+00 3.8420614944644871E-01
 8.6091097462904827E-03 -6.1305325435450564E-03 -1.5245974636751581E-03
0
0.0
 -1.1407996218300525E+00 -2.3170985309886123E+00 3.8420614944644871E-01
 8.8653265629273278E-03 -5.9111559689578475E-03 -1.7591855185416264E-03
0
0.0
 -1.1407996218300525E+00 -2.3170985309886123E+00 3.8420614944644871E-01
 8.6333300260741340E-03 -5.9897394275674146E-03 -1.7073772952962485E-03
0
0.0
 -1.1407996218300525E+00 -2.3170985309886123E+00 3.8420614944644871E-01
 8.6906092690951942E-03 -5.9627629698804372E-03 -1.7955589496653111E-03
0
0.0
