50
-1
1
  0.09515520   0.17793759  -0.97943030  3.75505812e-04
 -0.58910456   0.21884781   0.77785696  2.12216503e-04
  0.05413372   0.24783556   0.96728852  3.11790489e-04
 -0.10615898   0.71188094  -0.69423037  1.76478811e-04
  0.48005727  -0.74846659  -0.45753992  2.40376924e-04
  0.32431247   0.59858588   0.73247278  1.65064452e-04
 -0.53711294   0.13947985   0.83189847  2.36001488e-04
 -0.88575338  -0.24476940  -0.39437152  8.38459576e-04
  0.07975017   0.51099113   0.85587848  3.84219265e-04
  0.13452553  -0.47800402  -0.86799484  2.43161901e-04
 -0.68090605   0.05033869  -0.73063874  2.30594733e-04
 -0.01695614  -0.01129753  -0.99979241  2.62597903e-04
 -0.67935194   0.12015321  -0.72390894  2.15772587e-04
  0.26110641   0.11061073  -0.95895188  2.76011616e-04
 -0.28785788  -0.86071021  -0.41989972  4.76620155e-04
  0.87178601  -0.44595666  -0.20276047  4.06454357e-04
 -0.73545149  -0.47211490  -0.48602328  1.64809631e-04
 -0.90239068   0.31197085   0.29726291  2.19913251e-04
  0.86457188  -0.44662630  -0.23030506  1.86970454e-04
  0.21369677  -0.93511919   0.28264073  3.38943756e-04
 -0.34296466  -0.25581025  -0.90384532  4.29999656e-04
  0.40354873  -0.07073294  -0.91221997  1.49918004e-04
  0.87032095   0.35833699   0.33784027  2.26402258e-04
 -0.00145184   0.17707489   0.98419631  1.61412743e-04
 -0.97437810  -0.13942873   0.17648496  3.78331075e-04
  0.34899248   0.18719074  -0.91823955  1.88715714e-04
 -0.18208036   0.95481991   0.23487374  2.78350110e-04
 -0.03708803  -0.27875207  -0.95964669  1.64854265e-04
 -0.38087534  -0.89844505   0.21847303  2.13083820e-04
 -0.81126967  -0.47250716   0.34435231  2.27526374e-04
  0.38679605   0.55399015  -0.73721349  3.84211178e-04
  0.88579282  -0.37639098  -0.27147912  2.21032385e-04
  0.53395344  -0.19842981  -0.82189983  4.73146076e-04
 -0.46447160  -0.84865289   0.25308971  3.46126473e-04
  0.72577282   0.66156855   0.18862891  2.92396885e-04
 -0.13131233  -0.87810340   0.46009943  5.77233931e-04
  0.72091519  -0.58135253  -0.37724068  2.63309331e-04
 -0.45766776  -0.44257165   0.77114885  4.00553254e-04
  0.87104965   0.22080247   0.43876961  1.91326303e-04
  0.54720107  -0.07478256  -0.83365374  1.67883727e-04
 -0.63151790   0.77430098  -0.04053564  2.11011501e-04
  0.64824782  -0.61116950  -0.45414382  7.58619622e-04
 -0.85179132   0.05622229   0.52085564  1.57926111e-04
  0.52094676  -0.67029288   0.52850916  1.53410807e-04
  0.19798827   0.97426653   0.10772822  1.97597075e-04
 -0.67278023   0.65685506   0.34045291  2.24143195e-04
 -0.79541733   0.45367822  -0.40185488  2.16605458e-04
  0.05050993   0.41809005   0.90700025  1.86331647e-04
 -0.13527852  -0.17763389   0.97475429  3.83500071e-04
  0.12195141   0.03747820  -0.99182823  5.42280995e-04
