50
 -1.1407996218300525E+00 -2.3170985309886123E+00 3.8420614944644871E-01
 8.7000935789340993E-03 -6.0847221789542957E-03 -1.6213662721133058E-03
0
0.0
 -1.1407996218300525E+00 -2.3170985309886123E+00 3.8420614944644871E-01
 8.5643006578662584E-03 -5.8385938374750108E-03 -1.5238004364253844E-03
0
0.0
 -1.1407996218300525E+00 -2.3170985309886123E+00 3.8420614944644871E-01
 8.7513780597756781E-03 -6.0004615692452155E-03 -1.8084679734837001E-03
0
0.0
 -1.1407996218300525E+00 -2.3170985309886123E+00 3.8420614944644871E-01
 8.8374957897848199E-03 -6.2069713874651593E-03 -1.6779145464365631E-03
0
0.0
 -1.1407996218300525E+00 -2.3170985309886123E+00 3.8420614944644871E-01
 8.8147018845759449E-03 -5.8925346706482319E-03 -1.6778738727667429E-03
0
0.0
 -1.1407996218300525E+00 -2.3170985309886123E+00 3.8420614944644871E-01
 8.7808776572584606E-03 -6.0458567756691232E-03 -1.6326584659492659E-03
0
0.0
 -1.1407996218300525E+00 -2.3170985309886123E+00 3.8420614944644871E-01
 8.6527447799052831E-03 -5.9484556815652375E-03 -1.5748098902738828E-03
0
0.0
 -1.1407996218300525E+00 -2.3170985309886123E+00 3.8420614944644871E-01
 8.7308693588622598E-03 -5.9508733830031533E-03 -1.8983516165818985E-03
0
0.0
 -1.1407996218300525E+00 -2.3170985309886123E+00 3.8420614944644871E-01
 8.6011089721287140E-03 -5.7829702944031123E-03 -1.6359853982933739E-03
0
0.0
 -1.1407996218300525E+00 -2.3170985309886123E+00 3.8420614944644871E-01
 8.8005326438255430E-03 -5.7827279989486422E-03 -1.3064485421375070E-03
0
0.0
 -1.1407996218300525E+00 -2.3170985309886123E+00 3.8420614944644871E-01
 8.8207451578717847E-03 -6.2262446127622313E-03 -1.5244259435015502E-03
0
0.0
 -1.1407996218300525E+00 -2.3170985309886123E+00 3.8420614944644871E-01
 8.9173065104925769E-03 -5.9008221896546887E-03 -1.8360916623035930E-03
0
0.0
 -1.1407996218300525E+00 -2.3170985309886123E+00 3.8420614944644871E-01
 8.7009614362897111E-03 -5.7136887669297148E-03 -1.6865838719468272E-03
0
0.0
 -1.1407996218300525E+00 -2.3170985309886123E+00 3.8420614944644871E-01
 8.6963556930303703E-03 -6.0378705031986094E-03 -1.5468587048252131E-03
0
0.0
 -1.1407996218300525E+00 -2.3170985309886123E+00 3.8420614944644871E-01
 8.6113732308188261E-03 -5.7024052419863188E-03 -1.6844874766062546E-03
0
0.0
 -1.1407996218300525E+00 -2.3170985309886123E+00 3.8420614944644871E-01
 8.6979522744555244E-03 -5.7500687947902021E-03 -1.5884313323074532E-03
0
0.0
 -1.1407996218300525E+00 -2.3170985309886123E+00 3.8420614944644871E-01
 8.6159903790164263E-03 -5.6984284782180877E-03 -1.8106984565610992E-03
0
0.0
 -1.1407996218300525E+00 -2.3170985309886123E+00 3.8420614944644871E-01
 8.7439849407149831E-03 -5.9657509521488872E-03 -1.6110931474232744E-03
0
0.0
 -1.1407996218300525E+00 -2.3170985309886123E+00 3.8420614944644871E-01
 8.9441785054866600E-03 -5.8818161685742568E-03 -1.4209560524599326E-03
0
0.0
 -1.1407996218300525E+00 -2.3170985309886123E+00 3.8420614944644871E-01
 8.5187793265863766E-03 -5.8242599040631985E-03 -1.4445556490736485E-03
0
0.0
 -1.1407996218300525E+00 -2.3170985309886123E+00 3.8420614944644871E-01
 8.7465835190507664E-03 -5.9496615682807777E-03 -1.6606043423528242E-03
0
0.0
 -1.1407996218300525E+00 -2.3170985309886123E+00 3.8420614944644871E-01
 8.7628586694841418E-03 -5.8175774407607118E-03 -1.6513200915435771E-03
0
0.0
 -1.1407996218300525E+00 -2.3170985309886123E+00 3.8420614944644871E-01
 8.8513271654316102E-03 -5.6891252426042637E-03 -1.6423230812120057E-03
0
0.0
 -1.1407996218300525E+00 -2.3170985309886123E+00 3.8420614944644871E-01
 8.9876209286086448E-03 -5.9132280873732852E-03 -1.8097824392929313E-03
0
0.0
 -1.1407996218300525E+00 -2.3170985309886123E+00 3.8420614944644871E-01
 8.8491882854776875E-03 -5.5896374123068195E-03 -1.5261111210152229E-03
0
0.0
 -1.1407996218300525E+00 -2.3170985309886123E+00 3.8420614944644871E-01
 8.7768519928652072E-03 -5.6951308552235401E-03 -1.4900131889075199E-03
0
0.0
 -1.1407996218300525E+00 -2.3170985309886123E+00 3.8420614944644871E-01
 8.8276778828507291E-03 -5.8699413631633710E-03 -1.6648364528823027E-03
0
0.0
 -1.1407996218300525E+00 -2.3170985309886123E+00 3.8420614944644871E-01
 8.7117698445282801E-03 -5.9733105718948343E-03 -1.6691779002996276E-03
0
0.0
 -1.1407996218300525E+00 -2.3170985309886123E+00 3.8420614944644871E-01
 8.5613387054482674E-03 -5.9105104705880910E-03 -1.6119829794205033E-03
0
0.0
 -1.1407996218300525E+00 -2.3170985309886123E+00 3.8420614944644871E-01
 8.7213673153111512E-03 -5.7027565618827372E-03 -1.4652617909206936E-03
0
0.0
 -1.1407996218300525E+00 -2.3170985309886123E+00 3.8420614944644871E-01
 8.6319628670804335E-03 -5.9119696100452968E-03 -1.8481287610056091E-03
0
0.0
 -1.1407996218300525E+00 -2.3170985309886123E+00 3.8420614944644871E-01
 8.8236629687950090E-03 -5.9198237098004539E-03 -1.6712340509524950E-03
0
0.0
 -1.1407996218300525E+00 -2.3170985309886123E+00 3.8420614944644871E-01
 8.8569586784093390E-03 -5.7958339945788631E-03 -1.6555483366044394E-03
0
0.0
 -1.1407996218300525E+00 -2.3170985309886123E+00 3.8420614944644871E-01
 8.7463486852494207E-03 -5.7894131241323062E-03 -1.4946744061178885E-03
0
0.0
 -1.1407996218300525E+00 -2.3170985309886123E+00 3.8420614944644871E-01
 8.9457161112996997E-03 -5.9014584546999349E-03 -1.5957709403750606E-03
0
0.0
 -1.1407996218300525E+00 -2.3170985309886123E+00 3.8420614944644871E-01
 8.6294752321360198E-03 -5.9759437014906026E-03 -1.6746634738737975E-03
0
0.0
 -1.1407996218300525E+00 -2.3170985309886123E+00 3.8420614944644871E-01
 8.6982081370415038E-03 -5.9818287364425023E-03 -1.6328020701155922E-03
0
0.0
 -1.1407996218300525E+00 -2.3170985309886123E+00 3.8420614944644871E-01
 8.8858256369436280E-03 -5.7392161808119584E-03 -1.7384344961614965E-03
0
0.0
 -1.1407996218300525E+00 -2.3170985309886123E+00 3.8420614944644871E-01
 8.5625979125383157E-03 -5.9948955807868380E-03 -1.7760669702412209E-03
0
0.0
 -1.1407996218300525E+00 -2.3170985309886123E+00 3.8420614944644871E-01
 8.7910197413495258E-03 -6.0010598452302968E-03 -1.6790549065320993E-03
0
0.0
 -1.1407996218300525E+00 -2.3170985309886123E+00 3.8420614944644871E-01
 8.8168546394955232E-03 -5.8313623255102417E-03 -1.6492062566205834E-03
0
0.0
 -1.1407996218300525E+00 -2.3170985309886123E+00 3.8420614944644871E-01
 8.5592519238381522E-03 -6.1055103903189982E-03 -1.7146089159051964E-03
0
0.0
 -1.1407996218300525E+00 -2.3170985309886123E+00 3.8420614944644871E-01
 8.7501813137907097E-03 -6.0327518067502910E-03 -1.5447970697250618E-03
0
0.0
 -1.1407996218300525E+00 -2.3170985309886123E+00 3.8420614944644871E-01
 8.8058493672693462E-03 -5.8515674854849146E-03 -1.4240045633299634E-03
0
0.0
 -1.1407996218300525E+00 -2.3170985309886123E+00 3.8420614944644871E-01
 8.6534201494639206E-03 -5.6065747007311966E-03 -1.6431474633734457E-03
0
0.0
 -1.1407996218300525E+00 -2.3170985309886123E+00 3.8420614944644871E-01
 8.8541120687918220E-03 -6.0197011974265453E-03 -1.4376065231391745E-03
0
0.0
 -1.1407996218300525E+00 -2.3170985309886123E+00 3.8420614944644871E-01
 8.8621090274386676E-03 -5.9454208811328462E-03 -1.6953112708538213E-03
0
0.0
 -1.1407996218300525E+00 -2.3170985309886123E+00 3.8420614944644871E-01
 8.6776124418960661E-03 -5.9191976471058656E-03 -1.5694200216443592E-03
0
0.0
 -1.1407996218300525E+00 -2.3170985309886123E+00 3.8420614944644871E-01
 8.8384276579160752E-03 -5.9434327186067065E-03 -1.5870581393792843E-03
0
0.0
 -1.1407996218300525E+00 -2.3170985309886123E+00 3.8420614944644871E-01
 8.7199385196556432E-03 -5.9333671945165792E-03 -1.4945931622669484E-03
0
0.0
