20
-1
1
  0.27032240   0.53251998  -0.80208994  4.08157264e-04
 -0.56919015   0.09918505  -0.81620151  3.91483402e-04
 -0.57103483   0.81574257  -0.09210477  3.21532483e-04
  0.93522538   0.18474425   0.30203152  2.35784296e-04
  0.41458071  -0.25584532   0.87330751  7.67070803e-04
 -0.17943215  -0.00944512   0.98372501  1.58285049e-04
  0.99636808  -0.06537243   0.05456278  1.48518430e-04
 -0.53010336  -0.83491783   0.14799541  1.71930943e-04
 -0.32073179   0.50034467  -0.80423027  1.65289510e-04
  0.95554180   0.28676343  -0.06860471  2.28456777e-04
  0.90962725   0.14644823   0.38875593  2.85623178e-04
  0.14117968  -0.98714856  -0.07487339  1.62297985e-04
 -0.13649462   0.07232090   0.98799742  6.41909164e-04
 -0.39818948   0.28414204   0.87218601  3.56788060e-04
  0.19648072   0.82817506   0.52490132  1.49103773e-04
  0.80950500  -0.58372239   0.06300660  2.25906275e-04
 -0.60697036   0.46648203  -0.64341394  2.58186780e-04
 -0.85261331   0.36618055   0.37277653  2.07633992e-04
  0.11333382  -0.45244177   0.88456311  1.81036505e-04
 -0.88468975  -0.39298762  -0.25076837  1.61857767e-04
