50
-1
1
 -0.04385048  -0.75191064  -0.65780508  1.66486125e-04
  0.80316502  -0.09846316   0.58756358  1.65251199e-04
 -0.52667007   0.55108440  -0.64724387  2.43855406e-04
  0.36032500  -0.93198623  -0.03959246  2.96279949e-04
  0.74953449   0.21372673  -0.62651331  5.96544037e-04
  0.22540474   0.14421230  -0.96353283  3.93542196e-04
 -0.08322952   0.91989321   0.38323535  8.62408028e-04
 -0.36843999   0.82523829  -0.42805810  3.53942440e-04
 -0.23885942   0.29404935   0.92546267  2.45648906e-04
  0.25358031  -0.45168274   0.85538280  3.39586976e-04
  0.01117619  -0.30899826   0.95099694  2.91791923e-04
  0.95617985   0.03826730  -0.29026835  1.46725813e-04
  0.59356563  -0.77913054  -0.20158235  6.99925174e-04
  0.92068819   0.36003380  -0.15069476  2.48305557e-04
  0.95380043   0.24653313   0.17171535  4.32742646e-04
 -0.44285665   0.59849913   0.66759028  1.74307443e-04
 -0.68198110   0.06739157  -0.72825831  2.09796546e-04
 -0.97433419   0.22503864   0.00552304  1.50727396e-04
  0.36847665   0.88657246  -0.27966808  1.75103873e-04
 -0.44614658  -0.81520818   0.36930861  2.23899361e-04
 -0.47514685  -0.82995486   0.29225059  1.49666159e-04
  0.64545871   0.46453786  -0.60629005  5.10990526e-04
 -0.73330762   0.66336545   0.14901750  3.01044316e-04
 -0.63225013   0.73485961   0.24544070  3.01477429e-04
  0.93094181  -0.36432728  -0.02475827  1.92185144e-04
  0.38608000  -0.86898895  -0.30951647  4.04762536e-04
  0.40800124  -0.13562331  -0.90285176  4.53647559e-04
 -0.53455132  -0.19099796  -0.82327071  1.76870901e-04
  0.16194152   0.82598112  -0.53993531  1.61840356e-04
  0.59841249  -0.61849019  -0.50928615  6.67274514e-04
 -0.16605625  -0.90735025   0.38618758  5.32066326e-04
 -0.64767684  -0.32207397  -0.69049480  2.93547333e-04
 -0.18542600   0.52702902  -0.82937182  6.30130869e-04
 -0.88795992  -0.41996122   0.18750933  2.70236688e-04
  0.96244009   0.26484346   0.05972453  1.53648139e-04
  0.95066106  -0.27431263  -0.14490040  2.13584791e-04
  0.08039597   0.55599482  -0.82728850  1.52666146e-04
  0.99331054  -0.08680908   0.07614689  5.48047652e-04
  0.33726483  -0.63898687   0.69133799  3.89504070e-04
 -0.93256342  -0.26594302  -0.24413066  7.00791678e-04
  0.53063724   0.64468088   0.55028236  1.58876714e-04
  0.08515338   0.31669394  -0.94469776  1.72891380e-04
 -0.75390800  -0.15629796   0.63811729  6.92423002e-04
  0.08043437   0.50589455   0.85883701  2.12075535e-04
  0.72126539   0.64366843  -0.25586556  5.10404721e-04
 -0.50686417  -0.82684000   0.24377104  1.50432442e-04
  0.25478230  -0.01465160   0.96688743  4.75692118e-04
  0.76081673   0.26718650   0.59141295  5.12642928e-04
  0.30791908  -0.66769781   0.67776505  3.51501949e-04
  0.60375063   0.29838675  -0.73922292  5.03302175e-04
