50
 -1.1407996218300525E+00 -2.3170985309886123E+00 3.8420614944644871E-01
 8.7080756971050742E-03 -5.6550057985128204E-03 -1.6646409873429672E-03
0
0.0
 -1.1407996218300525E+00 -2.3170985309886123E+00 3.8420614944644871E-01
 8.8106632407361444E-03 -5.6426980477234370E-03 -1.6771185124893424E-03
0
0.0
 -1.1407996218300525E+00 -2.3170985309886123E+00 3.8420614944644871E-01
 8.7146731025079770E-03 -5.7772765549698171E-03 -1.3809246600604557E-03
0
0.0
 -1.1407996218300525E+00 -2.3170985309886123E+00 3.8420614944644871E-01
 8.7997407751878969E-03 -5.7343249692825742E-03 -1.7459653319088098E-03
0
0.0
 -1.1407996218300525E+00 -2.3170985309886123E+00 3.8420614944644871E-01
 8.8663539263797754E-03 -5.9287788270513250E-03 -1.4748969214150366E-03
0
0.0
 -1.1407996218300525E+00 -2.3170985309886123E+00 3.8420614944644871E-01
 8.6502787631451087E-03 -5.8576119693741074E-03 -1.5701415887657618E-03
0
0.0
 -1.1407996218300525E+00 -2.3170985309886123E+00 3.8420614944644871E-01
 8.7174552498830108E-03 -5.5916556030281457E-03 -1.6886912598608978E-03
0
0.0
 -1.1407996218300525E+00 -2.3170985309886123E+00 3.8420614944644871E-01
 9.0358827722484426E-03 -5.8970035787253945E-03 -1.5845001495403035E-03
0
0.0
 -1.1407996218300525E+00 -2.3170985309886123E+00 3.8420614944644871E-01
 8.7634358624202255E-03 -5.9004027198837350E-03 -1.6208636648968001E-03
0
0.0
 -1.1407996218300525E+00 -2.3170985309886123E+00 3.8420614944644871E-01
 8.6593990082216004E-03 -5.6157902688000680E-03 -1.5861539240042291E-03
0
0.0
 -1.1407996218300525E+00 -2.3170985309886123E+00 3.8420614944644871E-01
 8.7400433585941434E-03 -5.9150862207056100E-03 -1.6274512715868023E-03
0
0.0
 -1.1407996218300525E+00 -2.3170985309886123E+00 3.8420614944644871E-01
 8.8194438435553225E-03 -5.9171680128712731E-03 -1.7613820831115915E-03
0
0.0
 -1.1407996218300525E+00 -2.3170985309886123E+00 3.8420614944644871E-01
 8.7011427030883257E-03 -5.7501342263971108E-03 -1.6715913778572241E-03
0
0.0
 -1.1407996218300525E+00 -2.3170985309886123E+00 3.8420614944644871E-01
 8.9297272425937126E-03 -5.6830866599066592E-03 -1.6632052712901209E-03
0
0.0
 -1.1407996218300525E+00 -2.3170985309886123E+00 3.8420614944644871E-01
 8.8525291357770871E-03 -6.0258100626795919E-03 -1.5503097638468700E-03
0
0.0
 -1.1407996218300525E+00 -2.3170985309886123E+00 3.8420614944644871E-01
 8.8624246891237726E-03 -5.9746203813633037E-03 -1.5115959242246728E-03
0
0.0
 -1.1407996218300525E+00 -2.3170985309886123E+00 3.8420614944644871E-01
 8.6000238288236556E-03 -5.9169131649339209E-03 -1.5279124541926776E-03
0
0.0
 -1.1407996218300525E+00 -2.3170985309886123E+00 3.8420614944644871E-01
 8.8688319464800269E-03 -5.8650860067563709E-03 -1.7191066789256295E-03
0
0.0
 -1.1407996218300525E+00 -2.3170985309886123E+00 3.8420614944644871E-01
 8.8504149202143535E-03 -5.8474565822249393E-03 -1.6034030095912473E-03
0
0.0
 -1.1407996218300525E+00 -2.3170985309886123E+00 3.8420614944644871E-01
 8.7518946187091808E-03 -5.9388615537443274E-03 -1.6432523764166992E-03
0
0.0
 -1.1407996218300525E+00 -2.3170985309886123E+00 3.8420614944644871E-01
 8.8527059993018554E-03 -5.9732976690145927E-03 -1.7047038966811160E-03
0
0.0
 -1.1407996218300525E+00 -2.3170985309886123E+00 3.8420614944644871E-01
 8.4921009681651442E-03 -5.8145153519457609E-03 -1.6133013824385181E-03
0
0.0
 -1.1407996218300525E+00 -2.3170985309886123E+00 3.8420614944644871E-01
 8.7762005245777090E-03 -5.7811410386023401E-03 -1.6925325305600823E-03
0
0.0
 -1.1407996218300525E+00 -2.3170985309886123E+00 3.8420614944644871E-01
 8.7448260712201242E-03 -5.9191399825524434E-03 -1.5824286724950972E-03
0
0.0
 -1.1407996218300525E+00 -2.3170985309886123E+00 3.8420614944644871E-01
 8.8439901902998275E-03 -5.8843964089985304E-03 -1.6891894602117075E-03
0
0.0
 -1.1407996218300525E+00 -2.3170985309886123E+00 3.8420614944644871E-01
 8.8118045421099831E-03 -5.6718571816397646E-03 -1.5659178328898818E-03
0
0.0
 -1.1407996218300525E+00 -2.3170985309886123E+00 3.8420614944644871E-01
 8.8693965401346331E-03 -6.0557498603273129E-03 -1.7316770896665138E-03
0
0.0
 -1.1407996218300525E+00 -2.3170985309886123E+00 3.8420614944644871E-01
 8.8235321664020643E-03 -5.9545888634386116E-03 -1.5920085513711610E-03
0
0.0
 -1.1407996218300525E+00 -2.3170985309886123E+00 3.8420614944644871E-01
 8.7933875099607470E-03 -5.5774173478707039E-03 -1.6806081227374830E-03
0
0.0
 -1.1407996218300525E+00 -2.3170985309886123E+00 3.8420614944644871E-01
 8.8100848347990694E-03 -5.9671029189315890E-03 -1.5413014923240330E-03
0
0.0
 -1.1407996218300525E+00 -2.3170985309886123E+00 3.8420614944644871E-01
 8.7832987554880143E-03 -5.9052198902911088E-03 -1.6911794596422723E-03
0
0.0
 -1.1407996218300525E+00 -2.3170985309886123E+00 3.8420614944644871E-01
 8.7122414141653191E-03 -6.0673470221267482E-03 -1.8087430299934433E-03
0
0.0
 -1.1407996218300525E+00 -2.3170985309886123E+00 3.8420614944644871E-01
 8.8802891081298310E-03 -5.9566083032547368E-03 -1.5629009847147699E-03
0
0.0
 -1.1407996218300525E+00 -2.3170985309886123E+00 3.8420614944644871E-01
 8.7315698246553178E-03 -6.2223018120732224E-03 -1.5281772991984734E-03
0
0.0
 -1.1407996218300525E+00 -2.3170985309886123E+00 3.8420614944644871E-01
 8.7051000706265137E-03 -5.8289635190385946E-03 -1.7234218584056670E-03
0
0.0
 -1.1407996218300525E+00 -2.3170985309886123E+00 3.8420614944644871E-01
 8.9715585571146887E-03 -5.7474561103904179E-03 -1.8251959268714404E-03
0
0.0
 -1.1407996218300525E+00 -2.3170985309886123E+00 3.8420614944644871E-01
 8.7792201695078842E-03 -5.8909455751899346E-03 -1.8172844104740408E-03
0
0.0
 -1.1407996218300525E+00 -2.3170985309886123E+00 3.8420614944644871E-01
 8.8285193985002640E-03 -5.6034045442662538E-03 -1.6658451726304776E-03
0
0.0
 -1.1407996218300525E+00 -2.3170985309886123E+00 3.8420614944644871E-01
 8.9751373647609066E-03 -5.9349109434912988E-03 -1.8283990975355077E-03
0
0.0
 -1.1407996218300525E+00 -2.3170985309886123E+00 3.8420614944644871E-01
 8.7396797160098783E-03 -5.8726782445749628E-03 -1.5735204520044284E-03
0
0.0
 -1.1407996218300525E+00 -2.3170985309886123E+00 3.8420614944644871E-01
 9.0314564233284090E-03 -5.9253153774612502E-03 -1.7850612140360338E-03
0
0.0
 -1.1407996218300525E+00 -2.3170985309886123E+00 3.8420614944644871E-01
 8.9279912373455075E-03 -6.0137556804535962E-03 -1.5343664186346433E-03
0
0.0
 -1.1407996218300525E+00 -2.3170985309886123E+00 3.8420614944644871E-01
 8.8365426401522205E-03 -5.7864532243456918E-03 -1.7572161043487597E-03
0
0.0
 -1.1407996218300525E+00 -2.3170985309886123E+00 3.8420614944644871E-01
 8.8706292368083174E-03 -5.9230357713207470E-03 -1.5953397858384328E-03
0
0.0
 -1.1407996218300525E+00 -2.3170985309886123E+00 3.8420614944644871E-01
 8.9603959442289393E-03 -6.0737300627518127E-03 -1.8709912956317949E-03
0
0.0
 -1.1407996218300525E+00 -2.3170985309886123E+00 3.8420614944644871E-01
 8.5006095170465906E-03 -5.8918333076072235E-03 -1.8125179962840915E-03
0
0.0
 -1.1407996218300525E+00 -2.3170985309886123E+00 3.8420614944644871E-01
 8.9072578211998720E-03 -5.8262549585320379E-03 -1.7535691523901343E-03
0
0.0
 -1.1407996218300525E+00 -2.3170985309886123E+00 3.8420614944644871E-01
 8.7134532684864530E-03 -6.0177507138842014E-03 -1.5900408611902882E-03
0
0.0
 -1.1407996218300525E+00 -2.3170985309886123E+00 3.8420614944644871E-01
 8.5836537911284233E-03 -5.9949541369072193E-03 -1.8069041837482415E-03
0
0.0
 -1.1407996218300525E+00 -2.3170985309886123E+00 3.8420614944644871E-01
 8.6047565447098587E-03 -5.8591374581241406E-03 -1.7261067767934610E-03
0
0.0
