400
-1
1
  0.58777255   0.28982609   0.75533057  2.55724052e-04
 -0.17152438  -0.73395010  -0.65718843  2.44982023e-04
  0.17614847  -0.20950858  -0.96180969  2.27389596e-04
  0.53340783   0.72608720   0.43390490  8.42025107e-04
  0.45251580  -0.71319062   0.53533969  4.81124229e-04
  0.13393630  -0.11182383  -0.98466060  4.08686460e-04
 -0.15589175   0.33271421   0.93005323  3.27491393e-04
  0.22260361  -0.94870469  -0.22451512  4.85112239e-04
 -0.27502137  -0.88711885  -0.37065267  7.00594612e-04
 -0.76286207  -0.59250450   0.25880472  5.29707950e-04
  0.96313779  -0.18180798   0.19827119  2.07609383e-04
  0.33173099  -0.78636141  -0.52114325  5.24113173e-04
  0.40490531   0.30363197   0.86247279  4.23647064e-04
 -0.28440495   0.85109745  -0.44130143  2.51589312e-04
 -0.14321805   0.98839806  -0.05057527  2.82283473e-04
  0.43545721   0.53715541   0.72238569  2.25442052e-04
  0.23626956  -0.81805347  -0.52437126  1.77758191e-04
  0.78963382  -0.48267006   0.37882457  1.63957313e-04
 -0.31489140  -0.91553027   0.25029527  1.45563813e-04
 -0.87493410   0.13569546  -0.46484089  1.54269279e-04
  0.52539613   0.18859436   0.82969336  1.49663616e-04
  0.95055273   0.11128208  -0.28994104  1.58417360e-04
 -0.93432079   0.24549332  -0.25841379  3.73115965e-04
 -0.05509856  -0.28980620   0.95549805  6.21395923e-04
  0.68312878   0.60592777   0.40765992  1.98587300e-04
  0.90489491  -0.41863212  -0.07689178  3.36381651e-04
  0.06994609  -0.92973446  -0.36152646  2.77346383e-04
  0.54122843  -0.14642989  -0.82802782  5.33586503e-04
  0.10175876  -0.66510155   0.73978719  7.41637537e-04
 -0.05924335  -0.60892790  -0.79101014  2.51734058e-04
  0.47319536   0.88083360  -0.01477562  4.60835867e-04
 -0.72126609   0.69040870   0.05577685  1.79352703e-04
 -0.96858242  -0.03569926   0.24611717  3.83974931e-04
 -0.86918835  -0.46471624  -0.16896869  2.67626167e-04
  0.36695986  -0.27683099  -0.88809068  7.39372718e-04
 -0.57013287  -0.74107294   0.35462574  2.74178444e-04
 -0.73939692   0.52379442  -0.42300307  5.48693181e-04
  0.79129487  -0.47431468   0.38584714  2.24854148e-04
 -0.62071302   0.76799352   0.15780146  5.46106729e-04
 -0.04896854   0.48744731  -0.87177819  3.82745489e-04
  0.72580289   0.37285630  -0.57809025  3.60383057e-04
  0.29825986   0.85838614  -0.41738985  2.46928649e-04
 -0.43432903   0.06848279   0.89814721  1.46523810e-04
 -0.86175553  -0.09904133   0.49756228  2.16255159e-04
 -0.94057302   0.19946109  -0.27484117  5.20020747e-04
  0.27388914   0.62356204  -0.73222614  2.30926271e-04
  0.64802554  -0.16674237  -0.74314190  5.52382521e-04
 -0.46090366   0.73947010   0.49066463  1.62595785e-04
  0.70438371  -0.40148444   0.58536641  7.04206083e-04
  0.85046363   0.50828720   0.13548334  1.53129188e-04
 -0.52779269   0.72286381  -0.44598520  4.51868858e-04
  0.46347175  -0.33265628  -0.82130003  2.77174559e-04
  0.97345657  -0.22495235   0.04217527  1.49683712e-04
  0.71420564   0.42039098   0.55962642  4.40044734e-04
  0.09778581   0.73112501  -0.67519935  2.73721477e-04
  0.24275689   0.60793989  -0.75596176  1.45655425e-04
 -0.24593489  -0.13481894   0.95986451  3.97905482e-04
 -0.65047595   0.34668700  -0.67578781  6.51673194e-04
 -0.66521656  -0.72207784   0.18997505  1.82724646e-04
  0.25627431   0.92110866  -0.29305684  1.90012798e-04
  0.45125365   0.10046518  -0.88672255  2.03368834e-04
 -0.19661024  -0.45298209   0.86956980  3.56612546e-04
  0.43952174  -0.38319947   0.81239080  3.85949864e-04
 -0.02741229  -0.21796413   0.97557173  2.31796052e-04
  0.73339263   0.07064910   0.67612422  1.77682307e-04
 -0.01422614   0.88163120  -0.47172454  4.80134481e-04
 -0.19540807  -0.61838567  -0.76119304  5.32938954e-04
  0.79336417  -0.53610561   0.28838180  1.59798350e-04
  0.75567605   0.17532107  -0.63104377  2.43272062e-04
  0.73494071   0.67632017  -0.04952957  1.93785764e-04
 -0.25664781  -0.92803265  -0.26997649  4.81686012e-04
  0.34523198   0.17108022  -0.92279274  3.24466870e-04
 -0.40545584   0.91410822   0.00342295  1.77356314e-04
 -0.06860032   0.50043520   0.86305192  2.93893530e-04
  0.23297551  -0.37380543  -0.89777052  1.74785529e-04
 -0.64730516   0.18689269  -0.73896357  2.72311342e-04
 -0.22206919   0.63348732  -0.74120111  2.07504516e-04
 -0.88898666  -0.45414209  -0.05880196  4.75295034e-04
  0.67381255  -0.69553207  -0.24942289  6.72961799e-04
 -0.90377715   0.42348308   0.06203982  2.40667299e-04
  0.27245208   0.53733890   0.79814583  3.67824286e-04
  0.98165227  -0.04586748   0.18508104  1.52673996e-04
  0.69441055  -0.63824477   0.33232154  6.41931184e-04
  0.57590847   0.45576868   0.67867838  1.98618938e-04
 -0.55547021  -0.78401927   0.27706791  2.50868455e-04
  0.76705784  -0.45447588  -0.45285091  7.74900479e-04
  0.75102298   0.47799786  -0.45550250  3.36265167e-04
  0.86746162  -0.39656409   0.30041183  1.46487473e-04
 -0.08426523  -0.75003892  -0.65600380  1.57534341e-04
  0.56465062   0.41989117   0.71053577  1.51934713e-04
  0.68574916   0.22273746   0.69291855  1.57946986e-04
  0.04731878   0.03869936   0.99812990  1.70199522e-04
  0.17746664  -0.92519048   0.33545219  1.80967616e-04
  0.36448201   0.41824941   0.83199778  4.30526357e-04
 -0.71767681   0.48673753   0.49802265  1.60795059e-04
 -0.61867038   0.14724784   0.77172860  3.46897614e-04
  0.46409027   0.87536148   0.13550830  2.44776461e-04
  0.95387205   0.03254467  -0.29844421  2.54303699e-04
  0.92481662  -0.35492092  -0.13691369  4.46189234e-04
  0.81259826   0.15500884   0.56183300  1.95714226e-04
  0.78785623  -0.58661635  -0.18752018  6.47317000e-04
  0.56723588   0.14067911  -0.81145108  1.52591926e-04
 -0.50719093   0.72809360   0.46112587  1.99802798e-04
  0.40811162  -0.09418560  -0.90806056  2.37655276e-04
  0.25064127   0.52641454  -0.81244488  4.75969843e-04
  0.56205424  -0.64083596   0.52289990  2.26639482e-04
  0.06574657   0.86767935   0.49275748  1.79878391e-04
  0.15009508   0.21212575  -0.96564700  1.76622287e-04
  0.60027670   0.42056245   0.68029046  4.46804965e-04
 -0.89629529  -0.35246914  -0.26911014  2.67422870e-04
  0.44637852   0.78878745  -0.42256428  2.19896704e-04
 -0.42786718   0.27448151  -0.86115595  1.86216956e-04
  0.03398630   0.33228387  -0.94256690  1.94979817e-04
  0.28486589   0.77737235   0.56084191  4.28109124e-04
  0.78536979  -0.49735891  -0.36854905  1.98989639e-04
 -0.75613208  -0.18829030   0.62674640  7.46152899e-04
 -0.65891878   0.24580094   0.71092048  3.72408500e-04
 -0.17302814  -0.94950443   0.26173002  1.56202931e-04
  0.35049885   0.87152931  -0.34290994  2.39947301e-04
  0.17962217  -0.85915211   0.47915918  2.57310402e-04
  0.58598296  -0.30193118   0.75197177  2.04849869e-04
 -0.11506325  -0.36177188  -0.92513867  1.47067490e-04
  0.62236392  -0.59677166  -0.50648469  4.34842069e-04
 -0.05647238   0.42929037   0.90139927  1.78119667e-04
  0.00811175   0.05165836   0.99863187  5.27995832e-04
 -0.20097829  -0.87561983   0.43920113  1.60494120e-04
  0.72158836  -0.63779863  -0.26930123  1.62746507e-04
  0.64273021   0.50024299   0.58021963  1.87056167e-04
  0.57424226  -0.67742248   0.45972233  1.50988645e-04
 -0.89667708  -0.43624045   0.07526275  1.60126731e-04
 -0.51239418   0.47174013   0.71757470  1.45545971e-04
  0.89021133  -0.35572668  -0.28457392  4.89613513e-04
  0.62758381  -0.74763391  -0.21721443  1.69211568e-04
  0.79569327  -0.53005336   0.29311373  4.07470644e-04
 -0.27930164   0.91457249   0.29248547  3.74711549e-04
  0.34259298   0.89935059  -0.27165892  1.62523667e-04
  0.27295911  -0.23281547   0.93342931  1.82130361e-04
  0.28034595  -0.80956050   0.51576927  2.56026403e-04
 -0.52621627   0.76140180  -0.37863405  1.88211452e-04
  0.06601969  -0.10138370   0.99265439  6.75102634e-04
  0.31678483   0.31625426  -0.89422068  4.18653653e-04
 -0.46105325   0.69644934  -0.54989837  2.91615924e-04
 -0.45008012  -0.20701305   0.86866189  1.61807560e-04
 -0.49047779   0.82428280  -0.28282397  2.97292316e-04
  0.32125080  -0.19366918  -0.92697906  5.00557294e-04
  0.41364016  -0.53215037  -0.73872715  1.82333873e-04
  0.68512530   0.11884636  -0.71866464  1.68988037e-04
  0.57449422  -0.40761458   0.70979346  3.85642916e-04
 -0.63611480  -0.71142345  -0.29872168  2.07498443e-04
 -0.65926752  -0.31413336  -0.68314462  1.75855543e-04
  0.26146225   0.96441668   0.03921673  3.54541057e-04
  0.96066633   0.26386522   0.08657570  8.71257377e-04
 -0.06283331   0.15269193   0.98627438  2.91495968e-04
  0.10721331   0.98362243   0.14488689  3.95442333e-04
  0.23062087   0.88382219   0.40702868  5.37419618e-04
 -0.27191032   0.19055102  -0.94326830  5.14783511e-04
 -0.35362531   0.03416961   0.93476285  7.24565884e-04
 -0.39270586   0.18575266  -0.90070975  1.48421742e-04
  0.92279350   0.27901429   0.26571261  1.83860098e-04
 -0.31469547   0.88669097  -0.33874162  1.70988910e-04
  0.87856310  -0.24780000  -0.40831610  2.69958226e-04
  0.66672530   0.37659959  -0.64315638  8.05859644e-04
 -0.66480727   0.42188457  -0.61647766  2.20500465e-04
 -0.57570183  -0.64757165   0.49921775  1.64323960e-04
  0.21309870   0.73820534  -0.64003267  7.88758459e-04
  0.95317740  -0.30238073   0.00432921  1.82379895e-04
  0.10689479   0.89581984  -0.43137028  2.41764440e-04
 -0.53957804  -0.75849734  -0.36542759  2.95891167e-04
  0.01560590   0.05722454   0.99823935  2.10170000e-04
  0.39154201   0.22681226  -0.89176850  1.69074301e-04
 -0.63839284  -0.71250504  -0.29118920  4.58137248e-04
  0.09076365  -0.86121551   0.50006979  2.28708654e-04
 -0.08082843  -0.09348552   0.99233423  1.70383335e-04
  0.35408741  -0.88493985  -0.30249557  2.53585997e-04
 -0.12666289  -0.25455303  -0.95872794  2.14614374e-04
 -0.73011887  -0.68317067  -0.01429222  1.75847587e-04
 -0.26939712   0.17923358   0.94620321  5.09991561e-04
  0.27399973   0.24715747   0.92942850  1.59011768e-04
 -0.82253157   0.34609779   0.45128498  1.48520343e-04
 -0.56957872   0.47429739   0.67128390  8.17466822e-04
 -0.64679277  -0.71597278  -0.26275861  2.41173030e-04
 -0.76628957  -0.59101791  -0.25198833  5.15594081e-04
 -0.93946966   0.34223547   0.01648180  2.68331578e-04
 -0.73549440  -0.54048940  -0.40855747  5.19371918e-04
 -0.62222777   0.78139294   0.04751497  2.91478127e-04
 -0.13410643  -0.88474097  -0.44637302  5.18320338e-04
  0.02215365   0.18362088   0.98274747  4.59422762e-04
  0.17375337   0.70345614  -0.68917285  3.01356482e-04
  0.73437031   0.61690551  -0.28306861  1.61253422e-04
  0.14616756   0.55498922   0.81891514  2.34598487e-04
  0.54660293  -0.83492182  -0.06427128  4.38272040e-04
 -0.92428845  -0.33087421  -0.19029745  6.39542434e-04
  0.29789034  -0.89929591   0.32020027  4.95422289e-04
 -0.09861639   0.44676337   0.88920037  2.35579783e-04
 -0.05169191   0.55964870  -0.82711624  1.50154529e-04
  0.50311230   0.76030491   0.41087037  1.84945244e-04
 -0.82570524  -0.28671453  -0.48580411  1.61178705e-04
 -0.25748669  -0.74291771   0.61787853  8.66616765e-04
  0.61836232  -0.33586434  -0.71050910  3.71134184e-04
  0.08760252  -0.93787676  -0.33572754  3.65908631e-04
  0.27963041   0.05824807  -0.95833919  5.09058715e-04
 -0.79956144  -0.51820262  -0.30359109  2.66517835e-04
  0.26337343   0.58841189   0.76446444  2.33077102e-04
  0.89885927   0.42372914  -0.11182854  1.90399098e-04
  0.42061139  -0.90685924  -0.02631294  1.66227222e-04
  0.57441531   0.81516308   0.07453995  2.56462089e-04
  0.23749888   0.01083735  -0.97132736  4.40348130e-04
 -0.24560431   0.30181946   0.92118594  1.66784262e-04
 -0.25436952   0.96430644  -0.07354756  1.80800458e-04
  0.89021621   0.09606193  -0.44529452  1.63321416e-04
 -0.89704248  -0.31854499   0.30633947  5.46975724e-04
  0.15195531  -0.92429596   0.35012365  1.96468854e-04
 -0.24931000   0.59105124   0.76713947  2.50226106e-04
 -0.22785636   0.72878884   0.64571534  3.26765901e-04
 -0.39338312  -0.81358668   0.42816636  1.51492600e-04
  0.69924450  -0.21320484   0.68234949  1.80816504e-04
 -0.66735910   0.65333836   0.35746444  1.78479346e-04
 -0.98427146  -0.04257345  -0.17145612  1.84699370e-04
  0.43620761  -0.89442864   0.09859171  3.45630907e-04
 -0.59075657   0.75344510  -0.28866442  5.16206704e-04
  0.21430559  -0.83088515  -0.51352018  2.22700976e-04
 -0.85585429  -0.30010128  -0.42125130  4.67074292e-04
  0.21284102   0.92090712  -0.32654063  1.64567231e-04
  0.58112406   0.79388264   0.17901168  1.64750593e-04
 -0.44249641  -0.87628628   0.19057618  1.61156761e-04
  0.72275881  -0.67987261  -0.12406828  2.69377699e-04
  0.22371804   0.96559586  -0.13257023  4.89008467e-04
  0.23110843   0.27468363  -0.93334763  2.08699058e-04
  0.20378330   0.74629689   0.63365079  1.67811848e-04
  0.98014596   0.19486130   0.03664667  1.48485729e-04
 -0.29168759  -0.78625333   0.54472384  4.38411729e-04
  0.04261535  -0.69640167  -0.71638582  7.58823402e-04
 -0.93919427  -0.34299630   0.01636022  7.73722858e-04
 -0.03994621   0.58052685  -0.81326065  3.80742065e-04
  0.93918545   0.01103052   0.34323318  2.07927286e-04
  0.13678632  -0.85944833   0.49258307  1.50651065e-04
  0.87746544   0.47937298  -0.01599849  1.81058346e-04
  0.45503914  -0.50282892  -0.73491663  1.80703978e-04
  0.36568221   0.92198871  -0.12733164  2.69400139e-04
 -0.16304346  -0.83981423   0.51781164  1.73640505e-04
 -0.53233114   0.84597801  -0.03073680  2.05079366e-04
 -0.52254592  -0.12639927  -0.84318977  4.00672142e-04
  0.07113003   0.84858000   0.52426377  1.56916069e-04
 -0.10549802  -0.80765049  -0.58014727  2.33051195e-04
  0.49311039  -0.51218094   0.70321607  1.94486524e-04
  0.21498031  -0.97649460  -0.01554878  3.41502795e-04
  0.44048410  -0.87638356  -0.19474499  2.06967904e-04
 -0.13056597   0.67989914  -0.72158831  1.92893647e-04
  0.62687799  -0.61686351  -0.47592373  2.97425692e-04
 -0.24590622  -0.96679810  -0.06950949  1.53008343e-04
 -0.53914089  -0.54950106  -0.63825988  4.34220355e-04
 -0.21792544   0.91500547   0.33951950  2.03518436e-04
 -0.76959093   0.02278668  -0.63813052  1.73191635e-04
  0.70018821  -0.18271335  -0.69018280  1.95109605e-04
 -0.09301300   0.67574709  -0.73124172  1.55087809e-04
  0.66021942   0.43286281   0.61379158  4.41329182e-04
 -0.60918628   0.77755204  -0.15590027  1.46820926e-04
  0.76470818  -0.62709743  -0.14822354  2.87844834e-04
 -0.21323402  -0.91130146   0.35222280  1.72032335e-04
  0.97826762   0.02160625  -0.20621743  8.15768740e-04
 -0.71777068   0.49270162  -0.49198614  5.41599333e-04
  0.51537498   0.41307104  -0.75084016  3.43692519e-04
 -0.13728648  -0.65205441   0.74563897  4.25977740e-04
  0.66687924  -0.73586984   0.11733568  1.45676232e-04
  0.69677024   0.01012507   0.71722292  2.70181415e-04
 -0.28037604   0.91348187  -0.29485615  2.80426997e-04
 -0.00609933  -0.64417410  -0.76485458  1.63501408e-04
  0.48830436  -0.76411466  -0.42153011  8.22601652e-04
  0.58091535  -0.56190204   0.58890020  2.59066445e-04
 -0.20383420  -0.81806486   0.53779317  4.47284960e-04
 -0.91218627  -0.19371450   0.36109680  2.34603793e-04
  0.47648208   0.87122209  -0.11805461  1.95892654e-04
  0.86642827  -0.00662302   0.49925763  1.92248275e-04
 -0.85453693   0.51888823  -0.02283964  8.52638587e-04
  0.03939025   0.75443361   0.65519335  3.66711735e-04
  0.48697361  -0.26354214   0.83270778  8.29021877e-04
 -0.35828361   0.59510409   0.71936359  8.32278452e-04
  0.28859840   0.95556969  -0.05997947  2.38548767e-04
  0.21391061   0.47816714  -0.85182066  6.77839646e-04
  0.13052850  -0.79305001  -0.59500756  2.11370694e-04
  0.17392555   0.68903335   0.70355025  6.49098822e-04
  0.58528805   0.59037319  -0.55578539  4.78501444e-04
  0.56938108  -0.67026336  -0.47597500  7.20004971e-04
  0.05144676  -0.28488396   0.95718042  4.09143448e-04
 -0.51292164  -0.73226063  -0.44800197  2.85595732e-04
  0.54450216  -0.01977070  -0.83852640  3.44653685e-04
  0.22441487   0.84932713  -0.47778801  2.44222882e-04
 -0.18016095  -0.32076664  -0.92986601  5.10577008e-04
 -0.85163682  -0.09929134  -0.51464158  1.77711961e-04
  0.52040657  -0.62735779   0.57930925  5.27184236e-04
  0.53770427  -0.09886585  -0.83731694  2.13116105e-04
  0.41721864   0.48141103  -0.77082555  3.07547650e-04
  0.41859531  -0.81071353  -0.40929395  2.60203956e-04
 -0.14540063  -0.94307858   0.29910107  4.33832460e-04
  0.63382373   0.70361034  -0.32124754  1.73414356e-04
 -0.32393186   0.92510300   0.19812266  1.59758015e-04
 -0.19345944  -0.50214429   0.84286687  1.52649917e-04
  0.15976293  -0.88419485  -0.43894791  6.06780832e-04
 -0.26760793   0.83309982  -0.48407715  4.62727638e-04
 -0.94616809  -0.23312336   0.22454275  1.49710280e-04
  0.08363428  -0.01018021  -0.99644451  3.02855284e-04
 -0.43751782  -0.79792488   0.41460107  1.74432875e-04
 -0.52963190  -0.57958448  -0.61933181  1.89529505e-04
 -0.64651824   0.76287879  -0.00548780  7.98588510e-04
 -0.37939203   0.89252423  -0.24384868  2.30404004e-04
  0.64909533   0.24698647  -0.71949492  4.18298477e-04
  0.54412300   0.83627680   0.06761117  1.57269643e-04
 -0.50302341   0.46615059  -0.72778505  1.87001530e-04
  0.74390474  -0.14965708  -0.65131290  1.47498046e-04
 -0.10530206   0.85615008  -0.50588389  7.26756792e-04
  0.61137315  -0.75721826   0.22987687  1.72529294e-04
 -0.80818462  -0.39857376   0.43356266  1.69307632e-04
  0.72341891  -0.05417283  -0.68828074  2.57545269e-04
 -0.81698925   0.48529283  -0.31147941  2.83924710e-04
 -0.73815915   0.40826392   0.53706764  2.02384984e-04
  0.18188455   0.86984084   0.45857925  1.98675798e-04
 -0.48155596  -0.75752425   0.44075035  5.56004315e-04
 -0.67922321  -0.71830968  -0.15062215  1.49339960e-04
 -0.54713873  -0.40839249   0.73065367  3.59093833e-04
 -0.78575516   0.42784032  -0.44670067  6.90347203e-04
  0.51922586   0.24665779  -0.81826917  6.83797473e-04
 -0.32138372   0.72850646  -0.60497177  4.55506487e-04
 -0.69046404   0.54892803  -0.47110236  3.92275117e-04
  0.33615962   0.00701896   0.94177887  2.82175918e-04
  0.71341640  -0.59687521  -0.36711990  7.46708820e-04
  0.41752495  -0.81206569  -0.40770362  1.61233387e-04
 -0.63792178   0.18650490   0.74717583  3.47535423e-04
 -0.30361132   0.93532360  -0.18163133  3.15250628e-04
  0.59065497   0.75854644   0.27519814  4.57777629e-04
  0.19754896   0.68432789  -0.70190437  1.73036803e-04
 -0.46026890   0.47893359   0.74751265  2.94605632e-04
 -0.64876384  -0.42473130  -0.63143393  3.23298720e-04
 -0.91972061   0.32973191   0.21305132  1.58611944e-04
 -0.29544817  -0.53084598  -0.79430027  2.25734310e-04
  0.82066627  -0.39110511  -0.41658574  5.97327080e-04
 -0.00474850  -0.66644210  -0.74554167  3.59516274e-04
  0.43260310  -0.44689120   0.78303437  3.07774082e-04
  0.33896271   0.18019508   0.92338183  7.89609688e-04
  0.70673442   0.58684171   0.39514968  1.54307528e-04
 -0.81252665  -0.43318232   0.39006861  1.72824808e-04
  0.77688110  -0.59794388   0.19727869  1.69282660e-04
  0.81360246  -0.52985561   0.23938269  1.57800718e-04
 -0.93601399  -0.25195462   0.24575738  1.91026651e-04
  0.99294732   0.06914357   0.09630569  1.48330023e-04
 -0.45647046   0.03995318  -0.88884108  2.18663036e-04
 -0.95397500   0.03129182   0.29824908  1.60082513e-04
 -0.00427508   0.27946433  -0.96014656  7.48967016e-04
  0.60880743   0.33785295  -0.71778054  1.65978802e-04
  0.69637552   0.29214660  -0.65552383  1.97536255e-04
  0.92643380  -0.32587255  -0.18848737  3.27819280e-04
 -0.63010340   0.14287469   0.76325391  3.66767611e-04
 -0.05411221  -0.74966028  -0.65960695  4.07715665e-04
 -0.67263169   0.63553176  -0.37903296  1.87227874e-04
 -0.00940041   0.62886188   0.77746020  7.68166829e-04
 -0.14584150  -0.69678824   0.70229367  2.05366944e-04
 -0.13005377  -0.95684718   0.25986436  2.37482510e-04
 -0.64041515   0.36788926   0.67418538  3.84308346e-04
  0.84196502  -0.00482397   0.53951055  3.78951773e-04
  0.08219373   0.02154069  -0.99638356  1.49105023e-04
  0.46157163  -0.81574514   0.34858499  2.92139461e-04
 -0.67184684   0.72577483   0.14789431  2.85123568e-04
  0.18559843  -0.98203190   0.03415511  2.21436227e-04
 -0.51176088   0.58937155   0.62509358  2.66623455e-04
 -0.52413858   0.85037124  -0.04634112  2.08986556e-04
  0.15522653   0.98184161   0.10904943  4.42025037e-04
 -0.67424446  -0.11099939   0.73011885  4.68609911e-04
  0.48939486  -0.59146423  -0.64082973  1.91318609e-04
  0.18132563  -0.41165822  -0.89311731  1.55453489e-04
  0.34887552   0.80420954  -0.48117865  2.94067521e-04
  0.00598521  -0.77491388  -0.63203849  1.71805879e-04
  0.87963130   0.46925395  -0.07777859  1.64454540e-04
 -0.89291798  -0.44495485  -0.06864884  1.76526180e-04
  0.03440220  -0.73463038  -0.67759479  1.73303233e-04
  0.67462564   0.73571250  -0.06006125  2.30748274e-04
 -0.21613895   0.97545986  -0.04197646  2.80448742e-04
  0.91262009  -0.02328315  -0.40814516  1.53498000e-04
  0.67300437   0.55428922  -0.48972296  5.29508617e-04
  0.18736547  -0.42700249   0.88462594  2.45140672e-04
 -0.87806168  -0.41517276  -0.23799007  3.88338466e-04
  0.71909506   0.17813294   0.67169260  2.43440513e-04
 -0.81987747   0.05642827  -0.56975151  1.75385241e-04
  0.24376411  -0.11281611   0.96325053  2.31334490e-04
  0.82433673   0.45570378   0.33586162  1.62756796e-04
 -0.85322086   0.32190262  -0.41035700  1.73845413e-04
  0.61467292  -0.30732245  -0.72645035  2.31349914e-04
  0.19519496   0.18641894   0.96288468  1.86127079e-04
 -0.37860113  -0.51336480   0.77014139  2.92967064e-04
  0.02940442   0.99571508  -0.08767470  1.64611750e-04
  0.73714361   0.00538908  -0.67571462  2.78397707e-04
  0.70632326   0.70659301   0.04282261  3.92440192e-04
  0.87169918   0.47924936   0.10227702  5.35812983e-04
 -0.73938354  -0.50745814  -0.44249092  2.63941139e-04
 -0.12558269   0.17960530   0.97568997  2.13052956e-04
 -0.71166282  -0.34073144  -0.61435993  1.69357645e-04
 -0.85100083  -0.49764976   0.16775667  1.66275478e-04
 -0.48634926  -0.19465992   0.85180509  1.74499573e-04
  0.87016836  -0.30363810   0.38808623  2.44636850e-04
 -0.56875333  -0.69569816   0.43877525  2.89700382e-04
  0.00758165  -0.96446919  -0.26408654  3.68498198e-04
 -0.75613969   0.30906504  -0.57682890  4.45609116e-04
