400
 -1.1407996218300525E+00 -2.3170985309886123E+00 3.8420614944644871E-01
 9.0267817969464197E-03 -5.8374804524474553E-03 -1.5959110615692564E-03
0
0.0
 -1.1407996218300525E+00 -2.3170985309886123E+00 3.8420614944644871E-01
 8.5428950671022786E-03 -5.9080997811267596E-03 -1.7021720078515979E-03
0
0.0
 -1.1407996218300525E+00 -2.3170985309886123E+00 3.8420614944644871E-01
 8.7475101836168127E-03 -5.7166419613425964E-03 -1.5761282951636962E-03
0
0.0
 -1.1407996218300525E+00 -2.3170985309886123E+00 3.8420614944644871E-01
 8.6549470346357713E-03 -6.1365983310810645E-03 -1.7727173822666053E-03
0
0.0
 -1.1407996218300525E+00 -2.3170985309886123E+00 3.8420614944644871E-01
 8.8144439784136764E-03 -5.8850487253850762E-03 -1.5552583313375825E-03
0
0.0
 -1.1407996218300525E+00 -2.3170985309886123E+00 3.8420614944644871E-01
 8.8058152092693291E-03 -6.1479497128566702E-03 -1.6543147895549291E-03
0
0.0
 -1.1407996218300525E+00 -2.3170985309886123E+00 3.8420614944644871E-01
 8.8093481532478396E-03 -6.0885718944607712E-03 -1.4436913304612070E-03
0
0.0
 -1.1407996218300525E+00 -2.3170985309886123E+00 3.8420614944644871E-01
 8.8132329422322131E-03 -5.9263329528524648E-03 -1.7116656857526506E-03
0
0.0
 -1.1407996218300525E+00 -2.3170985309886123E+00 3.8420614944644871E-01
 8.8053326447357569E-03 -5.9003969764492058E-03 -1.6352279448744156E-03
0
0.0
 -1.1407996218300525E+00 -2.3170985309886123E+00 3.8420614944644871E-01
 8.7996580646067264E-03 -6.2060278342252560E-03 -1.7217809710336628E-03
0
0.0
 -1.1407996218300525E+00 -2.3170985309886123E+00 3.8420614944644871E-01
 8.7527049886790831E-03 -5.9530352153083152E-03 -1.5944656516183884E-03
0
0.0
 -1.1407996218300525E+00 -2.3170985309886123E+00 3.8420614944644871E-01
 8.5448989180666526E-03 -6.0921899454178148E-03 -1.7913690744399480E-03
0
0.0
 -1.1407996218300525E+00 -2.3170985309886123E+00 3.8420614944644871E-01
 8.7855218702510719E-03 -5.7448069521995274E-03 -1.7016739383899739E-03
0
0.0
 -1.1407996218300525E+00 -2.3170985309886123E+00 3.8420614944644871E-01
 9.0007340986501833E-03 -5.8954062281490289E-03 -1.6108121239134668E-03
0
0.0
 -1.1407996218300525E+00 -2.3170985309886123E+00 3.8420614944644871E-01
 8.7115343527476921E-03 -5.9429692989566114E-03 -1.6632263313775784E-03
0
0.0
 -1.1407996218300525E+00 -2.3170985309886123E+00 3.8420614944644871E-01
 8.7126148021412567E-03 -5.8452185425649401E-03 -1.7804988057666460E-03
0
0.0
 -1.1407996218300525E+00 -2.3170985309886123E+00 3.8420614944644871E-01
 8.6013464187171332E-03 -5.7950268315308077E-03 -1.3578873245507772E-03
0
0.0
 -1.1407996218300525E+00 -2.3170985309886123E+00 3.8420614944644871E-01
 8.6643628370394691E-03 -5.9323487222933246E-03 -1.6943706651182649E-03
0
0.0
 -1.1407996218300525E+00 -2.3170985309886123E+00 3.8420614944644871E-01
 8.5889755203108209E-03 -5.7059625141702075E-03 -1.4619793626935386E-03
0
0.0
 -1.1407996218300525E+00 -2.3170985309886123E+00 3.8420614944644871E-01
 8.8334991424824996E-03 -5.8967130359592187E-03 -1.6337742519302247E-03
0
0.0
 -1.1407996218300525E+00 -2.3170985309886123E+00 3.8420614944644871E-01
 8.5288607682219592E-03 -6.0506330836631343E-03 -1.5863037205453227E-03
0
0.0
 -1.1407996218300525E+00 -2.3170985309886123E+00 3.8420614944644871E-01
 8.8122557758586462E-03 -5.9238199860801918E-03 -1.6978810279991887E-03
0
0.0
 -1.1407996218300525E+00 -2.3170985309886123E+00 3.8420614944644871E-01
 8.7470372264972160E-03 -6.0367120648141355E-03 -1.5981953103857294E-03
0
0.0
 -1.1407996218300525E+00 -2.3170985309886123E+00 3.8420614944644871E-01
 8.6572852437825209E-03 -5.8369129512304725E-03 -1.4411895874184763E-03
0
0.0
 -1.1407996218300525E+00 -2.3170985309886123E+00 3.8420614944644871E-01
 8.8692186762603965E-03 -5.7924367949906807E-03 -1.6400421732961315E-03
0
0.0
 -1.1407996218300525E+00 -2.3170985309886123E+00 3.8420614944644871E-01
 8.7271937025966834E-03 -5.9052060065305258E-03 -1.7528343348980021E-03
0
0.0
 -1.1407996218300525E+00 -2.3170985309886123E+00 3.8420614944644871E-01
 8.7524301797813810E-03 -5.9306812868960704E-03 -1.5016581328112877E-03
0
0.0
 -1.1407996218300525E+00 -2.3170985309886123E+00 3.8420614944644871E-01
 8.8576441154057488E-03 -5.8090126885368088E-03 -1.5258068466949925E-03
0
0.0
 -1.1407996218300525E+00 -2.3170985309886123E+00 3.8420614944644871E-01
 8.8069215265110159E-03 -5.9153920760381465E-03 -1.6730388840905258E-03
0
0.0
 -1.1407996218300525E+00 -2.3170985309886123E+00 3.8420614944644871E-01
 8.6970548745188940E-03 -6.1358512340752222E-03 -1.4941162617359623E-03
0
0.0
 -1.1407996218300525E+00 -2.3170985309886123E+00 3.8420614944644871E-01
 8.8032205702790259E-03 -5.9450415616415647E-03 -1.6763679746008577E-03
0
0.0
 -1.1407996218300525E+00 -2.3170985309886123E+00 3.8420614944644871E-01
 8.9425901149340920E-03 -5.7713142898308967E-03 -1.4188837714855839E-03
0
0.0
 -1.1407996218300525E+00 -2.3170985309886123E+00 3.8420614944644871E-01
 8.7701883432550441E-03 -5.8664431363522063E-03 -1.6387337845773209E-03
0
0.0
 -1.1407996218300525E+00 -2.3170985309886123E+00 3.8420614944644871E-01
 8.8771114646334203E-03 -5.9879899056786918E-03 -1.5652577626727973E-03
0
0.0
 -1.1407996218300525E+00 -2.3170985309886123E+00 3.8420614944644871E-01
 8.8007583323373093E-03 -5.9007429653872671E-03 -1.6478609090380819E-03
0
0.0
 -1.1407996218300525E+00 -2.3170985309886123E+00 3.8420614944644871E-01
 8.9011178544962568E-03 -6.1941615029750766E-03 -1.7192800994769836E-03
0
0.0
 -1.1407996218300525E+00 -2.3170985309886123E+00 3.8420614944644871E-01
 8.8949058437393421E-03 -5.9229715686385832E-03 -1.5221733997214189E-03
0
0.0
 -1.1407996218300525E+00 -2.3170985309886123E+00 3.8420614944644871E-01
 8.8585754825354635E-03 -5.8683243599243727E-03 -1.5528610272644019E-03
0
0.0
 -1.1407996218300525E+00 -2.3170985309886123E+00 3.8420614944644871E-01
 8.8005942152993705E-03 -5.9169799691290359E-03 -1.5212098547475899E-03
0
0.0
 -1.1407996218300525E+00 -2.3170985309886123E+00 3.8420614944644871E-01
 8.6322822655266265E-03 -5.8378348465192263E-03 -1.5138197117772749E-03
0
0.0
 -1.1407996218300525E+00 -2.3170985309886123E+00 3.8420614944644871E-01
 8.8145674272899349E-03 -5.8462369056190826E-03 -1.7373259886499153E-03
0
0.0
 -1.1407996218300525E+00 -2.3170985309886123E+00 3.8420614944644871E-01
 8.7324608421478125E-03 -5.7523604459514648E-03 -1.7526539496561175E-03
0
0.0
 -1.1407996218300525E+00 -2.3170985309886123E+00 3.8420614944644871E-01
 8.8343794281781664E-03 -5.9064132622737384E-03 -1.6420911950757215E-03
0
0.0
 -1.1407996218300525E+00 -2.3170985309886123E+00 3.8420614944644871E-01
 8.7509843500266880E-03 -5.9690915412358558E-03 -1.6778815441735487E-03
0
0.0
 -1.1407996218300525E+00 -2.3170985309886123E+00 3.8420614944644871E-01
 8.8118763154410897E-03 -5.9078338204436977E-03 -1.5966446809562614E-03
0
0.0
 -1.1407996218300525E+00 -2.3170985309886123E+00 3.8420614944644871E-01
 8.8474467316018626E-03 -6.1667966109041983E-03 -1.7485212516313358E-03
0
0.0
 -1.1407996218300525E+00 -2.3170985309886123E+00 3.8420614944644871E-01
 8.6806028043053228E-03 -6.0526913744762554E-03 -1.7030761752077606E-03
0
0.0
 -1.1407996218300525E+00 -2.3170985309886123E+00 3.8420614944644871E-01
 8.8323615831527574E-03 -6.1539165514483182E-03 -1.8287208298403150E-03
0
0.0
 -1.1407996218300525E+00 -2.3170985309886123E+00 3.8420614944644871E-01
 8.7949871185290622E-03 -5.7982743468490607E-03 -1.6757769582118657E-03
0
0.0
 -1.1407996218300525E+00 -2.3170985309886123E+00 3.8420614944644871E-01
 8.8599887548549972E-03 -5.9136426976966914E-03 -1.4762451674143456E-03
0
0.0
 -1.1407996218300525E+00 -2.3170985309886123E+00 3.8420614944644871E-01
 8.7360918478922040E-03 -5.7620379503131340E-03 -1.8206401535024511E-03
0
0.0
 -1.1407996218300525E+00 -2.3170985309886123E+00 3.8420614944644871E-01
 8.7625769028483839E-03 -5.8713116232265161E-03 -1.6579665040883048E-03
0
0.0
 -1.1407996218300525E+00 -2.3170985309886123E+00 3.8420614944644871E-01
 8.9538950380650441E-03 -6.0069122178750120E-03 -1.5162790682909427E-03
0
0.0
 -1.1407996218300525E+00 -2.3170985309886123E+00 3.8420614944644871E-01
 8.6947499822682753E-03 -5.6074712924487650E-03 -1.7396823291873870E-03
0
0.0
 -1.1407996218300525E+00 -2.3170985309886123E+00 3.8420614944644871E-01
 8.7608542276153851E-03 -5.7069608935360070E-03 -1.4881619393350804E-03
0
0.0
 -1.1407996218300525E+00 -2.3170985309886123E+00 3.8420614944644871E-01
 8.7950807807253995E-03 -6.1022266040347446E-03 -1.8463444458584673E-03
0
0.0
 -1.1407996218300525E+00 -2.3170985309886123E+00 3.8420614944644871E-01
 8.8849470465478184E-03 -5.8315025876855588E-03 -1.4720213196597765E-03
0
0.0
 -1.1407996218300525E+00 -2.3170985309886123E+00 3.8420614944644871E-01
 9.0038860567386476E-03 -6.0166674481026486E-03 -1.7208959320777263E-03
0
0.0
 -1.1407996218300525E+00 -2.3170985309886123E+00 3.8420614944644871E-01
 8.5567693035577420E-03 -6.1195923568629716E-03 -1.5503108168796185E-03
0
0.0
 -1.1407996218300525E+00 -2.3170985309886123E+00 3.8420614944644871E-01
 9.0436208183616515E-03 -5.7759401204650175E-03 -1.6536000699389813E-03
0
0.0
 -1.1407996218300525E+00 -2.3170985309886123E+00 3.8420614944644871E-01
 8.8349618502808203E-03 -5.9082094655032603E-03 -1.5816897009714665E-03
0
0.0
 -1.1407996218300525E+00 -2.3170985309886123E+00 3.8420614944644871E-01
 8.8516650255738624E-03 -5.8994240150630249E-03 -1.5746012685007918E-03
0
0.0
 -1.1407996218300525E+00 -2.3170985309886123E+00 3.8420614944644871E-01
 8.7972834968943481E-03 -5.8572774142908526E-03 -1.4995839377357338E-03
0
0.0
 -1.1407996218300525E+00 -2.3170985309886123E+00 3.8420614944644871E-01
 8.8152123444069225E-03 -5.9021525381744910E-03 -1.3408455287359481E-03
0
0.0
 -1.1407996218300525E+00 -2.3170985309886123E+00 3.8420614944644871E-01
 8.7812202943951482E-03 -5.9095917309282021E-03 -1.4858872160619003E-03
0
0.0
 -1.1407996218300525E+00 -2.3170985309886123E+00 3.8420614944644871E-01
 8.8026936690109841E-03 -6.0437637441312113E-03 -1.5472582983222609E-03
0
0.0
 -1.1407996218300525E+00 -2.3170985309886123E+00 3.8420614944644871E-01
 8.6590983359766879E-03 -5.9955348087008019E-03 -1.8472971522857386E-03
0
0.0
 -1.1407996218300525E+00 -2.3170985309886123E+00 3.8420614944644871E-01
 8.8142070919580758E-03 -5.9805121681054891E-03 -1.4691296407285466E-03
0
0.0
 -1.1407996218300525E+00 -2.3170985309886123E+00 3.8420614944644871E-01
 8.7582562557975245E-03 -5.8960709484075146E-03 -1.6434428788131923E-03
0
0.0
 -1.1407996218300525E+00 -2.3170985309886123E+00 3.8420614944644871E-01
 8.8997359883456612E-03 -6.1041849661408179E-03 -1.5860048485666835E-03
0
0.0
 -1.1407996218300525E+00 -2.3170985309886123E+00 3.8420614944644871E-01
 8.7205847567576912E-03 -5.6929789998047290E-03 -1.8809893415826443E-03
0
0.0
 -1.1407996218300525E+00 -2.3170985309886123E+00 3.8420614944644871E-01
 8.8141908271050038E-03 -5.9705056658272346E-03 -1.7246265410536376E-03
0
0.0
 -1.1407996218300525E+00 -2.3170985309886123E+00 3.8420614944644871E-01
 8.6767550227657593E-03 -5.7551520039154300E-03 -1.6833936978373223E-03
0
0.0
 -1.1407996218300525E+00 -2.3170985309886123E+00 3.8420614944644871E-01
 8.7523797347300626E-03 -5.9113670458847420E-03 -1.3714217647467972E-03
0
0.0
 -1.1407996218300525E+00 -2.3170985309886123E+00 3.8420614944644871E-01
 8.9029586101085738E-03 -6.0645445925233766E-03 -1.7318891425580237E-03
0
0.0
 -1.1407996218300525E+00 -2.3170985309886123E+00 3.8420614944644871E-01
 8.5112731092022546E-03 -5.8118477335550181E-03 -1.4933702896679812E-03
0
0.0
 -1.1407996218300525E+00 -2.3170985309886123E+00 3.8420614944644871E-01
 8.7407937092474422E-03 -5.9395383366758515E-03 -1.6874592804153482E-03
0
0.0
 -1.1407996218300525E+00 -2.3170985309886123E+00 3.8420614944644871E-01
 8.7833277142679959E-03 -5.9226717365901882E-03 -1.7009851800259580E-03
0
0.0
 -1.1407996218300525E+00 -2.3170985309886123E+00 3.8420614944644871E-01
 8.8047537765667157E-03 -5.9026558717237181E-03 -1.6510179358638528E-03
0
0.0
 -1.1407996218300525E+00 -2.3170985309886123E+00 3.8420614944644871E-01
 8.8531114504904768E-03 -5.7383511367925842E-03 -1.6866112433800743E-03
0
0.0
 -1.1407996218300525E+00 -2.3170985309886123E+00 3.8420614944644871E-01
 8.9190117323090425E-03 -6.1005804593096402E-03 -1.5476296891066719E-03
0
0.0
 -1.1407996218300525E+00 -2.3170985309886123E+00 3.8420614944644871E-01
 8.7966204622776725E-03 -5.8049517156485552E-03 -1.4774045880925162E-03
0
0.0
 -1.1407996218300525E+00 -2.3170985309886123E+00 3.8420614944644871E-01
 8.8533530586338265E-03 -5.9976258259372556E-03 -1.7402855016735205E-03
0
0.0
 -1.1407996218300525E+00 -2.3170985309886123E+00 3.8420614944644871E-01
 8.6140534519519481E-03 -5.7409618501188669E-03 -1.5558983250688067E-03
0
0.0
 -1.1407996218300525E+00 -2.3170985309886123E+00 3.8420614944644871E-01
 8.7003590299192333E-03 -5.8838607554180938E-03 -1.5321536093737412E-03
0
0.0
 -1.1407996218300525E+00 -2.3170985309886123E+00 3.8420614944644871E-01
 8.8281973152944601E-03 -5.7785938681205531E-03 -1.3100459066508272E-03
0
0.0
 -1.1407996218300525E+00 -2.3170985309886123E+00 3.8420614944644871E-01
 9.0016912978900694E-03 -5.7569093529628024E-03 -1.5733625511931656E-03
0
0.0
 -1.1407996218300525E+00 -2.3170985309886123E+00 3.8420614944644871E-01
 8.4870599713246942E-03 -5.9701148068185194E-03 -1.5424465333103263E-03
0
0.0
 -1.1407996218300525E+00 -2.3170985309886123E+00 3.8420614944644871E-01
 8.6950970978599135E-03 -6.0670362398403720E-03 -1.4140349579247918E-03
0
0.0
 -1.1407996218300525E+00 -2.3170985309886123E+00 3.8420614944644871E-01
 8.6598182787901209E-03 -5.7979939911006334E-03 -1.5597120646527927E-03
0
0.0
 -1.1407996218300525E+00 -2.3170985309886123E+00 3.8420614944644871E-01
 8.7695467624478371E-03 -5.8989891107615921E-03 -1.5634081115463666E-03
0
0.0
 -1.1407996218300525E+00 -2.3170985309886123E+00 3.8420614944644871E-01
 8.6771720047128121E-03 -5.7892311629049540E-03 -1.5897382934535105E-03
0
0.0
 -1.1407996218300525E+00 -2.3170985309886123E+00 3.8420614944644871E-01
 8.7128870464782127E-03 -5.9039959821703177E-03 -1.7306786092851645E-03
0
0.0
 -1.1407996218300525E+00 -2.3170985309886123E+00 3.8420614944644871E-01
 8.9146105822736858E-03 -5.9105136566677463E-03 -1.6303593818369577E-03
0
0.0
 -1.1407996218300525E+00 -2.3170985309886123E+00 3.8420614944644871E-01
 8.6938318352920898E-03 -5.7808798923589585E-03 -1.8391278464000120E-03
0
0.0
 -1.1407996218300525E+00 -2.3170985309886123E+00 3.8420614944644871E-01
 8.7195470147354449E-03 -5.9989757500743717E-03 -1.6958389991944790E-03
0
0.0
 -1.1407996218300525E+00 -2.3170985309886123E+00 3.8420614944644871E-01
 8.6723268600336374E-03 -6.1350113774316624E-03 -1.8280073101682411E-03
0
0.0
 -1.1407996218300525E+00 -2.3170985309886123E+00 3.8420614944644871E-01
 9.0235267914749555E-03 -5.9695213489372925E-03 -1.6868469234154798E-03
0
0.0
 -1.1407996218300525E+00 -2.3170985309886123E+00 3.8420614944644871E-01
 8.7371715573659886E-03 -5.8323733127554744E-03 -1.6792109687475873E-03
0
0.0
 -1.1407996218300525E+00 -2.3170985309886123E+00 3.8420614944644871E-01
 8.5306183320545733E-03 -6.0835770487632805E-03 -1.7716541456768227E-03
0
0.0
 -1.1407996218300525E+00 -2.3170985309886123E+00 3.8420614944644871E-01
 8.8111268994498868E-03 -5.7000355677895758E-03 -1.7315989197374917E-03
0
0.0
 -1.1407996218300525E+00 -2.3170985309886123E+00 3.8420614944644871E-01
 8.8890210940224691E-03 -5.9207608721376379E-03 -1.8828166165506073E-03
0
0.0
 -1.1407996218300525E+00 -2.3170985309886123E+00 3.8420614944644871E-01
 8.8872198847903382E-03 -5.9433868168709009E-03 -1.5925848024190244E-03
0
0.0
 -1.1407996218300525E+00 -2.3170985309886123E+00 3.8420614944644871E-01
 8.8667032848961623E-03 -5.9361620894982084E-03 -1.5838588570090515E-03
0
0.0
 -1.1407996218300525E+00 -2.3170985309886123E+00 3.8420614944644871E-01
 8.7775726237951570E-03 -5.9001143812010817E-03 -1.6617934147716766E-03
0
0.0
 -1.1407996218300525E+00 -2.3170985309886123E+00 3.8420614944644871E-01
 8.7432972147573097E-03 -5.9785275703190185E-03 -1.2939657691120778E-03
0
0.0
 -1.1407996218300525E+00 -2.3170985309886123E+00 3.8420614944644871E-01
 8.7932711124350457E-03 -6.1273185757278210E-03 -1.3910859550200539E-03
0
0.0
 -1.1407996218300525E+00 -2.3170985309886123E+00 3.8420614944644871E-01
 8.9458967293949993E-03 -5.8101568399515444E-03 -1.6307958733020485E-03
0
0.0
 -1.1407996218300525E+00 -2.3170985309886123E+00 3.8420614944644871E-01
 8.5927695439378914E-03 -5.7612226819648881E-03 -1.5962067674211941E-03
0
0.0
 -1.1407996218300525E+00 -2.3170985309886123E+00 3.8420614944644871E-01
 8.8395004759888162E-03 -5.9725632169915031E-03 -1.8511544427565196E-03
0
0.0
 -1.1407996218300525E+00 -2.3170985309886123E+00 3.8420614944644871E-01
 8.7713620209448166E-03 -6.1939503413488556E-03 -1.5592699382374108E-03
0
0.0
 -1.1407996218300525E+00 -2.3170985309886123E+00 3.8420614944644871E-01
 8.8351235343990826E-03 -5.9181783541381993E-03 -1.7027810907207868E-03
0
0.0
 -1.1407996218300525E+00 -2.3170985309886123E+00 3.8420614944644871E-01
 8.7260021440595074E-03 -5.8970602353724698E-03 -1.6082204034272467E-03
0
0.0
 -1.1407996218300525E+00 -2.3170985309886123E+00 3.8420614944644871E-01
 8.9119384881503616E-03 -5.9044840068057328E-03 -1.6946635820324330E-03
0
0.0
 -1.1407996218300525E+00 -2.3170985309886123E+00 3.8420614944644871E-01
 8.7393162961155093E-03 -5.9022899589044270E-03 -1.5522561453983057E-03
0
0.0
 -1.1407996218300525E+00 -2.3170985309886123E+00 3.8420614944644871E-01
 8.7015265564829442E-03 -5.7324705860794141E-03 -1.6170961605150671E-03
0
0.0
 -1.1407996218300525E+00 -2.3170985309886123E+00 3.8420614944644871E-01
 8.8479110511232011E-03 -5.8860801473377055E-03 -1.6917481096174396E-03
0
0.0
 -1.1407996218300525E+00 -2.3170985309886123E+00 3.8420614944644871E-01
 8.6143774718530491E-03 -6.1454937366108671E-03 -1.4762087208077944E-03
0
0.0
 -1.1407996218300525E+00 -2.3170985309886123E+00 3.8420614944644871E-01
 8.8649070881613480E-03 -6.0455476739222991E-03 -1.4718406731445003E-03
0
0.0
 -1.1407996218300525E+00 -2.3170985309886123E+00 3.8420614944644871E-01
 8.6156531864866222E-03 -5.9335737090899484E-03 -1.6644602617959291E-03
0
0.0
 -1.1407996218300525E+00 -2.3170985309886123E+00 3.8420614944644871E-01
 8.6878505200775578E-03 -5.7692861253221669E-03 -1.6678081403800956E-03
0
0.0
 -1.1407996218300525E+00 -2.3170985309886123E+00 3.8420614944644871E-01
 8.7413061439002744E-03 -5.9472485684335004E-03 -1.6614152779899510E-03
0
0.0
 -1.1407996218300525E+00 -2.3170985309886123E+00 3.8420614944644871E-01
 8.6450667492796156E-03 -5.8678146381079214E-03 -1.3345946076062801E-03
0
0.0
 -1.1407996218300525E+00 -2.3170985309886123E+00 3.8420614944644871E-01
 8.7638244085627530E-03 -5.9013754126851616E-03 -1.5400885563673231E-03
0
0.0
 -1.1407996218300525E+00 -2.3170985309886123E+00 3.8420614944644871E-01
 8.8042002175936652E-03 -5.9402500393642014E-03 -1.5641526207370005E-03
0
0.0
 -1.1407996218300525E+00 -2.3170985309886123E+00 3.8420614944644871E-01
 8.7869879677026867E-03 -5.8904182673732448E-03 -1.6297218284314554E-03
0
0.0
 -1.1407996218300525E+00 -2.3170985309886123E+00 3.8420614944644871E-01
 8.8953853921488295E-03 -5.8230493354454460E-03 -1.4173984532769729E-03
0
0.0
 -1.1407996218300525E+00 -2.3170985309886123E+00 3.8420614944644871E-01
 8.7543226293641321E-03 -5.7759530214784140E-03 -1.6750126775893087E-03
0
0.0
 -1.1407996218300525E+00 -2.3170985309886123E+00 3.8420614944644871E-01
 8.6980905717543040E-03 -6.0822029399199102E-03 -1.7942899898842493E-03
0
0.0
 -1.1407996218300525E+00 -2.3170985309886123E+00 3.8420614944644871E-01
 8.7143214993140299E-03 -5.8837996004343683E-03 -1.6472737954244788E-03
0
0.0
 -1.1407996218300525E+00 -2.3170985309886123E+00 3.8420614944644871E-01
 8.8231873451004913E-03 -5.8324759842297621E-03 -1.7997967202000597E-03
0
0.0
 -1.1407996218300525E+00 -2.3170985309886123E+00 3.8420614944644871E-01
 8.7125542749933987E-03 -5.8692438531526463E-03 -1.4752575990353485E-03
0
0.0
 -1.1407996218300525E+00 -2.3170985309886123E+00 3.8420614944644871E-01
 8.8531450077604518E-03 -5.7830704996787823E-03 -1.9021791642389557E-03
0
0.0
 -1.1407996218300525E+00 -2.3170985309886123E+00 3.8420614944644871E-01
 8.6332974372970404E-03 -6.0627989050693861E-03 -1.8155626190586624E-03
0
0.0
 -1.1407996218300525E+00 -2.3170985309886123E+00 3.8420614944644871E-01
 8.8320535004702966E-03 -6.1061919575652601E-03 -1.7178630719592118E-03
0
0.0
 -1.1407996218300525E+00 -2.3170985309886123E+00 3.8420614944644871E-01
 8.6889439578882299E-03 -5.8926565265167959E-03 -1.6534388118332167E-03
0
0.0
 -1.1407996218300525E+00 -2.3170985309886123E+00 3.8420614944644871E-01
 8.6588130144404623E-03 -5.6395161187420282E-03 -1.6618692390043648E-03
0
0.0
 -1.1407996218300525E+00 -2.3170985309886123E+00 3.8420614944644871E-01
 8.8229636069298324E-03 -5.7183859229628766E-03 -1.3390378934290024E-03
0
0.0
 -1.1407996218300525E+00 -2.3170985309886123E+00 3.8420614944644871E-01
 8.8536496176722310E-03 -5.9300324466623625E-03 -1.8178455304106579E-03
0
0.0
 -1.1407996218300525E+00 -2.3170985309886123E+00 3.8420614944644871E-01
 8.7989646977322481E-03 -5.8367845473832969E-03 -1.8873152420645254E-03
0
0.0
 -1.1407996218300525E+00 -2.3170985309886123E+00 3.8420614944644871E-01
 8.8695473032848957E-03 -6.0970441437262568E-03 -1.3918885191045887E-03
0
0.0
 -1.1407996218300525E+00 -2.3170985309886123E+00 3.8420614944644871E-01
 8.6744734126309158E-03 -5.9204775939924762E-03 -1.7038024643984658E-03
0
0.0
 -1.1407996218300525E+00 -2.3170985309886123E+00 3.8420614944644871E-01
 8.9795347700307362E-03 -5.9813139780270537E-03 -1.6373476280408534E-03
0
0.0
 -1.1407996218300525E+00 -2.3170985309886123E+00 3.8420614944644871E-01
 8.8763468622660557E-03 -5.8904347593930267E-03 -1.5563753552488200E-03
0
0.0
 -1.1407996218300525E+00 -2.3170985309886123E+00 3.8420614944644871E-01
 8.6355602436328453E-03 -6.0749891938915524E-03 -1.5946915815585223E-03
0
0.0
 -1.1407996218300525E+00 -2.3170985309886123E+00 3.8420614944644871E-01
 8.6818882690749312E-03 -5.9446969610540508E-03 -1.6469570254324668E-03
0
0.0
 -1.1407996218300525E+00 -2.3170985309886123E+00 3.8420614944644871E-01
 8.9110475631433428E-03 -5.8860257431982282E-03 -1.7046061316442031E-03
0
0.0
 -1.1407996218300525E+00 -2.3170985309886123E+00 3.8420614944644871E-01
 8.7213492517754544E-03 -5.9581374868309779E-03 -1.5426029573514361E-03
0
0.0
 -1.1407996218300525E+00 -2.3170985309886123E+00 3.8420614944644871E-01
 8.8628721410412906E-03 -6.1303032242115791E-03 -1.5294496276709402E-03
0
0.0
 -1.1407996218300525E+00 -2.3170985309886123E+00 3.8420614944644871E-01
 8.8431911925632850E-03 -5.9621173728971674E-03 -1.7574347022917040E-03
0
0.0
 -1.1407996218300525E+00 -2.3170985309886123E+00 3.8420614944644871E-01
 8.8617498830341965E-03 -5.9063432241671003E-03 -1.5881691648350596E-03
0
0.0
 -1.1407996218300525E+00 -2.3170985309886123E+00 3.8420614944644871E-01
 8.6695258467185676E-03 -5.8575873764525124E-03 -1.5590257038970827E-03
0
0.0
 -1.1407996218300525E+00 -2.3170985309886123E+00 3.8420614944644871E-01
 8.7445858976726108E-03 -5.8969732252016826E-03 -1.5884405138600051E-03
0
0.0
 -1.1407996218300525E+00 -2.3170985309886123E+00 3.8420614944644871E-01
 8.9563927483155802E-03 -5.9570289975704547E-03 -1.7108131230345487E-03
0
0.0
 -1.1407996218300525E+00 -2.3170985309886123E+00 3.8420614944644871E-01
 8.9484079702201579E-03 -5.7231885285375797E-03 -1.7702241990494719E-03
0
0.0
 -1.1407996218300525E+00 -2.3170985309886123E+00 3.8420614944644871E-01
 8.8292800674751992E-03 -5.8866355308679922E-03 -1.6471664843340185E-03
0
0.0
 -1.1407996218300525E+00 -2.3170985309886123E+00 3.8420614944644871E-01
 8.8537052083266961E-03 -5.8379172187501454E-03 -1.5889580429028721E-03
0
0.0
 -1.1407996218300525E+00 -2.3170985309886123E+00 3.8420614944644871E-01
 8.9196089341506898E-03 -5.7963691867257911E-03 -1.4085769773461915E-03
0
0.0
 -1.1407996218300525E+00 -2.3170985309886123E+00 3.8420614944644871E-01
 9.0096938470124524E-03 -6.0809636595896529E-03 -1.6638904384805701E-03
0
0.0
 -1.1407996218300525E+00 -2.3170985309886123E+00 3.8420614944644871E-01
 8.7594196760835200E-03 -5.9278486559541732E-03 -1.7312860267971791E-03
0
0.0
 -1.1407996218300525E+00 -2.3170985309886123E+00 3.8420614944644871E-01
 8.7668269673031474E-03 -5.9074585449242680E-03 -1.3905346033517079E-03
0
0.0
 -1.1407996218300525E+00 -2.3170985309886123E+00 3.8420614944644871E-01
 8.8697082464257743E-03 -5.5852624085706813E-03 -1.5937486191712174E-03
0
0.0
 -1.1407996218300525E+00 -2.3170985309886123E+00 3.8420614944644871E-01
 8.8061299366878204E-03 -5.9542472952096390E-03 -1.5394243806218788E-03
0
0.0
 -1.1407996218300525E+00 -2.3170985309886123E+00 3.8420614944644871E-01
 8.7195569015846904E-03 -5.7962546037389198E-03 -1.8803999514531886E-03
0
0.0
 -1.1407996218300525E+00 -2.3170985309886123E+00 3.8420614944644871E-01
 8.9604485658638221E-03 -5.9127047473296586E-03 -1.4653063131589645E-03
0
0.0
 -1.1407996218300525E+00 -2.3170985309886123E+00 3.8420614944644871E-01
 8.7708474590377800E-03 -5.8478031282004472E-03 -1.5579297432983131E-03
0
0.0
 -1.1407996218300525E+00 -2.3170985309886123E+00 3.8420614944644871E-01
 8.5197223025140871E-03 -5.9631655639075000E-03 -1.6919703996436505E-03
0
0.0
 -1.1407996218300525E+00 -2.3170985309886123E+00 3.8420614944644871E-01
 8.6994381850342885E-03 -5.9569224643784011E-03 -1.7236252724288209E-03
0
0.0
 -1.1407996218300525E+00 -2.3170985309886123E+00 3.8420614944644871E-01
 8.8046779037757802E-03 -5.6586354991742206E-03 -1.5053422083922937E-03
0
0.0
 -1.1407996218300525E+00 -2.3170985309886123E+00 3.8420614944644871E-01
 8.8580548306462521E-03 -6.1427603598564360E-03 -1.6498804584274664E-03
0
0.0
 -1.1407996218300525E+00 -2.3170985309886123E+00 3.8420614944644871E-01
 8.6885405329178243E-03 -6.0239119025503702E-03 -1.4503439466028157E-03
0
0.0
 -1.1407996218300525E+00 -2.3170985309886123E+00 3.8420614944644871E-01
 8.7886711246158086E-03 -5.9263480272473404E-03 -1.6434998038638768E-03
0
0.0
 -1.1407996218300525E+00 -2.3170985309886123E+00 3.8420614944644871E-01
 8.7975585878135310E-03 -6.0006807435572362E-03 -1.5950854546002552E-03
0
0.0
 -1.1407996218300525E+00 -2.3170985309886123E+00 3.8420614944644871E-01
 8.5341131739399747E-03 -5.8129577089256479E-03 -1.7227691474410310E-03
0
0.0
 -1.1407996218300525E+00 -2.3170985309886123E+00 3.8420614944644871E-01
 8.7279458372172495E-03 -5.9138985372970548E-03 -1.5198910159700753E-03
0
0.0
 -1.1407996218300525E+00 -2.3170985309886123E+00 3.8420614944644871E-01
 8.7759511978221724E-03 -5.8793861443384538E-03 -1.7040225561302388E-03
0
0.0
 -1.1407996218300525E+00 -2.3170985309886123E+00 3.8420614944644871E-01
 8.7671252333374125E-03 -5.9391945787609637E-03 -1.3874769806543907E-03
0
0.0
 -1.1407996218300525E+00 -2.3170985309886123E+00 3.8420614944644871E-01
 8.7410911098384815E-03 -5.9792368990334698E-03 -1.3356799894284450E-03
0
0.0
 -1.1407996218300525E+00 -2.3170985309886123E+00 3.8420614944644871E-01
 8.8171655652037155E-03 -5.7143313132934880E-03 -1.8165841494158636E-03
0
0.0
 -1.1407996218300525E+00 -2.3170985309886123E+00 3.8420614944644871E-01
 8.7477470587636365E-03 -6.0438690639861448E-03 -1.4771980440948169E-03
0
0.0
 -1.1407996218300525E+00 -2.3170985309886123E+00 3.8420614944644871E-01
 8.6593754993549692E-03 -5.7448898443327907E-03 -1.3767733192546045E-03
0
0.0
 -1.1407996218300525E+00 -2.3170985309886123E+00 3.8420614944644871E-01
 8.6400293834050824E-03 -5.7816516943068746E-03 -1.5666144086756476E-03
0
0.0
 -1.1407996218300525E+00 -2.3170985309886123E+00 3.8420614944644871E-01
 8.6682063403979437E-03 -5.9668667144454762E-03 -1.8727597124280362E-03
0
0.0
 -1.1407996218300525E+00 -2.3170985309886123E+00 3.8420614944644871E-01
 8.6172310566482360E-03 -5.9244058818820602E-03 -1.7986559980838757E-03
0
0.0
 -1.1407996218300525E+00 -2.3170985309886123E+00 3.8420614944644871E-01
 8.5875451185447368E-03 -5.8836974299980071E-03 -1.5155014626611861E-03
0
0.0
 -1.1407996218300525E+00 -2.3170985309886123E+00 3.8420614944644871E-01
 8.8620206615349396E-03 -5.9936066881365576E-03 -1.6373853193604807E-03
0
0.0
 -1.1407996218300525E+00 -2.3170985309886123E+00 3.8420614944644871E-01
 8.8267609936531679E-03 -5.9470315048193913E-03 -1.6362302252819979E-03
0
0.0
 -1.1407996218300525E+00 -2.3170985309886123E+00 3.8420614944644871E-01
 8.9693093748148614E-03 -5.7836765291058101E-03 -1.7141642005931719E-03
0
0.0
 -1.1407996218300525E+00 -2.3170985309886123E+00 3.8420614944644871E-01
 8.7835866585924145E-03 -6.0243603802623705E-03 -1.7419872295454577E-03
0
0.0
 -1.1407996218300525E+00 -2.3170985309886123E+00 3.8420614944644871E-01
 8.8082150366178575E-03 -6.1697188835276124E-03 -1.5064022072623384E-03
0
0.0
 -1.1407996218300525E+00 -2.3170985309886123E+00 3.8420614944644871E-01
 8.5884788278712369E-03 -5.7547647499254480E-03 -1.6203140087680987E-03
0
0.0
 -1.1407996218300525E+00 -2.3170985309886123E+00 3.8420614944644871E-01
 8.6011432955900111E-03 -6.1257736727908145E-03 -1.6520209711518518E-03
0
0.0
 -1.1407996218300525E+00 -2.3170985309886123E+00 3.8420614944644871E-01
 8.5711903815310197E-03 -5.8730954267171356E-03 -1.3984826940200649E-03
0
0.0
 -1.1407996218300525E+00 -2.3170985309886123E+00 3.8420614944644871E-01
 8.9675781399131248E-03 -5.6695984515048783E-03 -1.4834443420969148E-03
0
0.0
 -1.1407996218300525E+00 -2.3170985309886123E+00 3.8420614944644871E-01
 8.8670543191778708E-03 -6.0546040588485336E-03 -1.6057370414723640E-03
0
0.0
 -1.1407996218300525E+00 -2.3170985309886123E+00 3.8420614944644871E-01
 8.7902502237263511E-03 -5.7336389493268776E-03 -1.6393290923510256E-03
0
0.0
 -1.1407996218300525E+00 -2.3170985309886123E+00 3.8420614944644871E-01
 8.6909419172935386E-03 -6.0755636742766067E-03 -1.7388778947906515E-03
0
0.0
 -1.1407996218300525E+00 -2.3170985309886123E+00 3.8420614944644871E-01
 8.7876914257585918E-03 -5.9207443382827268E-03 -1.6509648129610795E-03
0
0.0
 -1.1407996218300525E+00 -2.3170985309886123E+00 3.8420614944644871E-01
 8.5614221817859500E-03 -5.8795509768102081E-03 -1.7110144146495160E-03
0
0.0
 -1.1407996218300525E+00 -2.3170985309886123E+00 3.8420614944644871E-01
 8.8292685668176479E-03 -5.7692563488107229E-03 -1.4401895761427278E-03
0
0.0
 -1.1407996218300525E+00 -2.3170985309886123E+00 3.8420614944644871E-01
 8.8090855639273262E-03 -5.8285910155958850E-03 -1.3158648370928388E-03
0
0.0
 -1.1407996218300525E+00 -2.3170985309886123E+00 3.8420614944644871E-01
 8.9036203260911134E-03 -5.8707060992243942E-03 -1.6211099967472688E-03
0
0.0
 -1.1407996218300525E+00 -2.3170985309886123E+00 3.8420614944644871E-01
 8.6878904056077906E-03 -6.0923666710044778E-03 -1.5892615375625561E-03
0
0.0
 -1.1407996218300525E+00 -2.3170985309886123E+00 3.8420614944644871E-01
 8.7795955996438704E-03 -5.9005756029544745E-03 -1.6032192903788860E-03
0
0.0
 -1.1407996218300525E+00 -2.3170985309886123E+00 3.8420614944644871E-01
 8.8614535200978225E-03 -5.7956482821286256E-03 -1.5354607956857170E-03
0
0.0
 -1.1407996218300525E+00 -2.3170985309886123E+00 3.8420614944644871E-01
 8.8936179537367748E-03 -5.8190047338672942E-03 -1.4933018222079032E-03
0
0.0
 -1.1407996218300525E+00 -2.3170985309886123E+00 3.8420614944644871E-01
 8.8705546095464317E-03 -6.0832582920182223E-03 -1.6631250129032168E-03
0
0.0
 -1.1407996218300525E+00 -2.3170985309886123E+00 3.8420614944644871E-01
 8.9926232986042767E-03 -6.0924120827054659E-03 -1.7290984634912377E-03
0
0.0
 -1.1407996218300525E+00 -2.3170985309886123E+00 3.8420614944644871E-01
 8.9488267647898929E-03 -5.8026275081323238E-03 -1.4632585749807835E-03
0
0.0
 -1.1407996218300525E+00 -2.3170985309886123E+00 3.8420614944644871E-01
 8.7683598971540384E-03 -5.7503514411851924E-03 -1.4923906092448218E-03
0
0.0
 -1.1407996218300525E+00 -2.3170985309886123E+00 3.8420614944644871E-01
 8.8143087197891136E-03 -5.7088332919939576E-03 -1.4692302426330644E-03
0
0.0
 -1.1407996218300525E+00 -2.3170985309886123E+00 3.8420614944644871E-01
 8.9871481815486150E-03 -5.7478809364984798E-03 -1.6931598304009176E-03
0
0.0
 -1.1407996218300525E+00 -2.3170985309886123E+00 3.8420614944644871E-01
 8.9984211893331251E-03 -5.8991094468223235E-03 -1.5578631753886954E-03
0
0.0
 -1.1407996218300525E+00 -2.3170985309886123E+00 3.8420614944644871E-01
 8.6302696722944747E-03 -6.2162346982675655E-03 -1.6102159531597912E-03
0
0.0
 -1.1407996218300525E+00 -2.3170985309886123E+00 3.8420614944644871E-01
 8.7023182558420044E-03 -5.7362365159147818E-03 -1.5368471193616005E-03
0
0.0
 -1.1407996218300525E+00 -2.3170985309886123E+00 3.8420614944644871E-01
 8.9141848191005516E-03 -6.1239543889281762E-03 -1.7099340865278118E-03
0
0.0
 -1.1407996218300525E+00 -2.3170985309886123E+00 3.8420614944644871E-01
 8.8258627552820091E-03 -5.9814183469655453E-03 -1.6059820353761848E-03
0
0.0
 -1.1407996218300525E+00 -2.3170985309886123E+00 3.8420614944644871E-01
 8.7979818415318840E-03 -6.0725587956797240E-03 -1.8389880164413788E-03
0
0.0
 -1.1407996218300525E+00 -2.3170985309886123E+00 3.8420614944644871E-01
 8.6917264449726441E-03 -6.0365297455357396E-03 -1.7085898583299266E-03
0
0.0
 -1.1407996218300525E+00 -2.3170985309886123E+00 3.8420614944644871E-01
 8.5603389631273875E-03 -5.8613940820921948E-03 -1.7672901945103619E-03
0
0.0
 -1.1407996218300525E+00 -2.3170985309886123E+00 3.8420614944644871E-01
 8.6059216657177421E-03 -5.9557521659066156E-03 -1.6803261101529774E-03
0
0.0
 -1.1407996218300525E+00 -2.3170985309886123E+00 3.8420614944644871E-01
 8.7099403624891058E-03 -6.0227323171399560E-03 -1.6061686850522003E-03
0
0.0
 -1.1407996218300525E+00 -2.3170985309886123E+00 3.8420614944644871E-01
 9.0738453036704313E-03 -6.0308010161475587E-03 -1.5673278347653622E-03
0
0.0
 -1.1407996218300525E+00 -2.3170985309886123E+00 3.8420614944644871E-01
 8.7943970904373944E-03 -5.8908860828246227E-03 -1.4830422452967959E-03
0
0.0
 -1.1407996218300525E+00 -2.3170985309886123E+00 3.8420614944644871E-01
 8.8352938867824315E-03 -6.0551827181276798E-03 -1.5855244201033523E-03
0
0.0
 -1.1407996218300525E+00 -2.3170985309886123E+00 3.8420614944644871E-01
 8.7144720575518357E-03 -6.0141863089355763E-03 -1.5323974907358259E-03
0
0.0
 -1.1407996218300525E+00 -2.3170985309886123E+00 3.8420614944644871E-01
 8.7499644109734053E-03 -5.8984369658418171E-03 -1.6472713918077803E-03
0
0.0
 -1.1407996218300525E+00 -2.3170985309886123E+00 3.8420614944644871E-01
 8.6132798007114084E-03 -5.8045976789814612E-03 -1.4134719272662960E-03
0
0.0
 -1.1407996218300525E+00 -2.3170985309886123E+00 3.8420614944644871E-01
 8.7921098943884515E-03 -5.8739539649868503E-03 -1.5571998076495883E-03
0
0.0
 -1.1407996218300525E+00 -2.3170985309886123E+00 3.8420614944644871E-01
 8.7881712920243864E-03 -6.0173988307256985E-03 -1.5972986612193549E-03
0
0.0
 -1.1407996218300525E+00 -2.3170985309886123E+00 3.8420614944644871E-01
 8.7926319980004067E-03 -5.9124658569629143E-03 -1.7339328358852964E-03
0
0.0
 -1.1407996218300525E+00 -2.3170985309886123E+00 3.8420614944644871E-01
 8.6322309172162329E-03 -5.8295523972828342E-03 -1.7347844881937476E-03
0
0.0
 -1.1407996218300525E+00 -2.3170985309886123E+00 3.8420614944644871E-01
 8.7371635088695984E-03 -6.0550983815172857E-03 -1.4483638593442241E-03
0
0.0
 -1.1407996218300525E+00 -2.3170985309886123E+00 3.8420614944644871E-01
 8.9279885599522282E-03 -5.7489271638892486E-03 -1.6290944483156142E-03
0
0.0
 -1.1407996218300525E+00 -2.3170985309886123E+00 3.8420614944644871E-01
 8.9088508994228394E-03 -5.7886045506291483E-03 -1.8023104663882680E-03
0
0.0
 -1.1407996218300525E+00 -2.3170985309886123E+00 3.8420614944644871E-01
 8.7537560345088243E-03 -5.7960160522750447E-03 -1.7249367687212505E-03
0
0.0
 -1.1407996218300525E+00 -2.3170985309886123E+00 3.8420614944644871E-01
 8.6654825926872001E-03 -5.8947407096466677E-03 -1.6967773149869970E-03
0
0.0
 -1.1407996218300525E+00 -2.3170985309886123E+00 3.8420614944644871E-01
 8.6910352171979954E-03 -5.6277220310775762E-03 -1.7350454977073202E-03
0
0.0
 -1.1407996218300525E+00 -2.3170985309886123E+00 3.8420614944644871E-01
 8.8544709606208066E-03 -5.7463235597678191E-03 -1.3889614095095710E-03
0
0.0
 -1.1407996218300525E+00 -2.3170985309886123E+00 3.8420614944644871E-01
 9.0047531989739336E-03 -5.8881444396982089E-03 -1.6774892218180191E-03
0
0.0
 -1.1407996218300525E+00 -2.3170985309886123E+00 3.8420614944644871E-01
 8.8180577132523658E-03 -5.7185566519466500E-03 -1.8976278990715633E-03
0
0.0
 -1.1407996218300525E+00 -2.3170985309886123E+00 3.8420614944644871E-01
 9.0886229906815327E-03 -6.0037741938424767E-03 -1.5023053843573561E-03
0
0.0
 -1.1407996218300525E+00 -2.3170985309886123E+00 3.8420614944644871E-01
 8.6651746014612518E-03 -5.9832642117885757E-03 -1.5716652867625240E-03
0
0.0
 -1.1407996218300525E+00 -2.3170985309886123E+00 3.8420614944644871E-01
 8.9307406159600325E-03 -5.6766936919637086E-03 -1.6060260888235906E-03
0
0.0
 -1.1407996218300525E+00 -2.3170985309886123E+00 3.8420614944644871E-01
 8.7889945356863924E-03 -5.8898193179236060E-03 -1.6873000214284708E-03
0
0.0
 -1.1407996218300525E+00 -2.3170985309886123E+00 3.8420614944644871E-01
 8.7639199994793051E-03 -6.0343825629815906E-03 -1.6427958669151153E-03
0
0.0
 -1.1407996218300525E+00 -2.3170985309886123E+00 3.8420614944644871E-01
 8.7875185753409982E-03 -6.0298539712818934E-03 -1.6353313840697665E-03
0
0.0
 -1.1407996218300525E+00 -2.3170985309886123E+00 3.8420614944644871E-01
 8.4676623149173239E-03 -5.8337750241160800E-03 -1.6235446151805662E-03
0
0.0
 -1.1407996218300525E+00 -2.3170985309886123E+00 3.8420614944644871E-01
 8.7882181502080096E-03 -5.9727825542710998E-03 -1.7010776029405868E-03
0
0.0
 -1.1407996218300525E+00 -2.3170985309886123E+00 3.8420614944644871E-01
 8.6945981960559592E-03 -6.1432996036434101E-03 -1.3902542089545028E-03
0
0.0
 -1.1407996218300525E+00 -2.3170985309886123E+00 3.8420614944644871E-01
 8.7907304685135509E-03 -6.0413875408313758E-03 -1.7454152493253511E-03
0
0.0
 -1.1407996218300525E+00 -2.3170985309886123E+00 3.8420614944644871E-01
 8.9744323025867326E-03 -5.8573194249323321E-03 -1.7094859536953156E-03
0
0.0
 -1.1407996218300525E+00 -2.3170985309886123E+00 3.8420614944644871E-01
 8.6433384487402849E-03 -5.9699417496857947E-03 -1.8633191549894267E-03
0
0.0
 -1.1407996218300525E+00 -2.3170985309886123E+00 3.8420614944644871E-01
 8.9486296266163123E-03 -6.0604595853910436E-03 -1.6006921002817997E-03
0
0.0
 -1.1407996218300525E+00 -2.3170985309886123E+00 3.8420614944644871E-01
 8.5974225464054317E-03 -5.8692022670152116E-03 -1.4693890974489272E-03
0
0.0
 -1.1407996218300525E+00 -2.3170985309886123E+00 3.8420614944644871E-01
 8.7107926932998916E-03 -6.0257513661650542E-03 -1.5768538975230665E-03
0
0.0
 -1.1407996218300525E+00 -2.3170985309886123E+00 3.8420614944644871E-01
 8.8196625366334935E-03 -5.9275852458454993E-03 -1.7009866869910455E-03
0
0.0
 -1.1407996218300525E+00 -2.3170985309886123E+00 3.8420614944644871E-01
 8.9170474491560778E-03 -6.0671970205256219E-03 -1.6586528731894615E-03
0
0.0
 -1.1407996218300525E+00 -2.3170985309886123E+00 3.8420614944644871E-01
 8.8772598941378317E-03 -6.0111032414641935E-03 -1.4929910343487662E-03
0
0.0
 -1.1407996218300525E+00 -2.3170985309886123E+00 3.8420614944644871E-01
 8.7741604667457701E-03 -5.8094814919553662E-03 -1.7061101168791156E-03
0
0.0
 -1.1407996218300525E+00 -2.3170985309886123E+00 3.8420614944644871E-01
 8.7680863505457604E-03 -5.9023768076422204E-03 -1.7158045611525190E-03
0
0.0
 -1.1407996218300525E+00 -2.3170985309886123E+00 3.8420614944644871E-01
 8.4989536308524051E-03 -5.7462114450407172E-03 -1.6657900829697531E-03
0
0.0
 -1.1407996218300525E+00 -2.3170985309886123E+00 3.8420614944644871E-01
 8.9914098016683312E-03 -5.8979556372919994E-03 -1.5641929580729472E-03
0
0.0
 -1.1407996218300525E+00 -2.3170985309886123E+00 3.8420614944644871E-01
 8.6636536991801256E-03 -5.8146171531207333E-03 -1.6866877858681629E-03
0
0.0
 -1.1407996218300525E+00 -2.3170985309886123E+00 3.8420614944644871E-01
 8.9881221619852129E-03 -5.8602543317533839E-03 -1.6764167816072097E-03
0
0.0
 -1.1407996218300525E+00 -2.3170985309886123E+00 3.8420614944644871E-01
 8.6117093951839519E-03 -5.8795371723443998E-03 -1.6978035889357872E-03
0
0.0
 -1.1407996218300525E+00 -2.3170985309886123E+00 3.8420614944644871E-01
 8.8722388152384004E-03 -5.9981720350822674E-03 -1.6905297478635093E-03
0
0.0
 -1.1407996218300525E+00 -2.3170985309886123E+00 3.8420614944644871E-01
 8.9926859330778080E-03 -6.0411503282668082E-03 -1.5318135835662898E-03
0
0.0
 -1.1407996218300525E+00 -2.3170985309886123E+00 3.8420614944644871E-01
 8.8013266116897491E-03 -5.8588344139384107E-03 -1.7213508002816237E-03
0
0.0
 -1.1407996218300525E+00 -2.3170985309886123E+00 3.8420614944644871E-01
 8.7540139658867106E-03 -5.8002155022996134E-03 -1.6744337684568731E-03
0
0.0
 -1.1407996218300525E+00 -2.3170985309886123E+00 3.8420614944644871E-01
 8.7081608679490628E-03 -5.6312915617295570E-03 -1.7441434957508205E-03
0
0.0
 -1.1407996218300525E+00 -2.3170985309886123E+00 3.8420614944644871E-01
 8.6288784667635753E-03 -6.0645824534762737E-03 -1.6295853156105052E-03
0
0.0
 -1.1407996218300525E+00 -2.3170985309886123E+00 3.8420614944644871E-01
 8.8531702746459627E-03 -5.9191797192112219E-03 -1.5875335412739232E-03
0
0.0
 -1.1407996218300525E+00 -2.3170985309886123E+00 3.8420614944644871E-01
 8.8030534536662833E-03 -5.6500843153107320E-03 -1.6869515825349340E-03
0
0.0
 -1.1407996218300525E+00 -2.3170985309886123E+00 3.8420614944644871E-01
 8.8743918243669711E-03 -5.7731114780894856E-03 -1.5902677762106481E-03
0
0.0
 -1.1407996218300525E+00 -2.3170985309886123E+00 3.8420614944644871E-01
 9.0367781022232061E-03 -5.7471952919739902E-03 -1.7948209384114294E-03
0
0.0
 -1.1407996218300525E+00 -2.3170985309886123E+00 3.8420614944644871E-01
 8.8038574532538407E-03 -5.8250406606855662E-03 -1.4412800085350508E-03
0
0.0
 -1.1407996218300525E+00 -2.3170985309886123E+00 3.8420614944644871E-01
 8.7737004351232991E-03 -5.9554045578714392E-03 -1.8180462911488639E-03
0
0.0
 -1.1407996218300525E+00 -2.3170985309886123E+00 3.8420614944644871E-01
 8.8870639684490212E-03 -5.9879911161023923E-03 -1.6432729632902493E-03
0
0.0
 -1.1407996218300525E+00 -2.3170985309886123E+00 3.8420614944644871E-01
 8.8533973269000719E-03 -5.9568011144801739E-03 -1.5409378062263750E-03
0
0.0
 -1.1407996218300525E+00 -2.3170985309886123E+00 3.8420614944644871E-01
 8.8005558866654822E-03 -6.0033016025363515E-03 -1.8120843648835212E-03
0
0.0
 -1.1407996218300525E+00 -2.3170985309886123E+00 3.8420614944644871E-01
 8.7786250073328392E-03 -5.9490395794355878E-03 -1.6403686376429789E-03
0
0.0
 -1.1407996218300525E+00 -2.3170985309886123E+00 3.8420614944644871E-01
 9.0512981962451271E-03 -5.9835436381598175E-03 -1.5818412704756138E-03
0
0.0
 -1.1407996218300525E+00 -2.3170985309886123E+00 3.8420614944644871E-01
 8.5644378985390204E-03 -5.9944523515372636E-03 -1.6671370445759063E-03
0
0.0
 -1.1407996218300525E+00 -2.3170985309886123E+00 3.8420614944644871E-01
 8.7641055985638698E-03 -5.8572772650218969E-03 -1.6621548478347021E-03
0
0.0
 -1.1407996218300525E+00 -2.3170985309886123E+00 3.8420614944644871E-01
 8.8700140455203903E-03 -5.8571627179600516E-03 -1.3294457266297044E-03
0
0.0
 -1.1407996218300525E+00 -2.3170985309886123E+00 3.8420614944644871E-01
 8.7725146898666225E-03 -6.0758204661546236E-03 -1.5058858916078637E-03
0
0.0
 -1.1407996218300525E+00 -2.3170985309886123E+00 3.8420614944644871E-01
 8.7852296813256993E-03 -6.0204345982786288E-03 -1.3631879045017906E-03
0
0.0
 -1.1407996218300525E+00 -2.3170985309886123E+00 3.8420614944644871E-01
 8.9450250824925932E-03 -5.9547281381697277E-03 -1.6135187529082399E-03
0
0.0
 -1.1407996218300525E+00 -2.3170985309886123E+00 3.8420614944644871E-01
 8.7662578944552334E-03 -5.9411351489156751E-03 -1.5766505078724194E-03
0
0.0
 -1.1407996218300525E+00 -2.3170985309886123E+00 3.8420614944644871E-01
 8.5917744327477213E-03 -5.9123155715794934E-03 -1.8392597757670129E-03
0
0.0
 -1.1407996218300525E+00 -2.3170985309886123E+00 3.8420614944644871E-01
 8.7645724233643141E-03 -6.0970744181137512E-03 -1.7757547902435753E-03
0
0.0
 -1.1407996218300525E+00 -2.3170985309886123E+00 3.8420614944644871E-01
 8.5526662337600604E-03 -6.0953059621693647E-03 -1.5640758985278286E-03
0
0.0
 -1.1407996218300525E+00 -2.3170985309886123E+00 3.8420614944644871E-01
 8.5299606520258652E-03 -6.0485559996790901E-03 -1.8124797120994802E-03
0
0.0
 -1.1407996218300525E+00 -2.3170985309886123E+00 3.8420614944644871E-01
 8.8451082984793792E-03 -6.0442383752462936E-03 -1.4842107544570213E-03
0
0.0
 -1.1407996218300525E+00 -2.3170985309886123E+00 3.8420614944644871E-01
 8.9015700168707020E-03 -5.9900156075959037E-03 -1.7916647929780787E-03
0
0.0
 -1.1407996218300525E+00 -2.3170985309886123E+00 3.8420614944644871E-01
 8.7436378529771822E-03 -5.7979728970566280E-03 -1.4974671720491865E-03
0
0.0
 -1.1407996218300525E+00 -2.3170985309886123E+00 3.8420614944644871E-01
 8.8381219957918960E-03 -5.8521194813175390E-03 -1.8000512615662671E-03
0
0.0
 -1.1407996218300525E+00 -2.3170985309886123E+00 3.8420614944644871E-01
 8.7789838005126655E-03 -6.1308659220172387E-03 -1.5596650338417001E-03
0
0.0
 -1.1407996218300525E+00 -2.3170985309886123E+00 3.8420614944644871E-01
 8.8680631671345760E-03 -5.8354453719952201E-03 -1.7319557890001689E-03
0
0.0
 -1.1407996218300525E+00 -2.3170985309886123E+00 3.8420614944644871E-01
 8.9354291497003666E-03 -6.0009242070489677E-03 -1.6178047743549027E-03
0
0.0
 -1.1407996218300525E+00 -2.3170985309886123E+00 3.8420614944644871E-01
 8.7960142267302140E-03 -5.8430965615378647E-03 -1.7138193793350398E-03
0
0.0
 -1.1407996218300525E+00 -2.3170985309886123E+00 3.8420614944644871E-01
 8.8825486022264394E-03 -5.7461213094646196E-03 -1.4075440818144779E-03
0
0.0
 -1.1407996218300525E+00 -2.3170985309886123E+00 3.8420614944644871E-01
 8.7432570222495641E-03 -5.9327227611857781E-03 -1.8065057602668281E-03
0
0.0
 -1.1407996218300525E+00 -2.3170985309886123E+00 3.8420614944644871E-01
 8.8056154551299712E-03 -5.9544163403639936E-03 -1.6648719019992169E-03
0
0.0
 -1.1407996218300525E+00 -2.3170985309886123E+00 3.8420614944644871E-01
 8.8017257258314746E-03 -5.8852744008444030E-03 -1.5738313100232149E-03
0
0.0
 -1.1407996218300525E+00 -2.3170985309886123E+00 3.8420614944644871E-01
 8.8866491972917506E-03 -6.0756258694144635E-03 -1.8338173555932698E-03
0
0.0
 -1.1407996218300525E+00 -2.3170985309886123E+00 3.8420614944644871E-01
 8.5478824042069801E-03 -5.9130062387532569E-03 -1.6601816156469401E-03
0
0.0
 -1.1407996218300525E+00 -2.3170985309886123E+00 3.8420614944644871E-01
 8.6449593081450397E-03 -5.7544602966496210E-03 -1.6573136889316894E-03
0
0.0
 -1.1407996218300525E+00 -2.3170985309886123E+00 3.8420614944644871E-01
 8.5182387311135786E-03 -5.9513633375145956E-03 -1.5653542602951712E-03
0
0.0
 -1.1407996218300525E+00 -2.3170985309886123E+00 3.8420614944644871E-01
 8.6156169894333126E-03 -5.8631817097328726E-03 -1.7452972082650669E-03
0
0.0
 -1.1407996218300525E+00 -2.3170985309886123E+00 3.8420614944644871E-01
 8.6515267207538070E-03 -5.9920938381686148E-03 -1.3746996238725524E-03
0
0.0
 -1.1407996218300525E+00 -2.3170985309886123E+00 3.8420614944644871E-01
 8.9931354947728696E-03 -5.9966922359296643E-03 -1.7621433635705641E-03
0
0.0
 -1.1407996218300525E+00 -2.3170985309886123E+00 3.8420614944644871E-01
 8.9006905190930109E-03 -5.7877219811367292E-03 -1.7496229596464102E-03
0
0.0
 -1.1407996218300525E+00 -2.3170985309886123E+00 3.8420614944644871E-01
 8.7102137453740677E-03 -5.9954482742740275E-03 -1.6500277293908521E-03
0
0.0
 -1.1407996218300525E+00 -2.3170985309886123E+00 3.8420614944644871E-01
 8.8032317625526893E-03 -5.8126716930899233E-03 -1.8139593613119012E-03
0
0.0
 -1.1407996218300525E+00 -2.3170985309886123E+00 3.8420614944644871E-01
 9.0527517879443516E-03 -5.9218747451645522E-03 -1.8234382859855006E-03
0
0.0
 -1.1407996218300525E+00 -2.3170985309886123E+00 3.8420614944644871E-01
 8.9549908361736871E-03 -6.0079631677628009E-03 -1.5509267734020390E-03
0
0.0
 -1.1407996218300525E+00 -2.3170985309886123E+00 3.8420614944644871E-01
 8.7503518084241574E-03 -5.9693723501562067E-03 -1.5808459182270742E-03
0
0.0
 -1.1407996218300525E+00 -2.3170985309886123E+00 3.8420614944644871E-01
 8.8397818399891699E-03 -6.1681800830899226E-03 -1.6794375503355358E-03
0
0.0
 -1.1407996218300525E+00 -2.3170985309886123E+00 3.8420614944644871E-01
 8.9151038621262235E-03 -5.8318299940934900E-03 -1.5454654359042220E-03
0
0.0
 -1.1407996218300525E+00 -2.3170985309886123E+00 3.8420614944644871E-01
 8.6995938544059490E-03 -5.7707909714736199E-03 -1.7029829612210036E-03
0
0.0
 -1.1407996218300525E+00 -2.3170985309886123E+00 3.8420614944644871E-01
 8.7274329576766865E-03 -5.8089067151550810E-03 -1.5749829991838554E-03
0
0.0
 -1.1407996218300525E+00 -2.3170985309886123E+00 3.8420614944644871E-01
 8.9110785430816606E-03 -6.0002977146607931E-03 -1.4897237568263669E-03
0
0.0
 -1.1407996218300525E+00 -2.3170985309886123E+00 3.8420614944644871E-01
 8.7426869153112829E-03 -5.9628030411425729E-03 -1.2943801551386172E-03
0
0.0
 -1.1407996218300525E+00 -2.3170985309886123E+00 3.8420614944644871E-01
 8.9142473892076055E-03 -5.9928451462418365E-03 -1.8066927785351707E-03
0
0.0
 -1.1407996218300525E+00 -2.3170985309886123E+00 3.8420614944644871E-01
 8.7985336883996471E-03 -5.8108687852740995E-03 -1.4544820954980387E-03
0
0.0
 -1.1407996218300525E+00 -2.3170985309886123E+00 3.8420614944644871E-01
 8.8321895552904445E-03 -5.8739911327037823E-03 -1.5807134160173151E-03
0
0.0
 -1.1407996218300525E+00 -2.3170985309886123E+00 3.8420614944644871E-01
 8.8009205404653637E-03 -5.9050765278069834E-03 -1.8647514954666985E-03
0
0.0
 -1.1407996218300525E+00 -2.3170985309886123E+00 3.8420614944644871E-01
 8.7443297576128478E-03 -5.8933539704692749E-03 -1.7147118553635598E-03
0
0.0
 -1.1407996218300525E+00 -2.3170985309886123E+00 3.8420614944644871E-01
 8.8512996685429571E-03 -5.7440969191900780E-03 -1.3558613188064887E-03
0
0.0
 -1.1407996218300525E+00 -2.3170985309886123E+00 3.8420614944644871E-01
 8.7973574996198668E-03 -5.8960659820919544E-03 -1.6775670235214301E-03
0
0.0
 -1.1407996218300525E+00 -2.3170985309886123E+00 3.8420614944644871E-01
 8.8721905160648006E-03 -5.9109155383473061E-03 -1.7149863240087824E-03
0
0.0
 -1.1407996218300525E+00 -2.3170985309886123E+00 3.8420614944644871E-01
 8.7211090900058269E-03 -5.7711372935934230E-03 -1.5883725550583758E-03
0
0.0
 -1.1407996218300525E+00 -2.3170985309886123E+00 3.8420614944644871E-01
 8.8848604082580277E-03 -5.7720494225640346E-03 -1.6297002727970016E-03
0
0.0
 -1.1407996218300525E+00 -2.3170985309886123E+00 3.8420614944644871E-01
 8.7993198727217420E-03 -5.9310433578703527E-03 -1.6595510647558797E-03
0
0.0
 -1.1407996218300525E+00 -2.3170985309886123E+00 3.8420614944644871E-01
 8.8673086075299803E-03 -5.9843508875443473E-03 -1.6748667691112251E-03
0
0.0
 -1.1407996218300525E+00 -2.3170985309886123E+00 3.8420614944644871E-01
 8.8823430039549796E-03 -6.1810028387682594E-03 -1.7519654536603169E-03
0
0.0
 -1.1407996218300525E+00 -2.3170985309886123E+00 3.8420614944644871E-01
 8.8453292028927571E-03 -6.0597880150038193E-03 -1.5649306707075593E-03
0
0.0
 -1.1407996218300525E+00 -2.3170985309886123E+00 3.8420614944644871E-01
 8.7978294499060864E-03 -6.0214634183839355E-03 -1.6707058255408590E-03
0
0.0
 -1.1407996218300525E+00 -2.3170985309886123E+00 3.8420614944644871E-01
 8.7862267291463434E-03 -5.8411546604991487E-03 -1.5661342106414681E-03
0
0.0
 -1.1407996218300525E+00 -2.3170985309886123E+00 3.8420614944644871E-01
 8.8879599906708344E-03 -5.9902793699323454E-03 -1.6010056431547872E-03
0
0.0
 -1.1407996218300525E+00 -2.3170985309886123E+00 3.8420614944644871E-01
 8.8369168727129421E-03 -5.7465594151003821E-03 -1.5328565373050596E-03
0
0.0
 -1.1407996218300525E+00 -2.3170985309886123E+00 3.8420614944644871E-01
 8.7995349053945921E-03 -5.8049017976972679E-03 -1.8702965537231344E-03
0
0.0
 -1.1407996218300525E+00 -2.3170985309886123E+00 3.8420614944644871E-01
 8.9155173982962427E-03 -5.7773785606994033E-03 -1.5300688157425413E-03
0
0.0
 -1.1407996218300525E+00 -2.3170985309886123E+00 3.8420614944644871E-01
 8.8048528606128086E-03 -5.7270023482684602E-03 -1.6829666539396114E-03
0
0.0
 -1.1407996218300525E+00 -2.3170985309886123E+00 3.8420614944644871E-01
 9.1054805964293269E-03 -5.9638793999220140E-03 -1.5102844926693317E-03
0
0.0
 -1.1407996218300525E+00 -2.3170985309886123E+00 3.8420614944644871E-01
 8.6528236177381267E-03 -5.6234396867157494E-03 -1.7048016928768305E-03
0
0.0
 -1.1407996218300525E+00 -2.3170985309886123E+00 3.8420614944644871E-01
 8.7409937793194309E-03 -5.9515619448597375E-03 -1.7530009014945505E-03
0
0.0
 -1.1407996218300525E+00 -2.3170985309886123E+00 3.8420614944644871E-01
 8.6360899072896128E-03 -5.9373628661760647E-03 -1.5723659923035256E-03
0
0.0
 -1.1407996218300525E+00 -2.3170985309886123E+00 3.8420614944644871E-01
 8.7880298513832930E-03 -5.8802462380330156E-03 -1.6355157703899469E-03
0
0.0
 -1.1407996218300525E+00 -2.3170985309886123E+00 3.8420614944644871E-01
 8.7851740663220518E-03 -5.9162133758802081E-03 -1.6466810023747162E-03
0
0.0
 -1.1407996218300525E+00 -2.3170985309886123E+00 3.8420614944644871E-01
 9.0798241103533604E-03 -5.8475818604958900E-03 -1.6048544479061789E-03
0
0.0
 -1.1407996218300525E+00 -2.3170985309886123E+00 3.8420614944644871E-01
 8.6462245854837371E-03 -6.0583256638805502E-03 -1.6388367803351692E-03
0
0.0
 -1.1407996218300525E+00 -2.3170985309886123E+00 3.8420614944644871E-01
 8.6300610913554610E-03 -5.9723465522781606E-03 -1.5763695202102291E-03
0
0.0
 -1.1407996218300525E+00 -2.3170985309886123E+00 3.8420614944644871E-01
 8.6729025066683823E-03 -5.8348124303935619E-03 -1.4491826383055250E-03
0
0.0
 -1.1407996218300525E+00 -2.3170985309886123E+00 3.8420614944644871E-01
 8.7799684676286745E-03 -5.9041496200414965E-03 -1.5974059487730589E-03
0
0.0
 -1.1407996218300525E+00 -2.3170985309886123E+00 3.8420614944644871E-01
 8.6796968182131767E-03 -5.9023649272196450E-03 -1.6976858467810281E-03
0
0.0
 -1.1407996218300525E+00 -2.3170985309886123E+00 3.8420614944644871E-01
 8.9580377969516629E-03 -5.8485411924727700E-03 -1.6849704779802106E-03
0
0.0
 -1.1407996218300525E+00 -2.3170985309886123E+00 3.8420614944644871E-01
 8.6394455453303286E-03 -5.8118856144005479E-03 -1.5288006735562120E-03
0
0.0
 -1.1407996218300525E+00 -2.3170985309886123E+00 3.8420614944644871E-01
 8.5894148103141318E-03 -5.9224479873137116E-03 -1.5712659524003824E-03
0
0.0
 -1.1407996218300525E+00 -2.3170985309886123E+00 3.8420614944644871E-01
 8.7012342439232327E-03 -5.9685031715265222E-03 -1.6627133812841073E-03
0
0.0
 -1.1407996218300525E+00 -2.3170985309886123E+00 3.8420614944644871E-01
 8.7749955475974039E-03 -6.0621304591957281E-03 -1.6945603705032892E-03
0
0.0
 -1.1407996218300525E+00 -2.3170985309886123E+00 3.8420614944644871E-01
 8.8344245265319400E-03 -6.0967422275911226E-03 -1.7717895028215875E-03
0
0.0
 -1.1407996218300525E+00 -2.3170985309886123E+00 3.8420614944644871E-01
 8.8817590201674037E-03 -5.9077148059443587E-03 -1.5177666240668544E-03
0
0.0
 -1.1407996218300525E+00 -2.3170985309886123E+00 3.8420614944644871E-01
 8.8359131200762119E-03 -6.0238826883023998E-03 -1.9329278222696067E-03
0
0.0
 -1.1407996218300525E+00 -2.3170985309886123E+00 3.8420614944644871E-01
 8.7441372907555923E-03 -6.0437675780581337E-03 -1.4955450473126465E-03
0
0.0
 -1.1407996218300525E+00 -2.3170985309886123E+00 3.8420614944644871E-01
 9.0759029089366120E-03 -5.7262025342955519E-03 -1.6420495940189714E-03
0
0.0
 -1.1407996218300525E+00 -2.3170985309886123E+00 3.8420614944644871E-01
 8.6735534069065732E-03 -5.7681495313117413E-03 -1.6921488036689175E-03
0
0.0
 -1.1407996218300525E+00 -2.3170985309886123E+00 3.8420614944644871E-01
 8.7137591975171326E-03 -5.9264867230679258E-03 -1.6214401049737819E-03
0
0.0
 -1.1407996218300525E+00 -2.3170985309886123E+00 3.8420614944644871E-01
 8.7780379347439218E-03 -5.9113685961423119E-03 -1.7268144673288563E-03
0
0.0
 -1.1407996218300525E+00 -2.3170985309886123E+00 3.8420614944644871E-01
 9.0926232834244933E-03 -5.9012953650916262E-03 -1.5197954283912162E-03
0
0.0
 -1.1407996218300525E+00 -2.3170985309886123E+00 3.8420614944644871E-01
 8.6101181663266971E-03 -5.9173939391205868E-03 -1.4757282126215002E-03
0
0.0
 -1.1407996218300525E+00 -2.3170985309886123E+00 3.8420614944644871E-01
 8.7706073078796607E-03 -5.9932444050199932E-03 -1.5875803806333060E-03
0
0.0
 -1.1407996218300525E+00 -2.3170985309886123E+00 3.8420614944644871E-01
 8.9034048225573037E-03 -5.9800089652182423E-03 -1.5314048264853720E-03
0
0.0
 -1.1407996218300525E+00 -2.3170985309886123E+00 3.8420614944644871E-01
 8.8384139091432831E-03 -5.8903931254847795E-03 -1.9120643633357803E-03
0
0.0
 -1.1407996218300525E+00 -2.3170985309886123E+00 3.8420614944644871E-01
 8.7879246508707296E-03 -5.9539448585611684E-03 -1.6001470479367588E-03
0
0.0
 -1.1407996218300525E+00 -2.3170985309886123E+00 3.8420614944644871E-01
 8.8002872695389540E-03 -5.9235224877560756E-03 -1.6363792970877972E-03
0
0.0
 -1.1407996218300525E+00 -2.3170985309886123E+00 3.8420614944644871E-01
 8.7776972702580530E-03 -5.9682649609536596E-03 -1.5586820399538137E-03
0
0.0
 -1.1407996218300525E+00 -2.3170985309886123E+00 3.8420614944644871E-01
 8.8768694230099074E-03 -5.8354341431751085E-03 -1.6408961187026620E-03
0
0.0
 -1.1407996218300525E+00 -2.3170985309886123E+00 3.8420614944644871E-01
 8.6544620710693604E-03 -6.1723827773924982E-03 -1.5758399024180254E-03
0
0.0
 -1.1407996218300525E+00 -2.3170985309886123E+00 3.8420614944644871E-01
 8.9819052669840721E-03 -5.8610007171742045E-03 -1.6293199514239569E-03
0
0.0
 -1.1407996218300525E+00 -2.3170985309886123E+00 3.8420614944644871E-01
 8.7549086202358874E-03 -5.9303417987659930E-03 -1.6762153282569164E-03
0
0.0
 -1.1407996218300525E+00 -2.3170985309886123E+00 3.8420614944644871E-01
 8.7419786540707724E-03 -5.9124737484083541E-03 -1.7845872401479142E-03
0
0.0
 -1.1407996218300525E+00 -2.3170985309886123E+00 3.8420614944644871E-01
 8.8601445854060799E-03 -5.7574804953644384E-03 -1.8329364779877640E-03
0
0.0
 -1.1407996218300525E+00 -2.3170985309886123E+00 3.8420614944644871E-01
 8.6872928280311949E-03 -5.7924032857493033E-03 -1.7771258224315665E-03
0
0.0
 -1.1407996218300525E+00 -2.3170985309886123E+00 3.8420614944644871E-01
 8.7774849042714514E-03 -5.9028291418517856E-03 -1.5829026675380109E-03
0
0.0
 -1.1407996218300525E+00 -2.3170985309886123E+00 3.8420614944644871E-01
 8.9964069405446181E-03 -6.0712989874386761E-03 -1.5662203725737359E-03
0
0.0
 -1.1407996218300525E+00 -2.3170985309886123E+00 3.8420614944644871E-01
 8.6546979537244547E-03 -5.7205026328569003E-03 -1.7786266223949066E-03
0
0.0
 -1.1407996218300525E+00 -2.3170985309886123E+00 3.8420614944644871E-01
 8.8867353511909459E-03 -6.2022669032952803E-03 -1.6247135394880203E-03
0
0.0
 -1.1407996218300525E+00 -2.3170985309886123E+00 3.8420614944644871E-01
 8.8067984654317810E-03 -5.7645118578923795E-03 -1.5903546372234266E-03
0
0.0
 -1.1407996218300525E+00 -2.3170985309886123E+00 3.8420614944644871E-01
 8.7336757386400083E-03 -5.8176193473803229E-03 -1.6947988490734213E-03
0
0.0
 -1.1407996218300525E+00 -2.3170985309886123E+00 3.8420614944644871E-01
 8.7134707947593669E-03 -5.9748688707548453E-03 -1.6301984410179301E-03
0
0.0
 -1.1407996218300525E+00 -2.3170985309886123E+00 3.8420614944644871E-01
 8.5674621929877019E-03 -6.0360501770136948E-03 -1.5095769462076275E-03
0
0.0
 -1.1407996218300525E+00 -2.3170985309886123E+00 3.8420614944644871E-01
 8.6875577242058726E-03 -6.0768769768526909E-03 -1.6537240202372707E-03
0
0.0
 -1.1407996218300525E+00 -2.3170985309886123E+00 3.8420614944644871E-01
 8.8412023742253393E-03 -5.7638546391022604E-03 -1.5684481031381058E-03
0
0.0
 -1.1407996218300525E+00 -2.3170985309886123E+00 3.8420614944644871E-01
 8.8092703747393083E-03 -5.7380898597088354E-03 -1.6161075391003248E-03
0
0.0
 -1.1407996218300525E+00 -2.3170985309886123E+00 3.8420614944644871E-01
 8.8108183383709526E-03 -5.8544695157363895E-03 -1.5446674749572589E-03
0
0.0
 -1.1407996218300525E+00 -2.3170985309886123E+00 3.8420614944644871E-01
 8.5562792807654629E-03 -6.0287298248803403E-03 -1.4919603739062797E-03
0
0.0
 -1.1407996218300525E+00 -2.3170985309886123E+00 3.8420614944644871E-01
 8.7954412599767877E-03 -6.0643649912276477E-03 -1.6329046555028960E-03
0
0.0
