50
-1
1
 -0.94281824   0.04910835  -0.32966974  1.68957063e-04
  0.92478091  -0.37894230  -0.03439484  2.32916118e-04
 -0.88212803  -0.21061029  -0.42129972  1.64415646e-04
 -0.77755296   0.18869163   0.59983903  3.70529773e-04
  0.62219831   0.09798907   0.77670290  4.49905045e-04
 -0.17901721   0.98336937  -0.03061882  4.09503603e-04
 -0.04752346   0.48887797   0.87105675  1.79846229e-04
  0.58048819  -0.77178718  -0.25957275  1.61895273e-04
 -0.43679775   0.58595006  -0.68254689  2.03087295e-04
 -0.42001837   0.86620092  -0.27070378  4.01809053e-04
  0.44023809   0.89602699   0.05767189  2.72778849e-04
  0.67398357   0.60444573   0.42472522  2.06408386e-04
  0.23906419   0.78636954   0.56962379  1.80395384e-04
  0.83416446   0.21234467  -0.50899842  4.37494448e-04
 -0.98739099   0.12275060  -0.09995659  4.24385493e-04
 -0.28014981  -0.66150127  -0.69565232  1.50418071e-04
  0.75611888   0.09980681   0.64677882  1.77207179e-04
 -0.95682376   0.05703799  -0.28501746  1.53392561e-04
  0.47563400  -0.61214790  -0.63170186  2.31493616e-04
 -0.66410254   0.74107319   0.09888545  1.51082939e-04
 -0.24036486   0.34137309  -0.90867439  2.05810019e-04
  0.52450706  -0.50485708  -0.68557397  3.35434039e-04
  0.77043558  -0.62088825  -0.14466097  1.81660274e-04
 -0.69947709   0.64480258  -0.30815812  1.86161731e-04
 -0.36289786   0.06814456   0.92933388  2.20540125e-04
  0.11336495   0.05951331  -0.99176941  2.67290980e-04
 -0.89139078   0.43473795   0.12816159  3.70513793e-04
 -0.15643656   0.78706526  -0.59670419  1.90069618e-04
  0.78524234  -0.47471281   0.39754524  2.16013326e-04
  0.33631570  -0.89649326   0.28842952  5.18063698e-04
  0.75194214   0.34659036  -0.56076567  2.75365312e-04
 -0.10203564   0.28217906   0.95392018  7.98236597e-04
 -0.64009514   0.08951445  -0.76306315  2.89855739e-04
  0.40242767   0.83657838   0.37173725  3.45652392e-04
 -0.71891405  -0.66145102  -0.21364723  3.51283093e-04
 -0.37486787  -0.89603858  -0.23788432  3.40764332e-04
 -0.88225263  -0.46599126   0.06695104  2.00296702e-04
 -0.94666883   0.12107991   0.29859301  2.23087715e-04
  0.01568023   0.98863877   0.14949085  1.49162655e-04
 -0.76913519   0.07143086  -0.63508165  2.31229202e-04
  0.05544039  -0.44344812   0.89458377  5.89859165e-04
  0.04057882   0.51802979   0.85439949  2.46271190e-04
 -0.89867074   0.26796314   0.34725589  2.72750073e-04
  0.04305355   0.99390909  -0.10144508  3.13946102e-04
 -0.78254180   0.53671711  -0.31553616  2.73444973e-04
 -0.13775133   0.89646327   0.42116288  1.75433688e-04
 -0.50649380  -0.58784641   0.63079365  4.55123009e-04
  0.86225939  -0.30862563  -0.40157062  5.06222450e-04
 -0.09240970  -0.90608172   0.41288784  2.45197050e-04
  0.89329582  -0.44944247   0.00490421  2.24668095e-04
