50
 -1.1407996218300525E+00 -2.3170985309886123E+00 3.8420614944644871E-01
 8.6198657984116727E-03 -5.9669414918578512E-03 -1.8597239789503442E-03
0
0.0
 -1.1407996218300525E+00 -2.3170985309886123E+00 3.8420614944644871E-01
 8.8475898964928291E-03 -6.1494975843666413E-03 -1.7572772919013952E-03
0
0.0
 -1.1407996218300525E+00 -2.3170985309886123E+00 3.8420614944644871E-01
 8.8679947263108783E-03 -5.7626837004575134E-03 -1.4644510888367828E-03
0
0.0
 -1.1407996218300525E+00 -2.3170985309886123E+00 3.8420614944644871E-01
 8.8096603095120067E-03 -5.8640515789134158E-03 -1.5972722303218064E-03
0
0.0
 -1.1407996218300525E+00 -2.3170985309886123E+00 3.8420614944644871E-01
 8.7385256330095445E-03 -6.0055482753102697E-03 -1.6504724132866896E-03
0
0.0
 -1.1407996218300525E+00 -2.3170985309886123E+00 3.8420614944644871E-01
 8.7910511034475936E-03 -5.9361704802330150E-03 -1.6577326789280989E-03
0
0.0
 -1.1407996218300525E+00 -2.3170985309886123E+00 3.8420614944644871E-01
 8.9311730413094304E-03 -6.1093606981550697E-03 -1.6409256862469292E-03
0
0.0
 -1.1407996218300525E+00 -2.3170985309886123E+00 3.8420614944644871E-01
 8.8677606296075177E-03 -5.8679204422050803E-03 -1.3272937240174473E-03
0
0.0
 -1.1407996218300525E+00 -2.3170985309886123E+00 3.8420614944644871E-01
 9.0377423595572604E-03 -5.8432915915815802E-03 -1.4323030981208220E-03
0
0.0
 -1.1407996218300525E+00 -2.3170985309886123E+00 3.8420614944644871E-01
 8.7642175570438602E-03 -5.9283126843755404E-03 -1.6047862711170034E-03
0
0.0
 -1.1407996218300525E+00 -2.3170985309886123E+00 3.8420614944644871E-01
 8.6717799348783771E-03 -5.8542019581469852E-03 -1.5073129615041422E-03
0
0.0
 -1.1407996218300525E+00 -2.3170985309886123E+00 3.8420614944644871E-01
 8.8120369971176424E-03 -5.6964320144790026E-03 -1.6333748008645205E-03
0
0.0
 -1.1407996218300525E+00 -2.3170985309886123E+00 3.8420614944644871E-01
 8.9608082623146169E-03 -6.0950794318476746E-03 -1.5002550720715684E-03
0
0.0
 -1.1407996218300525E+00 -2.3170985309886123E+00 3.8420614944644871E-01
 8.8755330688569008E-03 -5.9858747249690349E-03 -1.8394116942404412E-03
0
0.0
 -1.1407996218300525E+00 -2.3170985309886123E+00 3.8420614944644871E-01
 9.0191765114572449E-03 -5.8204472979500503E-03 -1.6195202313976120E-03
0
0.0
 -1.1407996218300525E+00 -2.3170985309886123E+00 3.8420614944644871E-01
 8.7676478760168892E-03 -5.9082913598937341E-03 -1.6098996065369384E-03
0
0.0
 -1.1407996218300525E+00 -2.3170985309886123E+00 3.8420614944644871E-01
 8.8211780854900758E-03 -5.8395030683847087E-03 -1.5825234362551622E-03
0
0.0
 -1.1407996218300525E+00 -2.3170985309886123E+00 3.8420614944644871E-01
 8.8321210099377868E-03 -5.9533294460756758E-03 -1.3241079144038163E-03
0
0.0
 -1.1407996218300525E+00 -2.3170985309886123E+00 3.8420614944644871E-01
 8.6605555773228149E-03 -5.9989082231588749E-03 -1.6442551658206921E-03
0
0.0
 -1.1407996218300525E+00 -2.3170985309886123E+00 3.8420614944644871E-01
 8.6892655000830443E-03 -6.1263486613809415E-03 -1.6907995836209426E-03
0
0.0
 -1.1407996218300525E+00 -2.3170985309886123E+00 3.8420614944644871E-01
 8.9560910255045215E-03 -5.8691695805317638E-03 -1.3641875503875099E-03
0
0.0
 -1.1407996218300525E+00 -2.3170985309886123E+00 3.8420614944644871E-01
 9.0344474689489952E-03 -5.8748875382854289E-03 -1.6302344598116156E-03
0
0.0
 -1.1407996218300525E+00 -2.3170985309886123E+00 3.8420614944644871E-01
 8.7890553525510444E-03 -5.9199142043954130E-03 -1.6815808289872755E-03
0
0.0
 -1.1407996218300525E+00 -2.3170985309886123E+00 3.8420614944644871E-01
 8.7166836500980789E-03 -5.9199140213419110E-03 -1.6054378766464730E-03
0
0.0
 -1.1407996218300525E+00 -2.3170985309886123E+00 3.8420614944644871E-01
 8.4981099595830070E-03 -5.8385927626817043E-03 -1.6873242017761167E-03
0
0.0
 -1.1407996218300525E+00 -2.3170985309886123E+00 3.8420614944644871E-01
 8.6441356337259422E-03 -5.7754289379430088E-03 -1.5781722085741494E-03
0
0.0
 -1.1407996218300525E+00 -2.3170985309886123E+00 3.8420614944644871E-01
 8.7545661474580424E-03 -6.0142962050432087E-03 -1.4274071459827555E-03
0
0.0
 -1.1407996218300525E+00 -2.3170985309886123E+00 3.8420614944644871E-01
 9.0061069174818160E-03 -5.7504633571963427E-03 -1.5688011620863271E-03
0
0.0
 -1.1407996218300525E+00 -2.3170985309886123E+00 3.8420614944644871E-01
 8.6422024585524164E-03 -5.8829092565390456E-03 -1.8693379049581032E-03
0
0.0
 -1.1407996218300525E+00 -2.3170985309886123E+00 3.8420614944644871E-01
 8.7330089583848702E-03 -5.8846918504625034E-03 -1.3034429806055075E-03
0
0.0
 -1.1407996218300525E+00 -2.3170985309886123E+00 3.8420614944644871E-01
 8.7740159127908460E-03 -5.9082389875588044E-03 -1.3999767823565012E-03
0
0.0
 -1.1407996218300525E+00 -2.3170985309886123E+00 3.8420614944644871E-01
 8.8085494489384287E-03 -5.8816664711087239E-03 -1.9298810083741157E-03
0
0.0
 -1.1407996218300525E+00 -2.3170985309886123E+00 3.8420614944644871E-01
 8.4940024048292644E-03 -5.8036705515779261E-03 -1.5910818048330405E-03
0
0.0
 -1.1407996218300525E+00 -2.3170985309886123E+00 3.8420614944644871E-01
 8.6504343695485812E-03 -5.7318753961096329E-03 -1.6573857682450357E-03
0
0.0
 -1.1407996218300525E+00 -2.3170985309886123E+00 3.8420614944644871E-01
 8.5905459330633243E-03 -6.0575270955440822E-03 -1.3816621075240776E-03
0
0.0
 -1.1407996218300525E+00 -2.3170985309886123E+00 3.8420614944644871E-01
 8.8931304002689820E-03 -6.0779409111585084E-03 -1.7130291026083392E-03
0
0.0
 -1.1407996218300525E+00 -2.3170985309886123E+00 3.8420614944644871E-01
 8.6914663788783247E-03 -5.7628127509339773E-03 -1.3700450308258821E-03
0
0.0
 -1.1407996218300525E+00 -2.3170985309886123E+00 3.8420614944644871E-01
 8.8217846030632686E-03 -5.6921581251897458E-03 -1.4365656310812312E-03
0
0.0
 -1.1407996218300525E+00 -2.3170985309886123E+00 3.8420614944644871E-01
 8.7701467241689483E-03 -5.9163879705634477E-03 -1.7306854643256680E-03
0
0.0
 -1.1407996218300525E+00 -2.3170985309886123E+00 3.8420614944644871E-01
 8.9414645973984637E-03 -5.9811934625017289E-03 -1.6850684413665974E-03
0
0.0
 -1.1407996218300525E+00 -2.3170985309886123E+00 3.8420614944644871E-01
 8.8261327209472433E-03 -5.8693115464976773E-03 -1.6892883924480853E-03
0
0.0
 -1.1407996218300525E+00 -2.3170985309886123E+00 3.8420614944644871E-01
 8.8239974423262920E-03 -6.0778881661218767E-03 -1.4196606623247442E-03
0
0.0
 -1.1407996218300525E+00 -2.3170985309886123E+00 3.8420614944644871E-01
 8.6579525660045540E-03 -5.7452718049842448E-03 -1.6136233000377609E-03
0
0.0
 -1.1407996218300525E+00 -2.3170985309886123E+00 3.8420614944644871E-01
 8.6268146384678081E-03 -6.0223163543849283E-03 -1.5674179212283896E-03
0
0.0
 -1.1407996218300525E+00 -2.3170985309886123E+00 3.8420614944644871E-01
 8.8379994277672305E-03 -5.8300758488140456E-03 -1.8199525699273175E-03
0
0.0
 -1.1407996218300525E+00 -2.3170985309886123E+00 3.8420614944644871E-01
 8.8564609893357887E-03 -5.9767658682697827E-03 -1.4386569596715226E-03
0
0.0
 -1.1407996218300525E+00 -2.3170985309886123E+00 3.8420614944644871E-01
 8.8290407052550035E-03 -5.6238210478579045E-03 -1.8051484698228355E-03
0
0.0
 -1.1407996218300525E+00 -2.3170985309886123E+00 3.8420614944644871E-01
 8.6861384639264592E-03 -6.1215846711550554E-03 -1.5507603166688851E-03
0
0.0
 -1.1407996218300525E+00 -2.3170985309886123E+00 3.8420614944644871E-01
 8.5794954634009022E-03 -5.9315605509661770E-03 -1.5488238982658922E-03
0
0.0
 -1.1407996218300525E+00 -2.3170985309886123E+00 3.8420614944644871E-01
 8.9268160786358727E-03 -5.7232056160683312E-03 -1.7838257774329572E-03
0
0.0
