20
-1
1
  0.92395089   0.36536715   0.11323244  2.03057833e-04
  0.88385183  -0.38154629   0.27060740  1.56011705e-04
  0.81403244   0.49225945   0.30827232  2.79513708e-04
  0.69165984   0.21758228   0.68866873  1.46675325e-04
  0.55391606   0.24850497   0.79462084  1.98670426e-04
 -0.57833997   0.76734511   0.27695551  1.77396556e-04
 -0.68815026   0.68091926   0.25059565  1.66300560e-04
 -0.17343115  -0.15444088  -0.97266112  1.61317214e-04
  0.13128910  -0.08592459  -0.98761335  3.63007790e-04
  0.86762949   0.32286290  -0.37812513  2.24891219e-04
 -0.86339175  -0.06873439  -0.49983023  3.93384139e-04
 -0.37406847   0.74811486  -0.54808479  8.27029745e-04
 -0.53118372  -0.22170138   0.81773611  1.95693673e-04
 -0.39114813   0.91968356   0.03442816  1.56282268e-04
  0.74592073  -0.17554469   0.64248449  1.85783681e-04
 -0.57794886  -0.68466555  -0.44408130  3.68822383e-04
  0.79643081  -0.17916854   0.57757821  1.75178782e-04
 -0.51334466  -0.81960155   0.25442200  3.49547251e-04
  0.98612206   0.16516166   0.01687913  2.29101728e-04
 -0.97159543  -0.15734052   0.17676619  3.93209034e-04
