20
 -1.1407996218300525E+00 -2.3170985309886123E+00 3.8420614944644871E-01
 8.6313019766788655E-03 -6.0281724141651527E-03 -1.5103845456974838E-03
0
0.0
 -1.1407996218300525E+00 -2.3170985309886123E+00 3.8420614944644871E-01
 8.9157725303308667E-03 -5.8695864822884093E-03 -1.4284264872752523E-03
0
0.0
 -1.1407996218300525E+00 -2.3170985309886123E+00 3.8420614944644871E-01
 8.8061778699859601E-03 -5.8961381657122612E-03 -1.6613195232495232E-03
0
0.0
 -1.1407996218300525E+00 -2.3170985309886123E+00 3.8420614944644871E-01
 8.8672091887541798E-03 -5.9249731748512368E-03 -1.5418245051068821E-03
0
0.0
 -1.1407996218300525E+00 -2.3170985309886123E+00 3.8420614944644871E-01
 8.7726569803982472E-03 -6.0487366642878980E-03 -1.9372336235168146E-03
0
0.0
 -1.1407996218300525E+00 -2.3170985309886123E+00 3.8420614944644871E-01
 8.8981603582030892E-03 -5.8912585885897029E-03 -1.5704957866873323E-03
0
0.0
 -1.1407996218300525E+00 -2.3170985309886123E+00 3.8420614944644871E-01
 8.8030472577737291E-03 -5.9453035749410903E-03 -1.6545488648584928E-03
0
0.0
 -1.1407996218300525E+00 -2.3170985309886123E+00 3.8420614944644871E-01
 8.8797548877656961E-03 -5.9074703286868622E-03 -1.4452554941090947E-03
0
0.0
 -1.1407996218300525E+00 -2.3170985309886123E+00 3.8420614944644871E-01
 8.8831367962331400E-03 -5.9014960019463042E-03 -1.6731417651731199E-03
0
0.0
 -1.1407996218300525E+00 -2.3170985309886123E+00 3.8420614944644871E-01
 8.8204683149853396E-03 -6.0055667331555132E-03 -1.4662871537671495E-03
0
0.0
 -1.1407996218300525E+00 -2.3170985309886123E+00 3.8420614944644871E-01
 8.8195530293762470E-03 -5.9083346059775957E-03 -1.6270435099078032E-03
0
0.0
 -1.1407996218300525E+00 -2.3170985309886123E+00 3.8420614944644871E-01
 8.5624329995879055E-03 -5.8966005007871618E-03 -1.6112796285463050E-03
0
0.0
 -1.1407996218300525E+00 -2.3170985309886123E+00 3.8420614944644871E-01
 8.7969965869166139E-03 -5.9943745562664906E-03 -1.5954033753092522E-03
0
0.0
 -1.1407996218300525E+00 -2.3170985309886123E+00 3.8420614944644871E-01
 8.7693806006364124E-03 -5.7751500257612080E-03 -1.7025463449265139E-03
0
0.0
 -1.1407996218300525E+00 -2.3170985309886123E+00 3.8420614944644871E-01
 8.7217418374808051E-03 -5.7652184848807648E-03 -1.5419180762733561E-03
0
0.0
 -1.1407996218300525E+00 -2.3170985309886123E+00 3.8420614944644871E-01
 8.9096298816152709E-03 -5.8187228275129619E-03 -1.5757632219499562E-03
0
0.0
 -1.1407996218300525E+00 -2.3170985309886123E+00 3.8420614944644871E-01
 8.9058874407341310E-03 -5.8932857876268906E-03 -1.4267798778936046E-03
0
0.0
 -1.1407996218300525E+00 -2.3170985309886123E+00 3.8420614944644871E-01
 8.4418910834072759E-03 -5.9350880639927528E-03 -1.5795645574913869E-03
0
0.0
 -1.1407996218300525E+00 -2.3170985309886123E+00 3.8420614944644871E-01
 8.6683618027126718E-03 -6.0348310315981530E-03 -1.8103525302090855E-03
0
0.0
 -1.1407996218300525E+00 -2.3170985309886123E+00 3.8420614944644871E-01
 8.8655509995096693E-03 -5.8861806683992279E-03 -1.5037420659159508E-03
0
0.0
