20
-1
1
 -0.59610594  -0.28379584   0.75107765  1.61384538e-04
  0.89096057   0.34100610  -0.29984014  1.58157307e-04
  0.40206838  -0.66501094  -0.62936593  1.56981778e-04
 -0.06376666   0.72680489   0.68387752  2.77005742e-04
  0.36979999   0.91696711  -0.14973070  3.86516151e-04
 -0.45147012  -0.27418135  -0.84911679  3.44255855e-04
  0.70266419  -0.54146757  -0.46160146  4.05536105e-04
  0.03933755   0.03601979  -0.99857655  2.55809501e-04
 -0.68373233   0.20512384   0.70031015  2.68689133e-04
  0.67727957  -0.33342479  -0.65583557  2.49813479e-04
  0.18471744   0.52862256  -0.82851533  2.69068812e-04
 -0.43502628   0.86452519  -0.25169093  5.28847027e-04
 -0.94555330   0.04353457   0.32254255  2.23673735e-04
 -0.89073716  -0.43223786   0.14056225  5.58207518e-04
 -0.30383684   0.78988286  -0.53269902  5.94695848e-04
 -0.83419992   0.55087065   0.02553477  2.07926376e-04
  0.19770961   0.55167149   0.81028975  1.78866597e-04
  0.96157066  -0.25213905   0.10866350  2.25866474e-04
  0.96436852   0.24234156   0.10613161  5.15846010e-04
  0.15425457  -0.33499857   0.92950604  4.39916285e-04
