20
 -1.1407996218300525E+00 -2.3170985309886123E+00 3.8420614944644871E-01
 8.7401657082358565E-03 -6.1011653089082830E-03 -1.4839351798864799E-03
0
0.0
 -1.1407996218300525E+00 -2.3170985309886123E+00 3.8420614944644871E-01
 8.7829618358110130E-03 -5.6692387559844999E-03 -1.5903653152664482E-03
0
0.0
 -1.1407996218300525E+00 -2.3170985309886123E+00 3.8420614944644871E-01
 8.8234242822110721E-03 -5.8637415143854418E-03 -1.4896944469834016E-03
0
0.0
 -1.1407996218300525E+00 -2.3170985309886123E+00 3.8420614944644871E-01
 8.7672424842975844E-03 -5.9879042102921644E-03 -1.4640318562427418E-03
0
0.0
 -1.1407996218300525E+00 -2.3170985309886123E+00 3.8420614944644871E-01
 8.5277360001204915E-03 -5.7331831859167405E-03 -1.6684207915060648E-03
0
0.0
 -1.1407996218300525E+00 -2.3170985309886123E+00 3.8420614944644871E-01
 8.8874333454517333E-03 -5.9394514669369345E-03 -1.7356033167592261E-03
0
0.0
 -1.1407996218300525E+00 -2.3170985309886123E+00 3.8420614944644871E-01
 8.7011899717674614E-03 -5.7500156149824979E-03 -1.5924782121293762E-03
0
0.0
 -1.1407996218300525E+00 -2.3170985309886123E+00 3.8420614944644871E-01
 8.6439096246475906E-03 -5.9756690195476988E-03 -1.7177756862952994E-03
0
0.0
 -1.1407996218300525E+00 -2.3170985309886123E+00 3.8420614944644871E-01
 8.7501559749626288E-03 -5.9495400213584650E-03 -1.8168133787435945E-03
0
0.0
 -1.1407996218300525E+00 -2.3170985309886123E+00 3.8420614944644871E-01
 8.6251855955546443E-03 -6.0943798441537760E-03 -1.5634714563765989E-03
0
0.0
 -1.1407996218300525E+00 -2.3170985309886123E+00 3.8420614944644871E-01
 8.7947474424903121E-03 -5.6983058758492402E-03 -1.6395642364793075E-03
0
0.0
 -1.1407996218300525E+00 -2.3170985309886123E+00 3.8420614944644871E-01
 8.6414729379344305E-03 -5.6897369102813008E-03 -1.4848290107596805E-03
0
0.0
 -1.1407996218300525E+00 -2.3170985309886123E+00 3.8420614944644871E-01
 8.6053638442465698E-03 -6.0953846358423654E-03 -1.8225844430116544E-03
0
0.0
 -1.1407996218300525E+00 -2.3170985309886123E+00 3.8420614944644871E-01
 8.7702829623652924E-03 -6.0294964158545093E-03 -1.4730582987537502E-03
0
0.0
 -1.1407996218300525E+00 -2.3170985309886123E+00 3.8420614944644871E-01
 8.7976265582348830E-03 -6.0718140674307581E-03 -1.6544496626507816E-03
0
0.0
 -1.1407996218300525E+00 -2.3170985309886123E+00 3.8420614944644871E-01
 8.9044383686640652E-03 -6.0622598275579453E-03 -1.7977036565370453E-03
0
0.0
 -1.1407996218300525E+00 -2.3170985309886123E+00 3.8420614944644871E-01
 8.7393145826851447E-03 -5.7082286419132058E-03 -1.7013221673583814E-03
0
0.0
 -1.1407996218300525E+00 -2.3170985309886123E+00 3.8420614944644871E-01
 8.6106696602361362E-03 -6.0509668485962216E-03 -1.5600040405022199E-03
0
0.0
 -1.1407996218300525E+00 -2.3170985309886123E+00 3.8420614944644871E-01
 8.4868825011337017E-03 -5.8093246885968092E-03 -1.7438379535024589E-03
0
0.0
 -1.1407996218300525E+00 -2.3170985309886123E+00 3.8420614944644871E-01
 8.9182106317670321E-03 -5.9631211209823344E-03 -1.4355358324265777E-03
0
0.0
