50
-1
1
  0.58777255   0.28982609   0.75533057  2.55724052e-04
 -0.17152438  -0.73395010  -0.65718843  2.44982023e-04
  0.17614847  -0.20950858  -0.96180969  2.27389596e-04
  0.53340783   0.72608720   0.43390490  8.42025107e-04
  0.45251580  -0.71319062   0.53533969  4.81124229e-04
  0.13393630  -0.11182383  -0.98466060  4.08686460e-04
 -0.15589175   0.33271421   0.93005323  3.27491393e-04
  0.22260361  -0.94870469  -0.22451512  4.85112239e-04
 -0.27502137  -0.88711885  -0.37065267  7.00594612e-04
 -0.76286207  -0.59250450   0.25880472  5.29707950e-04
  0.96313779  -0.18180798   0.19827119  2.07609383e-04
  0.33173099  -0.78636141  -0.52114325  5.24113173e-04
  0.40490531   0.30363197   0.86247279  4.23647064e-04
 -0.28440495   0.85109745  -0.44130143  2.51589312e-04
 -0.14321805   0.98839806  -0.05057527  2.82283473e-04
  0.43545721   0.53715541   0.72238569  2.25442052e-04
  0.23626956  -0.81805347  -0.52437126  1.77758191e-04
  0.78963382  -0.48267006   0.37882457  1.63957313e-04
 -0.31489140  -0.91553027   0.25029527  1.45563813e-04
 -0.87493410   0.13569546  -0.46484089  1.54269279e-04
  0.52539613   0.18859436   0.82969336  1.49663616e-04
  0.95055273   0.11128208  -0.28994104  1.58417360e-04
 -0.93432079   0.24549332  -0.25841379  3.73115965e-04
 -0.05509856  -0.28980620   0.95549805  6.21395923e-04
  0.68312878   0.60592777   0.40765992  1.98587300e-04
  0.90489491  -0.41863212  -0.07689178  3.36381651e-04
  0.06994609  -0.92973446  -0.36152646  2.77346383e-04
  0.54122843  -0.14642989  -0.82802782  5.33586503e-04
  0.10175876  -0.66510155   0.73978719  7.41637537e-04
 -0.05924335  -0.60892790  -0.79101014  2.51734058e-04
  0.47319536   0.88083360  -0.01477562  4.60835867e-04
 -0.72126609   0.69040870   0.05577685  1.79352703e-04
 -0.96858242  -0.03569926   0.24611717  3.83974931e-04
 -0.86918835  -0.46471624  -0.16896869  2.67626167e-04
  0.36695986  -0.27683099  -0.88809068  7.39372718e-04
 -0.57013287  -0.74107294   0.35462574  2.74178444e-04
 -0.73939692   0.52379442  -0.42300307  5.48693181e-04
  0.79129487  -0.47431468   0.38584714  2.24854148e-04
 -0.62071302   0.76799352   0.15780146  5.46106729e-04
 -0.04896854   0.48744731  -0.87177819  3.82745489e-04
  0.72580289   0.37285630  -0.57809025  3.60383057e-04
  0.29825986   0.85838614  -0.41738985  2.46928649e-04
 -0.43432903   0.06848279   0.89814721  1.46523810e-04
 -0.86175553  -0.09904133   0.49756228  2.16255159e-04
 -0.94057302   0.19946109  -0.27484117  5.20020747e-04
  0.27388914   0.62356204  -0.73222614  2.30926271e-04
  0.64802554  -0.16674237  -0.74314190  5.52382521e-04
 -0.46090366   0.73947010   0.49066463  1.62595785e-04
  0.70438371  -0.40148444   0.58536641  7.04206083e-04
  0.85046363   0.50828720   0.13548334  1.53129188e-04
