20
 -1.1407996218300525E+00 -2.3170985309886123E+00 3.8420614944644871E-01
 8.7958813233201105E-03 -5.9362242171073975E-03 -1.5765433548405989E-03
0
0.0
 -1.1407996218300525E+00 -2.3170985309886123E+00 3.8420614944644871E-01
 8.6371860785193922E-03 -5.8059506741167683E-03 -1.4241164275150477E-03
0
0.0
 -1.1407996218300525E+00 -2.3170985309886123E+00 3.8420614944644871E-01
 8.9101260781829280E-03 -5.9970062703527376E-03 -1.8672125508886342E-03
0
0.0
 -1.1407996218300525E+00 -2.3170985309886123E+00 3.8420614944644871E-01
 8.6370724514422265E-03 -5.8952287811023900E-03 -1.8582124065317177E-03
0
0.0
 -1.1407996218300525E+00 -2.3170985309886123E+00 3.8420614944644871E-01
 8.7447553671505217E-03 -5.8674206303327156E-03 -1.5708554784077467E-03
0
0.0
 -1.1407996218300525E+00 -2.3170985309886123E+00 3.8420614944644871E-01
 8.7873983125160374E-03 -5.9182471736202924E-03 -1.5412839647264657E-03
0
0.0
 -1.1407996218300525E+00 -2.3170985309886123E+00 3.8420614944644871E-01
 8.7769864546170286E-03 -5.8922176582323436E-03 -1.6378099512260264E-03
0
0.0
 -1.1407996218300525E+00 -2.3170985309886123E+00 3.8420614944644871E-01
 8.8964202347812955E-03 -5.9402684251666617E-03 -1.3490289557717289E-03
0
0.0
 -1.1407996218300525E+00 -2.3170985309886123E+00 3.8420614944644871E-01
 8.7309761545329833E-03 -5.7971321878350470E-03 -1.5879168355408940E-03
0
0.0
 -1.1407996218300525E+00 -2.3170985309886123E+00 3.8420614944644871E-01
 8.6560993066300308E-03 -5.7891963520422651E-03 -1.7232778664858963E-03
0
0.0
 -1.1407996218300525E+00 -2.3170985309886123E+00 3.8420614944644871E-01
 8.6978947225409917E-03 -5.7970255238748974E-03 -1.7549086525455548E-03
0
0.0
 -1.1407996218300525E+00 -2.3170985309886123E+00 3.8420614944644871E-01
 8.7311216369920508E-03 -6.0261815355420294E-03 -1.5936574647855925E-03
0
0.0
 -1.1407996218300525E+00 -2.3170985309886123E+00 3.8420614944644871E-01
 8.7511253453589986E-03 -6.0009308669354009E-03 -1.6621998765057055E-03
0
0.0
 -1.1407996218300525E+00 -2.3170985309886123E+00 3.8420614944644871E-01
 8.8878822086785794E-03 -6.0630634528457406E-03 -1.4814152598687273E-03
0
0.0
 -1.1407996218300525E+00 -2.3170985309886123E+00 3.8420614944644871E-01
 8.8907885627557692E-03 -5.8458666186613963E-03 -1.6644531276197067E-03
0
0.0
 -1.1407996218300525E+00 -2.3170985309886123E+00 3.8420614944644871E-01
 9.0654711901805608E-03 -5.8957843149626890E-03 -1.5968085279218273E-03
0
0.0
 -1.1407996218300525E+00 -2.3170985309886123E+00 3.8420614944644871E-01
 8.9699427626452506E-03 -6.1642759981223889E-03 -1.5860824198185215E-03
0
0.0
 -1.1407996218300525E+00 -2.3170985309886123E+00 3.8420614944644871E-01
 8.6766136173275932E-03 -5.8713404381628880E-03 -1.7455276283096892E-03
0
0.0
 -1.1407996218300525E+00 -2.3170985309886123E+00 3.8420614944644871E-01
 8.9811193391936255E-03 -5.7107097224139728E-03 -1.7033136668659326E-03
0
0.0
 -1.1407996218300525E+00 -2.3170985309886123E+00 3.8420614944644871E-01
 8.8185032494269983E-03 -5.7625503128091674E-03 -1.4653473929658256E-03
0
0.0
