20
-1
1
  0.80471330   0.58956929   0.06960284  5.29690905e-04
 -0.16464602   0.53292740  -0.82998800  2.72293705e-04
 -0.89997107  -0.43074571   0.06715806  4.07405757e-04
 -0.08237825  -0.91126347  -0.40350058  3.34936993e-04
  0.19163707  -0.97006572   0.14915673  2.13967033e-04
  0.00276709   0.98537592  -0.17037206  3.57825871e-04
 -0.44883019   0.20966369  -0.86867289  5.64764476e-04
  0.69596945   0.69835754   0.16710257  1.89400840e-04
  0.64440918  -0.05233006   0.76288818  1.65374815e-04
 -0.74517238  -0.14426995  -0.65107934  1.55393605e-04
 -0.23796857  -0.97096141  -0.02459466  2.22010994e-04
  0.22482403   0.53027448   0.81747363  6.07621856e-04
  0.88705857  -0.30723634  -0.34457644  1.69614074e-04
 -0.31346850   0.31621999   0.89540070  2.56731028e-04
 -0.43742029   0.11478784   0.89190092  2.42425975e-04
 -0.21658928  -0.66432106   0.71537865  7.19761760e-04
  0.10633872  -0.28247578  -0.95336221  4.83430779e-04
  0.85622090  -0.47124767  -0.21168702  2.19326923e-04
  0.27984717   0.64833044   0.70806299  3.11941584e-04
  0.71888104  -0.05934740  -0.69259507  1.97394850e-04
