20
 -1.1407996218300525E+00 -2.3170985309886123E+00 3.8420614944644871E-01
 8.6416647605682545E-03 -6.0255328588406697E-03 -1.5812596406701625E-03
0
0.0
 -1.1407996218300525E+00 -2.3170985309886123E+00 3.8420614944644871E-01
 8.8084724428458619E-03 -5.9062472453583533E-03 -1.6451851620494884E-03
0
0.0
 -1.1407996218300525E+00 -2.3170985309886123E+00 3.8420614944644871E-01
 8.9188713587131652E-03 -5.9462740114897168E-03 -1.5745005243359531E-03
0
0.0
 -1.1407996218300525E+00 -2.3170985309886123E+00 3.8420614944644871E-01
 9.1115660364441669E-03 -5.8803699855214378E-03 -1.5876904690976545E-03
0
0.0
 -1.1407996218300525E+00 -2.3170985309886123E+00 3.8420614944644871E-01
 8.6922373325509037E-03 -6.0977452501118252E-03 -1.7524103506536589E-03
0
0.0
 -1.1407996218300525E+00 -2.3170985309886123E+00 3.8420614944644871E-01
 8.7002220791880247E-03 -5.7477275217590650E-03 -1.5565756198378329E-03
0
0.0
 -1.1407996218300525E+00 -2.3170985309886123E+00 3.8420614944644871E-01
 8.8006141979541791E-03 -5.7763185199686739E-03 -1.4184627963224491E-03
0
0.0
 -1.1407996218300525E+00 -2.3170985309886123E+00 3.8420614944644871E-01
 8.8396730870195159E-03 -5.6296772460535044E-03 -1.5599998116113468E-03
0
0.0
 -1.1407996218300525E+00 -2.3170985309886123E+00 3.8420614944644871E-01
 8.6762902674164290E-03 -5.8840207578935893E-03 -1.7002554178842178E-03
0
0.0
 -1.1407996218300525E+00 -2.3170985309886123E+00 3.8420614944644871E-01
 8.8138370838448058E-03 -5.9152797497542004E-03 -1.6398833564761797E-03
0
0.0
 -1.1407996218300525E+00 -2.3170985309886123E+00 3.8420614944644871E-01
 8.6958383780184265E-03 -6.0217501447166408E-03 -1.6060863082883910E-03
0
0.0
 -1.1407996218300525E+00 -2.3170985309886123E+00 3.8420614944644871E-01
 8.8104778078767019E-03 -5.9436198082914917E-03 -1.5853118613413509E-03
0
0.0
 -1.1407996218300525E+00 -2.3170985309886123E+00 3.8420614944644871E-01
 8.7069800708345114E-03 -5.9605994808533532E-03 -1.7061264681549747E-03
0
0.0
 -1.1407996218300525E+00 -2.3170985309886123E+00 3.8420614944644871E-01
 8.6487750830425026E-03 -6.0743074411979542E-03 -1.4290809118106531E-03
0
0.0
 -1.1407996218300525E+00 -2.3170985309886123E+00 3.8420614944644871E-01
 8.8395751739147408E-03 -5.8926402306461231E-03 -1.5993537999614618E-03
0
0.0
 -1.1407996218300525E+00 -2.3170985309886123E+00 3.8420614944644871E-01
 8.6944977939176511E-03 -6.0550591549006841E-03 -1.5954454394577883E-03
0
0.0
 -1.1407996218300525E+00 -2.3170985309886123E+00 3.8420614944644871E-01
 8.6351733527318848E-03 -5.8643758172439537E-03 -1.3582333438875041E-03
0
0.0
 -1.1407996218300525E+00 -2.3170985309886123E+00 3.8420614944644871E-01
 8.7180753650020915E-03 -5.8142309627496769E-03 -1.6411324361143035E-03
0
0.0
 -1.1407996218300525E+00 -2.3170985309886123E+00 3.8420614944644871E-01
 8.6327277884172219E-03 -5.6850821814384452E-03 -1.7963385938327629E-03
0
0.0
 -1.1407996218300525E+00 -2.3170985309886123E+00 3.8420614944644871E-01
 8.7983254934098799E-03 -6.0435544714764582E-03 -1.4679623916752757E-03
0
0.0
