20
 -1.1407996218300525E+00 -2.3170985309886123E+00 3.8420614944644871E-01
 8.7431906241623863E-03 -5.8794820866148361E-03 -1.5294225942663650E-03
0
0.0
 -1.1407996218300525E+00 -2.3170985309886123E+00 3.8420614944644871E-01
 8.8472868753366098E-03 -5.7416738974579440E-03 -1.7674991030358000E-03
0
0.0
 -1.1407996218300525E+00 -2.3170985309886123E+00 3.8420614944644871E-01
 9.1180941305921449E-03 -5.8442303804315662E-03 -1.5729933940540231E-03
0
0.0
 -1.1407996218300525E+00 -2.3170985309886123E+00 3.8420614944644871E-01
 9.0116413643280928E-03 -6.0359211998322528E-03 -1.6966571340438453E-03
0
0.0
 -1.1407996218300525E+00 -2.3170985309886123E+00 3.8420614944644871E-01
 8.6187950935086403E-03 -5.8478426749137861E-03 -1.6268831463191775E-03
0
0.0
 -1.1407996218300525E+00 -2.3170985309886123E+00 3.8420614944644871E-01
 9.0388754343580600E-03 -5.9659084507781412E-03 -1.7405301984677018E-03
0
0.0
 -1.1407996218300525E+00 -2.3170985309886123E+00 3.8420614944644871E-01
 8.7639706124788708E-03 -5.9223045150717463E-03 -1.5787115468698949E-03
0
0.0
 -1.1407996218300525E+00 -2.3170985309886123E+00 3.8420614944644871E-01
 8.8434065876619901E-03 -6.1039579141098591E-03 -1.5886032582912598E-03
0
0.0
 -1.1407996218300525E+00 -2.3170985309886123E+00 3.8420614944644871E-01
 8.5779687691014597E-03 -5.9572106494641380E-03 -1.6907441728845295E-03
0
0.0
 -1.1407996218300525E+00 -2.3170985309886123E+00 3.8420614944644871E-01
 8.9433096093457596E-03 -5.9125811959895589E-03 -1.6219871854574264E-03
0
0.0
 -1.1407996218300525E+00 -2.3170985309886123E+00 3.8420614944644871E-01
 8.7223652172133195E-03 -6.1189253053995510E-03 -1.7916185987307109E-03
0
0.0
 -1.1407996218300525E+00 -2.3170985309886123E+00 3.8420614944644871E-01
 8.9723069438287489E-03 -5.7584495345739100E-03 -1.5909329043521071E-03
0
0.0
 -1.1407996218300525E+00 -2.3170985309886123E+00 3.8420614944644871E-01
 8.6291796808380030E-03 -5.9585312052607134E-03 -1.6304684311941094E-03
0
0.0
 -1.1407996218300525E+00 -2.3170985309886123E+00 3.8420614944644871E-01
 8.7916613997722839E-03 -6.1492614223859141E-03 -1.6093844470565085E-03
0
0.0
 -1.1407996218300525E+00 -2.3170985309886123E+00 3.8420614944644871E-01
 8.6873493153218802E-03 -5.8211924222785734E-03 -1.7995890632525168E-03
0
0.0
 -1.1407996218300525E+00 -2.3170985309886123E+00 3.8420614944644871E-01
 8.8341857703063600E-03 -5.9485511525379396E-03 -1.5634275992737947E-03
0
0.0
 -1.1407996218300525E+00 -2.3170985309886123E+00 3.8420614944644871E-01
 8.9790673008836031E-03 -6.0680895425523568E-03 -1.6216219814265355E-03
0
0.0
 -1.1407996218300525E+00 -2.3170985309886123E+00 3.8420614944644871E-01
 8.8079718495005770E-03 -5.8162128175945210E-03 -1.7798728472735023E-03
0
0.0
 -1.1407996218300525E+00 -2.3170985309886123E+00 3.8420614944644871E-01
 8.7315868902072876E-03 -5.9559080537991294E-03 -1.5939931650554970E-03
0
0.0
 -1.1407996218300525E+00 -2.3170985309886123E+00 3.8420614944644871E-01
 8.6423364909748307E-03 -5.8255091914704848E-03 -1.5316997789840917E-03
0
0.0
