20
-1
1
 -0.55566029   0.76724730  -0.32027054  6.15064568e-04
  0.18519938   0.58970906  -0.78609440  5.37882200e-04
  0.07591995   0.89120497  -0.44720225  2.45453951e-04
 -0.14003586   0.51425050  -0.84613024  2.72002954e-04
 -0.11452350   0.98182000   0.15137321  1.96894944e-04
  0.08988468  -0.48762004  -0.86841663  1.96257402e-04
 -0.13242343   0.86150402  -0.49017840  1.48981177e-04
 -0.86125767  -0.40718102  -0.30403757  3.96160842e-04
  0.15317088  -0.88157272  -0.44650669  6.16750377e-04
  0.78610534  -0.43708093   0.43703393  7.81880868e-04
 -0.46304908  -0.61866244  -0.63469862  1.51453493e-04
  0.53135896  -0.09787664  -0.84147360  8.65074907e-04
  0.10963928  -0.82270684   0.55779269  2.31609031e-04
  0.13801165  -0.96267169  -0.23284329  8.46370784e-04
 -0.44938879  -0.02832703   0.89288706  1.72127937e-04
  0.35424062   0.86170959   0.36327699  5.59456692e-04
  0.74092913   0.13504108  -0.65786619  2.26930531e-04
 -0.80534158   0.59035311  -0.05392721  1.73653538e-04
 -0.54564655   0.83801092   0.00274559  3.34867380e-04
  0.44511382  -0.05058841  -0.89404390  7.44300017e-04
