20
 -1.1407996218300525E+00 -2.3170985309886123E+00 3.8420614944644871E-01
 8.6386143631681823E-03 -5.8655444933297567E-03 -1.6455973932065543E-03
0
0.0
 -1.1407996218300525E+00 -2.3170985309886123E+00 3.8420614944644871E-01
 8.5782903325565107E-03 -6.0075881054149826E-03 -1.6207999332715751E-03
0
0.0
 -1.1407996218300525E+00 -2.3170985309886123E+00 3.8420614944644871E-01
 8.7938776857326845E-03 -5.6778433689023793E-03 -1.8237033243053544E-03
0
0.0
 -1.1407996218300525E+00 -2.3170985309886123E+00 3.8420614944644871E-01
 8.8561386335265085E-03 -6.0427429064122216E-03 -1.6032385595895638E-03
0
0.0
 -1.1407996218300525E+00 -2.3170985309886123E+00 3.8420614944644871E-01
 8.7296880229650910E-03 -5.9178819485114281E-03 -1.6073529522156863E-03
0
0.0
 -1.1407996218300525E+00 -2.3170985309886123E+00 3.8420614944644871E-01
 8.6760955986887323E-03 -5.8723970215709687E-03 -1.6499647612602411E-03
0
0.0
 -1.1407996218300525E+00 -2.3170985309886123E+00 3.8420614944644871E-01
 8.8270509879154989E-03 -5.8894678922474970E-03 -1.5926215795699934E-03
0
0.0
 -1.1407996218300525E+00 -2.3170985309886123E+00 3.8420614944644871E-01
 8.5221263271033996E-03 -5.9771581764168141E-03 -1.4172381281312135E-03
0
0.0
 -1.1407996218300525E+00 -2.3170985309886123E+00 3.8420614944644871E-01
 8.8395155144169874E-03 -6.1558402107979009E-03 -1.3895090593747722E-03
0
0.0
 -1.1407996218300525E+00 -2.3170985309886123E+00 3.8420614944644871E-01
 8.8273265782566352E-03 -6.0139674598162895E-03 -1.4913184716297441E-03
0
0.0
 -1.1407996218300525E+00 -2.3170985309886123E+00 3.8420614944644871E-01
 8.6629377588972080E-03 -5.8093556028952220E-03 -1.5649850135354541E-03
0
0.0
 -1.1407996218300525E+00 -2.3170985309886123E+00 3.8420614944644871E-01
 8.6871065618262956E-03 -5.8839142235253862E-03 -1.5794373344943948E-03
0
0.0
 -1.1407996218300525E+00 -2.3170985309886123E+00 3.8420614944644871E-01
 8.6836724625080231E-03 -5.7274876021352946E-03 -1.5411835864288725E-03
0
0.0
 -1.1407996218300525E+00 -2.3170985309886123E+00 3.8420614944644871E-01
 9.0452679458366929E-03 -5.9058224487546331E-03 -1.6239638588809099E-03
0
0.0
 -1.1407996218300525E+00 -2.3170985309886123E+00 3.8420614944644871E-01
 8.9889547419688097E-03 -5.7924792070836008E-03 -1.6726643576871975E-03
0
0.0
 -1.1407996218300525E+00 -2.3170985309886123E+00 3.8420614944644871E-01
 8.7938063437533812E-03 -5.8477378719174727E-03 -1.5925151511185117E-03
0
0.0
 -1.1407996218300525E+00 -2.3170985309886123E+00 3.8420614944644871E-01
 8.9708028677381556E-03 -5.8398093472886263E-03 -1.6178093314741251E-03
0
0.0
 -1.1407996218300525E+00 -2.3170985309886123E+00 3.8420614944644871E-01
 8.5604527064208260E-03 -5.8836033756996219E-03 -1.5557029339096460E-03
0
0.0
 -1.1407996218300525E+00 -2.3170985309886123E+00 3.8420614944644871E-01
 8.7465680639932271E-03 -5.8923821709340627E-03 -1.6056744793494680E-03
0
0.0
 -1.1407996218300525E+00 -2.3170985309886123E+00 3.8420614944644871E-01
 8.7699338753756319E-03 -6.0532798435999164E-03 -1.7228350782639648E-03
0
0.0
