20
-1
1
  0.57929024   0.11281098  -0.80727721  1.77694655e-04
 -0.96015802   0.18623054   0.20836208  3.79724379e-04
 -0.40712813   0.88554665   0.22372709  1.56070375e-04
 -0.93980399   0.34045656  -0.02928801  4.22142210e-04
 -0.61160687  -0.20136049   0.76510848  4.64215559e-04
  0.91202840  -0.40510505  -0.06398506  4.51799265e-04
 -0.38635727   0.13037692   0.91308812  1.57151209e-04
  0.44318874   0.72180988  -0.53157712  2.83510319e-04
 -0.98944890   0.14458444  -0.00928489  3.27430495e-04
 -0.99163619   0.09884373   0.08299152  5.81780145e-04
 -0.74982109  -0.03051692  -0.66093650  2.19795548e-04
  0.20289443   0.63098979  -0.74878952  3.02488693e-04
 -0.34136693  -0.37962399  -0.85985711  6.25546683e-04
 -0.62761677   0.25525125   0.73548894  2.58113527e-04
 -0.86034962  -0.40831562  -0.30508504  4.90151301e-04
 -0.78562667  -0.05446505   0.61629887  4.68331232e-04
  0.97060380  -0.12657040  -0.20471490  3.66487763e-04
  0.30159517   0.87373596   0.38160953  5.05367321e-04
 -0.21437910   0.97004233  -0.11427806  4.54906890e-04
  0.12445716   0.97668493   0.17491988  2.72710971e-04
