20
 -1.1407996218300525E+00 -2.3170985309886123E+00 3.8420614944644871E-01
 8.7094280635268105E-03 -5.9861864339094458E-03 -1.7890582639731440E-03
0
0.0
 -1.1407996218300525E+00 -2.3170985309886123E+00 3.8420614944644871E-01
 8.7485288363179734E-03 -5.8414349759149898E-03 -1.5611946965219110E-03
0
0.0
 -1.1407996218300525E+00 -2.3170985309886123E+00 3.8420614944644871E-01
 8.6962085477714363E-03 -6.1437232905503505E-03 -1.5054823410412005E-03
0
0.0
 -1.1407996218300525E+00 -2.3170985309886123E+00 3.8420614944644871E-01
 8.7501762838462400E-03 -5.9361589178738945E-03 -1.6483554035258776E-03
0
0.0
 -1.1407996218300525E+00 -2.3170985309886123E+00 3.8420614944644871E-01
 8.7466059736833954E-03 -5.7984139811498216E-03 -1.7341159763391044E-03
0
0.0
 -1.1407996218300525E+00 -2.3170985309886123E+00 3.8420614944644871E-01
 8.6869027087860453E-03 -5.9207450329947665E-03 -1.6181928946601091E-03
0
0.0
 -1.1407996218300525E+00 -2.3170985309886123E+00 3.8420614944644871E-01
 8.8517468717439485E-03 -5.6935673802603858E-03 -1.4343702532374188E-03
0
0.0
 -1.1407996218300525E+00 -2.3170985309886123E+00 3.8420614944644871E-01
 8.5789855172620239E-03 -6.0820791290721243E-03 -1.7020796662182423E-03
0
0.0
 -1.1407996218300525E+00 -2.3170985309886123E+00 3.8420614944644871E-01
 8.7514651321814237E-03 -5.8493202460891602E-03 -1.6197259699969066E-03
0
0.0
 -1.1407996218300525E+00 -2.3170985309886123E+00 3.8420614944644871E-01
 9.0378126066465933E-03 -5.8509279439374990E-03 -1.5363334966137319E-03
0
0.0
 -1.1407996218300525E+00 -2.3170985309886123E+00 3.8420614944644871E-01
 9.0510223622778004E-03 -5.9595663994697510E-03 -1.5619493951920342E-03
0
0.0
 -1.1407996218300525E+00 -2.3170985309886123E+00 3.8420614944644871E-01
 8.5012727218981322E-03 -6.0345130078224710E-03 -1.4917738585936077E-03
0
0.0
 -1.1407996218300525E+00 -2.3170985309886123E+00 3.8420614944644871E-01
 8.7955473212104705E-03 -6.0170332160374585E-03 -1.5869169934566349E-03
0
0.0
 -1.1407996218300525E+00 -2.3170985309886123E+00 3.8420614944644871E-01
 8.9387333914530340E-03 -6.0022993620513863E-03 -1.5362519175581523E-03
0
0.0
 -1.1407996218300525E+00 -2.3170985309886123E+00 3.8420614944644871E-01
 8.7947568015934105E-03 -5.9503442565857958E-03 -1.5982804083735491E-03
0
0.0
 -1.1407996218300525E+00 -2.3170985309886123E+00 3.8420614944644871E-01
 8.8820498643413983E-03 -6.0200437423761702E-03 -1.6080899713823314E-03
0
0.0
 -1.1407996218300525E+00 -2.3170985309886123E+00 3.8420614944644871E-01
 8.7056647805515801E-03 -6.0223184338811788E-03 -1.6361878432448360E-03
0
0.0
 -1.1407996218300525E+00 -2.3170985309886123E+00 3.8420614944644871E-01
 8.9422380817070109E-03 -5.9644601913915601E-03 -1.5927992962468422E-03
0
0.0
 -1.1407996218300525E+00 -2.3170985309886123E+00 3.8420614944644871E-01
 8.6430468127525334E-03 -5.7990729546752032E-03 -1.5786709381891853E-03
0
0.0
 -1.1407996218300525E+00 -2.3170985309886123E+00 3.8420614944644871E-01
 8.6914453614108829E-03 -5.8811917534897940E-03 -1.9052626469691579E-03
0
0.0
