20
-1
1
 -0.91250034  -0.19788317   0.35802986  1.82402062e-04
  0.61077055  -0.55280994  -0.56688668  2.58611951e-04
 -0.65038627   0.10505919   0.75230331  1.49785351e-04
  0.00178546   0.62345006   0.78186114  6.30437364e-04
  0.58071395  -0.74951620   0.31779991  3.22540914e-04
  0.60416774   0.29001274   0.74220883  5.67016233e-04
  0.24495209   0.82638528   0.50703633  3.04206077e-04
 -0.26086603   0.44144934  -0.85852862  3.46799495e-04
  0.53034009   0.37184110  -0.76188817  3.75038906e-04
 -0.45963207  -0.87177936  -0.16952611  5.45951196e-04
 -0.57855093   0.64730586   0.49625995  2.07189616e-04
  0.25933980  -0.50488433   0.82330716  4.07801817e-04
 -0.34380922   0.12892495   0.93014707  2.94935593e-04
 -0.28568567   0.82753801  -0.48328516  1.97342305e-04
 -0.27426713   0.18600619  -0.94349310  4.20473657e-04
  0.91552202  -0.18321630  -0.35812179  1.78702593e-04
  0.52077222  -0.84883746   0.09094644  2.13172804e-04
  0.37996241  -0.86003955   0.34052980  4.74192312e-04
 -0.62324425  -0.73529623  -0.26628192  2.20080289e-04
 -0.65095912   0.60072146  -0.46409692  2.58629886e-04
