20
-1
1
  0.60160214  -0.76308261   0.23617745  2.04113368e-04
 -0.41922419  -0.28686468  -0.86137085  3.95076700e-04
 -0.87197558  -0.48912431  -0.02039613  2.02106761e-04
 -0.27554914  -0.55486065   0.78498556  1.59113424e-04
 -0.03213873   0.52075776  -0.85309933  7.35551205e-04
  0.83682580  -0.45542578  -0.30382551  1.72893968e-04
  0.68080451   0.58651141  -0.43875914  1.68349994e-04
 -0.79384349  -0.45894673  -0.39897421  5.81087988e-04
  0.80249397   0.56001066  -0.20589193  4.85194622e-04
 -0.87332556   0.48645941  -0.02568498  1.93395783e-04
 -0.68125350  -0.72714998  -0.08453744  6.44489202e-04
  0.17507025   0.84820640   0.49989630  4.32989849e-04
 -0.14924679   0.98297955  -0.10712888  1.67692504e-04
 -0.79558953  -0.58351822  -0.16292267  4.74632972e-04
 -0.04775240  -0.16123586   0.98575996  2.01218966e-04
  0.29022423  -0.50252931  -0.81439191  2.37407921e-04
  0.63404877   0.77052770   0.06533927  8.61893753e-04
 -0.95793308  -0.27226921   0.09073966  1.48819868e-04
 -0.62292241  -0.31780130   0.71482166  1.93185019e-04
 -0.43335823   0.00565968  -0.90120398  2.83729172e-04
