20
 -1.1407996218300525E+00 -2.3170985309886123E+00 3.8420614944644871E-01
 8.8473662590100415E-03 -5.8553255512790430E-03 -1.4494045779566618E-03
0
0.0
 -1.1407996218300525E+00 -2.3170985309886123E+00 3.8420614944644871E-01
 8.8509249438070356E-03 -5.8783687212607700E-03 -1.4632311740249322E-03
0
0.0
 -1.1407996218300525E+00 -2.3170985309886123E+00 3.8420614944644871E-01
 8.8286863949668323E-03 -5.7785300704929618E-03 -1.6812054085749428E-03
0
0.0
 -1.1407996218300525E+00 -2.3170985309886123E+00 3.8420614944644871E-01
 8.8552291919061221E-03 -5.9588608485797480E-03 -1.8135497040503619E-03
0
0.0
 -1.1407996218300525E+00 -2.3170985309886123E+00 3.8420614944644871E-01
 8.5807198856967058E-03 -5.7994419965478891E-03 -1.8269854558558383E-03
0
0.0
 -1.1407996218300525E+00 -2.3170985309886123E+00 3.8420614944644871E-01
 8.7184017370520173E-03 -5.7632793336630239E-03 -1.5301558624710491E-03
0
0.0
 -1.1407996218300525E+00 -2.3170985309886123E+00 3.8420614944644871E-01
 8.6117099418659138E-03 -5.9394842530837823E-03 -1.7853816209504512E-03
0
0.0
 -1.1407996218300525E+00 -2.3170985309886123E+00 3.8420614944644871E-01
 8.9875557092132605E-03 -6.0839281201643079E-03 -1.4905762764749022E-03
0
0.0
 -1.1407996218300525E+00 -2.3170985309886123E+00 3.8420614944644871E-01
 8.6843287033453002E-03 -5.9647112732206988E-03 -1.7121542253717898E-03
0
0.0
 -1.1407996218300525E+00 -2.3170985309886123E+00 3.8420614944644871E-01
 8.7253300954457848E-03 -6.0260514601722763E-03 -1.6613619774512320E-03
0
0.0
 -1.1407996218300525E+00 -2.3170985309886123E+00 3.8420614944644871E-01
 8.9313586309238586E-03 -5.7918516587383900E-03 -1.6298227045866969E-03
0
0.0
 -1.1407996218300525E+00 -2.3170985309886123E+00 3.8420614944644871E-01
 8.8433557768472539E-03 -5.9057380568926883E-03 -1.5686315688745915E-03
0
0.0
 -1.1407996218300525E+00 -2.3170985309886123E+00 3.8420614944644871E-01
 8.9134920469627812E-03 -5.7744047256894325E-03 -1.8949575275489948E-03
0
0.0
 -1.1407996218300525E+00 -2.3170985309886123E+00 3.8420614944644871E-01
 8.7523999996046258E-03 -6.0051443260282890E-03 -1.6681328438995038E-03
0
0.0
 -1.1407996218300525E+00 -2.3170985309886123E+00 3.8420614944644871E-01
 8.8722133961354598E-03 -5.8406435709895200E-03 -1.6051106622844932E-03
0
0.0
 -1.1407996218300525E+00 -2.3170985309886123E+00 3.8420614944644871E-01
 8.8011206435158560E-03 -6.0002182701907854E-03 -1.5392204740695139E-03
0
0.0
 -1.1407996218300525E+00 -2.3170985309886123E+00 3.8420614944644871E-01
 8.8912602854289754E-03 -6.0939531712631417E-03 -1.6598526904488006E-03
0
0.0
 -1.1407996218300525E+00 -2.3170985309886123E+00 3.8420614944644871E-01
 8.6865660522813613E-03 -5.8231357911752149E-03 -1.7594997229310751E-03
0
0.0
 -1.1407996218300525E+00 -2.3170985309886123E+00 3.8420614944644871E-01
 9.0296457022367785E-03 -5.9291688186297372E-03 -1.6891651803664519E-03
0
0.0
 -1.1407996218300525E+00 -2.3170985309886123E+00 3.8420614944644871E-01
 8.6621558740537785E-03 -6.0561769424711228E-03 -1.8257137457190461E-03
0
0.0
