210
-1
1
 -0.50707087  -0.67483173  -0.53617280  3.01047535e-04
 -0.46767678   0.24084218   0.85045486  3.56137109e-04
 -0.13833380   0.91675958   0.37472073  1.59506826e-04
  0.81620630  -0.55890452   0.14640021  4.25104112e-04
  0.84405891   0.03450906   0.53513893  2.24788427e-04
  0.82935314  -0.05337614  -0.55616936  1.84763764e-04
 -0.84757050  -0.49447904   0.19265184  6.06032785e-04
  0.33031794  -0.06150975   0.94186337  3.80187512e-04
 -0.72572766  -0.13430500  -0.67474553  4.04153204e-04
 -0.01525339  -0.16517512   0.98614630  2.50059371e-04
  0.88569746  -0.45835115   0.07385277  6.76079474e-04
 -0.84583308   0.53344097   0.00266992  2.11595012e-04
 -0.83054715   0.48259490  -0.27801726  3.30133094e-04
  0.62947223   0.63818985   0.44325887  2.42855424e-04
  0.80603190   0.57549503  -0.13826805  1.53827708e-04
  0.09526131  -0.60329116  -0.79181125  3.87487227e-04
 -0.13041890  -0.99143681   0.00663080  1.79422384e-04
  0.02778752  -0.68811897  -0.72506561  2.21713427e-04
 -0.64909143   0.76050532   0.01766252  3.89925152e-04
 -0.42981492  -0.26652599  -0.86268362  3.54478295e-04
  0.00448960   0.94718687   0.32065071  3.18623415e-04
 -0.37636645   0.69491506   0.61273269  7.33784967e-04
 -0.19093553  -0.93408396  -0.30171306  6.64181980e-04
 -0.02776047   0.59023469  -0.80675421  1.61180941e-04
 -0.87727487  -0.29814018  -0.37616649  1.56750446e-04
  0.20247075  -0.09058929  -0.97508932  8.48450446e-04
 -0.57169964  -0.79677472  -0.19572831  1.68666862e-04
 -0.02074479   0.08765996  -0.99593443  8.00246354e-04
  0.91080285   0.12117317   0.39465838  5.20956506e-04
  0.85318113  -0.50899807   0.11403039  5.24180011e-04
  0.88839064   0.39664691   0.23115643  3.39246842e-04
  0.44874829   0.24084677   0.86059155  1.71522979e-04
  0.22486202   0.75083034  -0.62104015  1.62057651e-04
  0.87218702  -0.48400257   0.07093176  2.96696748e-04
 -0.19025295   0.00769338  -0.98170496  1.88537435e-04
  0.78427628   0.08076797  -0.61513190  1.49328730e-04
  0.77460163   0.62470476  -0.09867264  3.53305059e-04
 -0.39390247   0.91620906   0.07349690  2.93106612e-04
  0.31834640  -0.89792643  -0.30394687  3.97142305e-04
 -0.46603151   0.37311020  -0.80224897  2.96874928e-04
 -0.97644706   0.18159202   0.11651382  2.05493621e-04
  0.65392828  -0.55929372  -0.50947850  2.84814451e-04
  0.33715521   0.30801003  -0.88963824  4.92492448e-04
 -0.71001993  -0.55734778   0.43038953  4.04951309e-04
 -0.82538544  -0.11178659  -0.55339194  5.56739443e-04
 -0.60163018  -0.79407638   0.08650912  2.31349636e-04
 -0.64960284  -0.52341178   0.55141296  2.51987748e-04
  0.73790344  -0.64575042  -0.19622668  3.54842340e-04
 -0.96554356   0.05133203  -0.25512870  5.13213918e-04
 -0.53615239   0.82909905   0.15854140  2.91638267e-04
  0.09515520   0.17793759  -0.97943030  3.75505812e-04
 -0.58910456   0.21884781   0.77785696  2.12216503e-04
  0.05413372   0.24783556   0.96728852  3.11790489e-04
 -0.10615898   0.71188094  -0.69423037  1.76478811e-04
  0.48005727  -0.74846659  -0.45753992  2.40376924e-04
  0.32431247   0.59858588   0.73247278  1.65064452e-04
 -0.53711294   0.13947985   0.83189847  2.36001488e-04
 -0.88575338  -0.24476940  -0.39437152  8.38459576e-04
  0.07975017   0.51099113   0.85587848  3.84219265e-04
  0.13452553  -0.47800402  -0.86799484  2.43161901e-04
 -0.68090605   0.05033869  -0.73063874  2.30594733e-04
 -0.01695614  -0.01129753  -0.99979241  2.62597903e-04
 -0.67935194   0.12015321  -0.72390894  2.15772587e-04
  0.26110641   0.11061073  -0.95895188  2.76011616e-04
 -0.28785788  -0.86071021  -0.41989972  4.76620155e-04
  0.87178601  -0.44595666  -0.20276047  4.06454357e-04
 -0.73545149  -0.47211490  -0.48602328  1.64809631e-04
 -0.90239068   0.31197085   0.29726291  2.19913251e-04
  0.86457188  -0.44662630  -0.23030506  1.86970454e-04
  0.21369677  -0.93511919   0.28264073  3.38943756e-04
 -0.34296466  -0.25581025  -0.90384532  4.29999656e-04
  0.40354873  -0.07073294  -0.91221997  1.49918004e-04
  0.87032095   0.35833699   0.33784027  2.26402258e-04
 -0.00145184   0.17707489   0.98419631  1.61412743e-04
 -0.97437810  -0.13942873   0.17648496  3.78331075e-04
  0.34899248   0.18719074  -0.91823955  1.88715714e-04
 -0.18208036   0.95481991   0.23487374  2.78350110e-04
 -0.03708803  -0.27875207  -0.95964669  1.64854265e-04
 -0.38087534  -0.89844505   0.21847303  2.13083820e-04
 -0.81126967  -0.47250716   0.34435231  2.27526374e-04
  0.38679605   0.55399015  -0.73721349  3.84211178e-04
  0.88579282  -0.37639098  -0.27147912  2.21032385e-04
  0.53395344  -0.19842981  -0.82189983  4.73146076e-04
 -0.46447160  -0.84865289   0.25308971  3.46126473e-04
  0.72577282   0.66156855   0.18862891  2.92396885e-04
 -0.13131233  -0.87810340   0.46009943  5.77233931e-04
  0.72091519  -0.58135253  -0.37724068  2.63309331e-04
 -0.45766776  -0.44257165   0.77114885  4.00553254e-04
  0.87104965   0.22080247   0.43876961  1.91326303e-04
  0.54720107  -0.07478256  -0.83365374  1.67883727e-04
 -0.63151790   0.77430098  -0.04053564  2.11011501e-04
  0.64824782  -0.61116950  -0.45414382  7.58619622e-04
 -0.85179132   0.05622229   0.52085564  1.57926111e-04
  0.52094676  -0.67029288   0.52850916  1.53410807e-04
  0.19798827   0.97426653   0.10772822  1.97597075e-04
 -0.67278023   0.65685506   0.34045291  2.24143195e-04
 -0.79541733   0.45367822  -0.40185488  2.16605458e-04
  0.05050993   0.41809005   0.90700025  1.86331647e-04
 -0.13527852  -0.17763389   0.97475429  3.83500071e-04
  0.12195141   0.03747820  -0.99182823  5.42280995e-04
 -0.41097967  -0.66141789  -0.62739308  1.52258033e-04
 -0.73990502  -0.18623084   0.64641986  1.53777251e-04
  0.13219892  -0.20684103   0.96940200  2.39293076e-04
 -0.93877399   0.34432802   0.01190039  1.58940542e-04
  0.31369574   0.44397858   0.83933188  3.34601967e-04
  0.31197695  -0.17224678   0.93434546  2.84807806e-04
 -0.12858513  -0.35165493   0.92725653  1.54417688e-04
  0.83393462  -0.51602137   0.19563998  2.45678255e-04
 -0.81757472   0.39121023  -0.42252352  3.53346082e-04
  0.36953672   0.92130570   0.12098934  1.81877800e-04
  0.42434284  -0.90320482  -0.06445309  3.41874211e-04
 -0.82606548   0.12215998  -0.55017521  6.76744654e-04
 -0.60538809   0.70260012  -0.37397638  5.95931501e-04
  0.85284211   0.51943987   0.05331566  3.22405561e-04
  0.14864769   0.98686919  -0.06319071  4.93042300e-04
  0.57971541   0.34185036   0.73964071  4.81431330e-04
  0.01748662   0.03122995   0.99935925  4.42539961e-04
  0.36975928  -0.75824132  -0.53698060  2.78638972e-04
 -0.84273267   0.45837497   0.28230132  2.32285487e-04
  0.21558842   0.89230137  -0.39663572  1.87793288e-04
  0.19846402   0.96926647  -0.14537721  5.70680127e-04
 -0.37677560   0.34745576   0.85867027  1.63283798e-04
 -0.25245958  -0.04873752   0.96637923  2.69490515e-04
 -0.77393374  -0.34985882  -0.52784976  7.13525830e-04
 -0.66118690   0.52925243   0.53171773  3.14521992e-04
 -0.57498970  -0.80736863   0.13244901  1.72263429e-04
  0.70697011   0.35198242   0.61343430  1.56063665e-04
 -0.40533276   0.14481430  -0.90262626  4.92948925e-04
  0.92373058   0.35388403  -0.14658754  2.21455657e-04
 -0.56723435  -0.77803067   0.27002493  2.75707314e-04
  0.70501674  -0.56851198   0.42396407  4.53520538e-04
  0.16438147   0.96266461   0.21507110  5.52051512e-04
  0.20694015   0.97229830  -0.10868207  2.70118645e-04
  0.26706862   0.73337378  -0.62516978  1.88943093e-04
 -0.52642659  -0.83787031  -0.14438970  1.90100144e-04
 -0.00671680  -0.67124521   0.74120493  1.56444881e-04
 -0.96205274  -0.08805448  -0.25826522  1.75065433e-04
  0.94740772  -0.29929206  -0.11332638  3.37222780e-04
  0.03185845   0.96332859   0.26642646  1.71654889e-04
 -0.35014600  -0.73136653   0.58523566  1.51753878e-04
  0.32762702   0.94405965   0.03757532  2.41101779e-04
 -0.08044521   0.99446918   0.06752489  6.09515349e-04
  0.00859663  -0.23275051  -0.97249848  3.37786466e-04
  0.10010268   0.92649344  -0.36275248  1.49320060e-04
 -0.51920041   0.78132140  -0.34636368  2.03694453e-04
  0.29084241   0.95675476   0.00557010  7.04315704e-04
  0.24571975   0.25403772   0.93546066  2.13517106e-04
  0.77702621  -0.32702364  -0.53785295  2.12059044e-04
 -0.32159553   0.19591539  -0.92638732  1.79216847e-04
  0.10866930  -0.67455839   0.73017940  2.84417934e-04
 -0.14765344  -0.35059591  -0.92481402  2.28692807e-04
  0.63709122  -0.21111779  -0.74131238  2.89424327e-04
 -0.39754181   0.42446986  -0.81350221  5.72414344e-04
 -0.32261878   0.81572317  -0.48011751  3.71739436e-04
 -0.04105327   0.89279832  -0.44858197  5.67481740e-04
 -0.52347874  -0.84614290   0.10006101  6.93281545e-04
  0.24626206  -0.81384522   0.52631830  6.75510373e-04
  0.46403457  -0.28551292  -0.83854296  1.55313156e-04
  0.03349954  -0.97736848  -0.20887471  3.88713013e-04
  0.21086123   0.18275012   0.96028117  1.61557951e-04
  0.31891527   0.15900535   0.93435023  3.80752634e-04
  0.73833503   0.00483444  -0.67441680  3.07725560e-04
  0.40674613   0.55124202   0.72848460  2.17942410e-04
  0.15352564  -0.45155712  -0.87893461  1.48012831e-04
 -0.00179182  -0.84628108   0.53273363  3.48279572e-04
  0.48780275   0.36341440  -0.79371182  4.13004463e-04
  0.80185482  -0.58259411  -0.13271378  1.48535428e-04
 -0.92992592  -0.36680019   0.02637048  4.04234849e-04
  0.54621265   0.70992337  -0.44459033  2.07160527e-04
  0.96541993   0.20867527  -0.15626578  3.76599695e-04
  0.72177757   0.14474576   0.67682036  5.67085733e-04
 -0.10554260   0.86963738   0.48227751  2.26344634e-04
 -0.55011801  -0.26786318  -0.79096112  2.69455813e-04
 -0.29078928   0.37659973   0.87955343  1.97696774e-04
 -0.20586941  -0.46356434   0.86181546  1.55567917e-04
  0.37932704   0.14476340  -0.91386791  2.35464877e-04
 -0.67928565  -0.24360167  -0.69226384  1.74599922e-04
  0.19488050  -0.24146838  -0.95063905  2.88012172e-04
 -0.06385982  -0.84917800  -0.52423148  5.94236198e-04
  0.37852165   0.81359906   0.44133653  1.88332249e-04
 -0.48193182   0.73543184   0.47632104  1.66504180e-04
 -0.18011664  -0.91920916  -0.35016070  5.19328187e-04
  0.54336432  -0.83451938  -0.09128320  2.29771420e-04
 -0.58706793  -0.59910884   0.54444452  3.06595421e-04
  0.29593193   0.93090638  -0.21409719  2.27000273e-04
 -0.17514839  -0.73576268  -0.65419899  2.79508226e-04
  0.09712006   0.35999622  -0.92788491  4.19561374e-04
 -0.43688990   0.89950484  -0.00427339  7.35889516e-04
 -0.19273287   0.90862458   0.37047997  1.45537920e-04
  0.41412234  -0.82137452   0.39223282  6.49484966e-04
 -0.88967632   0.29658646   0.34714913  2.37334146e-04
 -0.23474943   0.11150645  -0.96563918  1.68114654e-04
 -0.51042513   0.85378528  -0.10255182  2.91651220e-04
  0.18915839   0.70046656  -0.68816111  1.57568507e-04
 -0.96275782   0.12007666   0.24223745  2.42541083e-04
 -0.88526284  -0.15143042  -0.43974825  6.15065783e-04
  0.58179776  -0.37852560  -0.71988175  1.80863014e-04
  0.32193007  -0.83937999  -0.43795235  1.91173722e-04
  0.04603449   0.12927010   0.99054029  2.37285067e-04
  0.70635182  -0.67735617   0.20556197  2.72537234e-04
  0.08882038   0.13870433   0.98634276  2.28250681e-04
  0.88574067  -0.41985961   0.19794287  3.71781104e-04
  0.91836555  -0.18910947   0.34762382  3.03922633e-04
 -0.78070738  -0.53122046  -0.32909089  1.73003951e-04
  0.54894013   0.33013872   0.76790179  1.54821579e-04
  0.47927015  -0.44187956   0.75831561  6.96654177e-04
  0.97555737   0.19344607   0.10424224  1.90411830e-04
 -0.49451478   0.80347165  -0.33149426  4.86573491e-04
  0.76699828  -0.31456565  -0.55925138  4.45967804e-04
 -0.59461208   0.79292809  -0.13304703  1.84034245e-04
 -0.79477311  -0.19902076  -0.57334671  6.09540624e-04
