210
 -1.1407996218300525E+00 -2.3170985309886123E+00 3.8420614944644871E-01
 8.8762447616878102E-03 -6.0035160300290465E-03 -1.6723575296632854E-03
0
0.0
 -1.1407996218300525E+00 -2.3170985309886123E+00 3.8420614944644871E-01
 8.8139298412415138E-03 -5.6352466795452846E-03 -1.5729353150678649E-03
0
0.0
 -1.1407996218300525E+00 -2.3170985309886123E+00 3.8420614944644871E-01
 8.6025589173068014E-03 -5.7708588005295578E-03 -1.4829183821503385E-03
0
0.0
 -1.1407996218300525E+00 -2.3170985309886123E+00 3.8420614944644871E-01
 8.8664972834129659E-03 -5.6306936451664897E-03 -1.6680820095771052E-03
0
0.0
 -1.1407996218300525E+00 -2.3170985309886123E+00 3.8420614944644871E-01
 8.8620562697297664E-03 -5.7980667897999027E-03 -1.8937273616078628E-03
0
0.0
 -1.1407996218300525E+00 -2.3170985309886123E+00 3.8420614944644871E-01
 8.9674247461613288E-03 -5.9468628968189670E-03 -1.8562958834865007E-03
0
0.0
 -1.1407996218300525E+00 -2.3170985309886123E+00 3.8420614944644871E-01
 8.9727016096590798E-03 -5.8211684016432541E-03 -1.7701813772300957E-03
0
0.0
 -1.1407996218300525E+00 -2.3170985309886123E+00 3.8420614944644871E-01
 8.8349964311502053E-03 -5.6813588625323598E-03 -1.7736018068719842E-03
0
0.0
 -1.1407996218300525E+00 -2.3170985309886123E+00 3.8420614944644871E-01
 8.8508945786532692E-03 -5.9045405247215316E-03 -1.6325916976075677E-03
0
0.0
 -1.1407996218300525E+00 -2.3170985309886123E+00 3.8420614944644871E-01
 9.0122010258472784E-03 -5.8367410862643649E-03 -1.6831030551201882E-03
0
0.0
 -1.1407996218300525E+00 -2.3170985309886123E+00 3.8420614944644871E-01
 8.7469647614105660E-03 -5.9785801012416147E-03 -1.6424321199063369E-03
0
0.0
 -1.1407996218300525E+00 -2.3170985309886123E+00 3.8420614944644871E-01
 8.7853421952597873E-03 -5.9428955349774036E-03 -1.6021363527922189E-03
0
0.0
 -1.1407996218300525E+00 -2.3170985309886123E+00 3.8420614944644871E-01
 8.7612539950803030E-03 -5.9410279050339295E-03 -1.4491024479046924E-03
0
0.0
 -1.1407996218300525E+00 -2.3170985309886123E+00 3.8420614944644871E-01
 8.7298439147185762E-03 -5.7246737182380190E-03 -1.6924778135030411E-03
0
0.0
 -1.1407996218300525E+00 -2.3170985309886123E+00 3.8420614944644871E-01
 8.7897920358652251E-03 -5.8931768707953282E-03 -1.6172839027007676E-03
0
0.0
 -1.1407996218300525E+00 -2.3170985309886123E+00 3.8420614944644871E-01
 8.7824476130901295E-03 -5.9320622893587263E-03 -1.6043582455463642E-03
0
0.0
 -1.1407996218300525E+00 -2.3170985309886123E+00 3.8420614944644871E-01
 8.8362512357469756E-03 -5.9744262864604592E-03 -1.6223353814294832E-03
0
0.0
 -1.1407996218300525E+00 -2.3170985309886123E+00 3.8420614944644871E-01
 8.7676915344516923E-03 -5.7821350339586752E-03 -1.8587608786969074E-03
0
0.0
 -1.1407996218300525E+00 -2.3170985309886123E+00 3.8420614944644871E-01
 8.7276476985719414E-03 -6.1081212667725253E-03 -1.4884824710217274E-03
0
0.0
 -1.1407996218300525E+00 -2.3170985309886123E+00 3.8420614944644871E-01
 8.5153048428749760E-03 -5.9633735415230158E-03 -1.5346916339266051E-03
0
0.0
 -1.1407996218300525E+00 -2.3170985309886123E+00 3.8420614944644871E-01
 8.8405290727595273E-03 -5.8590590019356554E-03 -1.6741156205021522E-03
0
0.0
 -1.1407996218300525E+00 -2.3170985309886123E+00 3.8420614944644871E-01
 8.9476143745502602E-03 -5.7502526387891040E-03 -1.5434384356900002E-03
0
0.0
 -1.1407996218300525E+00 -2.3170985309886123E+00 3.8420614944644871E-01
 8.9881499904374221E-03 -6.0614075187438885E-03 -1.5899712758746750E-03
0
0.0
 -1.1407996218300525E+00 -2.3170985309886123E+00 3.8420614944644871E-01
 8.8269078792313493E-03 -6.0941298389049978E-03 -1.5160054028859056E-03
0
0.0
 -1.1407996218300525E+00 -2.3170985309886123E+00 3.8420614944644871E-01
 8.8787333210354705E-03 -5.7624846021366869E-03 -1.4551928472386778E-03
0
0.0
 -1.1407996218300525E+00 -2.3170985309886123E+00 3.8420614944644871E-01
 8.7947618370521324E-03 -5.9590505218817570E-03 -1.5879779225076546E-03
0
0.0
 -1.1407996218300525E+00 -2.3170985309886123E+00 3.8420614944644871E-01
 8.7341005929570444E-03 -5.7486470323976279E-03 -1.6690485381234848E-03
0
0.0
 -1.1407996218300525E+00 -2.3170985309886123E+00 3.8420614944644871E-01
 8.9285210389751270E-03 -6.0605624295798277E-03 -1.8304779894964805E-03
0
0.0
 -1.1407996218300525E+00 -2.3170985309886123E+00 3.8420614944644871E-01
 8.9670358742698752E-03 -5.7722046155367470E-03 -1.4358535130865042E-03
0
0.0
 -1.1407996218300525E+00 -2.3170985309886123E+00 3.8420614944644871E-01
 8.7040229962546574E-03 -5.9920715638843922E-03 -1.6066194299231770E-03
0
0.0
 -1.1407996218300525E+00 -2.3170985309886123E+00 3.8420614944644871E-01
 8.7408906990487176E-03 -5.8410381408508134E-03 -1.7067142207780257E-03
0
0.0
 -1.1407996218300525E+00 -2.3170985309886123E+00 3.8420614944644871E-01
 8.8017913789249537E-03 -5.8972887190515601E-03 -1.6653195846969750E-03
0
0.0
 -1.1407996218300525E+00 -2.3170985309886123E+00 3.8420614944644871E-01
 8.6299276680503554E-03 -5.8643093874959579E-03 -1.6212945691773035E-03
0
0.0
 -1.1407996218300525E+00 -2.3170985309886123E+00 3.8420614944644871E-01
 8.7677095460147233E-03 -5.9412577417777106E-03 -1.5177198904700445E-03
0
0.0
 -1.1407996218300525E+00 -2.3170985309886123E+00 3.8420614944644871E-01
 9.0593978503102964E-03 -6.0199250354457320E-03 -1.5718473593668604E-03
0
0.0
 -1.1407996218300525E+00 -2.3170985309886123E+00 3.8420614944644871E-01
 8.8046812827482571E-03 -5.9432714526000225E-03 -1.6223976701259710E-03
0
0.0
 -1.1407996218300525E+00 -2.3170985309886123E+00 3.8420614944644871E-01
 8.8433200213876382E-03 -5.9636485804585738E-03 -1.6088087886010286E-03
0
0.0
 -1.1407996218300525E+00 -2.3170985309886123E+00 3.8420614944644871E-01
 8.7479602860420121E-03 -5.7582242684298202E-03 -1.3944893275133106E-03
0
0.0
 -1.1407996218300525E+00 -2.3170985309886123E+00 3.8420614944644871E-01
 8.9146402933423432E-03 -6.0329404946794481E-03 -1.7329523789913969E-03
0
0.0
 -1.1407996218300525E+00 -2.3170985309886123E+00 3.8420614944644871E-01
 8.6635106581138266E-03 -6.0539906114472717E-03 -1.5756701881327888E-03
0
0.0
 -1.1407996218300525E+00 -2.3170985309886123E+00 3.8420614944644871E-01
 8.7509361392469447E-03 -6.0412164186590001E-03 -1.5934347608669189E-03
0
0.0
 -1.1407996218300525E+00 -2.3170985309886123E+00 3.8420614944644871E-01
 8.7062505049832657E-03 -6.0932079824415975E-03 -1.4939897074916736E-03
0
0.0
 -1.1407996218300525E+00 -2.3170985309886123E+00 3.8420614944644871E-01
 8.7068303533978757E-03 -5.7299833219652072E-03 -1.5506999514811723E-03
0
0.0
 -1.1407996218300525E+00 -2.3170985309886123E+00 3.8420614944644871E-01
 8.9002342082021811E-03 -5.6880500620062214E-03 -1.7614904741890878E-03
0
0.0
 -1.1407996218300525E+00 -2.3170985309886123E+00 3.8420614944644871E-01
 8.7487985156502156E-03 -5.9041580731772460E-03 -1.6326463194847307E-03
0
0.0
 -1.1407996218300525E+00 -2.3170985309886123E+00 3.8420614944644871E-01
 8.9788962289338425E-03 -5.8846136125252878E-03 -1.6888422523445904E-03
0
0.0
 -1.1407996218300525E+00 -2.3170985309886123E+00 3.8420614944644871E-01
 9.0121368361132850E-03 -6.0174169170348086E-03 -1.7462300843648485E-03
0
0.0
 -1.1407996218300525E+00 -2.3170985309886123E+00 3.8420614944644871E-01
 8.7925585658330443E-03 -6.0579636433146745E-03 -1.6388040706702043E-03
0
0.0
 -1.1407996218300525E+00 -2.3170985309886123E+00 3.8420614944644871E-01
 8.7664102921640279E-03 -5.9700158212263503E-03 -1.6679667212140257E-03
0
0.0
 -1.1407996218300525E+00 -2.3170985309886123E+00 3.8420614944644871E-01
 8.7373671498607672E-03 -5.9380453813839794E-03 -1.5929403220884941E-03
0
0.0
 -1.1407996218300525E+00 -2.3170985309886123E+00 3.8420614944644871E-01
 8.7000935789340993E-03 -6.0847221789542957E-03 -1.6213662721133058E-03
0
0.0
 -1.1407996218300525E+00 -2.3170985309886123E+00 3.8420614944644871E-01
 8.5643006578662584E-03 -5.8385938374750108E-03 -1.5238004364253844E-03
0
0.0
 -1.1407996218300525E+00 -2.3170985309886123E+00 3.8420614944644871E-01
 8.7513780597756781E-03 -6.0004615692452155E-03 -1.8084679734837001E-03
0
0.0
 -1.1407996218300525E+00 -2.3170985309886123E+00 3.8420614944644871E-01
 8.8374957897848199E-03 -6.2069713874651593E-03 -1.6779145464365631E-03
0
0.0
 -1.1407996218300525E+00 -2.3170985309886123E+00 3.8420614944644871E-01
 8.8147018845759449E-03 -5.8925346706482319E-03 -1.6778738727667429E-03
0
0.0
 -1.1407996218300525E+00 -2.3170985309886123E+00 3.8420614944644871E-01
 8.7808776572584606E-03 -6.0458567756691232E-03 -1.6326584659492659E-03
0
0.0
 -1.1407996218300525E+00 -2.3170985309886123E+00 3.8420614944644871E-01
 8.6527447799052831E-03 -5.9484556815652375E-03 -1.5748098902738828E-03
0
0.0
 -1.1407996218300525E+00 -2.3170985309886123E+00 3.8420614944644871E-01
 8.7308693588622598E-03 -5.9508733830031533E-03 -1.8983516165818985E-03
0
0.0
 -1.1407996218300525E+00 -2.3170985309886123E+00 3.8420614944644871E-01
 8.6011089721287140E-03 -5.7829702944031123E-03 -1.6359853982933739E-03
0
0.0
 -1.1407996218300525E+00 -2.3170985309886123E+00 3.8420614944644871E-01
 8.8005326438255430E-03 -5.7827279989486422E-03 -1.3064485421375070E-03
0
0.0
 -1.1407996218300525E+00 -2.3170985309886123E+00 3.8420614944644871E-01
 8.8207451578717847E-03 -6.2262446127622313E-03 -1.5244259435015502E-03
0
0.0
 -1.1407996218300525E+00 -2.3170985309886123E+00 3.8420614944644871E-01
 8.9173065104925769E-03 -5.9008221896546887E-03 -1.8360916623035930E-03
0
0.0
 -1.1407996218300525E+00 -2.3170985309886123E+00 3.8420614944644871E-01
 8.7009614362897111E-03 -5.7136887669297148E-03 -1.6865838719468272E-03
0
0.0
 -1.1407996218300525E+00 -2.3170985309886123E+00 3.8420614944644871E-01
 8.6963556930303703E-03 -6.0378705031986094E-03 -1.5468587048252131E-03
0
0.0
 -1.1407996218300525E+00 -2.3170985309886123E+00 3.8420614944644871E-01
 8.6113732308188261E-03 -5.7024052419863188E-03 -1.6844874766062546E-03
0
0.0
 -1.1407996218300525E+00 -2.3170985309886123E+00 3.8420614944644871E-01
 8.6979522744555244E-03 -5.7500687947902021E-03 -1.5884313323074532E-03
0
0.0
 -1.1407996218300525E+00 -2.3170985309886123E+00 3.8420614944644871E-01
 8.6159903790164263E-03 -5.6984284782180877E-03 -1.8106984565610992E-03
0
0.0
 -1.1407996218300525E+00 -2.3170985309886123E+00 3.8420614944644871E-01
 8.7439849407149831E-03 -5.9657509521488872E-03 -1.6110931474232744E-03
0
0.0
 -1.1407996218300525E+00 -2.3170985309886123E+00 3.8420614944644871E-01
 8.9441785054866600E-03 -5.8818161685742568E-03 -1.4209560524599326E-03
0
0.0
 -1.1407996218300525E+00 -2.3170985309886123E+00 3.8420614944644871E-01
 8.5187793265863766E-03 -5.8242599040631985E-03 -1.4445556490736485E-03
0
0.0
 -1.1407996218300525E+00 -2.3170985309886123E+00 3.8420614944644871E-01
 8.7465835190507664E-03 -5.9496615682807777E-03 -1.6606043423528242E-03
0
0.0
 -1.1407996218300525E+00 -2.3170985309886123E+00 3.8420614944644871E-01
 8.7628586694841418E-03 -5.8175774407607118E-03 -1.6513200915435771E-03
0
0.0
 -1.1407996218300525E+00 -2.3170985309886123E+00 3.8420614944644871E-01
 8.8513271654316102E-03 -5.6891252426042637E-03 -1.6423230812120057E-03
0
0.0
 -1.1407996218300525E+00 -2.3170985309886123E+00 3.8420614944644871E-01
 8.9876209286086448E-03 -5.9132280873732852E-03 -1.8097824392929313E-03
0
0.0
 -1.1407996218300525E+00 -2.3170985309886123E+00 3.8420614944644871E-01
 8.8491882854776875E-03 -5.5896374123068195E-03 -1.5261111210152229E-03
0
0.0
 -1.1407996218300525E+00 -2.3170985309886123E+00 3.8420614944644871E-01
 8.7768519928652072E-03 -5.6951308552235401E-03 -1.4900131889075199E-03
0
0.0
 -1.1407996218300525E+00 -2.3170985309886123E+00 3.8420614944644871E-01
 8.8276778828507291E-03 -5.8699413631633710E-03 -1.6648364528823027E-03
0
0.0
 -1.1407996218300525E+00 -2.3170985309886123E+00 3.8420614944644871E-01
 8.7117698445282801E-03 -5.9733105718948343E-03 -1.6691779002996276E-03
0
0.0
 -1.1407996218300525E+00 -2.3170985309886123E+00 3.8420614944644871E-01
 8.5613387054482674E-03 -5.9105104705880910E-03 -1.6119829794205033E-03
0
0.0
 -1.1407996218300525E+00 -2.3170985309886123E+00 3.8420614944644871E-01
 8.7213673153111512E-03 -5.7027565618827372E-03 -1.4652617909206936E-03
0
0.0
 -1.1407996218300525E+00 -2.3170985309886123E+00 3.8420614944644871E-01
 8.6319628670804335E-03 -5.9119696100452968E-03 -1.8481287610056091E-03
0
0.0
 -1.1407996218300525E+00 -2.3170985309886123E+00 3.8420614944644871E-01
 8.8236629687950090E-03 -5.9198237098004539E-03 -1.6712340509524950E-03
0
0.0
 -1.1407996218300525E+00 -2.3170985309886123E+00 3.8420614944644871E-01
 8.8569586784093390E-03 -5.7958339945788631E-03 -1.6555483366044394E-03
0
0.0
 -1.1407996218300525E+00 -2.3170985309886123E+00 3.8420614944644871E-01
 8.7463486852494207E-03 -5.7894131241323062E-03 -1.4946744061178885E-03
0
0.0
 -1.1407996218300525E+00 -2.3170985309886123E+00 3.8420614944644871E-01
 8.9457161112996997E-03 -5.9014584546999349E-03 -1.5957709403750606E-03
0
0.0
 -1.1407996218300525E+00 -2.3170985309886123E+00 3.8420614944644871E-01
 8.6294752321360198E-03 -5.9759437014906026E-03 -1.6746634738737975E-03
0
0.0
 -1.1407996218300525E+00 -2.3170985309886123E+00 3.8420614944644871E-01
 8.6982081370415038E-03 -5.9818287364425023E-03 -1.6328020701155922E-03
0
0.0
 -1.1407996218300525E+00 -2.3170985309886123E+00 3.8420614944644871E-01
 8.8858256369436280E-03 -5.7392161808119584E-03 -1.7384344961614965E-03
0
0.0
 -1.1407996218300525E+00 -2.3170985309886123E+00 3.8420614944644871E-01
 8.5625979125383157E-03 -5.9948955807868380E-03 -1.7760669702412209E-03
0
0.0
 -1.1407996218300525E+00 -2.3170985309886123E+00 3.8420614944644871E-01
 8.7910197413495258E-03 -6.0010598452302968E-03 -1.6790549065320993E-03
0
0.0
 -1.1407996218300525E+00 -2.3170985309886123E+00 3.8420614944644871E-01
 8.8168546394955232E-03 -5.8313623255102417E-03 -1.6492062566205834E-03
0
0.0
 -1.1407996218300525E+00 -2.3170985309886123E+00 3.8420614944644871E-01
 8.5592519238381522E-03 -6.1055103903189982E-03 -1.7146089159051964E-03
0
0.0
 -1.1407996218300525E+00 -2.3170985309886123E+00 3.8420614944644871E-01
 8.7501813137907097E-03 -6.0327518067502910E-03 -1.5447970697250618E-03
0
0.0
 -1.1407996218300525E+00 -2.3170985309886123E+00 3.8420614944644871E-01
 8.8058493672693462E-03 -5.8515674854849146E-03 -1.4240045633299634E-03
0
0.0
 -1.1407996218300525E+00 -2.3170985309886123E+00 3.8420614944644871E-01
 8.6534201494639206E-03 -5.6065747007311966E-03 -1.6431474633734457E-03
0
0.0
 -1.1407996218300525E+00 -2.3170985309886123E+00 3.8420614944644871E-01
 8.8541120687918220E-03 -6.0197011974265453E-03 -1.4376065231391745E-03
0
0.0
 -1.1407996218300525E+00 -2.3170985309886123E+00 3.8420614944644871E-01
 8.8621090274386676E-03 -5.9454208811328462E-03 -1.6953112708538213E-03
0
0.0
 -1.1407996218300525E+00 -2.3170985309886123E+00 3.8420614944644871E-01
 8.6776124418960661E-03 -5.9191976471058656E-03 -1.5694200216443592E-03
0
0.0
 -1.1407996218300525E+00 -2.3170985309886123E+00 3.8420614944644871E-01
 8.8384276579160752E-03 -5.9434327186067065E-03 -1.5870581393792843E-03
0
0.0
 -1.1407996218300525E+00 -2.3170985309886123E+00 3.8420614944644871E-01
 8.7199385196556432E-03 -5.9333671945165792E-03 -1.4945931622669484E-03
0
0.0
 -1.1407996218300525E+00 -2.3170985309886123E+00 3.8420614944644871E-01
 8.8037044481761688E-03 -6.0391622666965804E-03 -1.8012679230442990E-03
0
0.0
 -1.1407996218300525E+00 -2.3170985309886123E+00 3.8420614944644871E-01
 8.9486047693007453E-03 -5.8560673236030120E-03 -1.8170772090179154E-03
0
0.0
 -1.1407996218300525E+00 -2.3170985309886123E+00 3.8420614944644871E-01
 8.9342361172655912E-03 -5.8354762934655800E-03 -1.6383489002938206E-03
0
0.0
 -1.1407996218300525E+00 -2.3170985309886123E+00 3.8420614944644871E-01
 8.8830671153999688E-03 -6.1842248044559865E-03 -1.7478881774989562E-03
0
0.0
 -1.1407996218300525E+00 -2.3170985309886123E+00 3.8420614944644871E-01
 8.9653023920925334E-03 -5.7895040617000253E-03 -1.4464361862625255E-03
0
0.0
 -1.1407996218300525E+00 -2.3170985309886123E+00 3.8420614944644871E-01
 8.9067856452983134E-03 -5.6518504666876095E-03 -1.6394402122445332E-03
0
0.0
 -1.1407996218300525E+00 -2.3170985309886123E+00 3.8420614944644871E-01
 8.7284063067952708E-03 -6.0315149637792040E-03 -1.7715916553519549E-03
0
0.0
 -1.1407996218300525E+00 -2.3170985309886123E+00 3.8420614944644871E-01
 9.0514475897673381E-03 -6.0298984626890803E-03 -1.5236282977202620E-03
0
0.0
 -1.1407996218300525E+00 -2.3170985309886123E+00 3.8420614944644871E-01
 8.9906637174512107E-03 -5.7362510791523673E-03 -1.6774316011350838E-03
0
0.0
 -1.1407996218300525E+00 -2.3170985309886123E+00 3.8420614944644871E-01
 8.7189080313505030E-03 -5.6603650964373821E-03 -1.7896885420903418E-03
0
0.0
 -1.1407996218300525E+00 -2.3170985309886123E+00 3.8420614944644871E-01
 8.6990464956146832E-03 -5.9130249725414157E-03 -1.6598913585498564E-03
0
0.0
 -1.1407996218300525E+00 -2.3170985309886123E+00 3.8420614944644871E-01
 8.7247115787225764E-03 -5.9785539377457614E-03 -1.7604276781230167E-03
0
0.0
 -1.1407996218300525E+00 -2.3170985309886123E+00 3.8420614944644871E-01
 8.6806311569089037E-03 -5.9558537589537415E-03 -1.3744073019130252E-03
0
0.0
 -1.1407996218300525E+00 -2.3170985309886123E+00 3.8420614944644871E-01
 8.7967060294361459E-03 -5.9211804001294867E-03 -1.6073759825136183E-03
0
0.0
 -1.1407996218300525E+00 -2.3170985309886123E+00 3.8420614944644871E-01
 8.9333559036721324E-03 -6.0622469869667473E-03 -1.5446935006737687E-03
0
0.0
 -1.1407996218300525E+00 -2.3170985309886123E+00 3.8420614944644871E-01
 8.6056356378660277E-03 -5.7578895702711562E-03 -1.6846332304771177E-03
0
0.0
 -1.1407996218300525E+00 -2.3170985309886123E+00 3.8420614944644871E-01
 8.8329055406661510E-03 -5.8013500724593426E-03 -1.8877849574971501E-03
0
0.0
 -1.1407996218300525E+00 -2.3170985309886123E+00 3.8420614944644871E-01
 8.9132961989809370E-03 -5.9326380495861334E-03 -1.6922240220915445E-03
0
0.0
 -1.1407996218300525E+00 -2.3170985309886123E+00 3.8420614944644871E-01
 8.9607913520811135E-03 -5.8498314689028295E-03 -1.7746728706764007E-03
0
0.0
 -1.1407996218300525E+00 -2.3170985309886123E+00 3.8420614944644871E-01
 8.7070193775493181E-03 -5.8699253280071672E-03 -1.5705437256300207E-03
0
0.0
 -1.1407996218300525E+00 -2.3170985309886123E+00 3.8420614944644871E-01
 9.0389211554292755E-03 -5.8675602619429361E-03 -1.7655155329716218E-03
0
0.0
 -1.1407996218300525E+00 -2.3170985309886123E+00 3.8420614944644871E-01
 8.6872722941572899E-03 -6.2032982146049010E-03 -1.6560698861432181E-03
0
0.0
 -1.1407996218300525E+00 -2.3170985309886123E+00 3.8420614944644871E-01
 8.5756959112253863E-03 -5.8782366435319667E-03 -1.3943045489604256E-03
0
0.0
 -1.1407996218300525E+00 -2.3170985309886123E+00 3.8420614944644871E-01
 8.9435792965875619E-03 -5.8336686846916898E-03 -1.5007060812632703E-03
0
0.0
 -1.1407996218300525E+00 -2.3170985309886123E+00 3.8420614944644871E-01
 8.5355964076501509E-03 -6.1337302249774850E-03 -1.6580517669999143E-03
0
0.0
 -1.1407996218300525E+00 -2.3170985309886123E+00 3.8420614944644871E-01
 8.7234772392182896E-03 -5.9421866455959520E-03 -1.5275513596655123E-03
0
0.0
 -1.1407996218300525E+00 -2.3170985309886123E+00 3.8420614944644871E-01
 9.0037494706120824E-03 -5.7639617300967892E-03 -1.5400829975515636E-03
0
0.0
 -1.1407996218300525E+00 -2.3170985309886123E+00 3.8420614944644871E-01
 8.7810693125930581E-03 -5.8025520462745466E-03 -1.5801914636878057E-03
0
0.0
 -1.1407996218300525E+00 -2.3170985309886123E+00 3.8420614944644871E-01
 8.7620592223955074E-03 -5.9893910491589557E-03 -1.6633311999574220E-03
0
0.0
 -1.1407996218300525E+00 -2.3170985309886123E+00 3.8420614944644871E-01
 8.8694314850976744E-03 -5.8864922875833678E-03 -1.6258594473733607E-03
0
0.0
 -1.1407996218300525E+00 -2.3170985309886123E+00 3.8420614944644871E-01
 8.7111341351891192E-03 -5.9903212103342447E-03 -1.8035479494014238E-03
0
0.0
 -1.1407996218300525E+00 -2.3170985309886123E+00 3.8420614944644871E-01
 8.7856469001118317E-03 -5.9739561688303203E-03 -1.7072853482062523E-03
0
0.0
 -1.1407996218300525E+00 -2.3170985309886123E+00 3.8420614944644871E-01
 8.8158605756356138E-03 -5.8757468043488187E-03 -1.4383992738902702E-03
0
0.0
 -1.1407996218300525E+00 -2.3170985309886123E+00 3.8420614944644871E-01
 8.6718385947986160E-03 -6.0495746229080371E-03 -1.5912039000971652E-03
0
0.0
 -1.1407996218300525E+00 -2.3170985309886123E+00 3.8420614944644871E-01
 8.8244441997866845E-03 -5.9564930173057976E-03 -1.5402315198178322E-03
0
0.0
 -1.1407996218300525E+00 -2.3170985309886123E+00 3.8420614944644871E-01
 8.8322883290627794E-03 -5.8355026706913386E-03 -1.3474723102037643E-03
0
0.0
 -1.1407996218300525E+00 -2.3170985309886123E+00 3.8420614944644871E-01
 8.8767481729268329E-03 -5.8862943914821464E-03 -1.6145846657406148E-03
0
0.0
 -1.1407996218300525E+00 -2.3170985309886123E+00 3.8420614944644871E-01
 8.6195122811380653E-03 -5.9323375666426601E-03 -1.5914097381473887E-03
0
0.0
 -1.1407996218300525E+00 -2.3170985309886123E+00 3.8420614944644871E-01
 8.6850357143767286E-03 -5.7672628322052635E-03 -1.4005319352445728E-03
0
0.0
 -1.1407996218300525E+00 -2.3170985309886123E+00 3.8420614944644871E-01
 8.8610154315332309E-03 -5.6061588547084906E-03 -1.6712429324570457E-03
0
0.0
 -1.1407996218300525E+00 -2.3170985309886123E+00 3.8420614944644871E-01
 8.6089788252374875E-03 -5.9459119063178609E-03 -1.5464962824407026E-03
0
0.0
 -1.1407996218300525E+00 -2.3170985309886123E+00 3.8420614944644871E-01
 8.8226758364809334E-03 -5.8749024365799141E-03 -1.5526102134336883E-03
0
0.0
 -1.1407996218300525E+00 -2.3170985309886123E+00 3.8420614944644871E-01
 8.9258158463671970E-03 -5.7884618390645079E-03 -1.5751662834524464E-03
0
0.0
 -1.1407996218300525E+00 -2.3170985309886123E+00 3.8420614944644871E-01
 8.7323500337086832E-03 -5.8594853218964342E-03 -1.5612128500192793E-03
0
0.0
 -1.1407996218300525E+00 -2.3170985309886123E+00 3.8420614944644871E-01
 8.6548118600511103E-03 -5.9508217914152018E-03 -1.5234222049914619E-03
0
0.0
 -1.1407996218300525E+00 -2.3170985309886123E+00 3.8420614944644871E-01
 8.7017945430435603E-03 -6.0787716624572429E-03 -1.7035386659650118E-03
0
0.0
 -1.1407996218300525E+00 -2.3170985309886123E+00 3.8420614944644871E-01
 8.7141052605444070E-03 -5.8961440396977389E-03 -1.4569888363290991E-03
0
0.0
 -1.1407996218300525E+00 -2.3170985309886123E+00 3.8420614944644871E-01
 8.6492309196944863E-03 -5.8388258671448487E-03 -1.8519758092384292E-03
0
0.0
 -1.1407996218300525E+00 -2.3170985309886123E+00 3.8420614944644871E-01
 8.8688525712968796E-03 -5.9579687066854360E-03 -1.6473942736969288E-03
0
0.0
 -1.1407996218300525E+00 -2.3170985309886123E+00 3.8420614944644871E-01
 8.6531140326463005E-03 -6.1008573986412783E-03 -1.7241450173010272E-03
0
0.0
 -1.1407996218300525E+00 -2.3170985309886123E+00 3.8420614944644871E-01
 8.9141701885007939E-03 -6.1599002694579606E-03 -1.7096239459397592E-03
0
0.0
 -1.1407996218300525E+00 -2.3170985309886123E+00 3.8420614944644871E-01
 8.8069542683078730E-03 -5.9606091499497318E-03 -1.6221795748751382E-03
0
0.0
 -1.1407996218300525E+00 -2.3170985309886123E+00 3.8420614944644871E-01
 8.5855195244728851E-03 -6.0740279375234183E-03 -1.4552682815852272E-03
0
0.0
 -1.1407996218300525E+00 -2.3170985309886123E+00 3.8420614944644871E-01
 8.6073213775881997E-03 -5.8727788439273017E-03 -1.3410902120926963E-03
0
0.0
 -1.1407996218300525E+00 -2.3170985309886123E+00 3.8420614944644871E-01
 8.7024569602966676E-03 -5.9924355836934598E-03 -1.4791695995866729E-03
0
0.0
 -1.1407996218300525E+00 -2.3170985309886123E+00 3.8420614944644871E-01
 8.7208581769956470E-03 -5.9721976643514647E-03 -1.3876664027206087E-03
0
0.0
 -1.1407996218300525E+00 -2.3170985309886123E+00 3.8420614944644871E-01
 8.5530651787506830E-03 -5.6830818015655999E-03 -1.5405961044957436E-03
0
0.0
 -1.1407996218300525E+00 -2.3170985309886123E+00 3.8420614944644871E-01
 8.6870390018566560E-03 -6.0408146668206346E-03 -1.5689648582617309E-03
0
0.0
 -1.1407996218300525E+00 -2.3170985309886123E+00 3.8420614944644871E-01
 8.8041289025145384E-03 -5.9629373509782558E-03 -1.6336435252566602E-03
0
0.0
 -1.1407996218300525E+00 -2.3170985309886123E+00 3.8420614944644871E-01
 8.6059170654882427E-03 -5.7370678167042635E-03 -1.8195250168223237E-03
0
0.0
 -1.1407996218300525E+00 -2.3170985309886123E+00 3.8420614944644871E-01
 8.5250632272602066E-03 -6.0264523915838216E-03 -1.7626928250436612E-03
0
0.0
 -1.1407996218300525E+00 -2.3170985309886123E+00 3.8420614944644871E-01
 8.8073852707603248E-03 -5.9195363073491014E-03 -1.6512598942751097E-03
0
0.0
 -1.1407996218300525E+00 -2.3170985309886123E+00 3.8420614944644871E-01
 8.8524652566841621E-03 -5.5953079742526585E-03 -1.5106290339995758E-03
0
0.0
 -1.1407996218300525E+00 -2.3170985309886123E+00 3.8420614944644871E-01
 8.8975986253760058E-03 -5.8724018254266786E-03 -1.7011311086028657E-03
0
0.0
 -1.1407996218300525E+00 -2.3170985309886123E+00 3.8420614944644871E-01
 8.8506614096369122E-03 -5.7299988640906003E-03 -1.5422682238586578E-03
0
0.0
 -1.1407996218300525E+00 -2.3170985309886123E+00 3.8420614944644871E-01
 8.5792436257538206E-03 -6.1234977919983336E-03 -1.6352020200865853E-03
0
0.0
 -1.1407996218300525E+00 -2.3170985309886123E+00 3.8420614944644871E-01
 8.6152046325995522E-03 -5.8041444465456067E-03 -1.3824536497651896E-03
0
0.0
 -1.1407996218300525E+00 -2.3170985309886123E+00 3.8420614944644871E-01
 8.7616110114204261E-03 -5.8407039005738282E-03 -1.6723635240297003E-03
0
0.0
 -1.1407996218300525E+00 -2.3170985309886123E+00 3.8420614944644871E-01
 8.6859869934406437E-03 -6.0159678431375213E-03 -1.7251366178367622E-03
0
0.0
 -1.1407996218300525E+00 -2.3170985309886123E+00 3.8420614944644871E-01
 8.8115997534895848E-03 -5.9013233073467643E-03 -1.5999467251965769E-03
0
0.0
 -1.1407996218300525E+00 -2.3170985309886123E+00 3.8420614944644871E-01
 8.9237958571557804E-03 -5.8901820561145643E-03 -1.5198122381742858E-03
0
0.0
 -1.1407996218300525E+00 -2.3170985309886123E+00 3.8420614944644871E-01
 8.7860649002750608E-03 -5.9332615086130644E-03 -1.6683949005134098E-03
0
0.0
 -1.1407996218300525E+00 -2.3170985309886123E+00 3.8420614944644871E-01
 8.9441119374490258E-03 -5.8946983517969365E-03 -1.5766175847176441E-03
0
0.0
 -1.1407996218300525E+00 -2.3170985309886123E+00 3.8420614944644871E-01
 8.7710013083461061E-03 -5.8726599660114164E-03 -1.5709030155042043E-03
0
0.0
 -1.1407996218300525E+00 -2.3170985309886123E+00 3.8420614944644871E-01
 8.8591286850580996E-03 -5.9512560088406333E-03 -1.6108347134846780E-03
0
0.0
 -1.1407996218300525E+00 -2.3170985309886123E+00 3.8420614944644871E-01
 8.7424750971895841E-03 -5.9090466991284733E-03 -1.6304950165911115E-03
0
0.0
 -1.1407996218300525E+00 -2.3170985309886123E+00 3.8420614944644871E-01
 8.9287623483895392E-03 -5.9492414483947285E-03 -1.8739349766732612E-03
0
0.0
 -1.1407996218300525E+00 -2.3170985309886123E+00 3.8420614944644871E-01
 8.7460681946850780E-03 -5.6331465740328684E-03 -1.6553239502624462E-03
0
0.0
 -1.1407996218300525E+00 -2.3170985309886123E+00 3.8420614944644871E-01
 8.8789729630756216E-03 -6.0241256255674632E-03 -1.4054124881055202E-03
0
0.0
 -1.1407996218300525E+00 -2.3170985309886123E+00 3.8420614944644871E-01
 8.9522660796725329E-03 -6.0029249512768270E-03 -1.6067285266248346E-03
0
0.0
 -1.1407996218300525E+00 -2.3170985309886123E+00 3.8420614944644871E-01
 8.6414684008394964E-03 -5.8631866692805861E-03 -1.4795340827793357E-03
0
0.0
 -1.1407996218300525E+00 -2.3170985309886123E+00 3.8420614944644871E-01
 8.6855491740518761E-03 -5.9498879673354306E-03 -1.7883724505832869E-03
0
0.0
 -1.1407996218300525E+00 -2.3170985309886123E+00 3.8420614944644871E-01
 8.8595985793032943E-03 -5.9498325676776605E-03 -1.8003965956969739E-03
0
0.0
 -1.1407996218300525E+00 -2.3170985309886123E+00 3.8420614944644871E-01
 8.7721294262858140E-03 -5.7435213291369188E-03 -1.7582400143260186E-03
0
0.0
 -1.1407996218300525E+00 -2.3170985309886123E+00 3.8420614944644871E-01
 8.8652796375891674E-03 -6.2025535548439576E-03 -1.4721177362526678E-03
0
0.0
 -1.1407996218300525E+00 -2.3170985309886123E+00 3.8420614944644871E-01
 8.6935484272489261E-03 -5.9631617376781016E-03 -1.7822937808219747E-03
0
0.0
 -1.1407996218300525E+00 -2.3170985309886123E+00 3.8420614944644871E-01
 8.8551426681126779E-03 -5.9421266545267625E-03 -1.3839883873114479E-03
0
0.0
 -1.1407996218300525E+00 -2.3170985309886123E+00 3.8420614944644871E-01
 8.6421692413347628E-03 -5.9715140411352339E-03 -1.6767859776882234E-03
0
0.0
 -1.1407996218300525E+00 -2.3170985309886123E+00 3.8420614944644871E-01
 8.8387269656745055E-03 -5.8919911419471806E-03 -1.6561350951736751E-03
0
0.0
 -1.1407996218300525E+00 -2.3170985309886123E+00 3.8420614944644871E-01
 8.6450863882679366E-03 -6.0416171207404541E-03 -1.5267051526508901E-03
0
0.0
 -1.1407996218300525E+00 -2.3170985309886123E+00 3.8420614944644871E-01
 8.6263662777979668E-03 -6.1224668765366445E-03 -1.7895947294404783E-03
0
0.0
 -1.1407996218300525E+00 -2.3170985309886123E+00 3.8420614944644871E-01
 8.7169998644951556E-03 -5.8863828937807394E-03 -1.5885338926882443E-03
0
0.0
 -1.1407996218300525E+00 -2.3170985309886123E+00 3.8420614944644871E-01
 8.7198956175561972E-03 -5.9623759615432129E-03 -1.6364730497832247E-03
0
0.0
 -1.1407996218300525E+00 -2.3170985309886123E+00 3.8420614944644871E-01
 8.7614230525119557E-03 -5.9432264552028756E-03 -1.5486675958834911E-03
0
0.0
 -1.1407996218300525E+00 -2.3170985309886123E+00 3.8420614944644871E-01
 8.8941981459712324E-03 -6.0581580057643891E-03 -1.5398147491332943E-03
0
0.0
 -1.1407996218300525E+00 -2.3170985309886123E+00 3.8420614944644871E-01
 8.6941770386053420E-03 -5.8661203922545941E-03 -1.5889275673233825E-03
0
0.0
 -1.1407996218300525E+00 -2.3170985309886123E+00 3.8420614944644871E-01
 8.8776031679724757E-03 -5.6361778223498801E-03 -1.5617261937952600E-03
0
0.0
 -1.1407996218300525E+00 -2.3170985309886123E+00 3.8420614944644871E-01
 8.6875708240249181E-03 -5.9204696190074835E-03 -1.8830117689987529E-03
0
0.0
 -1.1407996218300525E+00 -2.3170985309886123E+00 3.8420614944644871E-01
 8.7825291213571108E-03 -6.0119508954170429E-03 -1.6721646303657310E-03
0
0.0
 -1.1407996218300525E+00 -2.3170985309886123E+00 3.8420614944644871E-01
 8.6952561189139171E-03 -6.0520916670919684E-03 -1.7587042496250780E-03
0
0.0
 -1.1407996218300525E+00 -2.3170985309886123E+00 3.8420614944644871E-01
 8.5160438360801036E-03 -5.7078094916709178E-03 -1.5758716105247579E-03
0
0.0
 -1.1407996218300525E+00 -2.3170985309886123E+00 3.8420614944644871E-01
 9.0415373930384894E-03 -5.7645925350620743E-03 -1.5322282450256257E-03
0
0.0
 -1.1407996218300525E+00 -2.3170985309886123E+00 3.8420614944644871E-01
 8.6300141677667364E-03 -5.7091955337246836E-03 -1.6173180325480267E-03
0
0.0
 -1.1407996218300525E+00 -2.3170985309886123E+00 3.8420614944644871E-01
 8.6766776247472008E-03 -5.6849816977409071E-03 -1.5662860528593472E-03
0
0.0
 -1.1407996218300525E+00 -2.3170985309886123E+00 3.8420614944644871E-01
 8.5538348193455599E-03 -5.9142838488412397E-03 -1.5426195453697028E-03
0
0.0
 -1.1407996218300525E+00 -2.3170985309886123E+00 3.8420614944644871E-01
 8.9314461534826632E-03 -5.9003915226017792E-03 -1.7575385593901272E-03
0
0.0
 -1.1407996218300525E+00 -2.3170985309886123E+00 3.8420614944644871E-01
 8.8227780675809546E-03 -6.1006746506552384E-03 -1.3753971561780045E-03
0
0.0
 -1.1407996218300525E+00 -2.3170985309886123E+00 3.8420614944644871E-01
 8.7252934303602928E-03 -5.8601031431259739E-03 -1.6057222426552457E-03
0
0.0
 -1.1407996218300525E+00 -2.3170985309886123E+00 3.8420614944644871E-01
 8.7896050617954444E-03 -5.9507422944491822E-03 -1.3990225641375750E-03
0
0.0
 -1.1407996218300525E+00 -2.3170985309886123E+00 3.8420614944644871E-01
 8.7591739268346510E-03 -6.0552349872238197E-03 -1.4171596938887016E-03
0
0.0




