20
-1
1
 -0.06432052  -0.99759663  -0.02576511  1.49191100e-04
  0.45497778  -0.29140434   0.84147414  1.48507127e-04
  0.27512850   0.93976436  -0.20284787  1.96278887e-04
 -0.09895122   0.82714187  -0.55321333  2.78754353e-04
  0.05472055  -0.96387261  -0.26068228  1.48359063e-04
 -0.51898597   0.85146508   0.07523810  3.82553221e-04
 -0.86264441   0.35787275  -0.35745169  1.70680850e-04
 -0.86514717  -0.34170314  -0.36709581  3.73528053e-04
  0.36402306   0.89618251  -0.25366143  2.08154706e-04
 -0.25601558  -0.79377987  -0.55169696  2.52544774e-04
 -0.25984487   0.86266390  -0.43392584  3.63934804e-04
 -0.57969942  -0.00326493   0.81482386  2.90017152e-04
 -0.13390768   0.61834926   0.77441134  1.63766149e-04
 -0.30389182   0.88638557  -0.34924259  1.49420879e-04
  0.22358071  -0.91415039  -0.33814306  4.65306400e-04
  0.92085667   0.18624683  -0.34254213  5.80761241e-04
  0.23423440  -0.83831209   0.49230792  2.16214170e-04
 -0.83533535  -0.48988139   0.24946156  1.85820646e-04
  0.50121583  -0.23625076  -0.83244716  6.27311257e-04
  0.45637288  -0.87882614   0.13924229  1.63723604e-04
