20
 -1.1407996218300525E+00 -2.3170985309886123E+00 3.8420614944644871E-01
 8.6666912389109681E-03 -6.0500360045890418E-03 -1.5473679488400391E-03
0
0.0
 -1.1407996218300525E+00 -2.3170985309886123E+00 3.8420614944644871E-01
 8.9457732857502574E-03 -5.7820066828505306E-03 -1.8705367987130264E-03
0
0.0
 -1.1407996218300525E+00 -2.3170985309886123E+00 3.8420614944644871E-01
 8.6128746192011291E-03 -5.8659066047033869E-03 -1.4809622451209556E-03
0
0.0
 -1.1407996218300525E+00 -2.3170985309886123E+00 3.8420614944644871E-01
 8.7200439746686360E-03 -5.9257064556616857E-03 -1.4630357435108897E-03
0
0.0
 -1.1407996218300525E+00 -2.3170985309886123E+00 3.8420614944644871E-01
 8.6097042479400740E-03 -5.9077995976429976E-03 -1.7354427038671319E-03
0
0.0
 -1.1407996218300525E+00 -2.3170985309886123E+00 3.8420614944644871E-01
 8.9458150626364839E-03 -6.0511374733830591E-03 -1.5153239060862887E-03
0
0.0
 -1.1407996218300525E+00 -2.3170985309886123E+00 3.8420614944644871E-01
 8.6321565648036207E-03 -5.6772159084078726E-03 -1.7386099149705341E-03
0
0.0
 -1.1407996218300525E+00 -2.3170985309886123E+00 3.8420614944644871E-01
 8.5504998490011086E-03 -5.9852138906375026E-03 -1.6292286876099463E-03
0
0.0
 -1.1407996218300525E+00 -2.3170985309886123E+00 3.8420614944644871E-01
 8.6465652045880637E-03 -5.9198476953952117E-03 -1.5687469234999265E-03
0
0.0
 -1.1407996218300525E+00 -2.3170985309886123E+00 3.8420614944644871E-01
 8.8526458818958213E-03 -5.8181571637506138E-03 -1.4851576171054477E-03
0
0.0
 -1.1407996218300525E+00 -2.3170985309886123E+00 3.8420614944644871E-01
 8.7257496141134750E-03 -5.8166120491623032E-03 -1.4330953003334646E-03
0
0.0
 -1.1407996218300525E+00 -2.3170985309886123E+00 3.8420614944644871E-01
 8.6601408066594669E-03 -5.8845310757711456E-03 -1.9150947932639658E-03
0
0.0
 -1.1407996218300525E+00 -2.3170985309886123E+00 3.8420614944644871E-01
 8.8090191067919689E-03 -5.9681585812410287E-03 -1.6059125364594937E-03
0
0.0
 -1.1407996218300525E+00 -2.3170985309886123E+00 3.8420614944644871E-01
 8.9761040277836004E-03 -5.9540429072050434E-03 -1.3744333365859774E-03
0
0.0
 -1.1407996218300525E+00 -2.3170985309886123E+00 3.8420614944644871E-01
 8.8786220655199029E-03 -5.7666206959487943E-03 -1.5610950898807059E-03
0
0.0
 -1.1407996218300525E+00 -2.3170985309886123E+00 3.8420614944644871E-01
 8.7751199331692880E-03 -5.9060605348041023E-03 -1.5790724718644528E-03
0
0.0
 -1.1407996218300525E+00 -2.3170985309886123E+00 3.8420614944644871E-01
 8.9087934218978777E-03 -5.8509298892168663E-03 -1.3404319640827754E-03
0
0.0
 -1.1407996218300525E+00 -2.3170985309886123E+00 3.8420614944644871E-01
 8.8510582786608064E-03 -5.6784792372990287E-03 -1.5405069156878147E-03
0
0.0
 -1.1407996218300525E+00 -2.3170985309886123E+00 3.8420614944644871E-01
 8.8740547340492564E-03 -5.9747328150932689E-03 -1.6416126236309505E-03
0
0.0
 -1.1407996218300525E+00 -2.3170985309886123E+00 3.8420614944644871E-01
 9.0486080981552700E-03 -5.8052354187757031E-03 -1.7746047732686207E-03
0
0.0
