20
-1
1
  0.78785623  -0.58661635  -0.18752018  6.47317000e-04
  0.56723588   0.14067911  -0.81145108  1.52591926e-04
 -0.50719093   0.72809360   0.46112587  1.99802798e-04
  0.40811162  -0.09418560  -0.90806056  2.37655276e-04
  0.25064127   0.52641454  -0.81244488  4.75969843e-04
  0.56205424  -0.64083596   0.52289990  2.26639482e-04
  0.06574657   0.86767935   0.49275748  1.79878391e-04
  0.15009508   0.21212575  -0.96564700  1.76622287e-04
  0.60027670   0.42056245   0.68029046  4.46804965e-04
 -0.89629529  -0.35246914  -0.26911014  2.67422870e-04
  0.44637852   0.78878745  -0.42256428  2.19896704e-04
 -0.42786718   0.27448151  -0.86115595  1.86216956e-04
  0.03398630   0.33228387  -0.94256690  1.94979817e-04
  0.28486589   0.77737235   0.56084191  4.28109124e-04
  0.78536979  -0.49735891  -0.36854905  1.98989639e-04
 -0.75613208  -0.18829030   0.62674640  7.46152899e-04
 -0.65891878   0.24580094   0.71092048  3.72408500e-04
 -0.17302814  -0.94950443   0.26173002  1.56202931e-04
  0.35049885   0.87152931  -0.34290994  2.39947301e-04
  0.17962217  -0.85915211   0.47915918  2.57310402e-04
