50
-1
1
 -0.24501857  -0.91759535   0.31302505  2.32145104e-04
  0.97730970   0.21143630   0.01266622  1.60824374e-04
  0.12798100  -0.88393004  -0.44976498  4.50929699e-04
  0.23357949  -0.60855595  -0.75835367  2.01384748e-04
  0.60611995  -0.78364413   0.13608997  3.11446624e-04
 -0.05864880   0.13943532  -0.98849285  2.55817285e-04
 -0.88992165  -0.45381877   0.04569451  3.66300682e-04
 -0.10763362   0.73826122   0.66587189  3.15314542e-04
 -0.61566236   0.74690863  -0.25117197  1.65034661e-04
 -0.55113061   0.60988599   0.56946828  3.58591887e-04
  0.45471076   0.88853783  -0.06114444  6.54960968e-04
  0.39605107  -0.76646742   0.50563944  2.85200638e-04
  0.58012968   0.41763566  -0.69930681  2.04408678e-04
  0.17722454  -0.05387294  -0.98269485  1.68739405e-04
  0.27135784  -0.14644261   0.95127256  2.44753467e-04
 -0.03589087   0.43987424  -0.89734191  2.27648686e-04
 -0.68269329   0.02119801  -0.73039751  3.56519482e-04
 -0.39730145  -0.67030534  -0.62677134  3.47923669e-04
  0.86364084   0.14245376  -0.48356118  1.91631630e-04
 -0.12160021   0.05182872  -0.99122509  1.50659116e-04
  0.06971226  -0.93860941  -0.33786474  2.55994944e-04
 -0.19753918   0.52782705   0.82606106  1.77973342e-04
 -0.71137219   0.14602495  -0.68747823  1.73248222e-04
  0.31089519  -0.92908884   0.20034498  3.17746649e-04
 -0.52159236   0.19411633  -0.83081903  2.21577054e-04
  0.99694342  -0.01897599   0.07578738  1.59773557e-04
  0.76632155  -0.60806105   0.20739584  4.87426961e-04
 -0.34021438   0.89410978  -0.29124198  6.88400698e-04
  0.66315365  -0.34112127   0.66623083  3.06623474e-04
  0.89809761   0.39512602   0.19312201  1.71919201e-04
 -0.90367391   0.14401112  -0.40327937  2.59035912e-04
  0.65133931  -0.75869178   0.01199533  2.02859842e-04
  0.72298277  -0.63239531  -0.27815838  1.63272706e-04
 -0.35212793   0.09700442   0.93091141  6.89036085e-04
 -0.94882387  -0.09385739  -0.30153616  1.61125080e-04
  0.25105890  -0.03725434  -0.96725464  2.16669810e-04
 -0.73107189   0.35990142   0.57965926  1.67555220e-04
 -0.40802413   0.89816904   0.16373357  1.77612811e-04
 -0.21095047  -0.79373846   0.57050780  1.53768356e-04
 -0.73688448  -0.41149259  -0.53635353  2.08486631e-04
 -0.01177243   0.44752000  -0.89419643  2.42974894e-04
 -0.37496116   0.80491482  -0.45990897  6.32135487e-04
  0.49026731  -0.87130317   0.02165069  1.71653903e-04
 -0.73653769  -0.28488620   0.61347541  1.74289476e-04
  0.58206038  -0.38249238   0.71756902  1.61454891e-04
  0.26803877   0.46961534   0.84119953  2.02311279e-04
 -0.48579489   0.05318858  -0.87245304  4.15220901e-04
  0.90806843   0.38391095  -0.16740403  3.63648225e-04
  0.46868455   0.73275487  -0.49336101  1.76298233e-04
 -0.19548694   0.97605366  -0.09541546  1.79688768e-04
