50
 -1.1407996218300525E+00 -2.3170985309886123E+00 3.8420614944644871E-01
 8.6644272066684139E-03 -6.0936096390729897E-03 -1.3705666261791803E-03
0
0.0
 -1.1407996218300525E+00 -2.3170985309886123E+00 3.8420614944644871E-01
 8.7551962340806054E-03 -6.0329755655137802E-03 -1.6906372671486084E-03
0
0.0
 -1.1407996218300525E+00 -2.3170985309886123E+00 3.8420614944644871E-01
 8.7077295541902744E-03 -5.9015108231283628E-03 -1.4586060527757940E-03
0
0.0
 -1.1407996218300525E+00 -2.3170985309886123E+00 3.8420614944644871E-01
 8.7913896263199873E-03 -5.8334973412554536E-03 -1.6251476686107952E-03
0
0.0
 -1.1407996218300525E+00 -2.3170985309886123E+00 3.8420614944644871E-01
 8.8340485828548344E-03 -5.9350664307482592E-03 -1.5791650164860220E-03
0
0.0
 -1.1407996218300525E+00 -2.3170985309886123E+00 3.8420614944644871E-01
 8.6675584412809342E-03 -5.8452004051736256E-03 -1.4917191474483023E-03
0
0.0
 -1.1407996218300525E+00 -2.3170985309886123E+00 3.8420614944644871E-01
 8.8498178659119440E-03 -6.1387269381910229E-03 -1.5378856320975303E-03
0
0.0
 -1.1407996218300525E+00 -2.3170985309886123E+00 3.8420614944644871E-01
 8.9130581072718266E-03 -5.8268957394042031E-03 -1.6341161090213737E-03
0
0.0
 -1.1407996218300525E+00 -2.3170985309886123E+00 3.8420614944644871E-01
 8.6959018633054226E-03 -5.9069137582632792E-03 -1.6229723345841025E-03
0
0.0
 -1.1407996218300525E+00 -2.3170985309886123E+00 3.8420614944644871E-01
 8.6887114579159794E-03 -5.8376059696303283E-03 -1.5938404502251642E-03
0
0.0
 -1.1407996218300525E+00 -2.3170985309886123E+00 3.8420614944644871E-01
 8.7612596667185939E-03 -5.9749210510061622E-03 -1.3775695833776792E-03
0
0.0
 -1.1407996218300525E+00 -2.3170985309886123E+00 3.8420614944644871E-01
 8.8629021642261541E-03 -5.9563742719966600E-03 -1.6336579602304574E-03
0
0.0
 -1.1407996218300525E+00 -2.3170985309886123E+00 3.8420614944644871E-01
 8.8329889115093489E-03 -6.0313708940748457E-03 -1.4851350796413164E-03
0
0.0
 -1.1407996218300525E+00 -2.3170985309886123E+00 3.8420614944644871E-01
 8.7448531174234255E-03 -5.7978387150143529E-03 -1.5809279121143033E-03
0
0.0
 -1.1407996218300525E+00 -2.3170985309886123E+00 3.8420614944644871E-01
 8.4470638327783110E-03 -5.9225662016121547E-03 -1.6555930563922380E-03
0
0.0
 -1.1407996218300525E+00 -2.3170985309886123E+00 3.8420614944644871E-01
 8.6082740877831583E-03 -5.7689060095189133E-03 -1.4197106734731813E-03
0
0.0
 -1.1407996218300525E+00 -2.3170985309886123E+00 3.8420614944644871E-01
 8.7986513949815451E-03 -5.8035856149519149E-03 -1.5449498702153415E-03
0
0.0
 -1.1407996218300525E+00 -2.3170985309886123E+00 3.8420614944644871E-01
 8.7282888986396981E-03 -5.9042440224779573E-03 -1.4580206663387977E-03
0
0.0
 -1.1407996218300525E+00 -2.3170985309886123E+00 3.8420614944644871E-01
 8.9605391044707602E-03 -5.9178332070535314E-03 -1.5009019112630342E-03
0
0.0
 -1.1407996218300525E+00 -2.3170985309886123E+00 3.8420614944644871E-01
 8.7468983199769992E-03 -5.8528495917176569E-03 -1.7136608029073215E-03
0
0.0
 -1.1407996218300525E+00 -2.3170985309886123E+00 3.8420614944644871E-01
 8.6320364429886259E-03 -5.9676812076076948E-03 -1.8352893259435796E-03
0
0.0
 -1.1407996218300525E+00 -2.3170985309886123E+00 3.8420614944644871E-01
 8.9360402291381938E-03 -5.7691333787771573E-03 -1.6398962617952661E-03
0
0.0
 -1.1407996218300525E+00 -2.3170985309886123E+00 3.8420614944644871E-01
 8.7884524400432176E-03 -5.8898693549181650E-03 -1.6415724973813607E-03
0
0.0
 -1.1407996218300525E+00 -2.3170985309886123E+00 3.8420614944644871E-01
 8.8319014640705091E-03 -6.1011012858493948E-03 -1.5469998804518825E-03
0
0.0
 -1.1407996218300525E+00 -2.3170985309886123E+00 3.8420614944644871E-01
 8.7968645045543702E-03 -5.9072757159570576E-03 -1.6266541777966155E-03
0
0.0
 -1.1407996218300525E+00 -2.3170985309886123E+00 3.8420614944644871E-01
 8.8156336780050460E-03 -5.9899249360884487E-03 -1.4824552929443523E-03
0
0.0
 -1.1407996218300525E+00 -2.3170985309886123E+00 3.8420614944644871E-01
 9.0797896549669674E-03 -5.9726965467786037E-03 -1.7491563874029036E-03
0
0.0
 -1.1407996218300525E+00 -2.3170985309886123E+00 3.8420614944644871E-01
 8.5357756370440813E-03 -6.0772983766172409E-03 -1.7460604410491341E-03
0
0.0
 -1.1407996218300525E+00 -2.3170985309886123E+00 3.8420614944644871E-01
 8.9327416481671772E-03 -6.0264000592685704E-03 -1.6895218668626110E-03
0
0.0
 -1.1407996218300525E+00 -2.3170985309886123E+00 3.8420614944644871E-01
 8.8782664571122830E-03 -6.0537549376669369E-03 -1.5079590010815584E-03
0
0.0
 -1.1407996218300525E+00 -2.3170985309886123E+00 3.8420614944644871E-01
 8.7006382755663754E-03 -5.7308296024215976E-03 -1.7353122962738064E-03
0
0.0
 -1.1407996218300525E+00 -2.3170985309886123E+00 3.8420614944644871E-01
 8.7696973947465392E-03 -5.9804270693889902E-03 -1.6597498540048580E-03
0
0.0
 -1.1407996218300525E+00 -2.3170985309886123E+00 3.8420614944644871E-01
 8.7897188537846994E-03 -6.1716652396726418E-03 -1.5324227822199193E-03
0
0.0
 -1.1407996218300525E+00 -2.3170985309886123E+00 3.8420614944644871E-01
 8.7874897428728369E-03 -5.6242308432050813E-03 -1.7785032480643773E-03
0
0.0
 -1.1407996218300525E+00 -2.3170985309886123E+00 3.8420614944644871E-01
 8.8656041078392644E-03 -5.9902691021841425E-03 -1.7126079687173519E-03
0
0.0
 -1.1407996218300525E+00 -2.3170985309886123E+00 3.8420614944644871E-01
 8.4844328525519857E-03 -5.8383100955313235E-03 -1.4995772683493837E-03
0
0.0
 -1.1407996218300525E+00 -2.3170985309886123E+00 3.8420614944644871E-01
 8.5293832047901690E-03 -5.9745679857032474E-03 -1.5692306898739566E-03
0
0.0
 -1.1407996218300525E+00 -2.3170985309886123E+00 3.8420614944644871E-01
 8.8802806744452453E-03 -5.8693274131192815E-03 -1.6191906406770303E-03
0
0.0
 -1.1407996218300525E+00 -2.3170985309886123E+00 3.8420614944644871E-01
 8.7935388000778564E-03 -5.9397507993273445E-03 -1.6547721840849800E-03
0
0.0
 -1.1407996218300525E+00 -2.3170985309886123E+00 3.8420614944644871E-01
 8.8573153138693534E-03 -5.7829421423914104E-03 -1.6390653942580644E-03
0
0.0
 -1.1407996218300525E+00 -2.3170985309886123E+00 3.8420614944644871E-01
 8.6888748288441401E-03 -6.0456231027444110E-03 -1.6790025696620625E-03
0
0.0
 -1.1407996218300525E+00 -2.3170985309886123E+00 3.8420614944644871E-01
 8.7710582785589537E-03 -5.8098924664451027E-03 -1.5888896197254437E-03
0
0.0
 -1.1407996218300525E+00 -2.3170985309886123E+00 3.8420614944644871E-01
 8.7011188760080602E-03 -5.8076045084985237E-03 -1.7458291376311662E-03
0
0.0
 -1.1407996218300525E+00 -2.3170985309886123E+00 3.8420614944644871E-01
 8.8111850364602749E-03 -6.0639781857900988E-03 -1.4314789035651337E-03
0
0.0
 -1.1407996218300525E+00 -2.3170985309886123E+00 3.8420614944644871E-01
 8.8307865243239490E-03 -5.8898636899935575E-03 -1.6789844898362322E-03
0
0.0
 -1.1407996218300525E+00 -2.3170985309886123E+00 3.8420614944644871E-01
 8.7127498386146175E-03 -5.9651495872707965E-03 -1.6454555253966570E-03
0
0.0
 -1.1407996218300525E+00 -2.3170985309886123E+00 3.8420614944644871E-01
 8.7104719196931090E-03 -5.7931431648046159E-03 -1.4287353937735585E-03
0
0.0
 -1.1407996218300525E+00 -2.3170985309886123E+00 3.8420614944644871E-01
 8.7244184817814405E-03 -6.1101826213257500E-03 -1.6011601752933219E-03
0
0.0
 -1.1407996218300525E+00 -2.3170985309886123E+00 3.8420614944644871E-01
 8.8292791381370164E-03 -5.9173897908898617E-03 -1.6815169949169464E-03
0
0.0
 -1.1407996218300525E+00 -2.3170985309886123E+00 3.8420614944644871E-01
 8.9960074970781966E-03 -5.8958338463014331E-03 -1.3525109523380143E-03
0
0.0
