20
 -1.1407996218300525E+00 -2.3170985309886123E+00 3.8420614944644871E-01
 8.7265554136038859E-03 -5.9752363348292243E-03 -1.7591610490764213E-03
0
0.0
 -1.1407996218300525E+00 -2.3170985309886123E+00 3.8420614944644871E-01
 8.7097754894988073E-03 -6.0167412330360045E-03 -1.7023823489081033E-03
0
0.0
 -1.1407996218300525E+00 -2.3170985309886123E+00 3.8420614944644871E-01
 8.7474610784157407E-03 -5.8876149211235249E-03 -1.6513945523977530E-03
0
0.0
 -1.1407996218300525E+00 -2.3170985309886123E+00 3.8420614944644871E-01
 8.7485443555738521E-03 -6.0408287469209780E-03 -1.6683420410803804E-03
0
0.0
 -1.1407996218300525E+00 -2.3170985309886123E+00 3.8420614944644871E-01
 8.7547678767700803E-03 -6.0489940683670987E-03 -1.4353148543783327E-03
0
0.0
 -1.1407996218300525E+00 -2.3170985309886123E+00 3.8420614944644871E-01
 8.7700138902222936E-03 -5.8781928553295823E-03 -1.6918543110285582E-03
0
0.0
 -1.1407996218300525E+00 -2.3170985309886123E+00 3.8420614944644871E-01
 8.5683735024065753E-03 -5.7414684628710865E-03 -1.4119230578692385E-03
0
0.0
 -1.1407996218300525E+00 -2.3170985309886123E+00 3.8420614944644871E-01
 8.8470893426111676E-03 -5.9423638943523031E-03 -1.4158828146641240E-03
0
0.0
 -1.1407996218300525E+00 -2.3170985309886123E+00 3.8420614944644871E-01
 8.9696630700466379E-03 -6.0289360648507501E-03 -1.8187237621062368E-03
0
0.0
 -1.1407996218300525E+00 -2.3170985309886123E+00 3.8420614944644871E-01
 8.6026611836365011E-03 -5.7986775026712990E-03 -1.5705126490843930E-03
0
0.0
 -1.1407996218300525E+00 -2.3170985309886123E+00 3.8420614944644871E-01
 8.7740386244195261E-03 -5.8705227024824632E-03 -1.5809279208099374E-03
0
0.0
 -1.1407996218300525E+00 -2.3170985309886123E+00 3.8420614944644871E-01
 8.9478527619512999E-03 -6.1637171385384880E-03 -1.6502816011925360E-03
0
0.0
 -1.1407996218300525E+00 -2.3170985309886123E+00 3.8420614944644871E-01
 8.5085280961381491E-03 -5.9444085115479117E-03 -1.7693157855319540E-03
0
0.0
 -1.1407996218300525E+00 -2.3170985309886123E+00 3.8420614944644871E-01
 8.5457038891760193E-03 -6.0608251084930502E-03 -1.5916297560649353E-03
0
0.0
 -1.1407996218300525E+00 -2.3170985309886123E+00 3.8420614944644871E-01
 8.8526614980625629E-03 -5.7306997923656762E-03 -1.7799186112604567E-03
0
0.0
 -1.1407996218300525E+00 -2.3170985309886123E+00 3.8420614944644871E-01
 8.7568329535683692E-03 -5.9279590579605027E-03 -1.5678093562006262E-03
0
0.0
 -1.1407996218300525E+00 -2.3170985309886123E+00 3.8420614944644871E-01
 8.7829713066398130E-03 -6.0593633070559691E-03 -1.6871873744692132E-03
0
0.0
 -1.1407996218300525E+00 -2.3170985309886123E+00 3.8420614944644871E-01
 8.9019518817139692E-03 -5.7395839105574145E-03 -1.6824600850213367E-03
0
0.0
 -1.1407996218300525E+00 -2.3170985309886123E+00 3.8420614944644871E-01
 8.8640539197490063E-03 -5.9579109951135977E-03 -1.6539264104641735E-03
0
0.0
 -1.1407996218300525E+00 -2.3170985309886123E+00 3.8420614944644871E-01
 8.7269151632957849E-03 -6.1204270202090483E-03 -1.7750425525480363E-03
0
0.0
