20
-1
1
  0.93523022   0.35388908   0.01034212  3.62455960e-04
 -0.79500803  -0.12165187   0.59427523  2.65572354e-04
 -0.88960324  -0.44783599   0.08971619  1.47322919e-04
 -0.42997297  -0.29871491   0.85199334  5.08319411e-04
  0.14611864   0.70737938   0.69156616  1.72254033e-04
 -0.31643859  -0.67638684  -0.66510711  3.87034882e-04
  0.00457655   0.59743671  -0.80190301  1.67222634e-04
  0.13793204   0.71915538   0.68102150  2.33958375e-04
  0.82822215  -0.05421396   0.55777138  2.24303252e-04
  0.66732788  -0.72408993   0.17426211  2.70847981e-04
  0.83372955  -0.48428230   0.26526532  1.64706201e-04
 -0.48188197   0.49000601  -0.72641853  3.31354365e-04
 -0.93158856  -0.16209064  -0.32537575  5.45037773e-04
 -0.25046357  -0.96794969   0.01847707  1.65069558e-04
  0.58991212   0.66368976   0.45991259  4.49110524e-04
  0.56150109  -0.66241541   0.49590558  1.84670806e-04
 -0.07718758  -0.77427377  -0.62812595  1.94824963e-04
  0.80033512   0.59630783   0.06229505  3.13756963e-04
  0.56960763  -0.76520001  -0.30002683  2.23074615e-04
  0.77828453  -0.58661112  -0.22396559  1.96982519e-04
