20
 -1.1407996218300525E+00 -2.3170985309886123E+00 3.8420614944644871E-01
 8.8765438265290403E-03 -5.8806301349870133E-03 -1.6864325984413872E-03
0
0.0
 -1.1407996218300525E+00 -2.3170985309886123E+00 3.8420614944644871E-01
 8.7604233192750975E-03 -6.0279613617222408E-03 -1.8881950598705869E-03
0
0.0
 -1.1407996218300525E+00 -2.3170985309886123E+00 3.8420614944644871E-01
 8.6885466444400379E-03 -5.8988352867250533E-03 -1.5932914429284801E-03
0
0.0
 -1.1407996218300525E+00 -2.3170985309886123E+00 3.8420614944644871E-01
 8.9153090345613691E-03 -5.8265016993557621E-03 -1.5490188086143978E-03
0
0.0
 -1.1407996218300525E+00 -2.3170985309886123E+00 3.8420614944644871E-01
 8.6348674200113530E-03 -5.8677954731372432E-03 -1.3569775809918686E-03
0
0.0
 -1.1407996218300525E+00 -2.3170985309886123E+00 3.8420614944644871E-01
 8.6952378958497275E-03 -5.9443172669621947E-03 -1.6403183737277926E-03
0
0.0
 -1.1407996218300525E+00 -2.3170985309886123E+00 3.8420614944644871E-01
 8.7535619522560691E-03 -5.9704109182486687E-03 -1.6500065452241944E-03
0
0.0
 -1.1407996218300525E+00 -2.3170985309886123E+00 3.8420614944644871E-01
 8.7714425760074440E-03 -5.8899234033899421E-03 -1.5791135698062760E-03
0
0.0
 -1.1407996218300525E+00 -2.3170985309886123E+00 3.8420614944644871E-01
 8.7849704066742668E-03 -5.6146806052219111E-03 -1.7402631272237941E-03
0
0.0
 -1.1407996218300525E+00 -2.3170985309886123E+00 3.8420614944644871E-01
 8.8210236946574556E-03 -5.8551046280163124E-03 -1.7326823269417943E-03
0
0.0
 -1.1407996218300525E+00 -2.3170985309886123E+00 3.8420614944644871E-01
 8.7853390738780405E-03 -5.8974520066045486E-03 -1.6547569496784783E-03
0
0.0
 -1.1407996218300525E+00 -2.3170985309886123E+00 3.8420614944644871E-01
 8.7593117123207932E-03 -5.7207899893651579E-03 -1.7579508220326519E-03
0
0.0
 -1.1407996218300525E+00 -2.3170985309886123E+00 3.8420614944644871E-01
 8.8984485313850972E-03 -6.0444295634202241E-03 -1.6257856982505447E-03
0
0.0
 -1.1407996218300525E+00 -2.3170985309886123E+00 3.8420614944644871E-01
 8.9296090556538494E-03 -5.8983271973304602E-03 -1.7471173728206976E-03
0
0.0
 -1.1407996218300525E+00 -2.3170985309886123E+00 3.8420614944644871E-01
 8.6202777625339778E-03 -5.9236088617574687E-03 -1.5521784166153238E-03
0
0.0
 -1.1407996218300525E+00 -2.3170985309886123E+00 3.8420614944644871E-01
 8.6804133272906682E-03 -5.8518015133594498E-03 -1.3765637257012820E-03
0
0.0
 -1.1407996218300525E+00 -2.3170985309886123E+00 3.8420614944644871E-01
 8.6928820281667700E-03 -5.8053316774386299E-03 -1.7253362052918498E-03
0
0.0
 -1.1407996218300525E+00 -2.3170985309886123E+00 3.8420614944644871E-01
 8.8209639527784493E-03 -5.9473361696227856E-03 -1.8832739334824658E-03
0
0.0
 -1.1407996218300525E+00 -2.3170985309886123E+00 3.8420614944644871E-01
 8.8201584463198108E-03 -5.6871221820794168E-03 -1.8626477371463460E-03
0
0.0
 -1.1407996218300525E+00 -2.3170985309886123E+00 3.8420614944644871E-01
 8.7647518159788915E-03 -5.8130709630761414E-03 -1.6332688163771278E-03
0
0.0
