400
-1
1
 -0.17865186   0.96861073  -0.17284898  1.62640937e-04
 -0.96207457  -0.05831657  -0.26648020  1.51924913e-04
  0.37128817   0.25866749  -0.89176018  1.57719075e-04
 -0.00593654   0.12314497  -0.99237094  3.26455180e-04
 -0.09905109  -0.18049714  -0.97857532  2.36231407e-04
  0.37826531  -0.83718422   0.39501636  1.64371658e-04
 -0.06277234   0.37468137   0.92502622  6.10230251e-04
 -0.37273820  -0.88866858   0.26708499  1.46718310e-04
  0.73106697   0.47729551   0.48757572  2.11833641e-04
  0.83692786   0.54713767  -0.01386104  2.55112234e-04
  0.66189853   0.57272006   0.48361355  1.81152082e-04
  0.67096021   0.06684686  -0.73847403  4.00672786e-04
  0.44178762  -0.72114874   0.53363677  8.65435683e-04
 -0.84628990   0.36775049  -0.38542571  1.99082833e-04
 -0.26165006  -0.02475192  -0.96484537  2.38292644e-04
 -0.77164547   0.14390557   0.61955989  3.34379757e-04
  0.44679903   0.85179715  -0.27351826  4.68367978e-04
 -0.75356208   0.13923236   0.64246287  1.46875978e-04
 -0.46795896   0.64729899  -0.60167967  2.24219463e-04
  0.38040997  -0.51512015  -0.76807518  1.89234840e-04
  0.29855203  -0.94928138  -0.09864862  1.81494499e-04
 -0.62972195   0.75519768  -0.18200750  1.92466316e-04
 -0.14007618  -0.82034136  -0.55445353  1.63575989e-04
 -0.77912091   0.46812859  -0.41692473  1.90961054e-04
  0.59014715  -0.20806819   0.78002178  2.56366413e-04
  0.64435403   0.76318286   0.04857783  4.97682023e-04
  0.14467689   0.66444212   0.73320206  4.71155616e-04
  0.56276486  -0.09121075   0.82156942  2.32959131e-04
 -0.25760661   0.94002414  -0.22359214  1.51783142e-04
 -0.11070772  -0.98184999   0.15399481  2.36540914e-04
  0.27299643   0.49596400   0.82431345  2.98222631e-04
  0.09004104  -0.11503048   0.98927276  3.17940054e-04
  0.10122609  -0.42820171   0.89799586  4.23064548e-04
  0.29071131  -0.50546765  -0.81239731  3.43453506e-04
 -0.85165230  -0.41294591   0.32274453  4.93051216e-04
 -0.00191168   0.99836889   0.05706059  1.78120919e-04
  0.99004464  -0.08547153  -0.11183129  4.14459350e-04
  0.98432770   0.08784280  -0.15291380  1.55029065e-04
  0.77537712  -0.18563823   0.60359653  3.27208345e-04
  0.65969613  -0.64848279  -0.37983034  1.74915366e-04
 -0.58742693   0.80875654  -0.02902530  1.74943177e-04
 -0.63986542  -0.75753055   0.12930470  4.62154341e-04
  0.19596458   0.77632335   0.59909928  1.61254134e-04
 -0.89018074  -0.26524347   0.37043777  7.84877435e-04
  0.99287897   0.02177505  -0.11712047  2.17221922e-04
  0.63626257   0.75127278   0.17538289  1.67252711e-04
  0.99012769  -0.04818853   0.13162455  2.39025101e-04
  0.95670531  -0.28663000   0.05057865  2.81502310e-04
  0.11102577  -0.94877288  -0.29580955  7.69224723e-04
  0.93525711   0.33129579  -0.12464843  3.52874483e-04
 -0.01554630   0.98443458   0.17506250  7.52041088e-04
  0.99955939  -0.01271574  -0.02682039  3.79063650e-04
 -0.49119021   0.09825792  -0.86549267  4.30450427e-04
 -0.85808052   0.43217171   0.27735435  4.71477054e-04
  0.46699858  -0.14247184   0.87270505  2.85120079e-04
 -0.23077072   0.08556296   0.96923880  7.63413299e-04
  0.19609517  -0.62361605   0.75673622  1.99535704e-04
  0.94625957   0.24576064   0.21022496  2.62913697e-04
 -0.25810537  -0.74848064  -0.61086688  2.25618624e-04
  0.15489047   0.35368501   0.92245100  2.10114037e-04
 -0.25325568  -0.93349070  -0.25388321  1.54947464e-04
 -0.41311505  -0.15944664  -0.89661180  4.11754697e-04
 -0.98934953  -0.04187971   0.13940442  5.02067121e-04
  0.21715535  -0.35793232  -0.90814537  1.48967183e-04
  0.75102567   0.10545892  -0.65179664  5.66027827e-04
 -0.11807644  -0.85818666   0.49957342  1.69813319e-04
 -0.07914102  -0.41043246  -0.90845027  1.60819233e-04
  0.01066816   0.99924463  -0.03736779  1.53076906e-04
 -0.30534300  -0.61464328   0.72730962  2.33435611e-04
  0.83862027  -0.50563519   0.20260577  1.63490825e-04
 -0.97317756   0.22919340  -0.01989553  1.88988852e-04
  0.64019019  -0.63107929  -0.43805873  4.64216778e-04
  0.02164459   0.73811633  -0.67432618  6.52869119e-04
  0.81458033   0.07155438   0.57562042  1.58342813e-04
 -0.86236288  -0.09537927   0.49722535  6.21777435e-04
  0.49800804  -0.73938525   0.45309760  4.51394465e-04
 -0.54635824  -0.78675156  -0.28725364  3.26731201e-04
  0.90030894  -0.12618328  -0.41655922  4.23045250e-04
 -0.13684129   0.78415622   0.60528793  1.56124846e-04
  0.74841466   0.62765933   0.21428782  8.05516824e-04
  0.78718514  -0.05699355  -0.61407759  3.39847306e-04
 -0.86465327   0.11289352  -0.48951994  4.62896197e-04
 -0.95245632   0.30042316  -0.05072363  1.84332082e-04
  0.99873715   0.04833670   0.01369931  3.67469762e-04
 -0.73790449  -0.60899141   0.29090620  1.47124572e-04
 -0.56321117   0.81590824   0.13071694  1.82635091e-04
 -0.67320818  -0.15537857  -0.72294415  2.86014038e-04
 -0.11338346  -0.95716479  -0.26642027  5.65861765e-04
  0.19858032   0.42388717  -0.88367728  1.85518486e-04
  0.76062244  -0.41067998  -0.50278769  2.53885032e-04
 -0.55140275  -0.00707453   0.83420918  1.88174023e-04
 -0.64447852  -0.26444196  -0.71743842  1.46633849e-04
  0.76528807   0.08198500  -0.63844548  6.67838880e-04
 -0.99367647   0.09013297   0.06695604  2.88394537e-04
 -0.80506869   0.58411892   0.10329318  2.96982536e-04
 -0.57857843   0.76410380  -0.28529349  1.52530984e-04
 -0.91164526   0.13181301   0.38926630  2.67686853e-04
 -0.05774169   0.03349612   0.99776947  1.93426585e-04
  0.17511185  -0.10762816  -0.97864806  2.93804252e-04
  0.42702821   0.76273301  -0.48568021  2.57155216e-04
 -0.71962422  -0.42576651  -0.54851058  5.89462109e-04
 -0.39848837   0.04298865   0.91616537  2.14320337e-04
  0.71590113   0.21271743   0.66500893  8.37537634e-04
 -0.21116387  -0.08788230  -0.97349192  1.95500543e-04
 -0.79498465   0.01693965  -0.60639299  6.04187161e-04
  0.38064838  -0.01746670  -0.92455488  2.34630286e-04
  0.90538372   0.12727208   0.40507053  8.39253255e-04
 -0.55315147  -0.75722927   0.34731439  4.49807488e-04
  0.48735143  -0.87287296  -0.02411191  1.47810750e-04
 -0.93603689  -0.35004518  -0.03610135  8.15937203e-04
 -0.32849685   0.30015799  -0.89554174  2.45423120e-04
 -0.13721923  -0.68061805   0.71967350  2.74240022e-04
 -0.68235450   0.57306295  -0.45386252  5.78258139e-04
 -0.85047821   0.11322954   0.51367877  2.13365390e-04
 -0.54264490   0.55995774  -0.62608613  2.82636263e-04
  0.66919112  -0.73535505  -0.10694019  2.13704100e-04
  0.03053352   0.07250393  -0.99690064  7.13730456e-04
 -0.29961236   0.74650787  -0.59410305  5.71885688e-04
  0.39682232  -0.74129453  -0.54130811  4.42820328e-04
 -0.09199555  -0.28294724  -0.95471340  2.14623770e-04
  0.68158141   0.65391153  -0.32839990  3.99009944e-04
 -0.87624098   0.31517970   0.36450446  2.96932908e-04
 -0.16845564  -0.18568693  -0.96806150  3.06462934e-04
  0.85207952  -0.51415817   0.09798913  1.68651303e-04
 -0.44397195   0.65457918   0.61189460  1.97611664e-04
  0.43976492  -0.50863023   0.74020410  3.57967536e-04
  0.67731438  -0.69079408  -0.25307860  5.95491287e-04
  0.28393934  -0.07582430  -0.95583949  1.53366535e-04
 -0.43967763   0.89595151   0.06288457  2.08362673e-04
 -0.26608923   0.81134557  -0.52049485  2.38151803e-04
 -0.12628367   0.72424086  -0.67788467  2.66497142e-04
 -0.69378911   0.71424943  -0.09221942  1.86054812e-04
 -0.30423929   0.22827161   0.92484081  6.80058599e-04
 -0.42931738   0.87724512   0.21477333  3.90866014e-04
  0.55909663  -0.64517004  -0.52073657  1.66687784e-04
 -0.18808303  -0.94672697   0.26140548  6.17975768e-04
  0.99110494  -0.12094131   0.05553547  2.44560837e-04
 -0.28629449  -0.47333602  -0.83305970  3.14533071e-04
 -0.70359833   0.67845102  -0.21131401  2.01164422e-04
 -0.56497199  -0.04489404  -0.82388784  1.93343954e-04
  0.15398707   0.98616317   0.06140190  5.64860769e-04
 -0.78332058   0.00050335  -0.62161774  2.30817513e-04
 -0.45693297  -0.87891823   0.13680279  3.79169591e-04
  0.95946804   0.26406672  -0.09843701  3.55984086e-04
 -0.62351435   0.68405597   0.37854627  4.23699784e-04
 -0.84961537   0.48115385  -0.21597383  4.16796245e-04
  0.04394557  -0.99601859   0.07756132  5.67953161e-04
 -0.14322620   0.94036771  -0.30853658  3.36981688e-04
  0.66931624   0.06668928  -0.73997858  6.71926164e-04
  0.80259502  -0.58104242  -0.13502200  1.56076579e-04
  0.26410750   0.66716939  -0.69651435  4.69940795e-04
 -0.75244439   0.58154869   0.30923868  1.51577332e-04
  0.08937221  -0.27476169  -0.95734979  3.62893438e-04
 -0.14760474  -0.98224170  -0.11581921  6.96437374e-04
  0.91653908   0.21293416   0.33854859  6.61122848e-04
 -0.00580402  -0.94999575   0.31220888  1.93504563e-04
  0.80109380  -0.38867978   0.45516674  3.81405940e-04
 -0.50720385  -0.13461195  -0.85124842  1.72058810e-04
  0.04401381   0.74189948  -0.66906498  2.02687858e-04
 -0.10435345   0.99452580  -0.00536507  2.71116413e-04
 -0.44278390  -0.65671677   0.61046335  2.10653320e-04
 -0.36278216   0.63717179  -0.68000089  8.22750033e-04
 -0.02994773  -0.99943553   0.01522375  1.66652840e-04
 -0.39024614   0.79282233  -0.46812467  2.11950872e-04
 -0.20429114  -0.30214582  -0.93111387  3.65008337e-04
  0.71548335   0.10588457  -0.69055922  1.89775918e-04
 -0.07576829   0.66498171  -0.74300639  1.54243393e-04
 -0.98813495   0.15291707   0.01434167  6.55769392e-04
  0.15290505  -0.27318514  -0.94973150  1.90341711e-04
  0.10987922  -0.35014111  -0.93022995  2.24228885e-04
 -0.01833471  -0.35064726   0.93632811  2.26906210e-04
 -0.93022392  -0.01500835  -0.36668544  1.49894748e-04
  0.64923676  -0.34898476  -0.67579677  1.96729364e-04
  0.72653225  -0.16208390  -0.66774224  7.41677611e-04
  0.70072942   0.61721211  -0.35780930  3.94565796e-04
  0.68559041   0.23371742  -0.68945048  3.67226475e-04
 -0.44889590  -0.07231784   0.89065291  2.17227079e-04
 -0.90954836   0.27840327  -0.30856669  2.45285396e-04
 -0.69867213   0.43270673   0.56975621  7.12117339e-04
 -0.32517984   0.94134399  -0.09016414  1.98296995e-04
  0.82856882  -0.45889422   0.32076441  1.55137796e-04
  0.74654614   0.59867577  -0.29026915  1.67453992e-04
 -0.25173880   0.77720494  -0.57669754  2.20503235e-04
 -0.83631629  -0.54501212  -0.05947152  2.11973778e-04
  0.19510239   0.41407996  -0.88908540  3.46135001e-04
 -0.38946021  -0.91981877  -0.04747808  1.47902412e-04
 -0.05706903   0.30969195  -0.94912276  1.66264931e-04
 -0.99616947  -0.02994606  -0.08215603  1.74872351e-04
  0.78226677   0.42437451   0.45603177  2.41669789e-04
 -0.86133082  -0.26147974   0.43558876  8.42935602e-04
  0.45704025   0.87360277  -0.16712994  1.49362603e-04
 -0.17596655  -0.65109063   0.73832023  2.34744432e-04
 -0.57099096   0.60140843  -0.55881770  1.67742978e-04
  0.71812984  -0.57099863   0.39780660  2.12754911e-04
 -0.15795452  -0.98117580  -0.11110548  7.86937669e-04
 -0.18551802  -0.74751778   0.63780893  1.48107697e-04
  0.85724736  -0.45278772   0.24517390  7.50945072e-04
  0.65318440   0.75539375   0.05225344  3.07109897e-04
  0.43894932  -0.00274596   0.89850763  1.53548783e-04
 -0.15507010   0.02956405  -0.98746100  1.90061568e-04
  0.36654278  -0.20119066  -0.90838797  1.60690358e-04
 -0.90753745   0.08219490   0.41184922  1.61596930e-04
  0.22988011   0.15011464   0.96157201  5.37505935e-04
  0.98187784   0.09484060  -0.16407669  8.39873560e-04
 -0.79216392   0.55067463  -0.26312311  4.64820412e-04
 -0.13520695   0.48507266  -0.86395810  2.06901293e-04
  0.66239272   0.56765958   0.48887471  2.10264636e-04
 -0.56156068  -0.43751382  -0.70230425  2.78995149e-04
  0.53001564   0.02079555   0.84773284  2.19856235e-04
 -0.31493596  -0.89693672   0.31035442  1.58590541e-04
 -0.97602664   0.21577402  -0.02852314  4.15614442e-04
  0.81197944   0.33153601   0.48038866  3.11806235e-04
  0.50915146   0.30784853  -0.80373757  6.24102269e-04
 -0.74525334  -0.46161006   0.48115862  8.11787252e-04
 -0.66466878   0.63179307  -0.39881441  3.84838527e-04
 -0.15095069   0.58886013   0.79401362  6.03266215e-04
 -0.86681070  -0.40888090  -0.28540430  3.49407830e-04
  0.11922417   0.99163109   0.04953157  5.03472960e-04
 -0.91091561   0.10675627  -0.39854217  3.57445708e-04
  0.12658789  -0.23365961   0.96404289  2.54994023e-04
 -0.12256584   0.73615930   0.66561783  1.75736083e-04
  0.46309793   0.84412729   0.27016556  3.76145179e-04
 -0.18763865   0.66813091  -0.71999502  1.74812765e-04
 -0.40158240  -0.87553834   0.26863392  2.19985694e-04
  0.30936901   0.90268745  -0.29907554  1.77070254e-04
  0.39410401  -0.19168492  -0.89885423  2.45457819e-04
  0.44276281   0.81778192   0.36768713  1.52207810e-04
  0.34026220   0.90483007   0.25593783  2.20989635e-04
 -0.73130971  -0.04497082   0.68056134  2.38183742e-04
  0.06198491   0.92599129  -0.37242180  4.77250005e-04
 -0.83266751   0.54751968   0.08298805  7.44808663e-04
  0.42934006   0.56327608   0.70596542  6.34600011e-04
 -0.77713207  -0.03012883   0.62861593  3.33238576e-04
 -0.82383333   0.12783477   0.55222904  1.95389773e-04
 -0.07610578  -0.15383902  -0.98516063  4.14569773e-04
 -0.36914066  -0.59874549   0.71080167  2.38452217e-04
 -0.31342787   0.18767787   0.93088129  1.68667698e-04
 -0.78317635  -0.61507424   0.09120570  4.92759305e-04
  0.91370061  -0.33595379   0.22866187  1.62228896e-04
 -0.40597816   0.59933061  -0.68991633  4.16678919e-04
  0.07278441   0.79055130   0.60805515  1.51145374e-04
 -0.04981886  -0.03662815  -0.99808640  5.40565047e-04
  0.97191803  -0.21424297   0.09734113  1.48054124e-04
 -0.27044965  -0.02114465   0.96250189  1.69495097e-04
 -0.88771484   0.15370247   0.43397916  4.52853243e-04
 -0.83102963  -0.43965779   0.34072097  1.55047626e-04
 -0.17388756  -0.15161660  -0.97302391  3.17012431e-04
 -0.07770453   0.98046714   0.18068260  1.51019074e-04
  0.47207565   0.71737760  -0.51236115  2.83923501e-04
  0.89143531  -0.11738576  -0.43767987  3.66257310e-04
  0.86444349   0.40146551  -0.30259361  4.67713679e-04
  0.10490448   0.84442486   0.52530153  2.01277152e-04
  0.15281365  -0.06585349   0.98605847  1.69821574e-04
  0.72743642   0.57836595   0.36922768  2.07855551e-04
  0.91246540  -0.39668626  -0.10023424  1.50472859e-04
 -0.73064506  -0.07990950   0.67806509  6.16830853e-04
  0.47200938   0.10967171   0.87474526  6.73506384e-04
  0.51218036  -0.79134890   0.33382360  2.26156035e-04
  0.70015937  -0.57281345   0.42621780  1.71120573e-04
 -0.94460169   0.20717172   0.25457323  1.72321390e-04
  0.39979884  -0.31371183   0.86124664  1.46639379e-04
  0.71663699  -0.63088972  -0.29733750  1.62152168e-04
 -0.70534324   0.56895147   0.42282991  1.53191086e-04
  0.17888382  -0.92966392   0.32206456  5.19052393e-04
 -0.64196238   0.75723677   0.12031951  1.99574537e-04
  0.85113759  -0.48378509   0.20375670  8.43677322e-04
  0.16454515  -0.63018288  -0.75881120  2.40812861e-04
  0.43716553   0.87332017   0.21493763  2.48128175e-04
 -0.44302889  -0.68110012   0.58294770  6.65158340e-04
 -0.89710647   0.38723690  -0.21271477  3.51599460e-04
 -0.86904975   0.18716437  -0.45795418  1.88927145e-04
 -0.99403360  -0.03654469  -0.10277006  2.34294403e-04
  0.42057154  -0.20653211   0.88343877  3.69974845e-04
  0.58216573   0.40148963  -0.70702839  6.18146289e-04
  0.89144805   0.34456454  -0.29427139  1.71547782e-04
 -0.58240429   0.03331317  -0.81221640  1.47562591e-04
 -0.57031126   0.68420413  -0.45454347  1.76586626e-04
  0.19624578   0.80495418   0.55994317  1.57672754e-04
  0.68878153  -0.68764465  -0.22961890  7.64369935e-04
  0.44934753  -0.76008838  -0.46941713  1.57311392e-04
  0.56159780   0.07939371   0.82359247  4.20744770e-04
  0.79396910   0.35563062  -0.49309222  2.50394433e-04
 -0.16713998   0.68251496   0.71150373  6.31743803e-04
  0.27606710   0.26434846  -0.92407080  1.97592597e-04
 -0.50250137   0.55541177  -0.66257841  2.35562286e-04
 -0.99957903   0.02178042  -0.01916726  4.42791371e-04
 -0.78762095   0.60206726   0.13102769  2.75520326e-04
 -0.31512329   0.11907595   0.94155097  2.27370146e-04
 -0.91419001  -0.27090901  -0.30143811  1.82739807e-04
 -0.48801709  -0.83921819  -0.23990031  1.96170425e-04
 -0.60633430   0.58680169   0.53667727  5.77623420e-04
 -0.38922854   0.85510414   0.34248804  2.52104148e-04
  0.46097016   0.50389558  -0.73047639  5.96108036e-04
  0.82214427  -0.44163996  -0.35921156  3.31368051e-04
 -0.14983217  -0.50355278  -0.85087303  1.49263434e-04
  0.03297625   0.99925930   0.01983457  1.60203143e-04
  0.61796910  -0.40981290  -0.67094529  3.30742852e-04
  0.08377851   0.14930529   0.98523555  2.60271420e-04
  0.77932017  -0.18058741  -0.60004021  3.45851855e-04
 -0.50626937  -0.81057473  -0.29438059  1.59284931e-04
  0.65937159   0.73613831  -0.15273995  2.18134591e-04
  0.79023985  -0.27869548   0.54575619  8.63591051e-04
  0.12604774  -0.84643967   0.51735080  7.51583938e-04
 -0.46555109  -0.28718637  -0.83712972  3.20533035e-04
 -0.97785924   0.00840637   0.20909480  1.51998179e-04
  0.94491827   0.21252599  -0.24892200  1.47301913e-04
  0.53489544  -0.05204081   0.84331407  3.95884874e-04
 -0.74360612  -0.07510434   0.66438639  1.87479078e-04
 -0.68597946   0.42616344  -0.58976004  2.18504538e-04
  0.35602457  -0.05168046   0.93304643  1.75350902e-04
 -0.51383840   0.77841785   0.36060471  5.73660482e-04
 -0.54364603  -0.74144668   0.39332659  4.94376802e-04
  0.80066791   0.10726832  -0.58942718  4.17896805e-04
 -0.39933090   0.62776731   0.66816393  2.12726463e-04
  0.17431908  -0.84105544  -0.51209239  2.01887123e-04
  0.73970956  -0.00100186  -0.67292553  6.89514463e-04
  0.03940311   0.18622800   0.98171611  3.74415625e-04
 -0.52989607   0.83467443   0.15009578  1.57821420e-04
 -0.61862987   0.73431421  -0.27942750  3.06071789e-04
  0.41110206  -0.91142027  -0.01755534  1.79440344e-04
 -0.55566029   0.76724730  -0.32027054  6.15064568e-04
  0.18519938   0.58970906  -0.78609440  5.37882200e-04
  0.07591995   0.89120497  -0.44720225  2.45453951e-04
 -0.14003586   0.51425050  -0.84613024  2.72002954e-04
 -0.11452350   0.98182000   0.15137321  1.96894944e-04
  0.08988468  -0.48762004  -0.86841663  1.96257402e-04
 -0.13242343   0.86150402  -0.49017840  1.48981177e-04
 -0.86125767  -0.40718102  -0.30403757  3.96160842e-04
  0.15317088  -0.88157272  -0.44650669  6.16750377e-04
  0.78610534  -0.43708093   0.43703393  7.81880868e-04
 -0.46304908  -0.61866244  -0.63469862  1.51453493e-04
  0.53135896  -0.09787664  -0.84147360  8.65074907e-04
  0.10963928  -0.82270684   0.55779269  2.31609031e-04
  0.13801165  -0.96267169  -0.23284329  8.46370784e-04
 -0.44938879  -0.02832703   0.89288706  1.72127937e-04
  0.35424062   0.86170959   0.36327699  5.59456692e-04
  0.74092913   0.13504108  -0.65786619  2.26930531e-04
 -0.80534158   0.59035311  -0.05392721  1.73653538e-04
 -0.54564655   0.83801092   0.00274559  3.34867380e-04
  0.44511382  -0.05058841  -0.89404390  7.44300017e-04
  0.06710854   0.80668053  -0.58716519  1.53188299e-04
 -0.33218786   0.27595831   0.90194137  6.89186829e-04
  0.08753032  -0.38319890   0.91950913  1.47611062e-04
 -0.29475355   0.22698257   0.92822371  1.63312255e-04
  0.65025466   0.49386551  -0.57729173  1.81678569e-04
  0.95832101  -0.28066817  -0.05334992  2.70926540e-04
 -0.43861753   0.28686412  -0.85165935  3.08525565e-04
 -0.49869437   0.18335522  -0.84716279  1.66921833e-04
  0.91352847   0.22755683  -0.33717002  2.71493360e-04
 -0.08933942   0.77010564   0.63162946  1.58500687e-04
 -0.35647459  -0.90976528   0.21272754  1.77601142e-04
 -0.81317450  -0.08074753  -0.57639143  1.62418010e-04
 -0.77722899   0.38416398   0.49833035  1.63569819e-04
 -0.58910835  -0.68883326  -0.42244537  1.93631582e-04
  0.04266390   0.73790950  -0.67354982  6.96083806e-04
 -0.50909214  -0.23280866   0.82862858  1.68348833e-04
  0.05754564   0.01261127  -0.99826322  4.37788818e-04
 -0.53988145   0.69196830   0.47927851  1.86470567e-04
 -0.60955768   0.75473829  -0.24250678  3.99783635e-04
  0.81761731   0.31695719   0.48066628  2.24804726e-04
 -0.43827034  -0.88610855   0.15076719  1.57068546e-04
  0.22869267  -0.90541621   0.35766067  1.91363869e-04
 -0.34275945   0.38819797  -0.85546379  3.11752058e-04
 -0.72092836  -0.64736064   0.24735905  5.35235489e-04
 -0.79520775   0.55499985   0.24417167  1.48490667e-04
  0.41283738  -0.90937679  -0.05098184  2.85491569e-04
  0.03491233   0.93713540  -0.34721517  1.45532282e-04
  0.15838119  -0.93235410  -0.32500958  2.23875428e-04
 -0.14073332  -0.15275877  -0.97819164  2.73529866e-04
  0.56566516   0.47865229   0.67150198  1.84512899e-04
  0.46970331  -0.86244376   0.18859895  1.83099610e-04
 -0.59454874   0.67573306  -0.43577130  2.37010434e-04
 -0.07687229   0.76620875  -0.63797712  1.45889605e-04
  0.91567924  -0.34164526  -0.21168382  6.03018349e-04
 -0.91151050   0.07051587   0.40518653  3.09938052e-04
 -0.58498440   0.30838326   0.75012867  4.95744439e-04
  0.42986721   0.06245150  -0.90072970  2.26277305e-04
  0.81472234  -0.38594205  -0.43275425  6.96326024e-04
 -0.19256720   0.08619947   0.97749042  3.89516704e-04
  0.12400156  -0.65199695   0.74801310  1.62411170e-04
 -0.36717499  -0.10958254  -0.92367429  3.92984032e-04
 -0.43875996  -0.82914539  -0.34642116  1.66570597e-04
  0.99255210  -0.12182071  -0.00023124  3.53677327e-04
 -0.21205861  -0.96100031  -0.17750929  1.59500230e-04
 -0.89697734  -0.16344195   0.41075342  2.59260337e-04
  0.14354715   0.98962607   0.00586981  1.94134255e-04
 -0.95307883  -0.05100086  -0.29839514  1.77095727e-04
  0.53165743   0.29449612  -0.79411108  3.68629635e-04
 -0.22050469  -0.97534417  -0.00902418  3.75323418e-04
 -0.77540885   0.44516250   0.44785205  1.54248389e-04
  0.66199141  -0.73998045   0.11914827  1.75938632e-04
  0.98846080   0.00385715   0.15142775  7.49219567e-04
  0.12496484  -0.97138842  -0.20196118  1.47818269e-04
 -0.30908817   0.66004935   0.68468924  1.69585145e-04
  0.02642794   0.95168076   0.30594983  3.16435208e-04
  0.97989685  -0.01100938   0.19920077  2.19631927e-04
  0.70464877  -0.69524365  -0.14179695  2.19460413e-04
 -0.82823347  -0.28717695  -0.48120548  1.75725802e-04
 -0.60761283  -0.71499768  -0.34581059  2.36376757e-04
  0.90287164  -0.22669363   0.36528455  2.37988114e-04
