400
 -1.1407996218300525E+00 -2.3170985309886123E+00 3.8420614944644871E-01
 8.6305051347718553E-03 -5.8123579325201286E-03 -1.5316587800228685E-03
0
0.0
 -1.1407996218300525E+00 -2.3170985309886123E+00 3.8420614944644871E-01
 8.7776130465666204E-03 -5.8882350073715143E-03 -1.4391210765420865E-03
0
0.0
 -1.1407996218300525E+00 -2.3170985309886123E+00 3.8420614944644871E-01
 8.7564744789370898E-03 -6.1357611904733073E-03 -1.6296546682914904E-03
0
0.0
 -1.1407996218300525E+00 -2.3170985309886123E+00 3.8420614944644871E-01
 8.6581874134236854E-03 -5.7792371602081527E-03 -1.6140117776200012E-03
0
0.0
 -1.1407996218300525E+00 -2.3170985309886123E+00 3.8420614944644871E-01
 8.6799223654524388E-03 -6.0248591582399372E-03 -1.6317577518717653E-03
0
0.0
 -1.1407996218300525E+00 -2.3170985309886123E+00 3.8420614944644871E-01
 8.8915432536957311E-03 -5.7287086313420228E-03 -1.8080007420884343E-03
0
0.0
 -1.1407996218300525E+00 -2.3170985309886123E+00 3.8420614944644871E-01
 8.7504241092621823E-03 -6.0841099935135933E-03 -1.6931001502690265E-03
0
0.0
 -1.1407996218300525E+00 -2.3170985309886123E+00 3.8420614944644871E-01
 8.9508969670479086E-03 -5.8851678404573142E-03 -1.8449115118844071E-03
0
0.0
 -1.1407996218300525E+00 -2.3170985309886123E+00 3.8420614944644871E-01
 8.7292019341001000E-03 -5.9036397780943325E-03 -1.7302804283170494E-03
0
0.0
 -1.1407996218300525E+00 -2.3170985309886123E+00 3.8420614944644871E-01
 8.6243380922511621E-03 -5.9210737983510639E-03 -1.6794045777148096E-03
0
0.0
 -1.1407996218300525E+00 -2.3170985309886123E+00 3.8420614944644871E-01
 8.7389841912054785E-03 -5.9419737366243359E-03 -1.7007775326623206E-03
0
0.0
 -1.1407996218300525E+00 -2.3170985309886123E+00 3.8420614944644871E-01
 8.4979425464383612E-03 -5.7385381411723304E-03 -1.6270811497949515E-03
0
0.0
 -1.1407996218300525E+00 -2.3170985309886123E+00 3.8420614944644871E-01
 8.7829647595904312E-03 -5.9251616232880487E-03 -1.6124557223202074E-03
0
0.0
 -1.1407996218300525E+00 -2.3170985309886123E+00 3.8420614944644871E-01
 8.7268331105833409E-03 -5.9460313821476582E-03 -1.3062977130232441E-03
0
0.0
 -1.1407996218300525E+00 -2.3170985309886123E+00 3.8420614944644871E-01
 8.7319216860285969E-03 -6.1517427100990325E-03 -1.6519680186224241E-03
0
0.0
 -1.1407996218300525E+00 -2.3170985309886123E+00 3.8420614944644871E-01
 8.7068288602597053E-03 -6.0360845769857957E-03 -1.5094582956284282E-03
0
0.0
 -1.1407996218300525E+00 -2.3170985309886123E+00 3.8420614944644871E-01
 8.7508569459197466E-03 -5.7920622916934374E-03 -1.5744232614907606E-03
0
0.0
 -1.1407996218300525E+00 -2.3170985309886123E+00 3.8420614944644871E-01
 8.9167830033876089E-03 -6.2000991716447242E-03 -1.4931920146135954E-03
0
0.0
 -1.1407996218300525E+00 -2.3170985309886123E+00 3.8420614944644871E-01
 9.0781841232418694E-03 -5.9314047250168889E-03 -1.7762474061580524E-03
0
0.0
 -1.1407996218300525E+00 -2.3170985309886123E+00 3.8420614944644871E-01
 8.8698720418304792E-03 -5.9757053028705910E-03 -1.6328902803764964E-03
0
0.0
 -1.1407996218300525E+00 -2.3170985309886123E+00 3.8420614944644871E-01
 9.0118201593699897E-03 -6.0689727791647932E-03 -1.4555341273382585E-03
0
0.0
 -1.1407996218300525E+00 -2.3170985309886123E+00 3.8420614944644871E-01
 8.7004436904022341E-03 -5.8094088519333818E-03 -1.6218577180836216E-03
0
0.0
 -1.1407996218300525E+00 -2.3170985309886123E+00 3.8420614944644871E-01
 8.8216400510521178E-03 -5.9667908588965342E-03 -1.3661470995486060E-03
0
0.0
 -1.1407996218300525E+00 -2.3170985309886123E+00 3.8420614944644871E-01
 8.7384890833897468E-03 -5.9873711413968413E-03 -1.7120094080489603E-03
0
0.0
 -1.1407996218300525E+00 -2.3170985309886123E+00 3.8420614944644871E-01
 8.7893021184486594E-03 -5.9641402812986369E-03 -1.8165267631700191E-03
0
0.0
 -1.1407996218300525E+00 -2.3170985309886123E+00 3.8420614944644871E-01
 8.8239400315397731E-03 -5.7212464397239180E-03 -1.3615486165911553E-03
0
0.0
 -1.1407996218300525E+00 -2.3170985309886123E+00 3.8420614944644871E-01
 8.6199480709036030E-03 -5.9424307759253520E-03 -1.7134388251647853E-03
0
0.0
 -1.1407996218300525E+00 -2.3170985309886123E+00 3.8420614944644871E-01
 8.7706174434071232E-03 -6.0480900080929377E-03 -1.4752707941457315E-03
0
0.0
 -1.1407996218300525E+00 -2.3170985309886123E+00 3.8420614944644871E-01
 8.6387715471682707E-03 -6.0116710452101730E-03 -1.6324250372591886E-03
0
0.0
 -1.1407996218300525E+00 -2.3170985309886123E+00 3.8420614944644871E-01
 8.7952244408269521E-03 -5.9468324248909167E-03 -1.5837060902222089E-03
0
0.0
 -1.1407996218300525E+00 -2.3170985309886123E+00 3.8420614944644871E-01
 8.6977978356919759E-03 -5.9243720058194359E-03 -1.3456515564364141E-03
0
0.0
 -1.1407996218300525E+00 -2.3170985309886123E+00 3.8420614944644871E-01
 8.8644827726384774E-03 -5.9370274056395646E-03 -1.4764958594574720E-03
0
0.0
 -1.1407996218300525E+00 -2.3170985309886123E+00 3.8420614944644871E-01
 8.8188880998646153E-03 -5.8772272390599321E-03 -1.7014598848239661E-03
0
0.0
 -1.1407996218300525E+00 -2.3170985309886123E+00 3.8420614944644871E-01
 8.8962259805468145E-03 -5.8592771970330327E-03 -1.5157838425983406E-03
0
0.0
 -1.1407996218300525E+00 -2.3170985309886123E+00 3.8420614944644871E-01
 8.7472778681703493E-03 -6.0654587881337962E-03 -1.6104075807925188E-03
0
0.0
 -1.1407996218300525E+00 -2.3170985309886123E+00 3.8420614944644871E-01
 8.5735530981595389E-03 -6.0233186540938014E-03 -1.3731171573449436E-03
0
0.0
 -1.1407996218300525E+00 -2.3170985309886123E+00 3.8420614944644871E-01
 8.8580087376826881E-03 -5.9338880209758279E-03 -1.7241711763535407E-03
0
0.0
 -1.1407996218300525E+00 -2.3170985309886123E+00 3.8420614944644871E-01
 8.6477778797755742E-03 -5.9060438887602196E-03 -1.3328866089924987E-03
0
0.0
 -1.1407996218300525E+00 -2.3170985309886123E+00 3.8420614944644871E-01
 8.9341771459791955E-03 -5.7688044327809827E-03 -1.7432903946215921E-03
0
0.0
 -1.1407996218300525E+00 -2.3170985309886123E+00 3.8420614944644871E-01
 8.7473474527588763E-03 -5.6671782313622038E-03 -1.8153779151360979E-03
0
0.0
 -1.1407996218300525E+00 -2.3170985309886123E+00 3.8420614944644871E-01
 8.7810508848060950E-03 -5.9332956842893109E-03 -1.6743042726192620E-03
0
0.0
 -1.1407996218300525E+00 -2.3170985309886123E+00 3.8420614944644871E-01
 8.9282888392431363E-03 -5.8677078112598620E-03 -1.7825652393525626E-03
0
0.0
 -1.1407996218300525E+00 -2.3170985309886123E+00 3.8420614944644871E-01
 8.7501737848420975E-03 -5.9530444924504903E-03 -1.5215762308087518E-03
0
0.0
 -1.1407996218300525E+00 -2.3170985309886123E+00 3.8420614944644871E-01
 8.6736127654723164E-03 -5.8576168359515835E-03 -1.5596359613047747E-03
0
0.0
 -1.1407996218300525E+00 -2.3170985309886123E+00 3.8420614944644871E-01
 8.8388060095094447E-03 -5.8256208610318830E-03 -1.4392307670153489E-03
0
0.0
 -1.1407996218300525E+00 -2.3170985309886123E+00 3.8420614944644871E-01
 8.7772691810381626E-03 -5.8005568175762742E-03 -1.5620058133560078E-03
0
0.0
 -1.1407996218300525E+00 -2.3170985309886123E+00 3.8420614944644871E-01
 8.8035669535683515E-03 -5.9572468742589294E-03 -1.4641302987297121E-03
0
0.0
 -1.1407996218300525E+00 -2.3170985309886123E+00 3.8420614944644871E-01
 8.8233827503643447E-03 -5.9359252295200452E-03 -1.5628940332689848E-03
0
0.0
 -1.1407996218300525E+00 -2.3170985309886123E+00 3.8420614944644871E-01
 8.9174918075138141E-03 -5.9302086211419653E-03 -1.7531998159422667E-03
0
0.0
 -1.1407996218300525E+00 -2.3170985309886123E+00 3.8420614944644871E-01
 8.8076071260254941E-03 -5.8807486080938529E-03 -1.6212979640153173E-03
0
0.0
 -1.1407996218300525E+00 -2.3170985309886123E+00 3.8420614944644871E-01
 8.9659364880967356E-03 -5.8950845548385415E-03 -1.6535360578254755E-03
0
0.0
 -1.1407996218300525E+00 -2.3170985309886123E+00 3.8420614944644871E-01
 8.5190549965990011E-03 -6.1166246450549220E-03 -1.5946938691501541E-03
0
0.0
 -1.1407996218300525E+00 -2.3170985309886123E+00 3.8420614944644871E-01
 8.7807930966408432E-03 -5.8580130268170560E-03 -1.6636713890005555E-03
0
0.0
 -1.1407996218300525E+00 -2.3170985309886123E+00 3.8420614944644871E-01
 8.9106300137723349E-03 -5.9192248050889320E-03 -1.5133162752275827E-03
0
0.0
 -1.1407996218300525E+00 -2.3170985309886123E+00 3.8420614944644871E-01
 8.8359528660166241E-03 -5.7403327901833934E-03 -1.5595863146018599E-03
0
0.0
 -1.1407996218300525E+00 -2.3170985309886123E+00 3.8420614944644871E-01
 8.9072808123621464E-03 -5.7000386752013420E-03 -1.6578000640411553E-03
0
0.0
 -1.1407996218300525E+00 -2.3170985309886123E+00 3.8420614944644871E-01
 8.7998394739562027E-03 -6.1740156172649992E-03 -1.4216643731312631E-03
0
0.0
 -1.1407996218300525E+00 -2.3170985309886123E+00 3.8420614944644871E-01
 8.4714823544641115E-03 -5.7986378658856771E-03 -1.5777821188314915E-03
0
0.0
 -1.1407996218300525E+00 -2.3170985309886123E+00 3.8420614944644871E-01
 8.7423483635166045E-03 -5.8578364543890697E-03 -1.5560221836556011E-03
0
0.0
 -1.1407996218300525E+00 -2.3170985309886123E+00 3.8420614944644871E-01
 8.7275492901093456E-03 -5.9955726328717396E-03 -1.6432864183599438E-03
0
0.0
 -1.1407996218300525E+00 -2.3170985309886123E+00 3.8420614944644871E-01
 8.8653596300383563E-03 -5.9600758877542560E-03 -1.4078304797005945E-03
0
0.0
 -1.1407996218300525E+00 -2.3170985309886123E+00 3.8420614944644871E-01
 8.7358544419774333E-03 -6.1199420248398886E-03 -1.5654950431769135E-03
0
0.0
 -1.1407996218300525E+00 -2.3170985309886123E+00 3.8420614944644871E-01
 8.9013004373049466E-03 -5.8247905257938545E-03 -1.3505992950919548E-03
0
0.0
 -1.1407996218300525E+00 -2.3170985309886123E+00 3.8420614944644871E-01
 8.9583943626749540E-03 -5.8819194412924039E-03 -1.8628230970463718E-03
0
0.0
 -1.1407996218300525E+00 -2.3170985309886123E+00 3.8420614944644871E-01
 8.5972368740358119E-03 -5.8585966921590460E-03 -1.9066940967891785E-03
0
0.0
 -1.1407996218300525E+00 -2.3170985309886123E+00 3.8420614944644871E-01
 8.9843287110370346E-03 -5.7449919313903430E-03 -1.4723954330570373E-03
0
0.0
 -1.1407996218300525E+00 -2.3170985309886123E+00 3.8420614944644871E-01
 8.7552274354019948E-03 -6.0008406613146718E-03 -1.5921898555558431E-03
0
0.0
 -1.1407996218300525E+00 -2.3170985309886123E+00 3.8420614944644871E-01
 8.9061442991685731E-03 -5.7925740745507640E-03 -1.7935380983897455E-03
0
0.0
 -1.1407996218300525E+00 -2.3170985309886123E+00 3.8420614944644871E-01
 8.8668549938602931E-03 -5.6680401602156212E-03 -1.6243275691778327E-03
0
0.0
 -1.1407996218300525E+00 -2.3170985309886123E+00 3.8420614944644871E-01
 8.5956681880787894E-03 -5.6401517035277061E-03 -1.6710249315076474E-03
0
0.0
 -1.1407996218300525E+00 -2.3170985309886123E+00 3.8420614944644871E-01
 8.7213732819753451E-03 -5.7184782604173074E-03 -1.6806497520797301E-03
0
0.0
 -1.1407996218300525E+00 -2.3170985309886123E+00 3.8420614944644871E-01
 8.8552922911421614E-03 -6.0196665619974398E-03 -1.7506079969617687E-03
0
0.0
 -1.1407996218300525E+00 -2.3170985309886123E+00 3.8420614944644871E-01
 8.7644821751866088E-03 -5.8900039978982107E-03 -1.9495975658733160E-03
0
0.0
 -1.1407996218300525E+00 -2.3170985309886123E+00 3.8420614944644871E-01
 8.8268046300247760E-03 -5.9878222695903703E-03 -1.6110487036421126E-03
0
0.0
 -1.1407996218300525E+00 -2.3170985309886123E+00 3.8420614944644871E-01
 8.7088196285199058E-03 -5.7826609397892926E-03 -1.6645124196456808E-03
0
0.0
 -1.1407996218300525E+00 -2.3170985309886123E+00 3.8420614944644871E-01
 8.6907261297430871E-03 -6.0101242638920969E-03 -1.5445774655456720E-03
0
0.0
 -1.1407996218300525E+00 -2.3170985309886123E+00 3.8420614944644871E-01
 8.9721630094244855E-03 -5.9934460555872418E-03 -1.5283516651841888E-03
0
0.0
 -1.1407996218300525E+00 -2.3170985309886123E+00 3.8420614944644871E-01
 8.8308786032896998E-03 -5.9893932434602736E-03 -1.9132908130602899E-03
0
0.0
 -1.1407996218300525E+00 -2.3170985309886123E+00 3.8420614944644871E-01
 8.7628554300146905E-03 -5.8639868417987616E-03 -1.7373648676160085E-03
0
0.0
 -1.1407996218300525E+00 -2.3170985309886123E+00 3.8420614944644871E-01
 8.7414000828102221E-03 -5.9032360067120078E-03 -1.6237677307451035E-03
0
0.0
 -1.1407996218300525E+00 -2.3170985309886123E+00 3.8420614944644871E-01
 8.7339867686865771E-03 -5.6594579835916705E-03 -1.5308259660485306E-03
0
0.0
 -1.1407996218300525E+00 -2.3170985309886123E+00 3.8420614944644871E-01
 8.8480932493362561E-03 -5.7798185251417399E-03 -1.6072798860106571E-03
0
0.0
 -1.1407996218300525E+00 -2.3170985309886123E+00 3.8420614944644871E-01
 8.5501771962136677E-03 -6.1043991613698775E-03 -1.7842142444760214E-03
0
0.0
 -1.1407996218300525E+00 -2.3170985309886123E+00 3.8420614944644871E-01
 8.7206743276631547E-03 -6.0893263604702699E-03 -1.9043621665650043E-03
0
0.0
 -1.1407996218300525E+00 -2.3170985309886123E+00 3.8420614944644871E-01
 8.6566695019854867E-03 -5.8589884303892475E-03 -1.6538214682917760E-03
0
0.0
 -1.1407996218300525E+00 -2.3170985309886123E+00 3.8420614944644871E-01
 8.6967888051037966E-03 -5.9415910871598093E-03 -1.5357992072312452E-03
0
0.0
 -1.1407996218300525E+00 -2.3170985309886123E+00 3.8420614944644871E-01
 8.4504099469794400E-03 -5.8827328669438621E-03 -1.6229006763659162E-03
0
0.0
 -1.1407996218300525E+00 -2.3170985309886123E+00 3.8420614944644871E-01
 8.5132108593797360E-03 -6.0553015275406153E-03 -1.5205393085140500E-03
0
0.0
 -1.1407996218300525E+00 -2.3170985309886123E+00 3.8420614944644871E-01
 8.6746703941096154E-03 -5.6038745677046628E-03 -1.7287446991519453E-03
0
0.0
 -1.1407996218300525E+00 -2.3170985309886123E+00 3.8420614944644871E-01
 8.7964961783556644E-03 -6.2176472656872341E-03 -1.5033588247890580E-03
0
0.0
 -1.1407996218300525E+00 -2.3170985309886123E+00 3.8420614944644871E-01
 8.7640578146793106E-03 -6.1741643037991649E-03 -1.8431936325749424E-03
0
0.0
 -1.1407996218300525E+00 -2.3170985309886123E+00 3.8420614944644871E-01
 8.8006293526095639E-03 -5.9275783723455721E-03 -1.6009359930615891E-03
0
0.0
 -1.1407996218300525E+00 -2.3170985309886123E+00 3.8420614944644871E-01
 8.7657617253153342E-03 -5.7568385912590420E-03 -1.7188494108422907E-03
0
0.0
 -1.1407996218300525E+00 -2.3170985309886123E+00 3.8420614944644871E-01
 9.0312141185573212E-03 -5.9618206334418342E-03 -1.6287289295021320E-03
0
0.0
 -1.1407996218300525E+00 -2.3170985309886123E+00 3.8420614944644871E-01
 8.6519276156154790E-03 -5.8850861146386184E-03 -1.4959863744129869E-03
0
0.0
 -1.1407996218300525E+00 -2.3170985309886123E+00 3.8420614944644871E-01
 8.8038897780999877E-03 -5.7683768482100122E-03 -1.6499388175313017E-03
0
0.0
 -1.1407996218300525E+00 -2.3170985309886123E+00 3.8420614944644871E-01
 8.6584872260505388E-03 -6.0962008329873557E-03 -1.6816884236943829E-03
0
0.0
 -1.1407996218300525E+00 -2.3170985309886123E+00 3.8420614944644871E-01
 8.9167178044982521E-03 -5.7691968218901652E-03 -1.7397974124401818E-03
0
0.0
 -1.1407996218300525E+00 -2.3170985309886123E+00 3.8420614944644871E-01
 8.6018647025365713E-03 -5.9238006308509217E-03 -1.6351013819721049E-03
0
0.0
 -1.1407996218300525E+00 -2.3170985309886123E+00 3.8420614944644871E-01
 8.8921276443380444E-03 -5.9144825110382486E-03 -1.6023779941034776E-03
0
0.0
 -1.1407996218300525E+00 -2.3170985309886123E+00 3.8420614944644871E-01
 8.8306940243189393E-03 -5.9486855503464451E-03 -1.8883150529696230E-03
0
0.0
 -1.1407996218300525E+00 -2.3170985309886123E+00 3.8420614944644871E-01
 8.7882375539225042E-03 -5.8879954563362518E-03 -1.6452108997586561E-03
0
0.0
 -1.1407996218300525E+00 -2.3170985309886123E+00 3.8420614944644871E-01
 8.5790183853865463E-03 -5.7547934428602964E-03 -1.4944657359851603E-03
0
0.0
 -1.1407996218300525E+00 -2.3170985309886123E+00 3.8420614944644871E-01
 9.0435783993037984E-03 -6.0189907283424516E-03 -1.6248063249962176E-03
0
0.0
 -1.1407996218300525E+00 -2.3170985309886123E+00 3.8420614944644871E-01
 8.8209420627493127E-03 -5.8918254270200910E-03 -1.5948049971139574E-03
0
0.0
 -1.1407996218300525E+00 -2.3170985309886123E+00 3.8420614944644871E-01
 8.8320983592752138E-03 -5.8191152477132186E-03 -1.5936410002885238E-03
0
0.0
 -1.1407996218300525E+00 -2.3170985309886123E+00 3.8420614944644871E-01
 8.6985373265749018E-03 -5.8624529833095863E-03 -1.6044679598251899E-03
0
0.0
 -1.1407996218300525E+00 -2.3170985309886123E+00 3.8420614944644871E-01
 8.7945017872112681E-03 -5.9161963583346799E-03 -1.6377819275128780E-03
0
0.0
 -1.1407996218300525E+00 -2.3170985309886123E+00 3.8420614944644871E-01
 8.7841699088030464E-03 -6.2296993967366548E-03 -1.7445497388882748E-03
0
0.0
 -1.1407996218300525E+00 -2.3170985309886123E+00 3.8420614944644871E-01
 8.9596258314686809E-03 -6.0433055264196445E-03 -1.7493846714083303E-03
0
0.0
 -1.1407996218300525E+00 -2.3170985309886123E+00 3.8420614944644871E-01
 8.8184233689502286E-03 -5.9391562539808512E-03 -1.4624039562069907E-03
0
0.0
 -1.1407996218300525E+00 -2.3170985309886123E+00 3.8420614944644871E-01
 8.8674918119656804E-03 -6.0410386233999769E-03 -1.6714059382874403E-03
0
0.0
 -1.1407996218300525E+00 -2.3170985309886123E+00 3.8420614944644871E-01
 8.5122929054335141E-03 -5.8407725302721883E-03 -1.6274038823039323E-03
0
0.0
 -1.1407996218300525E+00 -2.3170985309886123E+00 3.8420614944644871E-01
 8.7029927107617772E-03 -5.9226016667723912E-03 -1.7275325245113620E-03
0
0.0
 -1.1407996218300525E+00 -2.3170985309886123E+00 3.8420614944644871E-01
 8.7130049908233989E-03 -5.7824972038680658E-03 -1.5978256581027392E-03
0
0.0
 -1.1407996218300525E+00 -2.3170985309886123E+00 3.8420614944644871E-01
 8.6591554531848577E-03 -5.9307311920229026E-03 -1.4826188176008137E-03
0
0.0
 -1.1407996218300525E+00 -2.3170985309886123E+00 3.8420614944644871E-01
 8.8474341010701431E-03 -5.8864064539294325E-03 -1.7474867542544468E-03
0
0.0
 -1.1407996218300525E+00 -2.3170985309886123E+00 3.8420614944644871E-01
 8.6473664074984188E-03 -6.1052141281661585E-03 -1.5561659666452352E-03
0
0.0
 -1.1407996218300525E+00 -2.3170985309886123E+00 3.8420614944644871E-01
 8.7662626840678357E-03 -6.0465571182549381E-03 -1.3906657527580678E-03
0
0.0
 -1.1407996218300525E+00 -2.3170985309886123E+00 3.8420614944644871E-01
 8.8017033279174650E-03 -6.0263320315409492E-03 -1.9286455126456172E-03
0
0.0
 -1.1407996218300525E+00 -2.3170985309886123E+00 3.8420614944644871E-01
 8.8135253834971290E-03 -5.8765241731722779E-03 -1.6219871370965620E-03
0
0.0
 -1.1407996218300525E+00 -2.3170985309886123E+00 3.8420614944644871E-01
 8.8656204128156526E-03 -5.8223046340438222E-03 -1.5786199055831502E-03
0
0.0
 -1.1407996218300525E+00 -2.3170985309886123E+00 3.8420614944644871E-01
 8.7041029433193706E-03 -5.9395116780072386E-03 -1.7159275283843028E-03
0
0.0
 -1.1407996218300525E+00 -2.3170985309886123E+00 3.8420614944644871E-01
 8.6701746236586830E-03 -5.6167495373522381E-03 -1.5655492107383320E-03
0
0.0
 -1.1407996218300525E+00 -2.3170985309886123E+00 3.8420614944644871E-01
 8.7768338723698252E-03 -5.8547125997404264E-03 -1.6952310259504394E-03
0
0.0
 -1.1407996218300525E+00 -2.3170985309886123E+00 3.8420614944644871E-01
 8.8293532475184622E-03 -5.7667238539118671E-03 -1.7859161835431482E-03
0
0.0
 -1.1407996218300525E+00 -2.3170985309886123E+00 3.8420614944644871E-01
 8.5090849233078868E-03 -5.8723957644655480E-03 -1.6706171474664599E-03
0
0.0
 -1.1407996218300525E+00 -2.3170985309886123E+00 3.8420614944644871E-01
 8.6576718066473986E-03 -6.0260067641145941E-03 -1.7313953588905780E-03
0
0.0
 -1.1407996218300525E+00 -2.3170985309886123E+00 3.8420614944644871E-01
 8.6928602049138846E-03 -5.6418662448454778E-03 -1.6960733948169875E-03
0
0.0
 -1.1407996218300525E+00 -2.3170985309886123E+00 3.8420614944644871E-01
 8.9102747578265491E-03 -5.7153158584035933E-03 -1.6292378140866409E-03
0
0.0
 -1.1407996218300525E+00 -2.3170985309886123E+00 3.8420614944644871E-01
 9.0811687971574136E-03 -5.8724092453761589E-03 -1.4713228187837916E-03
0
0.0
 -1.1407996218300525E+00 -2.3170985309886123E+00 3.8420614944644871E-01
 8.6651995255538020E-03 -6.0166374652064376E-03 -1.8526683991169695E-03
0
0.0
 -1.1407996218300525E+00 -2.3170985309886123E+00 3.8420614944644871E-01
 8.6826136585251550E-03 -5.9161490402101840E-03 -1.6280315382321200E-03
0
0.0
 -1.1407996218300525E+00 -2.3170985309886123E+00 3.8420614944644871E-01
 8.9020357026458469E-03 -5.8766474170314966E-03 -1.6261673880751829E-03
0
0.0
 -1.1407996218300525E+00 -2.3170985309886123E+00 3.8420614944644871E-01
 8.6796786250316425E-03 -5.8262629142183317E-03 -1.5330223771032115E-03
0
0.0
 -1.1407996218300525E+00 -2.3170985309886123E+00 3.8420614944644871E-01
 8.6768474411508846E-03 -5.8914655223758832E-03 -1.6098098101112964E-03
0
0.0
 -1.1407996218300525E+00 -2.3170985309886123E+00 3.8420614944644871E-01
 8.7545689517422431E-03 -5.8088575630720167E-03 -1.5817776796851069E-03
0
0.0
 -1.1407996218300525E+00 -2.3170985309886123E+00 3.8420614944644871E-01
 8.7949772222834267E-03 -6.1912868713956135E-03 -1.6717867504303166E-03
0
0.0
 -1.1407996218300525E+00 -2.3170985309886123E+00 3.8420614944644871E-01
 8.7866022531111719E-03 -6.1244727494700673E-03 -1.7377422408848804E-03
0
0.0
 -1.1407996218300525E+00 -2.3170985309886123E+00 3.8420614944644871E-01
 8.7532023021911435E-03 -6.0252887260707532E-03 -1.6024256100661083E-03
0
0.0
 -1.1407996218300525E+00 -2.3170985309886123E+00 3.8420614944644871E-01
 8.7961898630053870E-03 -5.8605111402775046E-03 -1.6023712331747569E-03
0
0.0
 -1.1407996218300525E+00 -2.3170985309886123E+00 3.8420614944644871E-01
 8.5057488403218334E-03 -5.8291398598035128E-03 -1.6526328214942787E-03
0
0.0
 -1.1407996218300525E+00 -2.3170985309886123E+00 3.8420614944644871E-01
 8.5932443033756700E-03 -6.0485619990196639E-03 -1.3949561905704608E-03
0
0.0
 -1.1407996218300525E+00 -2.3170985309886123E+00 3.8420614944644871E-01
 8.9342208461872536E-03 -5.9619535283696196E-03 -1.8741700231029628E-03
0
0.0
 -1.1407996218300525E+00 -2.3170985309886123E+00 3.8420614944644871E-01
 8.7884665294126890E-03 -5.7943964060405513E-03 -1.7720250693266533E-03
0
0.0
 -1.1407996218300525E+00 -2.3170985309886123E+00 3.8420614944644871E-01
 9.0590769087619729E-03 -5.9513832242892931E-03 -1.5751770105807208E-03
0
0.0
 -1.1407996218300525E+00 -2.3170985309886123E+00 3.8420614944644871E-01
 8.8108204126232017E-03 -5.8268531084116294E-03 -1.7627395033150330E-03
0
0.0
 -1.1407996218300525E+00 -2.3170985309886123E+00 3.8420614944644871E-01
 8.9125148292700952E-03 -5.7282060573310952E-03 -1.5819117221181026E-03
0
0.0
 -1.1407996218300525E+00 -2.3170985309886123E+00 3.8420614944644871E-01
 8.9288847084441833E-03 -5.8713493662120942E-03 -1.5860100191422309E-03
0
0.0
 -1.1407996218300525E+00 -2.3170985309886123E+00 3.8420614944644871E-01
 8.6203422082103114E-03 -5.8772784700590833E-03 -1.5665791411857328E-03
0
0.0
 -1.1407996218300525E+00 -2.3170985309886123E+00 3.8420614944644871E-01
 8.8312018546351408E-03 -5.9868103453484664E-03 -1.5892897941704657E-03
0
0.0
 -1.1407996218300525E+00 -2.3170985309886123E+00 3.8420614944644871E-01
 8.7946085336078634E-03 -6.0745418701776584E-03 -1.8517008673407027E-03
0
0.0
 -1.1407996218300525E+00 -2.3170985309886123E+00 3.8420614944644871E-01
 8.9218702844388546E-03 -5.8691569548259236E-03 -1.7411985489269781E-03
0
0.0
 -1.1407996218300525E+00 -2.3170985309886123E+00 3.8420614944644871E-01
 8.8828424082724542E-03 -5.7767076206415831E-03 -1.6830519019276947E-03
0
0.0
 -1.1407996218300525E+00 -2.3170985309886123E+00 3.8420614944644871E-01
 8.8001703515054822E-03 -5.9323406947323848E-03 -1.3965037149261757E-03
0
0.0
 -1.1407996218300525E+00 -2.3170985309886123E+00 3.8420614944644871E-01
 8.7816397538627612E-03 -5.8961055481032516E-03 -1.6374040776570796E-03
0
0.0
 -1.1407996218300525E+00 -2.3170985309886123E+00 3.8420614944644871E-01
 8.8330222116200559E-03 -6.0259065754621841E-03 -1.6627208901318373E-03
0
0.0
 -1.1407996218300525E+00 -2.3170985309886123E+00 3.8420614944644871E-01
 8.6818901141236700E-03 -5.8200454156242688E-03 -1.6064181749358209E-03
0
0.0
 -1.1407996218300525E+00 -2.3170985309886123E+00 3.8420614944644871E-01
 8.7315588185263616E-03 -5.8566869854569130E-03 -1.4841603129852100E-03
0
0.0
 -1.1407996218300525E+00 -2.3170985309886123E+00 3.8420614944644871E-01
 8.9733441963183239E-03 -5.7988595933803275E-03 -1.5163779889843015E-03
0
0.0
 -1.1407996218300525E+00 -2.3170985309886123E+00 3.8420614944644871E-01
 8.9869516833842329E-03 -5.7144243081766726E-03 -1.8088319240902935E-03
0
0.0
 -1.1407996218300525E+00 -2.3170985309886123E+00 3.8420614944644871E-01
 8.7510907413164696E-03 -5.9374973288373037E-03 -1.7078599838834536E-03
0
0.0
 -1.1407996218300525E+00 -2.3170985309886123E+00 3.8420614944644871E-01
 8.9491077848367247E-03 -5.9103399547616392E-03 -1.5759513785117711E-03
0
0.0
 -1.1407996218300525E+00 -2.3170985309886123E+00 3.8420614944644871E-01
 8.8119896842154231E-03 -5.8574218385395189E-03 -1.6791878792441432E-03
0
0.0
 -1.1407996218300525E+00 -2.3170985309886123E+00 3.8420614944644871E-01
 8.5578674117625028E-03 -5.9932608562318756E-03 -1.6649794794927905E-03
0
0.0
 -1.1407996218300525E+00 -2.3170985309886123E+00 3.8420614944644871E-01
 8.7804038050005983E-03 -5.9226050159166561E-03 -1.6259557601854503E-03
0
0.0
 -1.1407996218300525E+00 -2.3170985309886123E+00 3.8420614944644871E-01
 8.8079766851383769E-03 -6.1231131143905338E-03 -1.7824262219667310E-03
0
0.0
 -1.1407996218300525E+00 -2.3170985309886123E+00 3.8420614944644871E-01
 8.7231277982790130E-03 -5.8855723337070901E-03 -1.6042801690155089E-03
0
0.0
 -1.1407996218300525E+00 -2.3170985309886123E+00 3.8420614944644871E-01
 8.7069939522728991E-03 -5.8882162694242710E-03 -1.9318606272891291E-03
0
0.0
 -1.1407996218300525E+00 -2.3170985309886123E+00 3.8420614944644871E-01
 8.7833815645060286E-03 -5.9490397577559853E-03 -1.6385369929209739E-03
0
0.0
 -1.1407996218300525E+00 -2.3170985309886123E+00 3.8420614944644871E-01
 8.5804110319043711E-03 -5.9135749891053562E-03 -1.5314794752111888E-03
0
0.0
 -1.1407996218300525E+00 -2.3170985309886123E+00 3.8420614944644871E-01
 8.8706250765099252E-03 -5.9541817330022095E-03 -1.6601046994908133E-03
0
0.0
 -1.1407996218300525E+00 -2.3170985309886123E+00 3.8420614944644871E-01
 8.8166121832588817E-03 -5.8647758686660107E-03 -1.7103675787629785E-03
0
0.0
 -1.1407996218300525E+00 -2.3170985309886123E+00 3.8420614944644871E-01
 8.8193274960934025E-03 -5.9192268425017711E-03 -1.7168767435777315E-03
0
0.0
 -1.1407996218300525E+00 -2.3170985309886123E+00 3.8420614944644871E-01
 8.7976957557739568E-03 -5.8236606321774576E-03 -1.7378050002862884E-03
0
0.0
 -1.1407996218300525E+00 -2.3170985309886123E+00 3.8420614944644871E-01
 8.8023392087942520E-03 -5.9351608448124519E-03 -1.6005620271521317E-03
0
0.0
 -1.1407996218300525E+00 -2.3170985309886123E+00 3.8420614944644871E-01
 8.7528651496203303E-03 -6.1605481350436751E-03 -1.7096346414497462E-03
0
0.0
 -1.1407996218300525E+00 -2.3170985309886123E+00 3.8420614944644871E-01
 8.5443410128348170E-03 -6.1160152571206475E-03 -1.6119333495142995E-03
0
0.0
 -1.1407996218300525E+00 -2.3170985309886123E+00 3.8420614944644871E-01
 8.6529694724940300E-03 -5.9613288506046285E-03 -1.7961540670708512E-03
0
0.0
 -1.1407996218300525E+00 -2.3170985309886123E+00 3.8420614944644871E-01
 8.8210631014267564E-03 -5.9263924715848250E-03 -1.6222376093547983E-03
0
0.0
 -1.1407996218300525E+00 -2.3170985309886123E+00 3.8420614944644871E-01
 8.7908829900002067E-03 -5.9117764178294990E-03 -1.6059209920976144E-03
0
0.0
 -1.1407996218300525E+00 -2.3170985309886123E+00 3.8420614944644871E-01
 8.6832100140693241E-03 -5.8173601254549413E-03 -1.5629808302909868E-03
0
0.0
 -1.1407996218300525E+00 -2.3170985309886123E+00 3.8420614944644871E-01
 8.8442254590499168E-03 -5.8648506071252117E-03 -1.6177466878236591E-03
0
0.0
 -1.1407996218300525E+00 -2.3170985309886123E+00 3.8420614944644871E-01
 8.8375463369559128E-03 -6.0178402061014042E-03 -1.6177682040118225E-03
0
0.0
 -1.1407996218300525E+00 -2.3170985309886123E+00 3.8420614944644871E-01
 8.7104645267258637E-03 -5.8791652262745724E-03 -1.6673992667182095E-03
0
0.0
 -1.1407996218300525E+00 -2.3170985309886123E+00 3.8420614944644871E-01
 8.8149837632114682E-03 -6.0376142448664025E-03 -1.6677494431265069E-03
0
0.0
 -1.1407996218300525E+00 -2.3170985309886123E+00 3.8420614944644871E-01
 8.8493235273926062E-03 -5.8737806193819731E-03 -1.6173514520116449E-03
0
0.0
 -1.1407996218300525E+00 -2.3170985309886123E+00 3.8420614944644871E-01
 8.7152558953602997E-03 -5.9955924958417688E-03 -1.5971459038617466E-03
0
0.0
 -1.1407996218300525E+00 -2.3170985309886123E+00 3.8420614944644871E-01
 8.7727320714083602E-03 -5.8660325353620578E-03 -1.6352077843731949E-03
0
0.0
 -1.1407996218300525E+00 -2.3170985309886123E+00 3.8420614944644871E-01
 8.7664092827494499E-03 -5.8702800052782131E-03 -1.6524722472864046E-03
0
0.0
 -1.1407996218300525E+00 -2.3170985309886123E+00 3.8420614944644871E-01
 8.5704423028412566E-03 -6.0110772630763195E-03 -1.8064617431905647E-03
0
0.0
 -1.1407996218300525E+00 -2.3170985309886123E+00 3.8420614944644871E-01
 8.7932859852243306E-03 -6.0821246350825087E-03 -1.5829156700358183E-03
0
0.0
 -1.1407996218300525E+00 -2.3170985309886123E+00 3.8420614944644871E-01
 8.7569545909505497E-03 -5.9697257884613261E-03 -1.5935659756817616E-03
0
0.0
 -1.1407996218300525E+00 -2.3170985309886123E+00 3.8420614944644871E-01
 8.9084034147673408E-03 -5.9537143467103546E-03 -1.6999873463606882E-03
0
0.0
 -1.1407996218300525E+00 -2.3170985309886123E+00 3.8420614944644871E-01
 8.7619765813071911E-03 -5.9907562846082700E-03 -1.7014030803446266E-03
0
0.0
 -1.1407996218300525E+00 -2.3170985309886123E+00 3.8420614944644871E-01
 8.6653427769203643E-03 -5.9996549378373192E-03 -1.5221142393641201E-03
0
0.0
 -1.1407996218300525E+00 -2.3170985309886123E+00 3.8420614944644871E-01
 9.0057345809247923E-03 -6.0215961222535473E-03 -1.5559586747945437E-03
0
0.0
 -1.1407996218300525E+00 -2.3170985309886123E+00 3.8420614944644871E-01
 8.7253167329170746E-03 -5.8677883329946679E-03 -1.5299375693868674E-03
0
0.0
 -1.1407996218300525E+00 -2.3170985309886123E+00 3.8420614944644871E-01
 8.8782085961377332E-03 -5.9602558897720896E-03 -1.6573335534831681E-03
0
0.0
 -1.1407996218300525E+00 -2.3170985309886123E+00 3.8420614944644871E-01
 8.8063140494925828E-03 -5.8086110439136297E-03 -1.5505075059789590E-03
0
0.0
 -1.1407996218300525E+00 -2.3170985309886123E+00 3.8420614944644871E-01
 8.5783857402920438E-03 -6.0775626328962188E-03 -1.6503806029901371E-03
0
0.0
 -1.1407996218300525E+00 -2.3170985309886123E+00 3.8420614944644871E-01
 8.6091207113939174E-03 -5.8376461717792845E-03 -1.6885072928977077E-03
0
0.0
 -1.1407996218300525E+00 -2.3170985309886123E+00 3.8420614944644871E-01
 8.8448711911913759E-03 -5.8803076742140756E-03 -1.6126611107791728E-03
0
0.0
 -1.1407996218300525E+00 -2.3170985309886123E+00 3.8420614944644871E-01
 8.5557200180740606E-03 -5.9246905407813761E-03 -1.4593377394453307E-03
0
0.0
 -1.1407996218300525E+00 -2.3170985309886123E+00 3.8420614944644871E-01
 8.6284572839139956E-03 -5.8669089802022836E-03 -1.4114015823147121E-03
0
0.0
 -1.1407996218300525E+00 -2.3170985309886123E+00 3.8420614944644871E-01
 8.7654738272420363E-03 -5.7091384820884801E-03 -1.6869421401662840E-03
0
0.0
 -1.1407996218300525E+00 -2.3170985309886123E+00 3.8420614944644871E-01
 8.9596211580488458E-03 -5.8973632601703801E-03 -1.7551766089405891E-03
0
0.0
 -1.1407996218300525E+00 -2.3170985309886123E+00 3.8420614944644871E-01
 8.7903356219363130E-03 -5.8655681704922451E-03 -1.6676822995885796E-03
0
0.0
 -1.1407996218300525E+00 -2.3170985309886123E+00 3.8420614944644871E-01
 9.0991868414311162E-03 -5.9656524178166919E-03 -1.5416367732541292E-03
0
0.0
 -1.1407996218300525E+00 -2.3170985309886123E+00 3.8420614944644871E-01
 9.0491630382303380E-03 -5.9076142796748382E-03 -1.5515497691526809E-03
0
0.0
 -1.1407996218300525E+00 -2.3170985309886123E+00 3.8420614944644871E-01
 8.6345529776123680E-03 -5.9876011783404452E-03 -1.7667896283952297E-03
0
0.0
 -1.1407996218300525E+00 -2.3170985309886123E+00 3.8420614944644871E-01
 8.8095439380560681E-03 -5.8354895944960931E-03 -1.6078646845957235E-03
0
0.0
 -1.1407996218300525E+00 -2.3170985309886123E+00 3.8420614944644871E-01
 8.7863194401641524E-03 -5.8620166373522962E-03 -1.6743160838644257E-03
0
0.0
 -1.1407996218300525E+00 -2.3170985309886123E+00 3.8420614944644871E-01
 8.6162804026619615E-03 -5.7977751411172609E-03 -1.8166620015704694E-03
0
0.0
 -1.1407996218300525E+00 -2.3170985309886123E+00 3.8420614944644871E-01
 8.7945123232156999E-03 -5.6063476143181513E-03 -1.5017920999057463E-03
0
0.0
 -1.1407996218300525E+00 -2.3170985309886123E+00 3.8420614944644871E-01
 8.7423730467692633E-03 -5.7389040003152291E-03 -1.5051033626722226E-03
0
0.0
 -1.1407996218300525E+00 -2.3170985309886123E+00 3.8420614944644871E-01
 8.5561367509915491E-03 -5.7783537465615018E-03 -1.6357320807644776E-03
0
0.0
 -1.1407996218300525E+00 -2.3170985309886123E+00 3.8420614944644871E-01
 8.7506366729292271E-03 -6.2305256034726657E-03 -1.6766044783336205E-03
0
0.0
 -1.1407996218300525E+00 -2.3170985309886123E+00 3.8420614944644871E-01
 8.7438048899183690E-03 -5.9677498273970559E-03 -1.4532658409429427E-03
0
0.0
 -1.1407996218300525E+00 -2.3170985309886123E+00 3.8420614944644871E-01
 8.8307021690240822E-03 -6.0825368657525386E-03 -1.7048200845817241E-03
0
0.0
 -1.1407996218300525E+00 -2.3170985309886123E+00 3.8420614944644871E-01
 8.7515086424179399E-03 -6.1604296616741975E-03 -1.6206870269138156E-03
0
0.0
 -1.1407996218300525E+00 -2.3170985309886123E+00 3.8420614944644871E-01
 8.6898706587636692E-03 -5.8431844160591337E-03 -1.6308725285628012E-03
0
0.0
 -1.1407996218300525E+00 -2.3170985309886123E+00 3.8420614944644871E-01
 8.7271145039789205E-03 -5.8314230613775719E-03 -1.5338204992155673E-03
0
0.0
 -1.1407996218300525E+00 -2.3170985309886123E+00 3.8420614944644871E-01
 8.7206652702286024E-03 -5.8428085843543831E-03 -1.6226980785361154E-03
0
0.0
 -1.1407996218300525E+00 -2.3170985309886123E+00 3.8420614944644871E-01
 8.8412769634055380E-03 -5.9699511438813264E-03 -1.5999998446557010E-03
0
0.0
 -1.1407996218300525E+00 -2.3170985309886123E+00 3.8420614944644871E-01
 8.7477489599069973E-03 -6.0127973809919431E-03 -1.7593270016304696E-03
0
0.0
 -1.1407996218300525E+00 -2.3170985309886123E+00 3.8420614944644871E-01
 8.8276750484557135E-03 -5.8121103005709862E-03 -1.3894586321592732E-03
0
0.0
 -1.1407996218300525E+00 -2.3170985309886123E+00 3.8420614944644871E-01
 8.7430918237591717E-03 -5.9883960156499700E-03 -1.8012419577730597E-03
0
0.0
 -1.1407996218300525E+00 -2.3170985309886123E+00 3.8420614944644871E-01
 8.7736901101329451E-03 -5.8465973179815927E-03 -1.7472183806038885E-03
0
0.0
 -1.1407996218300525E+00 -2.3170985309886123E+00 3.8420614944644871E-01
 8.9855567714434946E-03 -5.7800239464155852E-03 -1.6176827137802541E-03
0
0.0
 -1.1407996218300525E+00 -2.3170985309886123E+00 3.8420614944644871E-01
 8.7446233871146580E-03 -5.8232871392992465E-03 -1.6820937831678552E-03
0
0.0
 -1.1407996218300525E+00 -2.3170985309886123E+00 3.8420614944644871E-01
 8.7841867057517464E-03 -5.9331405209274027E-03 -1.5900397100300650E-03
0
0.0
 -1.1407996218300525E+00 -2.3170985309886123E+00 3.8420614944644871E-01
 8.5800313985642251E-03 -5.7811598401275623E-03 -1.3842777299617325E-03
0
0.0
 -1.1407996218300525E+00 -2.3170985309886123E+00 3.8420614944644871E-01
 8.9452833572170598E-03 -5.7219854708496030E-03 -1.5513540597961947E-03
0
0.0
 -1.1407996218300525E+00 -2.3170985309886123E+00 3.8420614944644871E-01
 8.8900838638688723E-03 -5.9449184037396298E-03 -1.5728896167762497E-03
0
0.0
 -1.1407996218300525E+00 -2.3170985309886123E+00 3.8420614944644871E-01
 8.7324144316132616E-03 -6.0164077684294855E-03 -1.6646107025522926E-03
0
0.0
 -1.1407996218300525E+00 -2.3170985309886123E+00 3.8420614944644871E-01
 8.6546390772623341E-03 -5.9459236648867720E-03 -1.7423053287424026E-03
0
0.0
 -1.1407996218300525E+00 -2.3170985309886123E+00 3.8420614944644871E-01
 8.7233117343233323E-03 -5.7676304977358189E-03 -1.9026358452859241E-03
0
0.0
 -1.1407996218300525E+00 -2.3170985309886123E+00 3.8420614944644871E-01
 8.7808553823358424E-03 -5.7875299526632153E-03 -1.8080835149659892E-03
0
0.0
 -1.1407996218300525E+00 -2.3170985309886123E+00 3.8420614944644871E-01
 8.8476628154946016E-03 -5.8797607380938494E-03 -1.8071318063099227E-03
0
0.0
 -1.1407996218300525E+00 -2.3170985309886123E+00 3.8420614944644871E-01
 8.6863185024616974E-03 -5.9799414087629166E-03 -1.7085390589674952E-03
0
0.0
 -1.1407996218300525E+00 -2.3170985309886123E+00 3.8420614944644871E-01
 8.8146708561227752E-03 -5.8986206926061975E-03 -1.5331796128732166E-03
0
0.0
 -1.1407996218300525E+00 -2.3170985309886123E+00 3.8420614944644871E-01
 8.8909351223804018E-03 -5.7434225575662785E-03 -1.4682949008302955E-03
0
0.0
 -1.1407996218300525E+00 -2.3170985309886123E+00 3.8420614944644871E-01
 8.7820763329411675E-03 -5.9426733247195350E-03 -1.5788576998886771E-03
0
0.0
 -1.1407996218300525E+00 -2.3170985309886123E+00 3.8420614944644871E-01
 8.7443643450727301E-03 -6.0198319465951866E-03 -1.4861185011315245E-03
0
0.0
 -1.1407996218300525E+00 -2.3170985309886123E+00 3.8420614944644871E-01
 8.6057264804859160E-03 -5.9176425052396659E-03 -1.6396081810497701E-03
0
0.0
 -1.1407996218300525E+00 -2.3170985309886123E+00 3.8420614944644871E-01
 8.8425994387280674E-03 -6.0426126935051233E-03 -1.8723206760082995E-03
0
0.0
 -1.1407996218300525E+00 -2.3170985309886123E+00 3.8420614944644871E-01
 8.7857253196286702E-03 -5.7942601527420567E-03 -1.5765103429704710E-03
0
0.0
 -1.1407996218300525E+00 -2.3170985309886123E+00 3.8420614944644871E-01
 8.7901443516038603E-03 -5.7734007776782861E-03 -1.6417931144475720E-03
0
0.0
 -1.1407996218300525E+00 -2.3170985309886123E+00 3.8420614944644871E-01
 8.7828126078888236E-03 -5.7200426179891753E-03 -1.6302721374664574E-03
0
0.0
 -1.1407996218300525E+00 -2.3170985309886123E+00 3.8420614944644871E-01
 8.7503376327620393E-03 -6.0347568537957273E-03 -1.7477314261744880E-03
0
0.0
 -1.1407996218300525E+00 -2.3170985309886123E+00 3.8420614944644871E-01
 8.7822177725467784E-03 -6.0049760041776864E-03 -1.7577186982312956E-03
0
0.0
 -1.1407996218300525E+00 -2.3170985309886123E+00 3.8420614944644871E-01
 9.0113870043089343E-03 -5.7979605076863847E-03 -1.6851510764816595E-03
0
0.0
 -1.1407996218300525E+00 -2.3170985309886123E+00 3.8420614944644871E-01
 8.6841935305967503E-03 -6.1908167084927931E-03 -1.4954696557180540E-03
0
0.0
 -1.1407996218300525E+00 -2.3170985309886123E+00 3.8420614944644871E-01
 8.7934597798840254E-03 -6.0280033241268639E-03 -1.7000855683552620E-03
0
0.0
 -1.1407996218300525E+00 -2.3170985309886123E+00 3.8420614944644871E-01
 8.9937439209065075E-03 -6.0998855470747468E-03 -1.7693165330887426E-03
0
0.0
 -1.1407996218300525E+00 -2.3170985309886123E+00 3.8420614944644871E-01
 8.7196049118777770E-03 -5.6835770421921469E-03 -1.5445597436880970E-03
0
0.0
 -1.1407996218300525E+00 -2.3170985309886123E+00 3.8420614944644871E-01
 8.6746761153305603E-03 -5.8476946347574884E-03 -1.3419567160800516E-03
0
0.0
 -1.1407996218300525E+00 -2.3170985309886123E+00 3.8420614944644871E-01
 8.6880686875719058E-03 -6.0437440676723766E-03 -1.7172027901893806E-03
0
0.0
 -1.1407996218300525E+00 -2.3170985309886123E+00 3.8420614944644871E-01
 8.9672044523147303E-03 -5.9996078508140292E-03 -1.4997328998230509E-03
0
0.0
 -1.1407996218300525E+00 -2.3170985309886123E+00 3.8420614944644871E-01
 8.6486903797671141E-03 -6.0118577226611798E-03 -1.5494682355410971E-03
0
0.0
 -1.1407996218300525E+00 -2.3170985309886123E+00 3.8420614944644871E-01
 8.7387684433593588E-03 -5.9111168630592240E-03 -1.6995886283204457E-03
0
0.0
 -1.1407996218300525E+00 -2.3170985309886123E+00 3.8420614944644871E-01
 8.8296694623578378E-03 -5.9415610658277076E-03 -1.4463642441278758E-03
0
0.0
 -1.1407996218300525E+00 -2.3170985309886123E+00 3.8420614944644871E-01
 8.7886731587245789E-03 -6.2022724374602373E-03 -1.5468758219296657E-03
0
0.0
 -1.1407996218300525E+00 -2.3170985309886123E+00 3.8420614944644871E-01
 8.6877556143058771E-03 -5.6581474133253640E-03 -1.7141237580536597E-03
0
0.0
 -1.1407996218300525E+00 -2.3170985309886123E+00 3.8420614944644871E-01
 8.8496794968928264E-03 -6.0567773736064376E-03 -1.4837186919334970E-03
0
0.0
 -1.1407996218300525E+00 -2.3170985309886123E+00 3.8420614944644871E-01
 8.7892900095608070E-03 -6.0038958653026138E-03 -1.7530485844838629E-03
0
0.0
 -1.1407996218300525E+00 -2.3170985309886123E+00 3.8420614944644871E-01
 8.9520357717069576E-03 -5.8971645200016675E-03 -1.4906539437361344E-03
0
0.0
 -1.1407996218300525E+00 -2.3170985309886123E+00 3.8420614944644871E-01
 8.9120059842192241E-03 -6.0062834427206139E-03 -1.5432750501137530E-03
0
0.0
 -1.1407996218300525E+00 -2.3170985309886123E+00 3.8420614944644871E-01
 8.6275740122170787E-03 -5.9049394859255894E-03 -1.7432905477275196E-03
0
0.0
 -1.1407996218300525E+00 -2.3170985309886123E+00 3.8420614944644871E-01
 8.7597258349193310E-03 -5.7215005957531534E-03 -1.5092525029145602E-03
0
0.0
 -1.1407996218300525E+00 -2.3170985309886123E+00 3.8420614944644871E-01
 8.7398111050909812E-03 -5.9739207504820703E-03 -1.4875202117492275E-03
0
0.0
 -1.1407996218300525E+00 -2.3170985309886123E+00 3.8420614944644871E-01
 8.9384718125372180E-03 -5.8251243325094688E-03 -1.7595094023042017E-03
0
0.0
 -1.1407996218300525E+00 -2.3170985309886123E+00 3.8420614944644871E-01
 8.6357747574428573E-03 -5.7697963476982172E-03 -1.8295421886746163E-03
0
0.0
 -1.1407996218300525E+00 -2.3170985309886123E+00 3.8420614944644871E-01
 8.7215014030832521E-03 -5.9735208721272484E-03 -1.8347231758633748E-03
0
0.0
 -1.1407996218300525E+00 -2.3170985309886123E+00 3.8420614944644871E-01
 8.8489530563536523E-03 -5.9335938889305637E-03 -1.6118588634531077E-03
0
0.0
 -1.1407996218300525E+00 -2.3170985309886123E+00 3.8420614944644871E-01
 8.9196126309117867E-03 -5.8987969560250191E-03 -1.6203014619735510E-03
0
0.0
 -1.1407996218300525E+00 -2.3170985309886123E+00 3.8420614944644871E-01
 8.5916887462727711E-03 -5.9148989311195860E-03 -1.7121239080532169E-03
0
0.0
 -1.1407996218300525E+00 -2.3170985309886123E+00 3.8420614944644871E-01
 8.5828591641623330E-03 -5.9452651434312156E-03 -1.5090800546242256E-03
0
0.0
 -1.1407996218300525E+00 -2.3170985309886123E+00 3.8420614944644871E-01
 8.5441314756642336E-03 -5.8783568354507177E-03 -1.7388081490389349E-03
0
0.0
 -1.1407996218300525E+00 -2.3170985309886123E+00 3.8420614944644871E-01
 8.7526611655972929E-03 -6.1032266386863423E-03 -1.8255009992199733E-03
0
0.0
 -1.1407996218300525E+00 -2.3170985309886123E+00 3.8420614944644871E-01
 8.7881764525055365E-03 -5.9473668309634005E-03 -1.6350531620176782E-03
0
0.0
 -1.1407996218300525E+00 -2.3170985309886123E+00 3.8420614944644871E-01
 8.9589238206551451E-03 -6.0236499041092699E-03 -1.4386395767832286E-03
0
0.0
 -1.1407996218300525E+00 -2.3170985309886123E+00 3.8420614944644871E-01
 8.8472701247911002E-03 -5.9317438857478628E-03 -1.5867975793660428E-03
0
0.0
 -1.1407996218300525E+00 -2.3170985309886123E+00 3.8420614944644871E-01
 8.9302074998904094E-03 -5.9202603229778720E-03 -1.5834346239220183E-03
0
0.0
 -1.1407996218300525E+00 -2.3170985309886123E+00 3.8420614944644871E-01
 8.8169736458983457E-03 -5.8627452871540808E-03 -1.7269408357522794E-03
0
0.0
 -1.1407996218300525E+00 -2.3170985309886123E+00 3.8420614944644871E-01
 8.7991481172458759E-03 -6.0258261274146437E-03 -1.7813017096156842E-03
0
0.0
 -1.1407996218300525E+00 -2.3170985309886123E+00 3.8420614944644871E-01
 9.0215863769987376E-03 -5.6697675081352709E-03 -1.5723214339194414E-03
0
0.0
 -1.1407996218300525E+00 -2.3170985309886123E+00 3.8420614944644871E-01
 8.7507545946769114E-03 -5.7914436851733767E-03 -1.6917821708983766E-03
0
0.0
 -1.1407996218300525E+00 -2.3170985309886123E+00 3.8420614944644871E-01
 8.6077181060224689E-03 -5.9195301335558601E-03 -1.7820786222576671E-03
0
0.0
 -1.1407996218300525E+00 -2.3170985309886123E+00 3.8420614944644871E-01
 8.5589322644221127E-03 -5.8590945651008546E-03 -1.6765556956431257E-03
0
0.0
 -1.1407996218300525E+00 -2.3170985309886123E+00 3.8420614944644871E-01
 8.7688268370045425E-03 -5.8261198365454608E-03 -1.4878967587778440E-03
0
0.0
 -1.1407996218300525E+00 -2.3170985309886123E+00 3.8420614944644871E-01
 8.7710362349924936E-03 -5.8435292109769200E-03 -1.6009240178721145E-03
0
0.0
 -1.1407996218300525E+00 -2.3170985309886123E+00 3.8420614944644871E-01
 8.9198978395198802E-03 -5.7331161410631758E-03 -1.8557202258273108E-03
0
0.0
 -1.1407996218300525E+00 -2.3170985309886123E+00 3.8420614944644871E-01
 8.8028160283004104E-03 -5.9692073822459326E-03 -1.6225275833581974E-03
0
0.0
 -1.1407996218300525E+00 -2.3170985309886123E+00 3.8420614944644871E-01
 8.8094282882584148E-03 -5.9316048529849856E-03 -1.5790574368188105E-03
0
0.0
 -1.1407996218300525E+00 -2.3170985309886123E+00 3.8420614944644871E-01
 8.5215645677182116E-03 -5.8601468832226045E-03 -1.4602213809706630E-03
0
0.0
 -1.1407996218300525E+00 -2.3170985309886123E+00 3.8420614944644871E-01
 8.7623766585217724E-03 -6.0121485990848400E-03 -1.6765152157613851E-03
0
0.0
 -1.1407996218300525E+00 -2.3170985309886123E+00 3.8420614944644871E-01
 8.6464451332587417E-03 -5.9711431846860754E-03 -1.6817156113056739E-03
0
0.0
 -1.1407996218300525E+00 -2.3170985309886123E+00 3.8420614944644871E-01
 8.8067172108675963E-03 -5.7112021300743162E-03 -1.6170352458625731E-03
0
0.0
 -1.1407996218300525E+00 -2.3170985309886123E+00 3.8420614944644871E-01
 8.7718225821843687E-03 -5.8995072291272077E-03 -1.5796063087671654E-03
0
0.0
 -1.1407996218300525E+00 -2.3170985309886123E+00 3.8420614944644871E-01
 8.6848932788184275E-03 -5.7663960953379624E-03 -1.6391809606664547E-03
0
0.0
 -1.1407996218300525E+00 -2.3170985309886123E+00 3.8420614944644871E-01
 8.9701850292367713E-03 -6.0334742181469871E-03 -1.4458027149008641E-03
0
0.0
 -1.1407996218300525E+00 -2.3170985309886123E+00 3.8420614944644871E-01
 8.8125555821293843E-03 -5.9753133494963289E-03 -1.7859810282979498E-03
0
0.0
 -1.1407996218300525E+00 -2.3170985309886123E+00 3.8420614944644871E-01
 8.7552370539252435E-03 -5.8239393121238842E-03 -1.5540640026020620E-03
0
0.0
 -1.1407996218300525E+00 -2.3170985309886123E+00 3.8420614944644871E-01
 8.6847161122972413E-03 -5.8029004073289862E-03 -1.7136882761227060E-03
0
0.0
 -1.1407996218300525E+00 -2.3170985309886123E+00 3.8420614944644871E-01
 8.6920754520399043E-03 -6.1290420473794419E-03 -1.8297165493580288E-03
0
0.0
 -1.1407996218300525E+00 -2.3170985309886123E+00 3.8420614944644871E-01
 8.9561615598622250E-03 -5.9936159380822177E-03 -1.5554487352062490E-03
0
0.0
 -1.1407996218300525E+00 -2.3170985309886123E+00 3.8420614944644871E-01
 8.8024098101437478E-03 -5.8828529164041063E-03 -1.5523635527898956E-03
0
0.0
 -1.1407996218300525E+00 -2.3170985309886123E+00 3.8420614944644871E-01
 8.9452151680749058E-03 -5.9847058068927357E-03 -1.5292672795370356E-03
0
0.0
 -1.1407996218300525E+00 -2.3170985309886123E+00 3.8420614944644871E-01
 8.6724882121001524E-03 -5.9461231610264623E-03 -1.6392537920133408E-03
0
0.0
 -1.1407996218300525E+00 -2.3170985309886123E+00 3.8420614944644871E-01
 8.7309712844922550E-03 -5.7050186027326980E-03 -1.6689156578317344E-03
0
0.0
 -1.1407996218300525E+00 -2.3170985309886123E+00 3.8420614944644871E-01
 8.7188592626503154E-03 -5.8192145612532171E-03 -1.5043489517334030E-03
0
0.0
 -1.1407996218300525E+00 -2.3170985309886123E+00 3.8420614944644871E-01
 8.9190018316994760E-03 -5.9870923316528973E-03 -1.5918208815021103E-03
0
0.0
 -1.1407996218300525E+00 -2.3170985309886123E+00 3.8420614944644871E-01
 8.8397791651938940E-03 -6.1303599678381743E-03 -1.6396872944019413E-03
0
0.0
 -1.1407996218300525E+00 -2.3170985309886123E+00 3.8420614944644871E-01
 8.6393766286642169E-03 -5.8467615662572718E-03 -1.5536654843389093E-03
0
0.0
 -1.1407996218300525E+00 -2.3170985309886123E+00 3.8420614944644871E-01
 8.4875462468894346E-03 -5.8794801793548091E-03 -1.7441023831239384E-03
0
0.0
 -1.1407996218300525E+00 -2.3170985309886123E+00 3.8420614944644871E-01
 9.0216526917726025E-03 -5.9686042956204697E-03 -1.4303665874791835E-03
0
0.0
 -1.1407996218300525E+00 -2.3170985309886123E+00 3.8420614944644871E-01
 8.7556563471016223E-03 -5.9854035052603919E-03 -1.5714652133972185E-03
0
0.0
 -1.1407996218300525E+00 -2.3170985309886123E+00 3.8420614944644871E-01
 8.8370831082064723E-03 -5.9359913769300747E-03 -1.7555234972930357E-03
0
0.0
 -1.1407996218300525E+00 -2.3170985309886123E+00 3.8420614944644871E-01
 8.6386143631681823E-03 -5.8655444933297567E-03 -1.6455973932065543E-03
0
0.0
 -1.1407996218300525E+00 -2.3170985309886123E+00 3.8420614944644871E-01
 8.5782903325565107E-03 -6.0075881054149826E-03 -1.6207999332715751E-03
0
0.0
 -1.1407996218300525E+00 -2.3170985309886123E+00 3.8420614944644871E-01
 8.7938776857326845E-03 -5.6778433689023793E-03 -1.8237033243053544E-03
0
0.0
 -1.1407996218300525E+00 -2.3170985309886123E+00 3.8420614944644871E-01
 8.8561386335265085E-03 -6.0427429064122216E-03 -1.6032385595895638E-03
0
0.0
 -1.1407996218300525E+00 -2.3170985309886123E+00 3.8420614944644871E-01
 8.7296880229650910E-03 -5.9178819485114281E-03 -1.6073529522156863E-03
0
0.0
 -1.1407996218300525E+00 -2.3170985309886123E+00 3.8420614944644871E-01
 8.6760955986887323E-03 -5.8723970215709687E-03 -1.6499647612602411E-03
0
0.0
 -1.1407996218300525E+00 -2.3170985309886123E+00 3.8420614944644871E-01
 8.8270509879154989E-03 -5.8894678922474970E-03 -1.5926215795699934E-03
0
0.0
 -1.1407996218300525E+00 -2.3170985309886123E+00 3.8420614944644871E-01
 8.5221263271033996E-03 -5.9771581764168141E-03 -1.4172381281312135E-03
0
0.0
 -1.1407996218300525E+00 -2.3170985309886123E+00 3.8420614944644871E-01
 8.8395155144169874E-03 -6.1558402107979009E-03 -1.3895090593747722E-03
0
0.0
 -1.1407996218300525E+00 -2.3170985309886123E+00 3.8420614944644871E-01
 8.8273265782566352E-03 -6.0139674598162895E-03 -1.4913184716297441E-03
0
0.0
 -1.1407996218300525E+00 -2.3170985309886123E+00 3.8420614944644871E-01
 8.6629377588972080E-03 -5.8093556028952220E-03 -1.5649850135354541E-03
0
0.0
 -1.1407996218300525E+00 -2.3170985309886123E+00 3.8420614944644871E-01
 8.6871065618262956E-03 -5.8839142235253862E-03 -1.5794373344943948E-03
0
0.0
 -1.1407996218300525E+00 -2.3170985309886123E+00 3.8420614944644871E-01
 8.6836724625080231E-03 -5.7274876021352946E-03 -1.5411835864288725E-03
0
0.0
 -1.1407996218300525E+00 -2.3170985309886123E+00 3.8420614944644871E-01
 9.0452679458366929E-03 -5.9058224487546331E-03 -1.6239638588809099E-03
0
0.0
 -1.1407996218300525E+00 -2.3170985309886123E+00 3.8420614944644871E-01
 8.9889547419688097E-03 -5.7924792070836008E-03 -1.6726643576871975E-03
0
0.0
 -1.1407996218300525E+00 -2.3170985309886123E+00 3.8420614944644871E-01
 8.7938063437533812E-03 -5.8477378719174727E-03 -1.5925151511185117E-03
0
0.0
 -1.1407996218300525E+00 -2.3170985309886123E+00 3.8420614944644871E-01
 8.9708028677381556E-03 -5.8398093472886263E-03 -1.6178093314741251E-03
0
0.0
 -1.1407996218300525E+00 -2.3170985309886123E+00 3.8420614944644871E-01
 8.5604527064208260E-03 -5.8836033756996219E-03 -1.5557029339096460E-03
0
0.0
 -1.1407996218300525E+00 -2.3170985309886123E+00 3.8420614944644871E-01
 8.7465680639932271E-03 -5.8923821709340627E-03 -1.6056744793494680E-03
0
0.0
 -1.1407996218300525E+00 -2.3170985309886123E+00 3.8420614944644871E-01
 8.7699338753756319E-03 -6.0532798435999164E-03 -1.7228350782639648E-03
0
0.0
 -1.1407996218300525E+00 -2.3170985309886123E+00 3.8420614944644871E-01
 8.8494764515064835E-03 -6.1111732097029357E-03 -1.8755342397374676E-03
0
0.0
 -1.1407996218300525E+00 -2.3170985309886123E+00 3.8420614944644871E-01
 8.7757633445344381E-03 -5.8565695187846522E-03 -1.6106469873206821E-03
0
0.0
 -1.1407996218300525E+00 -2.3170985309886123E+00 3.8420614944644871E-01
 8.9533352293472614E-03 -5.9141685433898592E-03 -1.3764632248687587E-03
0
0.0
 -1.1407996218300525E+00 -2.3170985309886123E+00 3.8420614944644871E-01
 8.7125669789759972E-03 -6.1844286302920846E-03 -1.5493571985313373E-03
0
0.0
 -1.1407996218300525E+00 -2.3170985309886123E+00 3.8420614944644871E-01
 8.7571525521965635E-03 -5.7584357869742602E-03 -1.8091973334298673E-03
0
0.0
 -1.1407996218300525E+00 -2.3170985309886123E+00 3.8420614944644871E-01
 8.8420271168479104E-03 -5.8880462688358772E-03 -1.7547164901614526E-03
0
0.0
 -1.1407996218300525E+00 -2.3170985309886123E+00 3.8420614944644871E-01
 8.9679801674901281E-03 -5.9418123625828044E-03 -1.8466669874891235E-03
0
0.0
 -1.1407996218300525E+00 -2.3170985309886123E+00 3.8420614944644871E-01
 8.6742124483774555E-03 -5.7721915697308245E-03 -1.6431443124532844E-03
0
0.0
 -1.1407996218300525E+00 -2.3170985309886123E+00 3.8420614944644871E-01
 8.8537878117871845E-03 -5.9114884588083632E-03 -1.5746197963615099E-03
0
0.0
 -1.1407996218300525E+00 -2.3170985309886123E+00 3.8420614944644871E-01
 8.7506199362757213E-03 -6.0456853299870241E-03 -1.4584105158013164E-03
0
0.0
 -1.1407996218300525E+00 -2.3170985309886123E+00 3.8420614944644871E-01
 8.7037096115134081E-03 -5.7332088713119818E-03 -1.6326832649053828E-03
0
0.0
 -1.1407996218300525E+00 -2.3170985309886123E+00 3.8420614944644871E-01
 8.8026889034366045E-03 -5.9003232833891445E-03 -1.6018797473508224E-03
0
0.0
 -1.1407996218300525E+00 -2.3170985309886123E+00 3.8420614944644871E-01
 8.7771302609642825E-03 -6.1132233924032558E-03 -1.6635932920973529E-03
0
0.0
 -1.1407996218300525E+00 -2.3170985309886123E+00 3.8420614944644871E-01
 8.8105003106069453E-03 -5.8872289906476069E-03 -1.5316040102953531E-03
0
0.0
 -1.1407996218300525E+00 -2.3170985309886123E+00 3.8420614944644871E-01
 8.7909464211565133E-03 -5.7435903380118969E-03 -1.5700682566469927E-03
0
0.0
 -1.1407996218300525E+00 -2.3170985309886123E+00 3.8420614944644871E-01
 8.8596045090910350E-03 -5.7875848475514224E-03 -1.6195902940129233E-03
0
0.0
 -1.1407996218300525E+00 -2.3170985309886123E+00 3.8420614944644871E-01
 8.7634771987417474E-03 -6.1761341323448840E-03 -1.5318181587884695E-03
0
0.0
 -1.1407996218300525E+00 -2.3170985309886123E+00 3.8420614944644871E-01
 8.9168659430645184E-03 -5.7996197788946508E-03 -1.5160265892328331E-03
0
0.0
 -1.1407996218300525E+00 -2.3170985309886123E+00 3.8420614944644871E-01
 8.6092915391168829E-03 -6.0792097242366901E-03 -1.5750982430362409E-03
0
0.0
 -1.1407996218300525E+00 -2.3170985309886123E+00 3.8420614944644871E-01
 8.9295555799677340E-03 -5.9045492995164223E-03 -1.6297738646484556E-03
0
0.0
 -1.1407996218300525E+00 -2.3170985309886123E+00 3.8420614944644871E-01
 8.5656574143298282E-03 -5.9834236302773172E-03 -1.6460342701576406E-03
0
0.0
 -1.1407996218300525E+00 -2.3170985309886123E+00 3.8420614944644871E-01
 8.7005028582375840E-03 -5.9376400471133446E-03 -1.6295623442541319E-03
0
0.0
 -1.1407996218300525E+00 -2.3170985309886123E+00 3.8420614944644871E-01
 8.7386731588244611E-03 -5.9170352870908096E-03 -1.5734963543533613E-03
0
0.0
 -1.1407996218300525E+00 -2.3170985309886123E+00 3.8420614944644871E-01
 8.8113203277465895E-03 -5.8910328679273724E-03 -1.7823714037813983E-03
0
0.0
 -1.1407996218300525E+00 -2.3170985309886123E+00 3.8420614944644871E-01
 8.8801757267628900E-03 -5.8822883097094285E-03 -1.6937231747911805E-03
0
0.0
 -1.1407996218300525E+00 -2.3170985309886123E+00 3.8420614944644871E-01
 8.8234165258598996E-03 -5.8479523316164539E-03 -1.6624789652346103E-03
0
0.0
 -1.1407996218300525E+00 -2.3170985309886123E+00 3.8420614944644871E-01
 8.8335599575796748E-03 -5.6985556908166956E-03 -1.6508814246684344E-03
0
0.0
 -1.1407996218300525E+00 -2.3170985309886123E+00 3.8420614944644871E-01
 8.5814364397279914E-03 -5.7489977371492701E-03 -1.4661556764965261E-03
0
0.0
 -1.1407996218300525E+00 -2.3170985309886123E+00 3.8420614944644871E-01
 8.7518873074771634E-03 -6.0452289576639088E-03 -1.6997984702861856E-03
0
0.0
 -1.1407996218300525E+00 -2.3170985309886123E+00 3.8420614944644871E-01
 8.7381230907561235E-03 -5.7507556571050299E-03 -1.7163167070580064E-03
0
0.0
 -1.1407996218300525E+00 -2.3170985309886123E+00 3.8420614944644871E-01
 8.7383665489566623E-03 -5.9379207465777581E-03 -1.6177290648978148E-03
0
0.0
 -1.1407996218300525E+00 -2.3170985309886123E+00 3.8420614944644871E-01
 8.7330665500345746E-03 -6.0082775096685246E-03 -1.5112291254125618E-03
0
0.0
 -1.1407996218300525E+00 -2.3170985309886123E+00 3.8420614944644871E-01
 8.6436677724587713E-03 -5.8333033885776047E-03 -1.7161975110286222E-03
0
0.0
 -1.1407996218300525E+00 -2.3170985309886123E+00 3.8420614944644871E-01
 8.6083869910471896E-03 -5.9860187331288563E-03 -1.7148416089828797E-03
0
0.0
 -1.1407996218300525E+00 -2.3170985309886123E+00 3.8420614944644871E-01
 8.7476876742001962E-03 -5.9027015527578419E-03 -1.6100613754385679E-03
0
0.0
 -1.1407996218300525E+00 -2.3170985309886123E+00 3.8420614944644871E-01
 8.8109042043426327E-03 -5.8939974369210521E-03 -1.7099718276904472E-03
0
0.0
 -1.1407996218300525E+00 -2.3170985309886123E+00 3.8420614944644871E-01
 8.8891349187187468E-03 -5.9796939657966409E-03 -1.6118622929063434E-03
0
0.0
 -1.1407996218300525E+00 -2.3170985309886123E+00 3.8420614944644871E-01
 9.0736871500377535E-03 -5.8789080430902002E-03 -1.5171055369955543E-03
0
0.0
 -1.1407996218300525E+00 -2.3170985309886123E+00 3.8420614944644871E-01
 8.9892864483483471E-03 -5.9667275478778774E-03 -1.6597756471399840E-03
0
0.0
 -1.1407996218300525E+00 -2.3170985309886123E+00 3.8420614944644871E-01
 8.7798256927801976E-03 -5.9738602684113575E-03 -1.6821931454961564E-03
0
0.0
 -1.1407996218300525E+00 -2.3170985309886123E+00 3.8420614944644871E-01
 8.9821461136241048E-03 -5.6840897455712452E-03 -1.6804251582885153E-03
0
0.0
 -1.1407996218300525E+00 -2.3170985309886123E+00 3.8420614944644871E-01
 8.7867862630197253E-03 -5.8497613697128560E-03 -1.5683056444676885E-03
0
0.0
 -1.1407996218300525E+00 -2.3170985309886123E+00 3.8420614944644871E-01
 8.8859776061583282E-03 -6.1505481822452602E-03 -1.7317468673909422E-03
0
0.0
 -1.1407996218300525E+00 -2.3170985309886123E+00 3.8420614944644871E-01
 8.5075164592372920E-03 -5.8716083663602897E-03 -1.7827665412154851E-03
0
0.0
 -1.1407996218300525E+00 -2.3170985309886123E+00 3.8420614944644871E-01
 8.9355272744694805E-03 -5.8720612319584468E-03 -1.8833413419519374E-03
0
0.0
 -1.1407996218300525E+00 -2.3170985309886123E+00 3.8420614944644871E-01
 8.9896090991370865E-03 -5.8922489459017537E-03 -1.6269722376875907E-03
0
0.0
 -1.1407996218300525E+00 -2.3170985309886123E+00 3.8420614944644871E-01
 8.7115625893234953E-03 -5.9265678192876019E-03 -1.5932402350483073E-03
0
0.0
 -1.1407996218300525E+00 -2.3170985309886123E+00 3.8420614944644871E-01
 9.0397315152596705E-03 -6.0087885467760413E-03 -1.4318594641198391E-03
0
0.0
 -1.1407996218300525E+00 -2.3170985309886123E+00 3.8420614944644871E-01
 8.6715334039052551E-03 -5.8666706793633694E-03 -1.7522530159066181E-03
0
0.0
 -1.1407996218300525E+00 -2.3170985309886123E+00 3.8420614944644871E-01
 8.8342680122222694E-03 -6.0540566370474169E-03 -1.6743155901582367E-03
0
0.0
 -1.1407996218300525E+00 -2.3170985309886123E+00 3.8420614944644871E-01
 8.7094897007424840E-03 -5.6771015407960767E-03 -1.6907549206099000E-03
0
0.0
 -1.1407996218300525E+00 -2.3170985309886123E+00 3.8420614944644871E-01
 8.8878875163789853E-03 -5.7559156250611429E-03 -1.6176718360433903E-03
0
0.0
 -1.1407996218300525E+00 -2.3170985309886123E+00 3.8420614944644871E-01
 8.9236579173218294E-03 -5.9393182149611434E-03 -1.6272229428651722E-03
0
0.0
 -1.1407996218300525E+00 -2.3170985309886123E+00 3.8420614944644871E-01
 8.7847400520043185E-03 -5.9186690494560318E-03 -1.6364658513908345E-03
0
0.0
 -1.1407996218300525E+00 -2.3170985309886123E+00 3.8420614944644871E-01
 8.8064949673871545E-03 -5.9678343777592492E-03 -1.7283037304307895E-03
0
0.0
 -1.1407996218300525E+00 -2.3170985309886123E+00 3.8420614944644871E-01
 8.8012003710916473E-03 -5.9393826914259902E-03 -1.5665277498302396E-03
0
0.0
 -1.1407996218300525E+00 -2.3170985309886123E+00 3.8420614944644871E-01
 8.8155034793491287E-03 -5.9059066662846852E-03 -1.6267446633301144E-03
0
0.0
 -1.1407996218300525E+00 -2.3170985309886123E+00 3.8420614944644871E-01
 8.8898974681273276E-03 -6.0095639451037191E-03 -1.7482339443981375E-03
0
0.0
 -1.1407996218300525E+00 -2.3170985309886123E+00 3.8420614944644871E-01
 8.7766570184604348E-03 -5.8976005513322015E-03 -1.6185377483732767E-03
0
0.0
 -1.1407996218300525E+00 -2.3170985309886123E+00 3.8420614944644871E-01
 8.4765315864397100E-03 -6.0618899631111134E-03 -1.6259650066509771E-03
0
0.0
