400
   2030.00 3540.0 2000.0 0.0010  680.0 0.10 0.90
    876.00 3540.0 2000.0 0.0010  680.0 0.10 0.90
   1223.00 3540.0 2000.0 0.0010  680.0 0.10 0.90
    763.00 3540.0 2000.0 0.0010  680.0 0.10 0.90
   2429.00 3540.0 2000.0 0.0010  680.0 0.10 0.90
    579.00 3540.0 2000.0 0.0010  680.0 0.10 0.90
   2305.00 3540.0 2000.0 0.0010  680.0 0.10 0.90
   1396.00 3540.0 2000.0 0.0010  680.0 0.10 0.90
    729.00 3540.0 2000.0 0.0010  680.0 0.10 0.90
   2647.00 3540.0 2000.0 0.0010  680.0 0.10 0.90
   1103.00 3540.0 2000.0 0.0010  680.0 0.10 0.90
   1054.00 3540.0 2000.0 0.0010  680.0 0.10 0.90
   1748.00 3540.0 2000.0 0.0010  680.0 0.10 0.90
   1282.00 3540.0 2000.0 0.0010  680.0 0.10 0.90
   2139.00 3540.0 2000.0 0.0010  680.0 0.10 0.90
   1670.00 3540.0 2000.0 0.0010  680.0 0.10 0.90
    528.00 3540.0 2000.0 0.0010  680.0 0.10 0.90
    543.00 3540.0 2000.0 0.0010  680.0 0.10 0.90
   1690.00 3540.0 2000.0 0.0010  680.0 0.10 0.90
    553.00 3540.0 2000.0 0.0010  680.0 0.10 0.90
   2002.00 3540.0 2000.0 0.0010  680.0 0.10 0.90
   1669.00 3540.0 2000.0 0.0010  680.0 0.10 0.90
   2096.00 3540.0 2000.0 0.0010  680.0 0.10 0.90
   1523.00 3540.0 2000.0 0.0010  680.0 0.10 0.90
    917.00 3540.0 2000.0 0.0010  680.0 0.10 0.90
    799.00 3540.0 2000.0 0.0010  680.0 0.10 0.90
    763.00 3540.0 2000.0 0.0010  680.0 0.10 0.90
    607.00 3540.0 2000.0 0.0010  680.0 0.10 0.90
   1523.00 3540.0 2000.0 0.0010  680.0 0.10 0.90
   1268.00 3540.0 2000.0 0.0010  680.0 0.10 0.90
    837.00 3540.0 2000.0 0.0010  680.0 0.10 0.90
    528.00 3540.0 2000.0 0.0010  680.0 0.10 0.90
    545.00 3540.0 2000.0 0.0010  680.0 0.10 0.90
   2182.00 3540.0 2000.0 0.0010  680.0 0.10 0.90
    696.00 3540.0 2000.0 0.0010  680.0 0.10 0.90
   1523.00 3540.0 2000.0 0.0010  680.0 0.10 0.90
   1147.00 3540.0 2000.0 0.0010  680.0 0.10 0.90
    607.00 3540.0 2000.0 0.0010  680.0 0.10 0.90
    635.00 3540.0 2000.0 0.0010  680.0 0.10 0.90
   2059.00 3540.0 2000.0 0.0010  680.0 0.10 0.90
    635.00 3540.0 2000.0 0.0010  680.0 0.10 0.90
    607.00 3540.0 2000.0 0.0010  680.0 0.10 0.90
   1454.00 3540.0 2000.0 0.0010  680.0 0.10 0.90
   2286.00 3540.0 2000.0 0.0010  680.0 0.10 0.90
    917.00 3540.0 2000.0 0.0010  680.0 0.10 0.90
   5817.00 3540.0 2000.0 0.0010  680.0 0.10 0.90
   1100.00 3540.0 2000.0 0.0010  680.0 0.10 0.90
   1123.00 3540.0 2000.0 0.0010  680.0 0.10 0.90
    729.00 3540.0 2000.0 0.0010  680.0 0.10 0.90
   1327.00 3540.0 2000.0 0.0010  680.0 0.10 0.90
   1831.00 3540.0 2000.0 0.0010  680.0 0.10 0.90
    481.00 3540.0 2000.0 0.0010  680.0 0.10 0.90
    579.00 3540.0 2000.0 0.0010  680.0 0.10 0.90
    665.00 3540.0 2000.0 0.0010  680.0 0.10 0.90
    736.00 3540.0 2000.0 0.0010  680.0 0.10 0.90
    696.00 3540.0 2000.0 0.0010  680.0 0.10 0.90
   2639.00 3540.0 2000.0 0.0010  680.0 0.10 0.90
   1595.00 3540.0 2000.0 0.0010  680.0 0.10 0.90
   2647.00 3540.0 2000.0 0.0010  680.0 0.10 0.90
    607.00 3540.0 2000.0 0.0010  680.0 0.10 0.90
    799.00 3540.0 2000.0 0.0010  680.0 0.10 0.90
   2410.00 3540.0 2000.0 0.0010  680.0 0.10 0.90
    504.00 3540.0 2000.0 0.0010  680.0 0.10 0.90
   2413.00 3540.0 2000.0 0.0010  680.0 0.10 0.90
    381.00 3540.0 2000.0 0.0010  680.0 0.10 0.90
   1054.00 3540.0 2000.0 0.0010  680.0 0.10 0.90
    729.00 3540.0 2000.0 0.0010  680.0 0.10 0.90
    665.00 3540.0 2000.0 0.0010  680.0 0.10 0.90
    763.00 3540.0 2000.0 0.0010  680.0 0.10 0.90
   2554.00 3540.0 2000.0 0.0010  680.0 0.10 0.90
    479.00 3540.0 2000.0 0.0010  680.0 0.10 0.90
   2423.00 3540.0 2000.0 0.0010  680.0 0.10 0.90
    439.00 3540.0 2000.0 0.0010  680.0 0.10 0.90
   6638.00 3540.0 2000.0 0.0010  680.0 0.10 0.90
   1295.00 3540.0 2000.0 0.0010  680.0 0.10 0.90
    917.00 3540.0 2000.0 0.0010  680.0 0.10 0.90
   1054.00 3540.0 2000.0 0.0010  680.0 0.10 0.90
    837.00 3540.0 2000.0 0.0010  680.0 0.10 0.90
   1006.00 3540.0 2000.0 0.0010  680.0 0.10 0.90
    607.00 3540.0 2000.0 0.0010  680.0 0.10 0.90
    528.00 3540.0 2000.0 0.0010  680.0 0.10 0.90
   2623.00 3540.0 2000.0 0.0010  680.0 0.10 0.90
   2928.00 3540.0 2000.0 0.0010  680.0 0.10 0.90
   1266.00 3540.0 2000.0 0.0010  680.0 0.10 0.90
   2603.00 3540.0 2000.0 0.0010  680.0 0.10 0.90
    528.00 3540.0 2000.0 0.0010  680.0 0.10 0.90
   3583.00 3540.0 2000.0 0.0010  680.0 0.10 0.90
   3653.00 3540.0 2000.0 0.0010  680.0 0.10 0.90
    579.00 3540.0 2000.0 0.0010  680.0 0.10 0.90
    535.00 3540.0 2000.0 0.0010  680.0 0.10 0.90
    961.00 3540.0 2000.0 0.0010  680.0 0.10 0.90
    729.00 3540.0 2000.0 0.0010  680.0 0.10 0.90
    607.00 3540.0 2000.0 0.0010  680.0 0.10 0.90
    504.00 3540.0 2000.0 0.0010  680.0 0.10 0.90
    355.00 3540.0 2000.0 0.0010  680.0 0.10 0.90
   2982.00 3540.0 2000.0 0.0010  680.0 0.10 0.90
   1103.00 3540.0 2000.0 0.0010  680.0 0.10 0.90
   1210.00 3540.0 2000.0 0.0010  680.0 0.10 0.90
   1054.00 3540.0 2000.0 0.0010  680.0 0.10 0.90
    579.00 3540.0 2000.0 0.0010  680.0 0.10 0.90
   1266.00 3540.0 2000.0 0.0010  680.0 0.10 0.90
   1155.00 3540.0 2000.0 0.0010  680.0 0.10 0.90
    917.00 3540.0 2000.0 0.0010  680.0 0.10 0.90
    876.00 3540.0 2000.0 0.0010  680.0 0.10 0.90
    635.00 3540.0 2000.0 0.0010  680.0 0.10 0.90
   4788.00 3540.0 2000.0 0.0010  680.0 0.10 0.90
   1917.00 3540.0 2000.0 0.0010  680.0 0.10 0.90
    665.00 3540.0 2000.0 0.0010  680.0 0.10 0.90
   1595.00 3540.0 2000.0 0.0010  680.0 0.10 0.90
   1006.00 3540.0 2000.0 0.0010  680.0 0.10 0.90
    696.00 3540.0 2000.0 0.0010  680.0 0.10 0.90
   1060.00 3540.0 2000.0 0.0010  680.0 0.10 0.90
   1748.00 3540.0 2000.0 0.0010  680.0 0.10 0.90
   2327.00 3540.0 2000.0 0.0010  680.0 0.10 0.90
   2090.00 3540.0 2000.0 0.0010  680.0 0.10 0.90
   2962.00 3540.0 2000.0 0.0010  680.0 0.10 0.90
    876.00 3540.0 2000.0 0.0010  680.0 0.10 0.90
    528.00 3540.0 2000.0 0.0010  680.0 0.10 0.90
    460.00 3540.0 2000.0 0.0010  680.0 0.10 0.90
    450.00 3540.0 2000.0 0.0010  680.0 0.10 0.90
    729.00 3540.0 2000.0 0.0010  680.0 0.10 0.90
    460.00 3540.0 2000.0 0.0010  680.0 0.10 0.90
   1984.00 3540.0 2000.0 0.0010  680.0 0.10 0.90
    607.00 3540.0 2000.0 0.0010  680.0 0.10 0.90
   1266.00 3540.0 2000.0 0.0010  680.0 0.10 0.90
    961.00 3540.0 2000.0 0.0010  680.0 0.10 0.90
    579.00 3540.0 2000.0 0.0010  680.0 0.10 0.90
   4673.00 3540.0 2000.0 0.0010  680.0 0.10 0.90
   1210.00 3540.0 2000.0 0.0010  680.0 0.10 0.90
   1933.00 3540.0 2000.0 0.0010  680.0 0.10 0.90
    504.00 3540.0 2000.0 0.0010  680.0 0.10 0.90
    917.00 3540.0 2000.0 0.0010  680.0 0.10 0.90
   4201.00 3540.0 2000.0 0.0010  680.0 0.10 0.90
    607.00 3540.0 2000.0 0.0010  680.0 0.10 0.90
    579.00 3540.0 2000.0 0.0010  680.0 0.10 0.90
   4224.00 3540.0 2000.0 0.0010  680.0 0.10 0.90
   2465.00 3540.0 2000.0 0.0010  680.0 0.10 0.90
   2603.00 3540.0 2000.0 0.0010  680.0 0.10 0.90
   3489.00 3540.0 2000.0 0.0010  680.0 0.10 0.90
   1155.00 3540.0 2000.0 0.0010  680.0 0.10 0.90
    579.00 3540.0 2000.0 0.0010  680.0 0.10 0.90
   3406.00 3540.0 2000.0 0.0010  680.0 0.10 0.90
    876.00 3540.0 2000.0 0.0010  680.0 0.10 0.90
   1006.00 3540.0 2000.0 0.0010  680.0 0.10 0.90
   4670.00 3540.0 2000.0 0.0010  680.0 0.10 0.90
    917.00 3540.0 2000.0 0.0010  680.0 0.10 0.90
    665.00 3540.0 2000.0 0.0010  680.0 0.10 0.90
   1327.00 3540.0 2000.0 0.0010  680.0 0.10 0.90
    763.00 3540.0 2000.0 0.0010  680.0 0.10 0.90
    504.00 3540.0 2000.0 0.0010  680.0 0.10 0.90
    635.00 3540.0 2000.0 0.0010  680.0 0.10 0.90
    607.00 3540.0 2000.0 0.0010  680.0 0.10 0.90
    349.00 3540.0 2000.0 0.0010  680.0 0.10 0.90
   1103.00 3540.0 2000.0 0.0010  680.0 0.10 0.90
   3944.00 3540.0 2000.0 0.0010  680.0 0.10 0.90
    635.00 3540.0 2000.0 0.0010  680.0 0.10 0.90
    415.00 3540.0 2000.0 0.0010  680.0 0.10 0.90
    763.00 3540.0 2000.0 0.0010  680.0 0.10 0.90
   1593.00 3540.0 2000.0 0.0010  680.0 0.10 0.90
   3910.00 3540.0 2000.0 0.0010  680.0 0.10 0.90
   1155.00 3540.0 2000.0 0.0010  680.0 0.10 0.90
    917.00 3540.0 2000.0 0.0010  680.0 0.10 0.90
   1444.00 3540.0 2000.0 0.0010  680.0 0.10 0.90
    763.00 3540.0 2000.0 0.0010  680.0 0.10 0.90
    876.00 3540.0 2000.0 0.0010  680.0 0.10 0.90
    419.00 3540.0 2000.0 0.0010  680.0 0.10 0.90
   2201.00 3540.0 2000.0 0.0010  680.0 0.10 0.90
   1708.00 3540.0 2000.0 0.0010  680.0 0.10 0.90
   1327.00 3540.0 2000.0 0.0010  680.0 0.10 0.90
    439.00 3540.0 2000.0 0.0010  680.0 0.10 0.90
    365.00 3540.0 2000.0 0.0010  680.0 0.10 0.90
   1523.00 3540.0 2000.0 0.0010  680.0 0.10 0.90
    917.00 3540.0 2000.0 0.0010  680.0 0.10 0.90
    799.00 3540.0 2000.0 0.0010  680.0 0.10 0.90
    729.00 3540.0 2000.0 0.0010  680.0 0.10 0.90
    876.00 3540.0 2000.0 0.0010  680.0 0.10 0.90
   2201.00 3540.0 2000.0 0.0010  680.0 0.10 0.90
   1157.00 3540.0 2000.0 0.0010  680.0 0.10 0.90
    481.00 3540.0 2000.0 0.0010  680.0 0.10 0.90
    607.00 3540.0 2000.0 0.0010  680.0 0.10 0.90
    429.00 3540.0 2000.0 0.0010  680.0 0.10 0.90
   1917.00 3540.0 2000.0 0.0010  680.0 0.10 0.90
   1084.00 3540.0 2000.0 0.0010  680.0 0.10 0.90
    876.00 3540.0 2000.0 0.0010  680.0 0.10 0.90
    696.00 3540.0 2000.0 0.0010  680.0 0.10 0.90
    535.00 3540.0 2000.0 0.0010  680.0 0.10 0.90
    528.00 3540.0 2000.0 0.0010  680.0 0.10 0.90
    763.00 3540.0 2000.0 0.0010  680.0 0.10 0.90
    481.00 3540.0 2000.0 0.0010  680.0 0.10 0.90
    528.00 3540.0 2000.0 0.0010  680.0 0.10 0.90
   4277.00 3540.0 2000.0 0.0010  680.0 0.10 0.90
   1327.00 3540.0 2000.0 0.0010  680.0 0.10 0.90
   1266.00 3540.0 2000.0 0.0010  680.0 0.10 0.90
    696.00 3540.0 2000.0 0.0010  680.0 0.10 0.90
    488.00 3540.0 2000.0 0.0010  680.0 0.10 0.90
   4267.00 3540.0 2000.0 0.0010  680.0 0.10 0.90
   2251.00 3540.0 2000.0 0.0010  680.0 0.10 0.90
   1595.00 3540.0 2000.0 0.0010  680.0 0.10 0.90
    635.00 3540.0 2000.0 0.0010  680.0 0.10 0.90
   2515.00 3540.0 2000.0 0.0010  680.0 0.10 0.90
    696.00 3540.0 2000.0 0.0010  680.0 0.10 0.90
   2735.00 3540.0 2000.0 0.0010  680.0 0.10 0.90
   1327.00 3540.0 2000.0 0.0010  680.0 0.10 0.90
    401.00 3540.0 2000.0 0.0010  680.0 0.10 0.90
   1054.00 3540.0 2000.0 0.0010  680.0 0.10 0.90
   2902.00 3540.0 2000.0 0.0010  680.0 0.10 0.90
   1266.00 3540.0 2000.0 0.0010  680.0 0.10 0.90
    419.00 3540.0 2000.0 0.0010  680.0 0.10 0.90
    837.00 3540.0 2000.0 0.0010  680.0 0.10 0.90
    799.00 3540.0 2000.0 0.0010  680.0 0.10 0.90
    799.00 3540.0 2000.0 0.0010  680.0 0.10 0.90
    696.00 3540.0 2000.0 0.0010  680.0 0.10 0.90
    635.00 3540.0 2000.0 0.0010  680.0 0.10 0.90
   1327.00 3540.0 2000.0 0.0010  680.0 0.10 0.90
   2358.00 3540.0 2000.0 0.0010  680.0 0.10 0.90
   1389.00 3540.0 2000.0 0.0010  680.0 0.10 0.90
   1006.00 3540.0 2000.0 0.0010  680.0 0.10 0.90
    729.00 3540.0 2000.0 0.0010  680.0 0.10 0.90
    419.00 3540.0 2000.0 0.0010  680.0 0.10 0.90
   2650.00 3540.0 2000.0 0.0010  680.0 0.10 0.90
   1915.00 3540.0 2000.0 0.0010  680.0 0.10 0.90
    635.00 3540.0 2000.0 0.0010  680.0 0.10 0.90
   1006.00 3540.0 2000.0 0.0010  680.0 0.10 0.90
    876.00 3540.0 2000.0 0.0010  680.0 0.10 0.90
   1086.00 3540.0 2000.0 0.0010  680.0 0.10 0.90
    799.00 3540.0 2000.0 0.0010  680.0 0.10 0.90
   1006.00 3540.0 2000.0 0.0010  680.0 0.10 0.90
   1327.00 3540.0 2000.0 0.0010  680.0 0.10 0.90
    518.00 3540.0 2000.0 0.0010  680.0 0.10 0.90
   2562.00 3540.0 2000.0 0.0010  680.0 0.10 0.90
   2527.00 3540.0 2000.0 0.0010  680.0 0.10 0.90
   1054.00 3540.0 2000.0 0.0010  680.0 0.10 0.90
   1634.00 3540.0 2000.0 0.0010  680.0 0.10 0.90
    763.00 3540.0 2000.0 0.0010  680.0 0.10 0.90
    460.00 3540.0 2000.0 0.0010  680.0 0.10 0.90
    646.00 3540.0 2000.0 0.0010  680.0 0.10 0.90
    392.00 3540.0 2000.0 0.0010  680.0 0.10 0.90
   2393.00 3540.0 2000.0 0.0010  680.0 0.10 0.90
   1054.00 3540.0 2000.0 0.0010  680.0 0.10 0.90
    917.00 3540.0 2000.0 0.0010  680.0 0.10 0.90
    696.00 3540.0 2000.0 0.0010  680.0 0.10 0.90
    917.00 3540.0 2000.0 0.0010  680.0 0.10 0.90
    563.00 3540.0 2000.0 0.0010  680.0 0.10 0.90
   2969.00 3540.0 2000.0 0.0010  680.0 0.10 0.90
   1210.00 3540.0 2000.0 0.0010  680.0 0.10 0.90
    486.00 3540.0 2000.0 0.0010  680.0 0.10 0.90
    961.00 3540.0 2000.0 0.0010  680.0 0.10 0.90
   1175.00 3540.0 2000.0 0.0010  680.0 0.10 0.90
    635.00 3540.0 2000.0 0.0010  680.0 0.10 0.90
   2857.00 3540.0 2000.0 0.0010  680.0 0.10 0.90
   2059.00 3540.0 2000.0 0.0010  680.0 0.10 0.90
   1210.00 3540.0 2000.0 0.0010  680.0 0.10 0.90
    876.00 3540.0 2000.0 0.0010  680.0 0.10 0.90
    635.00 3540.0 2000.0 0.0010  680.0 0.10 0.90
    607.00 3540.0 2000.0 0.0010  680.0 0.10 0.90
    545.00 3540.0 2000.0 0.0010  680.0 0.10 0.90
    504.00 3540.0 2000.0 0.0010  680.0 0.10 0.90
   2030.00 3540.0 2000.0 0.0010  680.0 0.10 0.90
    635.00 3540.0 2000.0 0.0010  680.0 0.10 0.90
    696.00 3540.0 2000.0 0.0010  680.0 0.10 0.90
    607.00 3540.0 2000.0 0.0010  680.0 0.10 0.90
    528.00 3540.0 2000.0 0.0010  680.0 0.10 0.90
   1155.00 3540.0 2000.0 0.0010  680.0 0.10 0.90
   1595.00 3540.0 2000.0 0.0010  680.0 0.10 0.90
    607.00 3540.0 2000.0 0.0010  680.0 0.10 0.90
   1804.00 3540.0 2000.0 0.0010  680.0 0.10 0.90
   1006.00 3540.0 2000.0 0.0010  680.0 0.10 0.90
   3401.00 3540.0 2000.0 0.0010  680.0 0.10 0.90
   1103.00 3540.0 2000.0 0.0010  680.0 0.10 0.90
    961.00 3540.0 2000.0 0.0010  680.0 0.10 0.90
   3258.00 3540.0 2000.0 0.0010  680.0 0.10 0.90
   1670.00 3540.0 2000.0 0.0010  680.0 0.10 0.90
    665.00 3540.0 2000.0 0.0010  680.0 0.10 0.90
   3084.00 3540.0 2000.0 0.0010  680.0 0.10 0.90
   1081.00 3540.0 2000.0 0.0010  680.0 0.10 0.90
    607.00 3540.0 2000.0 0.0010  680.0 0.10 0.90
   2561.00 3540.0 2000.0 0.0010  680.0 0.10 0.90
    837.00 3540.0 2000.0 0.0010  680.0 0.10 0.90
   1054.00 3540.0 2000.0 0.0010  680.0 0.10 0.90
   2305.00 3540.0 2000.0 0.0010  680.0 0.10 0.90
    799.00 3540.0 2000.0 0.0010  680.0 0.10 0.90
    301.00 3540.0 2000.0 0.0010  680.0 0.10 0.90
   3289.00 3540.0 2000.0 0.0010  680.0 0.10 0.90
    763.00 3540.0 2000.0 0.0010  680.0 0.10 0.90
   1917.00 3540.0 2000.0 0.0010  680.0 0.10 0.90
    635.00 3540.0 2000.0 0.0010  680.0 0.10 0.90
   1429.00 3540.0 2000.0 0.0010  680.0 0.10 0.90
   2268.00 3540.0 2000.0 0.0010  680.0 0.10 0.90
   1595.00 3540.0 2000.0 0.0010  680.0 0.10 0.90
   1833.00 3540.0 2000.0 0.0010  680.0 0.10 0.90
   3591.00 3540.0 2000.0 0.0010  680.0 0.10 0.90
   2386.00 3540.0 2000.0 0.0010  680.0 0.10 0.90
    607.00 3540.0 2000.0 0.0010  680.0 0.10 0.90
   2492.00 3540.0 2000.0 0.0010  680.0 0.10 0.90
   1959.00 3540.0 2000.0 0.0010  680.0 0.10 0.90
   1532.00 3540.0 2000.0 0.0010  680.0 0.10 0.90
    837.00 3540.0 2000.0 0.0010  680.0 0.10 0.90
    607.00 3540.0 2000.0 0.0010  680.0 0.10 0.90
    439.00 3540.0 2000.0 0.0010  680.0 0.10 0.90
    825.00 3540.0 2000.0 0.0010  680.0 0.10 0.90
    837.00 3540.0 2000.0 0.0010  680.0 0.10 0.90
   2496.00 3540.0 2000.0 0.0010  680.0 0.10 0.90
   2102.00 3540.0 2000.0 0.0010  680.0 0.10 0.90
   2474.00 3540.0 2000.0 0.0010  680.0 0.10 0.90
   1454.00 3540.0 2000.0 0.0010  680.0 0.10 0.90
   1266.00 3540.0 2000.0 0.0010  680.0 0.10 0.90
   2998.00 3540.0 2000.0 0.0010  680.0 0.10 0.90
   2465.00 3540.0 2000.0 0.0010  680.0 0.10 0.90
    696.00 3540.0 2000.0 0.0010  680.0 0.10 0.90
    607.00 3540.0 2000.0 0.0010  680.0 0.10 0.90
    528.00 3540.0 2000.0 0.0010  680.0 0.10 0.90
    729.00 3540.0 2000.0 0.0010  680.0 0.10 0.90
   4316.00 3540.0 2000.0 0.0010  680.0 0.10 0.90
   2647.00 3540.0 2000.0 0.0010  680.0 0.10 0.90
    481.00 3540.0 2000.0 0.0010  680.0 0.10 0.90
   1773.00 3540.0 2000.0 0.0010  680.0 0.10 0.90
    799.00 3540.0 2000.0 0.0010  680.0 0.10 0.90
    984.00 3540.0 2000.0 0.0010  680.0 0.10 0.90
    587.00 3540.0 2000.0 0.0010  680.0 0.10 0.90
   1996.00 3540.0 2000.0 0.0010  680.0 0.10 0.90
   3857.00 3540.0 2000.0 0.0010  680.0 0.10 0.90
   1917.00 3540.0 2000.0 0.0010  680.0 0.10 0.90
    481.00 3540.0 2000.0 0.0010  680.0 0.10 0.90
    401.00 3540.0 2000.0 0.0010  680.0 0.10 0.90
   1454.00 3540.0 2000.0 0.0010  680.0 0.10 0.90
    799.00 3540.0 2000.0 0.0010  680.0 0.10 0.90
   3130.00 3540.0 2000.0 0.0010  680.0 0.10 0.90
    799.00 3540.0 2000.0 0.0010  680.0 0.10 0.90
    553.00 3540.0 2000.0 0.0010  680.0 0.10 0.90
   1268.00 3540.0 2000.0 0.0010  680.0 0.10 0.90
   1389.00 3540.0 2000.0 0.0010  680.0 0.10 0.90
   1969.00 3540.0 2000.0 0.0010  680.0 0.10 0.90
    665.00 3540.0 2000.0 0.0010  680.0 0.10 0.90
    729.00 3540.0 2000.0 0.0010  680.0 0.10 0.90
    696.00 3540.0 2000.0 0.0010  680.0 0.10 0.90
   1670.00 3540.0 2000.0 0.0010  680.0 0.10 0.90
    876.00 3540.0 2000.0 0.0010  680.0 0.10 0.90
    799.00 3540.0 2000.0 0.0010  680.0 0.10 0.90
   4244.00 3540.0 2000.0 0.0010  680.0 0.10 0.90
   1909.00 3540.0 2000.0 0.0010  680.0 0.10 0.90
   1917.00 3540.0 2000.0 0.0010  680.0 0.10 0.90
   1137.00 3540.0 2000.0 0.0010  680.0 0.10 0.90
   1210.00 3540.0 2000.0 0.0010  680.0 0.10 0.90
    460.00 3540.0 2000.0 0.0010  680.0 0.10 0.90
   2052.00 3540.0 2000.0 0.0010  680.0 0.10 0.90
   1155.00 3540.0 2000.0 0.0010  680.0 0.10 0.90
    504.00 3540.0 2000.0 0.0010  680.0 0.10 0.90
    376.00 3540.0 2000.0 0.0010  680.0 0.10 0.90
    799.00 3540.0 2000.0 0.0010  680.0 0.10 0.90
    696.00 3540.0 2000.0 0.0010  680.0 0.10 0.90
    665.00 3540.0 2000.0 0.0010  680.0 0.10 0.90
   1054.00 3540.0 2000.0 0.0010  680.0 0.10 0.90
   1103.00 3540.0 2000.0 0.0010  680.0 0.10 0.90
    837.00 3540.0 2000.0 0.0010  680.0 0.10 0.90
    763.00 3540.0 2000.0 0.0010  680.0 0.10 0.90
    763.00 3540.0 2000.0 0.0010  680.0 0.10 0.90
    607.00 3540.0 2000.0 0.0010  680.0 0.10 0.90
    467.00 3540.0 2000.0 0.0010  680.0 0.10 0.90
   1685.00 3540.0 2000.0 0.0010  680.0 0.10 0.90
   1210.00 3540.0 2000.0 0.0010  680.0 0.10 0.90
    729.00 3540.0 2000.0 0.0010  680.0 0.10 0.90
    504.00 3540.0 2000.0 0.0010  680.0 0.10 0.90
   5965.00 3540.0 2000.0 0.0010  680.0 0.10 0.90
    729.00 3540.0 2000.0 0.0010  680.0 0.10 0.90
    696.00 3540.0 2000.0 0.0010  680.0 0.10 0.90
   1523.00 3540.0 2000.0 0.0010  680.0 0.10 0.90
   2901.00 3540.0 2000.0 0.0010  680.0 0.10 0.90
    528.00 3540.0 2000.0 0.0010  680.0 0.10 0.90
   1327.00 3540.0 2000.0 0.0010  680.0 0.10 0.90
   1982.00 3540.0 2000.0 0.0010  680.0 0.10 0.90
   1614.00 3540.0 2000.0 0.0010  680.0 0.10 0.90
    569.00 3540.0 2000.0 0.0010  680.0 0.10 0.90
    635.00 3540.0 2000.0 0.0010  680.0 0.10 0.90
    635.00 3540.0 2000.0 0.0010  680.0 0.10 0.90
   2453.00 3540.0 2000.0 0.0010  680.0 0.10 0.90
    961.00 3540.0 2000.0 0.0010  680.0 0.10 0.90
    696.00 3540.0 2000.0 0.0010  680.0 0.10 0.90
   1538.00 3540.0 2000.0 0.0010  680.0 0.10 0.90
    504.00 3540.0 2000.0 0.0010  680.0 0.10 0.90
    799.00 3540.0 2000.0 0.0010  680.0 0.10 0.90
   1006.00 3540.0 2000.0 0.0010  680.0 0.10 0.90
    696.00 3540.0 2000.0 0.0010  680.0 0.10 0.90
    528.00 3540.0 2000.0 0.0010  680.0 0.10 0.90
    401.00 3540.0 2000.0 0.0010  680.0 0.10 0.90
    876.00 3540.0 2000.0 0.0010  680.0 0.10 0.90
    729.00 3540.0 2000.0 0.0010  680.0 0.10 0.90
    607.00 3540.0 2000.0 0.0010  680.0 0.10 0.90
   1155.00 3540.0 2000.0 0.0010  680.0 0.10 0.90
   1325.00 3540.0 2000.0 0.0010  680.0 0.10 0.90
    696.00 3540.0 2000.0 0.0010  680.0 0.10 0.90
    419.00 3540.0 2000.0 0.0010  680.0 0.10 0.90
   1210.00 3540.0 2000.0 0.0010  680.0 0.10 0.90
   1155.00 3540.0 2000.0 0.0010  680.0 0.10 0.90
   1270.00 3540.0 2000.0 0.0010  680.0 0.10 0.90
    799.00 3540.0 2000.0 0.0010  680.0 0.10 0.90
    490.00 3540.0 2000.0 0.0010  680.0 0.10 0.90
   1054.00 3540.0 2000.0 0.0010  680.0 0.10 0.90
   1054.00 3540.0 2000.0 0.0010  680.0 0.10 0.90
   2420.00 3540.0 2000.0 0.0010  680.0 0.10 0.90
    876.00 3540.0 2000.0 0.0010  680.0 0.10 0.90
