20
-1
1
 -0.66078627  -0.54860204  -0.51224731  3.41044660e-04
  0.72868724   0.41921110   0.54155051  2.74093992e-04
  0.54325046   0.53402366  -0.64784077  5.30639160e-04
 -0.06849457  -0.05147318   0.99632274  2.81813846e-04
  0.61605293   0.75965236   0.20834367  4.44541594e-04
 -0.10330985   0.47188876  -0.87558442  1.77009110e-04
  0.93017009  -0.12060580   0.34675329  1.88753604e-04
  0.05014969   0.33702687   0.94015844  1.76252866e-04
  0.83013840   0.34706301  -0.43636853  2.54626420e-04
 -0.70540200   0.68590618  -0.17871971  1.59492425e-04
 -0.28502315   0.40914070   0.86681353  2.98998519e-04
  0.46844412  -0.49033488   0.73493660  1.53812353e-04
 -0.10769699   0.96395563  -0.24329180  1.75217570e-04
 -0.52458132   0.69417420   0.49288601  1.67316951e-04
  0.93777556   0.30271671   0.17011642  6.43683939e-04
  0.34492869  -0.93232490  -0.10860242  1.98272576e-04
  0.53001922  -0.35163540   0.77164251  1.49241968e-04
 -0.69032254   0.68156838  -0.24273306  1.53722811e-04
  0.75707727   0.29243884   0.58422045  3.01892929e-04
 -0.94730909  -0.31202403  -0.07243267  3.66071015e-04
