20
-1
1
  0.59748190   0.12123059  -0.79266546  2.21937577e-04
 -0.57814104  -0.37764717   0.72328110  1.83643341e-04
 -0.12396783  -0.83922130  -0.52947104  4.52550291e-04
  0.18688386   0.90668820   0.37814140  2.56172841e-04
 -0.89033709   0.27905419   0.35976191  1.64213503e-04
 -0.41523035   0.43700416   0.79787914  2.56521668e-04
 -0.89133509   0.44649596   0.07850553  2.20485584e-04
 -0.72707265   0.65467686   0.20679355  3.77105150e-04
 -0.60901006  -0.79316249  -0.00009220  1.51608189e-04
  0.62376555   0.64905549  -0.43548077  1.45685227e-04
 -0.74526025  -0.47168539   0.47127492  1.55386414e-04
 -0.63948463   0.64641794  -0.41617694  3.90151185e-04
  0.28428785  -0.20573359   0.93640488  5.21894709e-04
  0.39459275   0.03143516  -0.91831824  2.11535457e-04
  0.22477719  -0.09496124  -0.96977192  2.13946823e-04
  0.27162856   0.69689148   0.66374708  3.66546334e-04
 -0.95639338  -0.01471814   0.29171061  3.77810350e-04
  0.83753649   0.47983600   0.26132364  1.49923143e-04
 -0.22284120   0.39461234   0.89141623  4.31229745e-04
 -0.87368406  -0.47667657  -0.09723998  2.54932535e-04
