20
 -1.1407996218300525E+00 -2.3170985309886123E+00 3.8420614944644871E-01
 8.4597529012873998E-03 -5.8325643307726074E-03 -1.6424858686167020E-03
0
0.0
 -1.1407996218300525E+00 -2.3170985309886123E+00 3.8420614944644871E-01
 8.7097076737970344E-03 -5.9018472933062950E-03 -1.8339915542986266E-03
0
0.0
 -1.1407996218300525E+00 -2.3170985309886123E+00 3.8420614944644871E-01
 8.7372606122251232E-03 -5.9716750790077709E-03 -1.8794986718685123E-03
0
0.0
 -1.1407996218300525E+00 -2.3170985309886123E+00 3.8420614944644871E-01
 8.7326590619634398E-03 -5.9060451751916038E-03 -1.6612218412832144E-03
0
0.0
 -1.1407996218300525E+00 -2.3170985309886123E+00 3.8420614944644871E-01
 8.7621583718617280E-03 -5.9370310975009784E-03 -1.5978919571903161E-03
0
0.0
 -1.1407996218300525E+00 -2.3170985309886123E+00 3.8420614944644871E-01
 8.7464070514824965E-03 -5.9279804899056996E-03 -1.5526002249207989E-03
0
0.0
 -1.1407996218300525E+00 -2.3170985309886123E+00 3.8420614944644871E-01
 8.7665448563051616E-03 -5.7099535189017109E-03 -1.4247290566385608E-03
0
0.0
 -1.1407996218300525E+00 -2.3170985309886123E+00 3.8420614944644871E-01
 9.0548248019040392E-03 -5.8987595767720545E-03 -1.5281425903595773E-03
0
0.0
 -1.1407996218300525E+00 -2.3170985309886123E+00 3.8420614944644871E-01
 8.7105640779992343E-03 -5.8545972879974068E-03 -1.6169148977745996E-03
0
0.0
 -1.1407996218300525E+00 -2.3170985309886123E+00 3.8420614944644871E-01
 8.7038544290057220E-03 -6.0351681060225731E-03 -1.6590676237200328E-03
0
0.0
 -1.1407996218300525E+00 -2.3170985309886123E+00 3.8420614944644871E-01
 8.8347489440704103E-03 -6.1887661442549527E-03 -1.5885858133879184E-03
0
0.0
 -1.1407996218300525E+00 -2.3170985309886123E+00 3.8420614944644871E-01
 8.7453937566443086E-03 -5.8812567850196461E-03 -1.5747028554797097E-03
0
0.0
 -1.1407996218300525E+00 -2.3170985309886123E+00 3.8420614944644871E-01
 8.9022604801796568E-03 -5.9058388458429617E-03 -1.4320858201785345E-03
0
0.0
 -1.1407996218300525E+00 -2.3170985309886123E+00 3.8420614944644871E-01
 8.8927120791397109E-03 -5.9099361761991666E-03 -1.5210959770593077E-03
0
0.0
 -1.1407996218300525E+00 -2.3170985309886123E+00 3.8420614944644871E-01
 8.6843926842246743E-03 -6.1640353517061859E-03 -1.5973596310277411E-03
0
0.0
 -1.1407996218300525E+00 -2.3170985309886123E+00 3.8420614944644871E-01
 8.8408242789590179E-03 -5.9126535915597538E-03 -1.4755285915601679E-03
0
0.0
 -1.1407996218300525E+00 -2.3170985309886123E+00 3.8420614944644871E-01
 9.1012128744562843E-03 -6.0003027064705165E-03 -1.5502117805264812E-03
0
0.0
 -1.1407996218300525E+00 -2.3170985309886123E+00 3.8420614944644871E-01
 8.8561260777873518E-03 -5.8448563004735296E-03 -1.6510886011477590E-03
0
0.0
 -1.1407996218300525E+00 -2.3170985309886123E+00 3.8420614944644871E-01
 8.8053800122778053E-03 -5.8683949147761280E-03 -1.3299001133680642E-03
0
0.0
 -1.1407996218300525E+00 -2.3170985309886123E+00 3.8420614944644871E-01
 8.5962795524680384E-03 -5.6886663753932202E-03 -1.5866423674462961E-03
0
0.0
