20
-1
1
 -0.23005452   0.18249844   0.95591278  1.61359837e-04
  0.72858501  -0.49824303  -0.47001890  2.60689204e-04
 -0.65210796  -0.63583724  -0.41287555  2.92273124e-04
 -0.81978411   0.35706003   0.44773000  3.72777827e-04
  0.27880510  -0.21837973   0.93518876  3.61129793e-04
 -0.71375387  -0.58200144   0.38965336  3.95325040e-04
  0.58429025  -0.75397999  -0.30019840  2.06583512e-04
  0.31132470  -0.73329147   0.60445063  1.73771262e-04
 -0.64727679   0.18728107   0.73889009  5.02913706e-04
 -0.17296837   0.97796899   0.11687000  2.22607752e-04
 -0.14685317   0.68890991  -0.70981496  2.10245226e-04
  0.97623204   0.21564989  -0.02158983  2.11212481e-04
 -0.68081004  -0.65401835  -0.32978431  1.91618414e-04
  0.71405035  -0.52703206   0.46083544  3.86701188e-04
  0.84340582  -0.06542555  -0.53327866  4.69407352e-04
 -0.68115513  -0.71733226   0.14649956  2.09766983e-04
 -0.61776099  -0.67696795  -0.40010717  1.67544479e-04
  0.21411494   0.32137125   0.92242903  2.62407815e-04
 -0.45076612   0.87901340   0.15538774  4.97450294e-04
 -0.26792033   0.92045539   0.28457085  3.83499216e-04
