20
 -1.1407996218300525E+00 -2.3170985309886123E+00 3.8420614944644871E-01
 8.6446428487555113E-03 -5.8260317360957041E-03 -1.6822876532835765E-03
0
0.0
 -1.1407996218300525E+00 -2.3170985309886123E+00 3.8420614944644871E-01
 9.1130744285704886E-03 -5.8352612881143661E-03 -1.6593053886584470E-03
0
0.0
 -1.1407996218300525E+00 -2.3170985309886123E+00 3.8420614944644871E-01
 8.8576393592987267E-03 -5.9487834665950213E-03 -1.5351903161738133E-03
0
0.0
 -1.1407996218300525E+00 -2.3170985309886123E+00 3.8420614944644871E-01
 8.6438166097381735E-03 -5.7471817409823151E-03 -1.7436887551709984E-03
0
0.0
 -1.1407996218300525E+00 -2.3170985309886123E+00 3.8420614944644871E-01
 8.6720373969948888E-03 -5.9989837333583431E-03 -1.5924418053596423E-03
0
0.0
 -1.1407996218300525E+00 -2.3170985309886123E+00 3.8420614944644871E-01
 8.7620320464549279E-03 -6.1301255294142947E-03 -1.6550702771473780E-03
0
0.0
 -1.1407996218300525E+00 -2.3170985309886123E+00 3.8420614944644871E-01
 8.6561047187917513E-03 -5.7853818825429034E-03 -1.7108894617719947E-03
0
0.0
 -1.1407996218300525E+00 -2.3170985309886123E+00 3.8420614944644871E-01
 8.7184692506282781E-03 -5.9256009756187330E-03 -1.3063822972851555E-03
0
0.0
 -1.1407996218300525E+00 -2.3170985309886123E+00 3.8420614944644871E-01
 8.8113062628926968E-03 -5.9062297604652670E-03 -1.6824498435136631E-03
0
0.0
 -1.1407996218300525E+00 -2.3170985309886123E+00 3.8420614944644871E-01
 8.5802183578947578E-03 -5.9988116829427646E-03 -1.4636707031649881E-03
0
0.0
 -1.1407996218300525E+00 -2.3170985309886123E+00 3.8420614944644871E-01
 8.8437066023297223E-03 -5.9811193423349208E-03 -1.6851076025111852E-03
0
0.0
 -1.1407996218300525E+00 -2.3170985309886123E+00 3.8420614944644871E-01
 8.6446687781654881E-03 -5.9234706345346576E-03 -1.6800613030289798E-03
0
0.0
 -1.1407996218300525E+00 -2.3170985309886123E+00 3.8420614944644871E-01
 8.5295257110742356E-03 -5.8864888498748064E-03 -1.4992388559930251E-03
0
0.0
 -1.1407996218300525E+00 -2.3170985309886123E+00 3.8420614944644871E-01
 8.6591831437069777E-03 -5.9210204976281869E-03 -1.4417860198840849E-03
0
0.0
 -1.1407996218300525E+00 -2.3170985309886123E+00 3.8420614944644871E-01
 8.6617846404404026E-03 -6.0859774220329566E-03 -1.6456237269982627E-03
0
0.0
 -1.1407996218300525E+00 -2.3170985309886123E+00 3.8420614944644871E-01
 8.8172656267027673E-03 -5.9765829830914757E-03 -1.6237238435947272E-03
0
0.0
 -1.1407996218300525E+00 -2.3170985309886123E+00 3.8420614944644871E-01
 8.9473890334563575E-03 -6.0251302819131942E-03 -1.6180850780179907E-03
0
0.0
 -1.1407996218300525E+00 -2.3170985309886123E+00 3.8420614944644871E-01
 8.7691514596496736E-03 -6.1555286920095889E-03 -1.6828633645742993E-03
0
0.0
 -1.1407996218300525E+00 -2.3170985309886123E+00 3.8420614944644871E-01
 8.7088194806858397E-03 -5.7953387893069979E-03 -1.4940208330675706E-03
0
0.0
 -1.1407996218300525E+00 -2.3170985309886123E+00 3.8420614944644871E-01
 8.8722787015218432E-03 -5.9065794735162803E-03 -1.3285739197209118E-03
0
0.0
