20
-1
1
 -0.76780727   0.31708020  -0.55671549  1.72338445e-04
 -0.02421746  -0.29763783   0.95437164  6.14820505e-04
 -0.64554190  -0.75350091   0.12454732  2.24201764e-04
  0.01012486   0.97871627   0.20496818  2.21494975e-04
  0.44796583   0.36600206  -0.81570161  2.11907392e-04
 -0.88882131   0.22213743  -0.40081372  1.98085098e-04
  0.67577709  -0.72025754  -0.15669845  4.30046625e-04
 -0.21158911  -0.88512044   0.41447781  2.33548337e-04
  0.79636449   0.02879704   0.60413105  7.98778716e-04
  0.30964231   0.94946499  -0.05136020  4.80976288e-04
 -0.98918894   0.13060606   0.06668808  6.93357695e-04
 -0.57992438   0.80891814   0.09663935  3.65576541e-04
 -0.73855088  -0.65106182   0.17510312  1.47531053e-04
 -0.46230770   0.50241900  -0.73064816  3.85514344e-04
  0.08823461  -0.12931494   0.98767014  1.77111688e-04
 -0.48704931  -0.27363732  -0.82940074  4.02376774e-04
  0.29897740  -0.22014066   0.92852065  3.81037144e-04
  0.59204927   0.74543430   0.30627661  1.69791793e-04
  0.90908904  -0.04134908  -0.41454478  4.78050317e-04
  0.04605034   0.71295027   0.69970085  1.60793936e-04
