20
 -1.1407996218300525E+00 -2.3170985309886123E+00 3.8420614944644871E-01
 8.9687690101500211E-03 -5.9011122769337667E-03 -1.5308024320690530E-03
0
0.0
 -1.1407996218300525E+00 -2.3170985309886123E+00 3.8420614944644871E-01
 8.8368612353949601E-03 -5.9249276749136007E-03 -1.5175716855370170E-03
0
0.0
 -1.1407996218300525E+00 -2.3170985309886123E+00 3.8420614944644871E-01
 8.8098014927033043E-03 -5.9300135438357226E-03 -1.7334453588996007E-03
0
0.0
 -1.1407996218300525E+00 -2.3170985309886123E+00 3.8420614944644871E-01
 8.7457963318556143E-03 -5.8815190097633091E-03 -1.6487425034921483E-03
0
0.0
 -1.1407996218300525E+00 -2.3170985309886123E+00 3.8420614944644871E-01
 8.7807117663960925E-03 -5.9528120532911224E-03 -1.5937542770357077E-03
0
0.0
 -1.1407996218300525E+00 -2.3170985309886123E+00 3.8420614944644871E-01
 9.0192111537993128E-03 -5.8153670621328242E-03 -1.8043142607715068E-03
0
0.0
 -1.1407996218300525E+00 -2.3170985309886123E+00 3.8420614944644871E-01
 9.0195262726807685E-03 -6.0240933305261033E-03 -1.6074475308188914E-03
0
0.0
 -1.1407996218300525E+00 -2.3170985309886123E+00 3.8420614944644871E-01
 8.5935415949885182E-03 -5.9338134442921235E-03 -1.6138365942020597E-03
0
0.0
 -1.1407996218300525E+00 -2.3170985309886123E+00 3.8420614944644871E-01
 8.8093638646054226E-03 -5.9662888709052734E-03 -1.5679346959290518E-03
0
0.0
 -1.1407996218300525E+00 -2.3170985309886123E+00 3.8420614944644871E-01
 8.7014675371657590E-03 -6.0708026452835863E-03 -1.7145745927709586E-03
0
0.0
 -1.1407996218300525E+00 -2.3170985309886123E+00 3.8420614944644871E-01
 8.8002054087217754E-03 -5.9445244486609752E-03 -1.6294463511000187E-03
0
0.0
 -1.1407996218300525E+00 -2.3170985309886123E+00 3.8420614944644871E-01
 8.6714993757616605E-03 -6.0353457027355123E-03 -1.5916163203327336E-03
0
0.0
 -1.1407996218300525E+00 -2.3170985309886123E+00 3.8420614944644871E-01
 8.7383252118524973E-03 -5.7946906839289108E-03 -1.6341484410192790E-03
0
0.0
 -1.1407996218300525E+00 -2.3170985309886123E+00 3.8420614944644871E-01
 8.6058263002632418E-03 -5.9064110573568930E-03 -1.5200635114090502E-03
0
0.0
 -1.1407996218300525E+00 -2.3170985309886123E+00 3.8420614944644871E-01
 8.7780307971031014E-03 -5.8872382192218190E-03 -1.6313916715554788E-03
0
0.0
 -1.1407996218300525E+00 -2.3170985309886123E+00 3.8420614944644871E-01
 8.7723362630784674E-03 -5.8062711940266298E-03 -1.4326111859664691E-03
0
0.0
 -1.1407996218300525E+00 -2.3170985309886123E+00 3.8420614944644871E-01
 8.8294893906490229E-03 -5.9190003095197846E-03 -1.5855575966819959E-03
0
0.0
 -1.1407996218300525E+00 -2.3170985309886123E+00 3.8420614944644871E-01
 8.4650873830483236E-03 -5.8735974212594114E-03 -1.5209668772778765E-03
0
0.0
 -1.1407996218300525E+00 -2.3170985309886123E+00 3.8420614944644871E-01
 8.9133789864309608E-03 -5.9294519484111184E-03 -1.7431656135694594E-03
0
0.0
 -1.1407996218300525E+00 -2.3170985309886123E+00 3.8420614944644871E-01
 8.6081132810973994E-03 -5.9952135103485960E-03 -1.4481810109530373E-03
0
0.0
