50
-1
1
 -0.99861736  -0.01493654   0.05040110  4.18426875e-04
  0.62551516   0.05806009   0.77804872  6.30244777e-04
 -0.74716675   0.00305404  -0.66462961  1.85468719e-04
  0.69338529  -0.57719667   0.43134771  2.33784142e-04
 -0.93145503   0.28502509   0.22616860  6.94456106e-04
 -0.10606236  -0.52363987  -0.84531181  6.22298604e-04
 -0.77536663   0.08230668  -0.62612474  1.62660862e-04
  0.98825300  -0.04470422  -0.14614223  4.28057590e-04
 -0.19205639  -0.06686510  -0.97910337  1.54988831e-04
 -0.69705904  -0.63256778  -0.33758954  1.77611540e-04
  0.93523022   0.35388908   0.01034212  3.62455960e-04
 -0.79500803  -0.12165187   0.59427523  2.65572354e-04
 -0.88960324  -0.44783599   0.08971619  1.47322919e-04
 -0.42997297  -0.29871491   0.85199334  5.08319411e-04
  0.14611864   0.70737938   0.69156616  1.72254033e-04
 -0.31643859  -0.67638684  -0.66510711  3.87034882e-04
  0.00457655   0.59743671  -0.80190301  1.67222634e-04
  0.13793204   0.71915538   0.68102150  2.33958375e-04
  0.82822215  -0.05421396   0.55777138  2.24303252e-04
  0.66732788  -0.72408993   0.17426211  2.70847981e-04
  0.83372955  -0.48428230   0.26526532  1.64706201e-04
 -0.48188197   0.49000601  -0.72641853  3.31354365e-04
 -0.93158856  -0.16209064  -0.32537575  5.45037773e-04
 -0.25046357  -0.96794969   0.01847707  1.65069558e-04
  0.58991212   0.66368976   0.45991259  4.49110524e-04
  0.56150109  -0.66241541   0.49590558  1.84670806e-04
 -0.07718758  -0.77427377  -0.62812595  1.94824963e-04
  0.80033512   0.59630783   0.06229505  3.13756963e-04
  0.56960763  -0.76520001  -0.30002683  2.23074615e-04
  0.77828453  -0.58661112  -0.22396559  1.96982519e-04
 -0.67269278   0.35735686   0.64790470  2.02053041e-04
 -0.61926818   0.57455363  -0.53515889  2.24055460e-04
 -0.56046562   0.35313072   0.74911747  4.68987184e-04
  0.76334777  -0.55790109   0.32564790  1.67237695e-04
 -0.81243406   0.58304199   0.00359584  2.10005520e-04
 -0.36785235   0.31018756  -0.87662325  5.82912553e-04
 -0.44578872   0.68286499  -0.57876405  1.49298160e-04
  0.04833179   0.19814890   0.97897960  6.39815458e-04
  0.31068785   0.13013030  -0.94156209  1.71621741e-04
  0.45288559  -0.85884162   0.23934436  1.68643863e-04
  0.91143073  -0.04856408   0.40857747  2.82904203e-04
  0.80294531  -0.59547472   0.02624283  4.20516258e-04
  0.07911699   0.31470538   0.94588637  2.67157989e-04
  0.45151242  -0.62617747   0.63564007  1.53104023e-04
 -0.38306237  -0.63863781   0.66738667  1.67551511e-04
 -0.53355122  -0.15138810   0.83210861  6.30816925e-04
  0.09991654   0.35560722  -0.92927939  1.82515113e-04
 -0.47264528  -0.14410854  -0.86939011  1.56789244e-04
 -0.62029798  -0.39270820  -0.67897768  2.06135363e-04
  0.01993088  -0.71070219   0.70321061  3.98390279e-04
