50
 -1.1407996218300525E+00 -2.3170985309886123E+00 3.8420614944644871E-01
 8.6694007227058733E-03 -5.8025381790742939E-03 -1.4817978081140513E-03
0
0.0
 -1.1407996218300525E+00 -2.3170985309886123E+00 3.8420614944644871E-01
 8.7976682555035816E-03 -5.9619193306187689E-03 -1.6283284468915252E-03
0
0.0
 -1.1407996218300525E+00 -2.3170985309886123E+00 3.8420614944644871E-01
 9.0535038038358825E-03 -5.7131490730046915E-03 -1.5554157354034852E-03
0
0.0
 -1.1407996218300525E+00 -2.3170985309886123E+00 3.8420614944644871E-01
 8.8663600835527656E-03 -5.8389340712314448E-03 -1.6568660299966557E-03
0
0.0
 -1.1407996218300525E+00 -2.3170985309886123E+00 3.8420614944644871E-01
 8.7064223608542355E-03 -5.9965885270850507E-03 -1.4782138413029890E-03
0
0.0
 -1.1407996218300525E+00 -2.3170985309886123E+00 3.8420614944644871E-01
 8.9048160732740269E-03 -5.9987622821590213E-03 -1.7675376268414711E-03
0
0.0
 -1.1407996218300525E+00 -2.3170985309886123E+00 3.8420614944644871E-01
 8.7568119831936582E-03 -5.9514324832293060E-03 -1.6465026362120995E-03
0
0.0
 -1.1407996218300525E+00 -2.3170985309886123E+00 3.8420614944644871E-01
 8.6871583008081132E-03 -5.8075386650167128E-03 -1.6435002125462308E-03
0
0.0
 -1.1407996218300525E+00 -2.3170985309886123E+00 3.8420614944644871E-01
 8.6342498559015771E-03 -6.0407824996094785E-03 -1.6757599677368509E-03
0
0.0
 -1.1407996218300525E+00 -2.3170985309886123E+00 3.8420614944644871E-01
 8.6691064692916431E-03 -6.0366796320893987E-03 -1.6563617088530885E-03
0
0.0
 -1.1407996218300525E+00 -2.3170985309886123E+00 3.8420614944644871E-01
 8.8765438265290403E-03 -5.8806301349870133E-03 -1.6864325984413872E-03
0
0.0
 -1.1407996218300525E+00 -2.3170985309886123E+00 3.8420614944644871E-01
 8.7604233192750975E-03 -6.0279613617222408E-03 -1.8881950598705869E-03
0
0.0
 -1.1407996218300525E+00 -2.3170985309886123E+00 3.8420614944644871E-01
 8.6885466444400379E-03 -5.8988352867250533E-03 -1.5932914429284801E-03
0
0.0
 -1.1407996218300525E+00 -2.3170985309886123E+00 3.8420614944644871E-01
 8.9153090345613691E-03 -5.8265016993557621E-03 -1.5490188086143978E-03
0
0.0
 -1.1407996218300525E+00 -2.3170985309886123E+00 3.8420614944644871E-01
 8.6348674200113530E-03 -5.8677954731372432E-03 -1.3569775809918686E-03
0
0.0
 -1.1407996218300525E+00 -2.3170985309886123E+00 3.8420614944644871E-01
 8.6952378958497275E-03 -5.9443172669621947E-03 -1.6403183737277926E-03
0
0.0
 -1.1407996218300525E+00 -2.3170985309886123E+00 3.8420614944644871E-01
 8.7535619522560691E-03 -5.9704109182486687E-03 -1.6500065452241944E-03
0
0.0
 -1.1407996218300525E+00 -2.3170985309886123E+00 3.8420614944644871E-01
 8.7714425760074440E-03 -5.8899234033899421E-03 -1.5791135698062760E-03
0
0.0
 -1.1407996218300525E+00 -2.3170985309886123E+00 3.8420614944644871E-01
 8.7849704066742668E-03 -5.6146806052219111E-03 -1.7402631272237941E-03
0
0.0
 -1.1407996218300525E+00 -2.3170985309886123E+00 3.8420614944644871E-01
 8.8210236946574556E-03 -5.8551046280163124E-03 -1.7326823269417943E-03
0
0.0
 -1.1407996218300525E+00 -2.3170985309886123E+00 3.8420614944644871E-01
 8.7853390738780405E-03 -5.8974520066045486E-03 -1.6547569496784783E-03
0
0.0
 -1.1407996218300525E+00 -2.3170985309886123E+00 3.8420614944644871E-01
 8.7593117123207932E-03 -5.7207899893651579E-03 -1.7579508220326519E-03
0
0.0
 -1.1407996218300525E+00 -2.3170985309886123E+00 3.8420614944644871E-01
 8.8984485313850972E-03 -6.0444295634202241E-03 -1.6257856982505447E-03
0
0.0
 -1.1407996218300525E+00 -2.3170985309886123E+00 3.8420614944644871E-01
 8.9296090556538494E-03 -5.8983271973304602E-03 -1.7471173728206976E-03
0
0.0
 -1.1407996218300525E+00 -2.3170985309886123E+00 3.8420614944644871E-01
 8.6202777625339778E-03 -5.9236088617574687E-03 -1.5521784166153238E-03
0
0.0
 -1.1407996218300525E+00 -2.3170985309886123E+00 3.8420614944644871E-01
 8.6804133272906682E-03 -5.8518015133594498E-03 -1.3765637257012820E-03
0
0.0
 -1.1407996218300525E+00 -2.3170985309886123E+00 3.8420614944644871E-01
 8.6928820281667700E-03 -5.8053316774386299E-03 -1.7253362052918498E-03
0
0.0
 -1.1407996218300525E+00 -2.3170985309886123E+00 3.8420614944644871E-01
 8.8209639527784493E-03 -5.9473361696227856E-03 -1.8832739334824658E-03
0
0.0
 -1.1407996218300525E+00 -2.3170985309886123E+00 3.8420614944644871E-01
 8.8201584463198108E-03 -5.6871221820794168E-03 -1.8626477371463460E-03
0
0.0
 -1.1407996218300525E+00 -2.3170985309886123E+00 3.8420614944644871E-01
 8.7647518159788915E-03 -5.8130709630761414E-03 -1.6332688163771278E-03
0
0.0
 -1.1407996218300525E+00 -2.3170985309886123E+00 3.8420614944644871E-01
 8.8071644214762230E-03 -6.0408177687945128E-03 -1.7921113753873300E-03
0
0.0
 -1.1407996218300525E+00 -2.3170985309886123E+00 3.8420614944644871E-01
 8.7790023359841200E-03 -6.0381730461741825E-03 -1.4566871307758436E-03
0
0.0
 -1.1407996218300525E+00 -2.3170985309886123E+00 3.8420614944644871E-01
 8.8203157184174666E-03 -5.7332998318466799E-03 -1.6718958380774146E-03
0
0.0
 -1.1407996218300525E+00 -2.3170985309886123E+00 3.8420614944644871E-01
 8.7680732232360177E-03 -6.0407996832581665E-03 -1.6152825025112097E-03
0
0.0
 -1.1407996218300525E+00 -2.3170985309886123E+00 3.8420614944644871E-01
 8.5740330177275503E-03 -5.9236041227624719E-03 -1.4852358905670250E-03
0
0.0
 -1.1407996218300525E+00 -2.3170985309886123E+00 3.8420614944644871E-01
 8.8305935752556793E-03 -5.9169681453212645E-03 -1.4165409643181969E-03
0
0.0
 -1.1407996218300525E+00 -2.3170985309886123E+00 3.8420614944644871E-01
 8.7840950148791921E-03 -6.1152486743940790E-03 -1.6754570860915158E-03
0
0.0
 -1.1407996218300525E+00 -2.3170985309886123E+00 3.8420614944644871E-01
 8.8590467016621821E-03 -5.9012427404443830E-03 -1.8659013342348890E-03
0
0.0
 -1.1407996218300525E+00 -2.3170985309886123E+00 3.8420614944644871E-01
 8.6480276313377485E-03 -5.7809859673147515E-03 -1.3746871295080519E-03
0
0.0
 -1.1407996218300525E+00 -2.3170985309886123E+00 3.8420614944644871E-01
 8.8764669562253016E-03 -5.9473468148032466E-03 -1.5730204105166392E-03
0
0.0
 -1.1407996218300525E+00 -2.3170985309886123E+00 3.8420614944644871E-01
 8.9038989057118687E-03 -5.7784370925958476E-03 -1.6472442277755800E-03
0
0.0
 -1.1407996218300525E+00 -2.3170985309886123E+00 3.8420614944644871E-01
 8.7883001602972310E-03 -5.8692101012307587E-03 -1.6525683297876409E-03
0
0.0
 -1.1407996218300525E+00 -2.3170985309886123E+00 3.8420614944644871E-01
 8.6515317966845955E-03 -5.8016778654865972E-03 -1.5732927240938433E-03
0
0.0
 -1.1407996218300525E+00 -2.3170985309886123E+00 3.8420614944644871E-01
 8.7117412515099104E-03 -5.9250893907302152E-03 -1.4824714497604695E-03
0
0.0
 -1.1407996218300525E+00 -2.3170985309886123E+00 3.8420614944644871E-01
 8.6677135457730627E-03 -6.0188938306940448E-03 -1.7125753004063483E-03
0
0.0
 -1.1407996218300525E+00 -2.3170985309886123E+00 3.8420614944644871E-01
 8.6146642371511331E-03 -5.9549497233296802E-03 -1.7540948480576849E-03
0
0.0
 -1.1407996218300525E+00 -2.3170985309886123E+00 3.8420614944644871E-01
 8.9216501284678212E-03 -5.8702592704192938E-03 -1.6498211411601585E-03
0
0.0
 -1.1407996218300525E+00 -2.3170985309886123E+00 3.8420614944644871E-01
 8.7152807061807343E-03 -5.6422926627682475E-03 -1.6946401317451693E-03
0
0.0
 -1.1407996218300525E+00 -2.3170985309886123E+00 3.8420614944644871E-01
 8.7444772182915520E-03 -5.9773365788369486E-03 -1.5407618485211152E-03
0
0.0
 -1.1407996218300525E+00 -2.3170985309886123E+00 3.8420614944644871E-01
 8.8893392504543998E-03 -6.0378564928426602E-03 -1.6011227540432425E-03
0
0.0
