20
-1
1
 -0.16605625  -0.90735025   0.38618758  5.32066326e-04
 -0.64767684  -0.32207397  -0.69049480  2.93547333e-04
 -0.18542600   0.52702902  -0.82937182  6.30130869e-04
 -0.88795992  -0.41996122   0.18750933  2.70236688e-04
  0.96244009   0.26484346   0.05972453  1.53648139e-04
  0.95066106  -0.27431263  -0.14490040  2.13584791e-04
  0.08039597   0.55599482  -0.82728850  1.52666146e-04
  0.99331054  -0.08680908   0.07614689  5.48047652e-04
  0.33726483  -0.63898687   0.69133799  3.89504070e-04
 -0.93256342  -0.26594302  -0.24413066  7.00791678e-04
  0.53063724   0.64468088   0.55028236  1.58876714e-04
  0.08515338   0.31669394  -0.94469776  1.72891380e-04
 -0.75390800  -0.15629796   0.63811729  6.92423002e-04
  0.08043437   0.50589455   0.85883701  2.12075535e-04
  0.72126539   0.64366843  -0.25586556  5.10404721e-04
 -0.50686417  -0.82684000   0.24377104  1.50432442e-04
  0.25478230  -0.01465160   0.96688743  4.75692118e-04
  0.76081673   0.26718650   0.59141295  5.12642928e-04
  0.30791908  -0.66769781   0.67776505  3.51501949e-04
  0.60375063   0.29838675  -0.73922292  5.03302175e-04
