20
-1
1
 -0.11194793  -0.54604585   0.83024189  3.04758861e-04
  0.02245887   0.86375856  -0.50340515  2.33661672e-04
  0.91808732  -0.32191157   0.23127606  1.52630116e-04
  0.15360384  -0.06606369  -0.98592162  1.62314339e-04
  0.02275499  -0.61332163   0.78950541  3.66676378e-04
  0.49709370   0.35695917   0.79087167  1.72564701e-04
 -0.39976135   0.38763298  -0.83062118  3.06930665e-04
  0.98550853   0.07016193   0.15443520  2.59991028e-04
 -0.93438918  -0.32052078  -0.15550975  2.27153962e-04
 -0.66427727  -0.61300744   0.42773542  1.60422912e-04
  0.25029632  -0.96071464  -0.11991301  1.56380116e-04
  0.69259728   0.69898950   0.17810863  3.60907056e-04
 -0.17024046   0.97031075   0.17179999  3.55886212e-04
 -0.67485659  -0.72177218   0.15366687  2.94885049e-04
 -0.99562052   0.02072352   0.09116093  5.63983020e-04
 -0.26656238   0.52743899  -0.80669239  8.02033140e-04
 -0.97425936   0.02683607  -0.22382699  2.03791341e-04
 -0.42864455  -0.60427476  -0.67165160  4.33967031e-04
 -0.87477186   0.46003633  -0.15212092  3.56031602e-04
  0.74740843  -0.46828951  -0.47125956  1.94780603e-04
