20
 -1.1407996218300525E+00 -2.3170985309886123E+00 3.8420614944644871E-01
 8.7712225290085405E-03 -5.9914168373514905E-03 -1.6376808627391818E-03
0
0.0
 -1.1407996218300525E+00 -2.3170985309886123E+00 3.8420614944644871E-01
 8.8364804625486078E-03 -5.9038262079019561E-03 -1.7566371323496346E-03
0
0.0
 -1.1407996218300525E+00 -2.3170985309886123E+00 3.8420614944644871E-01
 8.8094398850473259E-03 -5.8884345791525650E-03 -1.6947022417225230E-03
0
0.0
 -1.1407996218300525E+00 -2.3170985309886123E+00 3.8420614944644871E-01
 8.8056254229795343E-03 -5.8266212745840592E-03 -1.7074263729966066E-03
0
0.0
 -1.1407996218300525E+00 -2.3170985309886123E+00 3.8420614944644871E-01
 8.8334425414736302E-03 -5.9446770166715250E-03 -1.5929531602620253E-03
0
0.0
 -1.1407996218300525E+00 -2.3170985309886123E+00 3.8420614944644871E-01
 8.7290792064075445E-03 -5.8201865032341598E-03 -1.5129769014992109E-03
0
0.0
 -1.1407996218300525E+00 -2.3170985309886123E+00 3.8420614944644871E-01
 8.7543891395624202E-03 -6.1396997597481196E-03 -1.6180781001135982E-03
0
0.0
 -1.1407996218300525E+00 -2.3170985309886123E+00 3.8420614944644871E-01
 8.7962826029037971E-03 -5.9506782602125989E-03 -1.7086360427443163E-03
0
0.0
 -1.1407996218300525E+00 -2.3170985309886123E+00 3.8420614944644871E-01
 8.7820117978133997E-03 -5.9186184629528207E-03 -1.6225536690542748E-03
0
0.0
 -1.1407996218300525E+00 -2.3170985309886123E+00 3.8420614944644871E-01
 8.8362274355515760E-03 -5.8086149184146483E-03 -1.5810617205856529E-03
0
0.0
 -1.1407996218300525E+00 -2.3170985309886123E+00 3.8420614944644871E-01
 8.7755168397118041E-03 -5.9022611413139707E-03 -1.5908769699100895E-03
0
0.0
 -1.1407996218300525E+00 -2.3170985309886123E+00 3.8420614944644871E-01
 8.7943755738863257E-03 -5.9185489272444401E-03 -1.5162559912487521E-03
0
0.0
 -1.1407996218300525E+00 -2.3170985309886123E+00 3.8420614944644871E-01
 8.6474408016069364E-03 -5.9978412145194077E-03 -1.6184454144024234E-03
0
0.0
 -1.1407996218300525E+00 -2.3170985309886123E+00 3.8420614944644871E-01
 8.7729554476985768E-03 -6.0746655260627861E-03 -1.6224349168933866E-03
0
0.0
 -1.1407996218300525E+00 -2.3170985309886123E+00 3.8420614944644871E-01
 8.6756703214797091E-03 -6.1678934571271901E-03 -1.5157583805592994E-03
0
0.0
 -1.1407996218300525E+00 -2.3170985309886123E+00 3.8420614944644871E-01
 8.8133453934275321E-03 -6.1569878675271040E-03 -1.6483411562031604E-03
0
0.0
 -1.1407996218300525E+00 -2.3170985309886123E+00 3.8420614944644871E-01
 8.7286059764556806E-03 -5.8531011950500164E-03 -1.6004886219397874E-03
0
0.0
 -1.1407996218300525E+00 -2.3170985309886123E+00 3.8420614944644871E-01
 8.7599727166969010E-03 -5.7735507854893469E-03 -1.9375187619192567E-03
0
0.0
 -1.1407996218300525E+00 -2.3170985309886123E+00 3.8420614944644871E-01
 8.8836420327660197E-03 -6.0385705651473682E-03 -1.4948582022118995E-03
0
0.0
 -1.1407996218300525E+00 -2.3170985309886123E+00 3.8420614944644871E-01
 9.0281742268469561E-03 -5.9468726460717540E-03 -1.7953421874119981E-03
0
0.0
