20
-1
1
 -0.35821067   0.21138517  -0.90939619  1.51618703e-04
 -0.02976901  -0.98367004  -0.17750229  2.32504810e-04
 -0.03834153  -0.53501381  -0.84397284  3.07177438e-04
 -0.04224926   0.95370376   0.29776524  4.69369642e-04
  0.68133871  -0.40076786  -0.61250525  2.41096220e-04
  0.01340777  -0.43792983   0.89890917  2.48697939e-04
 -0.30309246   0.93172194  -0.20007296  3.85327430e-04
  0.99121937  -0.00778190   0.13199848  6.61182203e-04
 -0.70308996  -0.25984336   0.66192593  5.86032151e-04
 -0.45527230   0.10299175  -0.88437539  1.46959391e-04
 -0.58100850   0.78895627  -0.19994280  2.61042555e-04
  0.09076357  -0.30891952  -0.94674743  5.43923445e-04
  0.04481949  -0.61962198  -0.78361969  5.43879299e-04
 -0.27878266   0.16232624  -0.94653601  2.50218157e-04
 -0.55548636  -0.32032096  -0.76735219  7.05980040e-04
  0.97796830  -0.17131041  -0.11929271  1.72098802e-04
  0.13721686  -0.76239784  -0.63239312  1.50037787e-04
 -0.53318134   0.61773934  -0.57802747  7.94233506e-04
 -0.35239509   0.55636706  -0.75251139  2.81250545e-04
 -0.52243909   0.63154019  -0.57289997  1.73923106e-04
