20
 -1.1407996218300525E+00 -2.3170985309886123E+00 3.8420614944644871E-01
 8.7680145829041028E-03 -5.9659965937550455E-03 -1.8620803516449416E-03
0
0.0
 -1.1407996218300525E+00 -2.3170985309886123E+00 3.8420614944644871E-01
 8.8225815290328500E-03 -5.8136606136827357E-03 -1.8124809043914272E-03
0
0.0
 -1.1407996218300525E+00 -2.3170985309886123E+00 3.8420614944644871E-01
 8.6964996045359004E-03 -5.8005559454072210E-03 -1.7455412421757059E-03
0
0.0
 -1.1407996218300525E+00 -2.3170985309886123E+00 3.8420614944644871E-01
 8.9078124452216367E-03 -5.8820400918178214E-03 -1.9298749831292393E-03
0
0.0
 -1.1407996218300525E+00 -2.3170985309886123E+00 3.8420614944644871E-01
 8.7909645665134109E-03 -5.9094874235428576E-03 -1.6372410316812230E-03
0
0.0
 -1.1407996218300525E+00 -2.3170985309886123E+00 3.8420614944644871E-01
 8.8536359543236361E-03 -5.9207818983377488E-03 -1.6339151126812739E-03
0
0.0
 -1.1407996218300525E+00 -2.3170985309886123E+00 3.8420614944644871E-01
 8.9650303951696059E-03 -5.9862794121379034E-03 -1.4514849261052618E-03
0
0.0
 -1.1407996218300525E+00 -2.3170985309886123E+00 3.8420614944644871E-01
 8.5353108909631027E-03 -5.9342002652971538E-03 -1.7116699129286724E-03
0
0.0
 -1.1407996218300525E+00 -2.3170985309886123E+00 3.8420614944644871E-01
 8.8225860285772312E-03 -6.0412764117311005E-03 -1.6530133216927424E-03
0
0.0
 -1.1407996218300525E+00 -2.3170985309886123E+00 3.8420614944644871E-01
 8.6444059372365826E-03 -5.7159899623969810E-03 -1.7555240404276708E-03
0
0.0
 -1.1407996218300525E+00 -2.3170985309886123E+00 3.8420614944644871E-01
 8.6908175422352341E-03 -6.0536385797737942E-03 -1.8775564649227050E-03
0
0.0
 -1.1407996218300525E+00 -2.3170985309886123E+00 3.8420614944644871E-01
 8.6878293226592389E-03 -5.8366106653197445E-03 -1.6307858742870692E-03
0
0.0
 -1.1407996218300525E+00 -2.3170985309886123E+00 3.8420614944644871E-01
 8.8429949694371675E-03 -5.9206075793689908E-03 -1.6964948162870935E-03
0
0.0
 -1.1407996218300525E+00 -2.3170985309886123E+00 3.8420614944644871E-01
 8.7276116560403242E-03 -5.9817887423042424E-03 -1.6148927348525973E-03
0
0.0
 -1.1407996218300525E+00 -2.3170985309886123E+00 3.8420614944644871E-01
 8.8238719355829640E-03 -5.7931496631701603E-03 -1.6314532195722869E-03
0
0.0
 -1.1407996218300525E+00 -2.3170985309886123E+00 3.8420614944644871E-01
 8.8933144258603273E-03 -6.0077101766445795E-03 -1.5694017189092056E-03
0
0.0
 -1.1407996218300525E+00 -2.3170985309886123E+00 3.8420614944644871E-01
 8.6892116865373240E-03 -6.0462752581176091E-03 -1.5897948967414880E-03
0
0.0
 -1.1407996218300525E+00 -2.3170985309886123E+00 3.8420614944644871E-01
 8.6148852970023334E-03 -5.9200998715474035E-03 -1.3453100513052363E-03
0
0.0
 -1.1407996218300525E+00 -2.3170985309886123E+00 3.8420614944644871E-01
 8.6459325298259507E-03 -5.8382301607513487E-03 -1.4486507899544271E-03
0
0.0
 -1.1407996218300525E+00 -2.3170985309886123E+00 3.8420614944644871E-01
 8.7299168959358055E-03 -5.9302066232709829E-03 -1.5306521722094281E-03
0
0.0
