20
-1
1
  0.98647909   0.14355557  -0.07906200  5.21665061e-04
 -0.26523952   0.46266781   0.84592346  2.54127025e-04
  0.36090742  -0.87828133   0.31363631  4.49444986e-04
  0.87731343   0.31924187   0.35833752  6.08084192e-04
 -0.56707105   0.74603099  -0.34909625  3.81342844e-04
  0.87647019  -0.34314101  -0.33771918  1.92573397e-04
 -0.59538989  -0.72140756   0.35366936  2.83358056e-04
  0.13336643   0.87050047  -0.47375345  4.11883622e-04
 -0.27606743  -0.75872085   0.59002495  1.85903845e-04
 -0.28765764  -0.30046469   0.90938114  2.57949846e-04
  0.18331519   0.09743762   0.97821340  3.92623081e-04
 -0.89238595   0.33676803  -0.30039077  2.17894038e-04
  0.10622207   0.60095538   0.79219284  2.04468730e-04
  0.82332773   0.56245005  -0.07603537  2.92701938e-04
  0.48655668   0.87336549   0.02225558  1.66163440e-04
  0.43811970   0.53865688  -0.71965262  1.81370487e-04
 -0.45922426  -0.33024035   0.82465410  1.79989968e-04
 -0.33721688  -0.51548568  -0.78775586  1.69030052e-04
 -0.77370165  -0.34984199  -0.52820104  1.61007870e-04
  0.12344149  -0.42341518   0.89748637  1.82838296e-04
