20
 -1.1407996218300525E+00 -2.3170985309886123E+00 3.8420614944644871E-01
 8.6925583781671239E-03 -5.9007710216502883E-03 -1.6542374233242813E-03
0
0.0
 -1.1407996218300525E+00 -2.3170985309886123E+00 3.8420614944644871E-01
 8.5690435917735557E-03 -6.1118151241017953E-03 -1.4987329293118699E-03
0
0.0
 -1.1407996218300525E+00 -2.3170985309886123E+00 3.8420614944644871E-01
 8.7796825279931462E-03 -5.9496038451290322E-03 -1.8033527863128014E-03
0
0.0
 -1.1407996218300525E+00 -2.3170985309886123E+00 3.8420614944644871E-01
 9.0359533737522646E-03 -5.8901653819238712E-03 -1.5247504223975183E-03
0
0.0
 -1.1407996218300525E+00 -2.3170985309886123E+00 3.8420614944644871E-01
 8.7751738661867515E-03 -6.0312626572253383E-03 -1.4094354028244493E-03
0
0.0
 -1.1407996218300525E+00 -2.3170985309886123E+00 3.8420614944644871E-01
 8.8687120547040563E-03 -5.6955973433739978E-03 -1.4026052047190797E-03
0
0.0
 -1.1407996218300525E+00 -2.3170985309886123E+00 3.8420614944644871E-01
 8.7017677873587728E-03 -6.0819878689679736E-03 -1.6705873190690469E-03
0
0.0
 -1.1407996218300525E+00 -2.3170985309886123E+00 3.8420614944644871E-01
 8.7087788188764254E-03 -5.9504774750356532E-03 -1.6912288432824954E-03
0
0.0
 -1.1407996218300525E+00 -2.3170985309886123E+00 3.8420614944644871E-01
 8.5159534636278962E-03 -5.9158357048277582E-03 -1.4891667733100149E-03
0
0.0
 -1.1407996218300525E+00 -2.3170985309886123E+00 3.8420614944644871E-01
 8.6394445017262244E-03 -5.9757543737849333E-03 -1.7376244080753750E-03
0
0.0
 -1.1407996218300525E+00 -2.3170985309886123E+00 3.8420614944644871E-01
 8.7101632526998922E-03 -6.0313487497449378E-03 -1.8187815330081192E-03
0
0.0
 -1.1407996218300525E+00 -2.3170985309886123E+00 3.8420614944644871E-01
 8.8010197722533535E-03 -5.9264045753092097E-03 -1.6130641024480674E-03
0
0.0
 -1.1407996218300525E+00 -2.3170985309886123E+00 3.8420614944644871E-01
 8.6415547431681009E-03 -5.7976457545959887E-03 -1.7062829703788115E-03
0
0.0
 -1.1407996218300525E+00 -2.3170985309886123E+00 3.8420614944644871E-01
 8.8563796594943716E-03 -5.8934682030474857E-03 -1.8095380903217816E-03
0
0.0
 -1.1407996218300525E+00 -2.3170985309886123E+00 3.8420614944644871E-01
 8.8327862896840966E-03 -5.9303193332578049E-03 -1.4671152610074385E-03
0
0.0
 -1.1407996218300525E+00 -2.3170985309886123E+00 3.8420614944644871E-01
 8.9743968113738699E-03 -6.0583637272514359E-03 -1.4613782518616291E-03
0
0.0
 -1.1407996218300525E+00 -2.3170985309886123E+00 3.8420614944644871E-01
 8.8269900607645200E-03 -5.8814926068952566E-03 -1.6539079455227515E-03
0
0.0
 -1.1407996218300525E+00 -2.3170985309886123E+00 3.8420614944644871E-01
 9.0694976353754616E-03 -5.9249473533143065E-03 -1.7123448211915761E-03
0
0.0
 -1.1407996218300525E+00 -2.3170985309886123E+00 3.8420614944644871E-01
 9.0747010920390822E-03 -5.9835713252356848E-03 -1.6161669118195134E-03
0
0.0
 -1.1407996218300525E+00 -2.3170985309886123E+00 3.8420614944644871E-01
 8.7902308117733721E-03 -5.9437742541624591E-03 -1.5755119156695666E-03
0
0.0
