20
-1
1
 -0.44600653  -0.81482276  -0.37032693  1.74290560e-04
  0.67584128  -0.11224924   0.72844950  2.01332518e-04
  0.24385357  -0.05427582  -0.96829209  2.27670646e-04
 -0.38725582  -0.91878739  -0.07656794  1.85707518e-04
  0.61183162   0.42886139  -0.66463522  5.05524296e-04
  0.07883609   0.43687283  -0.89606194  2.41612203e-04
 -0.89523276  -0.03356692   0.44433273  1.48311727e-04
 -0.59751201  -0.38673947  -0.70243290  1.50143718e-04
 -0.46274286  -0.86979810  -0.17123174  4.30638815e-04
 -0.23608791   0.95115619   0.19890804  1.47166538e-04
 -0.86287187   0.40354940   0.30430251  1.56007507e-04
 -0.11115982  -0.22588130   0.96779188  1.48381457e-04
  0.28575315  -0.44721605  -0.84755114  3.71583574e-04
  0.84361404  -0.26301460   0.46812249  6.71127981e-04
  0.30862526   0.94759167   0.08258615  1.83718844e-04
  0.86832379  -0.29527337  -0.39853159  1.71165161e-04
  0.92851493   0.29385960   0.22695056  5.76532988e-04
  0.47858953  -0.20299146   0.85425203  2.40227171e-04
  0.48585246  -0.85216611   0.19432013  3.81605824e-04
 -0.78398892   0.05528170  -0.61830842  8.43358420e-04
