20
 -1.1407996218300525E+00 -2.3170985309886123E+00 3.8420614944644871E-01
 8.6849485673776428E-03 -5.8083517170666966E-03 -1.5253964237125404E-03
0
0.0
 -1.1407996218300525E+00 -2.3170985309886123E+00 3.8420614944644871E-01
 8.7687351321062059E-03 -5.9297502000837353E-03 -1.6430666304858223E-03
0
0.0
 -1.1407996218300525E+00 -2.3170985309886123E+00 3.8420614944644871E-01
 8.8392779160057933E-03 -5.7765751314376350E-03 -1.5759997033264596E-03
0
0.0
 -1.1407996218300525E+00 -2.3170985309886123E+00 3.8420614944644871E-01
 8.5255948863149876E-03 -5.7613168514750865E-03 -1.5967902770224296E-03
0
0.0
 -1.1407996218300525E+00 -2.3170985309886123E+00 3.8420614944644871E-01
 9.0143545480423481E-03 -6.0561353315942042E-03 -1.4594573902865767E-03
0
0.0
 -1.1407996218300525E+00 -2.3170985309886123E+00 3.8420614944644871E-01
 8.7239824729204492E-03 -5.9374725596402422E-03 -1.6031617973322611E-03
0
0.0
 -1.1407996218300525E+00 -2.3170985309886123E+00 3.8420614944644871E-01
 8.8864127160761096E-03 -5.9794558535511289E-03 -1.5531400413026637E-03
0
0.0
 -1.1407996218300525E+00 -2.3170985309886123E+00 3.8420614944644871E-01
 8.8555143140504593E-03 -6.1974017902757528E-03 -1.5395762213409288E-03
0
0.0
 -1.1407996218300525E+00 -2.3170985309886123E+00 3.8420614944644871E-01
 8.7118947911514269E-03 -5.9308133243307446E-03 -1.8806351425803866E-03
0
0.0
 -1.1407996218300525E+00 -2.3170985309886123E+00 3.8420614944644871E-01
 8.6169129180675152E-03 -5.6639875010394353E-03 -1.6304027565673131E-03
0
0.0
 -1.1407996218300525E+00 -2.3170985309886123E+00 3.8420614944644871E-01
 8.8075687230348785E-03 -6.0046206009210686E-03 -1.5722668450191780E-03
0
0.0
 -1.1407996218300525E+00 -2.3170985309886123E+00 3.8420614944644871E-01
 8.6493940962358070E-03 -6.1809534768648700E-03 -1.7855384140551935E-03
0
0.0
 -1.1407996218300525E+00 -2.3170985309886123E+00 3.8420614944644871E-01
 8.8330161856397683E-03 -5.8866210827700294E-03 -1.4168506737352658E-03
0
0.0
 -1.1407996218300525E+00 -2.3170985309886123E+00 3.8420614944644871E-01
 8.8548677864124202E-03 -5.8531701787584902E-03 -1.7575119946019783E-03
0
0.0
 -1.1407996218300525E+00 -2.3170985309886123E+00 3.8420614944644871E-01
 8.6500699742705790E-03 -5.9506127910527963E-03 -1.4216868226208626E-03
0
0.0
 -1.1407996218300525E+00 -2.3170985309886123E+00 3.8420614944644871E-01
 8.8444494502536060E-03 -5.9814532972719140E-03 -1.8409900355671660E-03
0
0.0
 -1.1407996218300525E+00 -2.3170985309886123E+00 3.8420614944644871E-01
 8.9882828671031013E-03 -5.7501384390666451E-03 -1.8246247479801023E-03
0
0.0
 -1.1407996218300525E+00 -2.3170985309886123E+00 3.8420614944644871E-01
 8.9741684241523359E-03 -5.8615713990808468E-03 -1.6625176175940600E-03
0
0.0
 -1.1407996218300525E+00 -2.3170985309886123E+00 3.8420614944644871E-01
 8.8225121954116671E-03 -5.9635853932088357E-03 -1.6626354991004823E-03
0
0.0
 -1.1407996218300525E+00 -2.3170985309886123E+00 3.8420614944644871E-01
 8.7917368268987002E-03 -5.7221616801786798E-03 -1.4730924445367469E-03
0
0.0
