20
-1
1
 -0.18377491   0.41226753  -0.89233529  5.56693829e-04
  0.70877839  -0.66686175   0.23006216  1.59587249e-04
 -0.47304001   0.72066617  -0.50682682  2.14758829e-04
  0.09435140   0.10960071   0.98948749  5.84148066e-04
 -0.10617140   0.98952085   0.09785767  1.73483862e-04
  0.82184188   0.38677391  -0.41830834  2.16383830e-04
 -0.83298749   0.43915124  -0.33656801  1.98896379e-04
 -0.13011927   0.98140042  -0.14114602  4.71290428e-04
  0.25515805  -0.14007388  -0.95669937  2.08858051e-04
 -0.36621852   0.40459616   0.83796536  1.86900116e-04
 -0.56135855   0.00750415   0.82753868  4.86302052e-04
  0.31777629   0.41406341   0.85297698  1.81594916e-04
 -0.68380158  -0.39981413   0.61038026  1.57976425e-04
  0.85934222   0.35974016   0.36348034  2.80432491e-04
  0.04164983   0.22851246   0.97264965  1.58139741e-04
 -0.90258579  -0.01586916  -0.43021746  2.17859991e-04
  0.80189533   0.31681737  -0.50654776  6.89171504e-04
  0.03409026  -0.48139413  -0.87584105  3.02715707e-04
 -0.78375567  -0.41335641  -0.46353373  2.89372707e-04
  0.23388403  -0.96248390   0.13756092  1.94038680e-04
