20
-1
1
 -0.52451260  -0.40885048  -0.74681177  1.73120564e-04
  0.28708573  -0.95661522   0.04969004  2.90704111e-04
 -0.05137201  -0.82027526   0.56965728  1.97621016e-04
 -0.13342918   0.96397378  -0.23011131  1.46121156e-04
 -0.89325767   0.37726078  -0.24446892  7.89852382e-04
 -0.33769682  -0.85977821  -0.38306956  2.87266027e-04
 -0.42470886  -0.28371690  -0.85972502  1.48010553e-04
 -0.70618896   0.09572530  -0.70152250  1.92141988e-04
  0.88099942   0.27309086   0.38634363  1.70445076e-04
  0.04280321  -0.93662011  -0.34772209  1.51562688e-04
 -0.50609716  -0.78613413  -0.35476584  1.46496441e-04
  0.37697726   0.89736812   0.22938747  2.07195648e-04
 -0.04185579   0.39274445  -0.91869467  4.55847463e-04
 -0.43617641  -0.74038747  -0.51144553  1.50385526e-04
  0.47119286  -0.86248955  -0.18463222  5.13235997e-04
  0.02234843   0.85920644   0.51114072  2.15426098e-04
 -0.60105687  -0.67093658  -0.43425195  1.61271904e-04
  0.99654139   0.04054196   0.07253688  1.91378059e-04
  0.39600495  -0.73817899  -0.54614271  1.86899458e-04
  0.27139027   0.32546704  -0.90576958  2.07668886e-04
