20
 -1.1407996218300525E+00 -2.3170985309886123E+00 3.8420614944644871E-01
 8.8838910076397149E-03 -6.0289809810772374E-03 -1.5467355986820389E-03
0
0.0
 -1.1407996218300525E+00 -2.3170985309886123E+00 3.8420614944644871E-01
 8.7845994344686856E-03 -6.1292402844750652E-03 -1.6700030854792307E-03
0
0.0
 -1.1407996218300525E+00 -2.3170985309886123E+00 3.8420614944644871E-01
 8.9077862583283110E-03 -5.8231997613356883E-03 -1.6241324366599603E-03
0
0.0
 -1.1407996218300525E+00 -2.3170985309886123E+00 3.8420614944644871E-01
 8.7818900855355965E-03 -5.8459711995060134E-03 -1.7835082272107769E-03
0
0.0
 -1.1407996218300525E+00 -2.3170985309886123E+00 3.8420614944644871E-01
 8.7480988852487937E-03 -5.8208064518205814E-03 -1.5532883081591409E-03
0
0.0
 -1.1407996218300525E+00 -2.3170985309886123E+00 3.8420614944644871E-01
 8.9284256138840567E-03 -5.9190654233728535E-03 -1.7509139329261684E-03
0
0.0
 -1.1407996218300525E+00 -2.3170985309886123E+00 3.8420614944644871E-01
 8.5449482235693090E-03 -6.0669515173481531E-03 -1.4456350976024066E-03
0
0.0
 -1.1407996218300525E+00 -2.3170985309886123E+00 3.8420614944644871E-01
 8.6597330494380519E-03 -5.9110762720413186E-03 -1.7324825013144164E-03
0
0.0
 -1.1407996218300525E+00 -2.3170985309886123E+00 3.8420614944644871E-01
 8.6586481472690300E-03 -5.8713705022684550E-03 -1.7071873727533553E-03
0
0.0
 -1.1407996218300525E+00 -2.3170985309886123E+00 3.8420614944644871E-01
 8.8596487560816881E-03 -6.1593173582514815E-03 -1.4252285671119006E-03
0
0.0
 -1.1407996218300525E+00 -2.3170985309886123E+00 3.8420614944644871E-01
 8.8565321142671499E-03 -5.9061404540694390E-03 -1.6240137856068822E-03
0
0.0
 -1.1407996218300525E+00 -2.3170985309886123E+00 3.8420614944644871E-01
 8.6860560241864854E-03 -5.8594369070380315E-03 -1.7489299248132860E-03
0
0.0
 -1.1407996218300525E+00 -2.3170985309886123E+00 3.8420614944644871E-01
 8.8332970460033525E-03 -5.6652964807948148E-03 -1.8144488250294321E-03
0
0.0
 -1.1407996218300525E+00 -2.3170985309886123E+00 3.8420614944644871E-01
 8.8064705198403585E-03 -5.6445268021271212E-03 -1.5879644290351703E-03
0
0.0
 -1.1407996218300525E+00 -2.3170985309886123E+00 3.8420614944644871E-01
 8.9018748253731645E-03 -6.0303570115156514E-03 -1.7613714948063492E-03
0
0.0
 -1.1407996218300525E+00 -2.3170985309886123E+00 3.8420614944644871E-01
 8.6656083228969574E-03 -5.6446228700211794E-03 -1.8051353961213597E-03
0
0.0
 -1.1407996218300525E+00 -2.3170985309886123E+00 3.8420614944644871E-01
 9.0209897213451469E-03 -6.0310912939453964E-03 -1.8177514026131206E-03
0
0.0
 -1.1407996218300525E+00 -2.3170985309886123E+00 3.8420614944644871E-01
 8.8520050895522714E-03 -5.9202519724296616E-03 -1.6163066480279899E-03
0
0.0
 -1.1407996218300525E+00 -2.3170985309886123E+00 3.8420614944644871E-01
 8.6793948324109232E-03 -5.8574179703180561E-03 -1.7669795256493989E-03
0
0.0
 -1.1407996218300525E+00 -2.3170985309886123E+00 3.8420614944644871E-01
 8.8569985141108976E-03 -5.6780590441990672E-03 -1.3987020161499559E-03
0
0.0
