50
-1
1
 -0.30854909  -0.27997094  -0.90907301  4.11460019e-04
  0.07118526   0.94551454   0.31770255  1.62285127e-04
  0.74007809  -0.28446610  -0.60939598  2.35948715e-04
  0.78072323   0.26904643  -0.56399047  3.64134682e-04
  0.80351201  -0.55940595   0.20355203  3.08693199e-04
 -0.28756646  -0.08530681   0.95395402  2.14932163e-04
  0.83027681  -0.47586712  -0.29015668  1.91570448e-04
 -0.97976937  -0.11086831  -0.16661390  2.75418861e-04
 -0.75604430   0.65006635  -0.07622831  4.45091907e-04
  0.09334454  -0.08114202   0.99232191  3.16409104e-04
  0.26355084   0.94501561  -0.19361418  2.02257770e-04
 -0.43241982   0.82620609   0.36110470  1.67283953e-04
 -0.94113040   0.32758888  -0.08342118  4.03530693e-04
 -0.44239539  -0.87126572   0.21256141  1.53421274e-04
  0.63886209  -0.46647314   0.61176633  1.60309303e-04
  0.68135113  -0.27964284   0.67643220  6.08784764e-04
 -0.68290479  -0.11616453   0.72121207  5.71347458e-04
  0.08256621  -0.55749764   0.82606247  7.75101865e-04
  0.08826760   0.98610211  -0.14075319  2.21888173e-04
  0.11632054   0.95343352  -0.27826976  2.91144010e-04
  0.89459933   0.21635975  -0.39099935  2.80655525e-04
  0.47217586  -0.86920847  -0.14671942  1.61772835e-04
  0.31417496   0.94847932   0.04100085  1.74380863e-04
  0.25193386  -0.92728911   0.27688309  7.74598240e-04
 -0.37498726  -0.85185652   0.36568433  5.65117532e-04
  0.97316524   0.22994962   0.00851961  1.89676739e-04
 -0.93620502   0.09758731  -0.33763424  2.28611306e-04
 -0.12755344   0.58216418  -0.80300373  3.31742312e-04
  0.52336088  -0.68892996   0.50146675  5.17331188e-04
  0.63421566   0.74654316  -0.20110648  6.10293991e-04
  0.50912738  -0.74646431  -0.42846277  7.59109364e-04
  0.11048767  -0.31175830  -0.94371565  1.83787210e-04
  0.15888095  -0.91348086   0.37457919  3.30449009e-04
  0.51108825  -0.82552465   0.23936970  1.57923795e-04
  0.46957050   0.88080789  -0.06067136  2.36736276e-04
 -0.64916540  -0.71672833   0.25472491  3.39748255e-04
 -0.08619129   0.23869103  -0.96726297  7.74340653e-04
 -0.59996726   0.02776647  -0.79954256  3.67854040e-04
  0.04888377   0.41252928   0.90963178  5.35741628e-04
  0.70933282   0.26101266  -0.65476663  1.64362928e-04
 -0.54945614   0.25642242   0.79520154  1.82785578e-04
 -0.97711777  -0.12789641   0.16995111  1.67135536e-04
 -0.50220172  -0.65559644  -0.56390313  1.74692582e-04
 -0.14056644  -0.44431810  -0.88477257  1.64327953e-04
  0.86218500   0.43377104   0.26168628  1.86255333e-04
  0.10752202  -0.87803903  -0.46635446  5.31224739e-04
  0.20313908   0.93715822  -0.28367057  1.49450582e-04
  0.82166398  -0.18679834  -0.53849297  2.25605018e-04
 -0.42268340   0.61496244  -0.66570259  1.49909092e-04
 -0.52077803  -0.81078303   0.26724731  3.77925753e-04
