20
-1
1
 -0.74240375   0.25176058   0.62084884  3.56673626e-04
 -0.38138594  -0.44248784   0.81163371  2.43689204e-04
 -0.09142619  -0.83746246   0.53879298  2.82738730e-04
  0.87039796   0.38211885   0.31047154  1.67372538e-04
  0.79954220   0.46297573  -0.38260390  2.48907922e-04
 -0.55108493   0.51803494   0.65417521  6.87491461e-04
 -0.18175683   0.80525830  -0.56437889  3.53103692e-04
  0.53029904   0.84023398  -0.11309195  3.90722504e-04
  0.50139843   0.79936627  -0.33107881  2.16240982e-04
  0.81337451  -0.14772325   0.56267198  1.55231501e-04
  0.77816930  -0.03914889  -0.62683323  2.52341310e-04
 -0.43502284   0.10832657   0.89387946  1.86401273e-04
 -0.75519885  -0.38504432   0.53048616  4.59810856e-04
  0.66619906  -0.73326037  -0.13604425  2.91342668e-04
 -0.57204811  -0.74438682   0.34445496  3.56877362e-04
  0.27449941   0.72832954  -0.62784246  1.53685895e-04
  0.65359530  -0.15280384   0.74125850  2.49775084e-04
 -0.13699815   0.34514644   0.92849634  2.75254386e-04
  0.96375983  -0.25928700  -0.06274736  1.59530300e-04
 -0.84678082  -0.38461249  -0.36747173  3.17843906e-04
