20
 -1.1407996218300525E+00 -2.3170985309886123E+00 3.8420614944644871E-01
 8.5250632272602066E-03 -6.0264523915838216E-03 -1.7626928250436612E-03
0
0.0
 -1.1407996218300525E+00 -2.3170985309886123E+00 3.8420614944644871E-01
 8.8073852707603248E-03 -5.9195363073491014E-03 -1.6512598942751097E-03
0
0.0
 -1.1407996218300525E+00 -2.3170985309886123E+00 3.8420614944644871E-01
 8.8524652566841621E-03 -5.5953079742526585E-03 -1.5106290339995758E-03
0
0.0
 -1.1407996218300525E+00 -2.3170985309886123E+00 3.8420614944644871E-01
 8.8975986253760058E-03 -5.8724018254266786E-03 -1.7011311086028657E-03
0
0.0
 -1.1407996218300525E+00 -2.3170985309886123E+00 3.8420614944644871E-01
 8.8506614096369122E-03 -5.7299988640906003E-03 -1.5422682238586578E-03
0
0.0
 -1.1407996218300525E+00 -2.3170985309886123E+00 3.8420614944644871E-01
 8.5792436257538206E-03 -6.1234977919983336E-03 -1.6352020200865853E-03
0
0.0
 -1.1407996218300525E+00 -2.3170985309886123E+00 3.8420614944644871E-01
 8.6152046325995522E-03 -5.8041444465456067E-03 -1.3824536497651896E-03
0
0.0
 -1.1407996218300525E+00 -2.3170985309886123E+00 3.8420614944644871E-01
 8.7616110114204261E-03 -5.8407039005738282E-03 -1.6723635240297003E-03
0
0.0
 -1.1407996218300525E+00 -2.3170985309886123E+00 3.8420614944644871E-01
 8.6859869934406437E-03 -6.0159678431375213E-03 -1.7251366178367622E-03
0
0.0
 -1.1407996218300525E+00 -2.3170985309886123E+00 3.8420614944644871E-01
 8.8115997534895848E-03 -5.9013233073467643E-03 -1.5999467251965769E-03
0
0.0
 -1.1407996218300525E+00 -2.3170985309886123E+00 3.8420614944644871E-01
 8.9237958571557804E-03 -5.8901820561145643E-03 -1.5198122381742858E-03
0
0.0
 -1.1407996218300525E+00 -2.3170985309886123E+00 3.8420614944644871E-01
 8.7860649002750608E-03 -5.9332615086130644E-03 -1.6683949005134098E-03
0
0.0
 -1.1407996218300525E+00 -2.3170985309886123E+00 3.8420614944644871E-01
 8.9441119374490258E-03 -5.8946983517969365E-03 -1.5766175847176441E-03
0
0.0
 -1.1407996218300525E+00 -2.3170985309886123E+00 3.8420614944644871E-01
 8.7710013083461061E-03 -5.8726599660114164E-03 -1.5709030155042043E-03
0
0.0
 -1.1407996218300525E+00 -2.3170985309886123E+00 3.8420614944644871E-01
 8.8591286850580996E-03 -5.9512560088406333E-03 -1.6108347134846780E-03
0
0.0
 -1.1407996218300525E+00 -2.3170985309886123E+00 3.8420614944644871E-01
 8.7424750971895841E-03 -5.9090466991284733E-03 -1.6304950165911115E-03
0
0.0
 -1.1407996218300525E+00 -2.3170985309886123E+00 3.8420614944644871E-01
 8.9287623483895392E-03 -5.9492414483947285E-03 -1.8739349766732612E-03
0
0.0
 -1.1407996218300525E+00 -2.3170985309886123E+00 3.8420614944644871E-01
 8.7460681946850780E-03 -5.6331465740328684E-03 -1.6553239502624462E-03
0
0.0
 -1.1407996218300525E+00 -2.3170985309886123E+00 3.8420614944644871E-01
 8.8789729630756216E-03 -6.0241256255674632E-03 -1.4054124881055202E-03
0
0.0
 -1.1407996218300525E+00 -2.3170985309886123E+00 3.8420614944644871E-01
 8.9522660796725329E-03 -6.0029249512768270E-03 -1.6067285266248346E-03
0
0.0
