400
-1
1
 -0.34749084  -0.87286031  -0.34258574  1.80961064e-04
  0.38532345  -0.31468070   0.86746867  4.84191880e-04
  0.87495982   0.06038039   0.48041598  1.74578270e-04
 -0.51080251   0.83521163   0.20372119  5.73904094e-04
  0.45423219   0.61096986  -0.64837407  2.67006436e-04
  0.35378022   0.67620785   0.64620624  1.52155554e-04
  0.69070280   0.42015597  -0.58855637  1.51146455e-04
  0.16200674  -0.65535000  -0.73774670  2.31050480e-04
  0.39422958   0.54439708   0.74041533  2.07853166e-04
  0.91719921  -0.39839840   0.00493142  2.82350972e-04
  0.23015707   0.47108362   0.85153271  5.92635528e-04
  0.85474407  -0.51756322   0.03925418  1.74568120e-04
 -0.01944145   0.13439734   0.99073679  1.70698327e-04
  0.50891753  -0.58149955  -0.63471349  5.86976899e-04
  0.68341293   0.64847405  -0.33530312  2.18751501e-04
  0.94100105  -0.33784880  -0.01937017  1.50255052e-04
  0.16653165  -0.47319853  -0.86507246  3.83219036e-04
  0.85946068   0.51013618   0.03299130  8.41017881e-04
 -0.08071679  -0.92209337  -0.37845556  2.85401088e-04
  0.69304561  -0.45279293   0.56095129  3.96685493e-04
  0.32956264  -0.32508252   0.88640274  1.91535798e-04
 -0.08651501  -0.85359740   0.51369897  3.12459763e-04
 -0.55703776   0.39141927   0.73246153  2.05747197e-04
 -0.14678131   0.94455399  -0.29372268  1.51494310e-04
 -0.02489374   0.58902713   0.80772975  7.27631353e-04
 -0.44785355  -0.85239691   0.26990128  4.01869111e-04
 -0.43255778   0.23214222  -0.87120822  3.38300380e-04
  0.03245169  -0.82812128  -0.55960882  4.71889106e-04
 -0.26373957  -0.23724081   0.93496430  6.53643350e-04
 -0.45512629  -0.88332773  -0.11221488  2.98142819e-04
 -0.97048998   0.16632729   0.17459792  4.08696815e-04
 -0.66607720  -0.68327805   0.29911915  1.46786950e-04
 -0.34846616   0.65114491   0.67422670  3.93694618e-04
 -0.00153573   0.92857503  -0.37114155  3.49571008e-04
 -0.08753527   0.88060144  -0.46570235  2.36015473e-04
  0.95260610   0.25026910   0.17293642  8.14329018e-04
 -0.56113914  -0.37310511  -0.73886091  7.82056455e-04
  0.22142109  -0.65419416   0.72318926  1.80432680e-04
 -0.72390897  -0.02943378   0.68926734  2.68819828e-04
  0.79304031  -0.21690025  -0.56924630  7.43421971e-04
  0.08898069   0.87471352   0.47640182  7.88580259e-04
 -0.19114070  -0.14771755   0.97038382  2.15121950e-04
 -0.94135010   0.33693086  -0.01837352  2.79405479e-04
  0.59851859   0.38592598   0.70202325  5.32554508e-04
  0.32786965  -0.94432334   0.02747587  2.05482257e-04
 -0.77114291  -0.16665429  -0.61446315  1.63614270e-04
  0.16690334   0.03635866  -0.98530266  2.46787706e-04
 -0.55179510   0.48679324  -0.67716653  1.89695563e-04
 -0.83276833  -0.03854690   0.55227805  1.74946493e-04
  0.36049503  -0.22407552  -0.90544657  1.74346830e-04
 -0.98393805   0.16775253  -0.06103275  2.24328860e-04
 -0.37754716   0.78779423   0.48666044  1.51192368e-04
  0.07346818  -0.80964831  -0.58229892  2.42888770e-04
  0.34450379  -0.90354181  -0.25481235  2.99132573e-04
 -0.03407136   0.44912237   0.89282038  2.60513391e-04
 -0.28599843  -0.86647241   0.40918267  4.85841946e-04
 -0.76034031   0.41696838   0.49801605  1.67177338e-04
 -0.37974981   0.54562412   0.74705047  1.51281101e-04
 -0.16736433  -0.58671056   0.79231300  1.47397994e-04
  0.01190382   0.69289709   0.72093822  2.09717442e-04
  0.79341968   0.33759695  -0.50647163  1.52009869e-04
  0.86079449   0.50486740   0.06435646  1.81807982e-04
 -0.07892895   0.38198023  -0.92079386  2.84672403e-04
 -0.21754903   0.48896590   0.84473947  1.70589669e-04
  0.38791961  -0.91997782  -0.05620666  1.68232858e-04
 -0.84614817  -0.01089893  -0.53283626  2.48574585e-04
  0.24774816   0.79817815  -0.54911974  2.69538217e-04
 -0.31226676   0.93598674  -0.16253703  2.43994700e-04
 -0.65200872  -0.73245304  -0.19595198  7.61134105e-04
  0.19526220  -0.97842454  -0.06751363  2.06073232e-04
 -0.47319492   0.72454371  -0.50112172  1.70998803e-04
 -0.08317717   0.92554505  -0.36938859  1.58488001e-04
  0.69558245   0.19542509  -0.69135670  2.94135148e-04
 -0.23009406   0.88730630  -0.39968019  2.45561878e-04
  0.20281757  -0.59983236   0.77399366  2.61274348e-04
  0.22811228  -0.94541148  -0.23272715  1.65972017e-04
 -0.08891374  -0.05582084   0.99447392  1.55919833e-04
  0.03471921   0.09844044  -0.99453711  3.27901745e-04
 -0.46968628   0.05405674   0.88117687  2.95840064e-04
  0.36267626   0.04250022  -0.93094557  2.37474202e-04
  0.07490682   0.76737010   0.63681402  2.22006126e-04
  0.02267652   0.41499798   0.90953969  3.12506145e-04
  0.39271112  -0.50801165   0.76661734  8.53697789e-04
 -0.46380818   0.67171965  -0.57764582  3.78409450e-04
 -0.21321053  -0.10326163  -0.97153400  1.94394128e-04
  0.53229174   0.79933238  -0.27880682  2.23318166e-04
  0.59787368  -0.79447222   0.10658778  1.59679963e-04
  0.07044681  -0.83792037   0.54122703  4.62918578e-04
  0.66022746  -0.56015156  -0.50032983  1.86628044e-04
 -0.71636141   0.69630140   0.04461724  6.14904831e-04
  0.89743513   0.30114057   0.32237328  1.58460299e-04
  0.88089194   0.42742367   0.20331846  1.73937021e-04
  0.66398841   0.03343462   0.74699499  1.70280562e-04
 -0.34639661  -0.85940927  -0.37606528  4.08106985e-04
  0.18884939  -0.10863091   0.97597912  1.56407576e-04
  0.04704514  -0.47234600   0.88015681  1.84265340e-04
 -0.22175734  -0.66226438  -0.71570215  4.78916176e-04
 -0.66803980   0.57847267   0.46807285  3.85542644e-04
  0.51351910   0.55441607   0.65492057  4.67229504e-04
 -0.42635577  -0.24552201  -0.87059732  2.57620487e-04
  0.28882925   0.91185835   0.29170535  4.09749267e-04
 -0.80754266   0.11834785  -0.57781367  1.53012144e-04
 -0.87110284   0.45804533   0.17712798  1.87806926e-04
  0.05425510  -0.62983178   0.77483438  1.60808710e-04
  0.76066609   0.62823582   0.16342233  2.00681660e-04
  0.36304718   0.09948355   0.92644469  5.41667845e-04
  0.83412203  -0.25660344   0.48825723  1.59926025e-04
 -0.13497714   0.26894153  -0.95365173  2.84546883e-04
 -0.60607524  -0.26337100   0.75053882  2.68905855e-04
  0.14559514   0.98115300   0.12704660  4.23683101e-04
 -0.81920109   0.09233794  -0.56602409  3.73085063e-04
  0.71060003  -0.27564310   0.64735499  2.99007184e-04
  0.79281347   0.52928039  -0.30217390  2.32101221e-04
  0.62309723  -0.77371614   0.11451278  1.48173494e-04
  0.98358386   0.07936000   0.16206412  3.68041834e-04
 -0.14944810  -0.94335909   0.29620753  8.67609707e-04
  0.24175567  -0.86449658   0.44068113  1.50501849e-04
 -0.96107109   0.23485241  -0.14555652  2.45107224e-04
  0.75423870   0.64747472  -0.10908924  4.25684382e-04
  0.69730676  -0.52030842   0.49299334  1.54695887e-04
  0.52789766   0.84743423   0.05638521  1.45733945e-04
  0.76041002  -0.36665301  -0.53604308  1.64936976e-04
  0.23981104  -0.48723095  -0.83970034  2.48093930e-04
  0.46432475  -0.66219648   0.58813124  5.68151998e-04
 -0.82776510  -0.55615268  -0.07415622  2.07967877e-04
  0.16812953  -0.80904168  -0.56319093  1.60164507e-04
 -0.82322732   0.37605358   0.42530045  3.85383235e-04
 -0.34060969  -0.72108152   0.60334607  2.59689910e-04
 -0.52898278  -0.05382950   0.84692361  1.63404145e-04
 -0.94645908  -0.26808072  -0.17985535  2.93793211e-04
 -0.65068324   0.71997565   0.24134287  2.86700308e-04
 -0.54695120   0.82566015   0.13831019  2.47606510e-04
  0.48625797   0.78131451   0.39128099  4.95433533e-04
  0.72690974   0.05559993  -0.68447855  1.74540031e-04
  0.59376887  -0.65445390  -0.46811177  2.00712447e-04
  0.70467564   0.43170243  -0.56308547  1.48500753e-04
 -0.12781697   0.81279484   0.56835497  5.01509492e-04
  0.43570816  -0.68464567  -0.58431045  2.73577903e-04
 -0.72706480   0.62677152   0.28023963  1.72927302e-04
  0.23591017   0.90651883  -0.35009999  5.70882891e-04
  0.07327199  -0.01887791   0.99713331  2.82563657e-04
  0.82916331   0.34453286  -0.44021054  2.67396147e-04
 -0.06974055   0.28805897  -0.95506978  2.28779510e-04
  0.05581878   0.57505443  -0.81620871  1.69740824e-04
  0.07636799  -0.78590765   0.61360988  2.95370056e-04
  0.52176233   0.40977445  -0.74823056  2.33911382e-04
 -0.17800683   0.61291767  -0.76983472  2.70376557e-04
  0.64343499   0.55723580  -0.52486158  1.46063644e-04
  0.69395849  -0.37887081  -0.61227325  1.75815877e-04
 -0.30049570  -0.23890053  -0.92337905  3.56663253e-04
 -0.76704223   0.02812008   0.64098010  4.80891213e-04
  0.59711901   0.31890888  -0.73603398  3.58992609e-04
  0.70209488   0.70000469  -0.13059946  4.84471586e-04
 -0.37247148   0.07761510   0.92479235  5.89978287e-04
 -0.65684874   0.72431209   0.20957511  1.76029589e-04
 -0.29485221   0.51138391  -0.80718565  1.50237409e-04
  0.46435440  -0.86281121  -0.19982946  2.81310399e-04
 -0.37380234   0.92471492  -0.07193144  1.83088141e-04
 -0.05462596  -0.90516718  -0.42153101  5.05554464e-04
  0.36202264   0.32556459   0.87346855  1.93040506e-04
  0.70237310  -0.37602700   0.60438044  2.73895964e-04
 -0.01967225  -0.19174184  -0.98124822  2.65646542e-04
 -0.42622460  -0.10132557   0.89892475  2.11772949e-04
 -0.56041720  -0.40513968  -0.72235338  4.18255749e-04
 -0.43301684  -0.05518452  -0.89969500  4.65270736e-04
  0.15115396  -0.79612517   0.58594982  4.41676336e-04
  0.69597514  -0.58636816   0.41447677  7.36037858e-04
 -0.29786499   0.93584070   0.18835771  2.89549499e-04
  0.82973184  -0.44653137   0.33489522  4.45832130e-04
 -0.62758879   0.05819317  -0.77636709  2.07528864e-04
  0.12123321  -0.70232661   0.70145551  2.09592265e-04
 -0.53933142   0.18189200   0.82221464  4.11495353e-04
  0.45522999   0.74817534   0.48270002  2.41805949e-04
 -0.00698558   0.44471442  -0.89564518  2.41893278e-04
 -0.45635938  -0.15005263   0.87705207  1.64580941e-04
  0.27417019   0.89184404  -0.35978456  1.55646259e-04
 -0.31684915   0.94486077   0.08273293  2.18032873e-04
  0.13972048   0.76757510  -0.62554509  4.10964660e-04
  0.77359148   0.46252788  -0.43315607  2.54288366e-04
 -0.38675498   0.90225354   0.19068068  1.91814743e-04
 -0.22733905  -0.90752761  -0.35314386  1.74653524e-04
 -0.74775311  -0.32273560   0.58026461  2.13229811e-04
  0.11967811   0.67532046  -0.72774956  2.06949240e-04
 -0.37982915  -0.47597982   0.79320428  7.07298759e-04
  0.28034877   0.12586281   0.95161080  2.96265672e-04
  0.84111101  -0.49607119   0.21551253  1.52744554e-04
  0.83889817   0.21775877  -0.49882961  2.09395277e-04
 -0.70108553   0.04345509  -0.71175188  3.89870700e-04
 -0.87322070   0.34139501  -0.34775718  1.68717633e-04
 -0.84271197   0.39081365   0.37027183  3.75380504e-04
 -0.24535372   0.40109073   0.88256885  7.32172960e-04
 -0.40081037   0.88403647  -0.24047987  6.54847664e-04
  0.65385368  -0.75124051   0.09007251  2.90743294e-04
 -0.12998001   0.30839546  -0.94233616  2.16505706e-04
 -0.05024541  -0.91991842  -0.38887722  6.36475594e-04
 -0.50014642   0.18765074   0.84536428  5.78498760e-04
 -0.04433648  -0.25740194  -0.96528675  2.46446735e-04
 -0.25713614  -0.41598590  -0.87225956  1.61227909e-04
 -0.07747277   0.17616714  -0.98130684  1.49697006e-04
 -0.37485597  -0.38182829   0.84480185  3.67750806e-04
  0.44767900   0.78399985   0.43003226  1.46804058e-04
 -0.82843700  -0.50714681   0.23768522  1.84417031e-04
  0.74113404  -0.24890297   0.62351234  5.33738485e-04
  0.01031086   0.17900365  -0.98379438  2.63708694e-04
 -0.54506779  -0.83481133   0.07740249  1.70851483e-04
  0.02432511   0.12611343   0.99171755  8.04127998e-04
 -0.71711602   0.22071383   0.66108246  7.81321182e-04
 -0.33105739   0.41883867  -0.84556204  2.28053664e-04
 -0.43484461   0.73336380   0.52257793  1.68346141e-04
 -0.76230022  -0.52385319  -0.38010028  3.98277074e-04
  0.72703665   0.50445216   0.46577432  2.30976465e-04
 -0.35827742  -0.32253631   0.87613219  4.80000276e-04
 -0.93851679  -0.25961156  -0.22756993  3.18863537e-04
 -0.44124095   0.89203379  -0.09788839  2.18539596e-04
  0.95068901  -0.30266328   0.06771516  3.91933378e-04
  0.96929556  -0.24553425   0.01338119  2.21398458e-04
  0.47784378   0.32318022  -0.81683527  2.11160713e-04
 -0.35538455  -0.12340305  -0.92653846  4.08040264e-04
  0.88279929   0.43532104  -0.17652482  2.48983080e-04
 -0.15415195   0.68374972   0.71324855  1.59605673e-04
  0.80471330   0.58956929   0.06960284  5.29690905e-04
 -0.16464602   0.53292740  -0.82998800  2.72293705e-04
 -0.89997107  -0.43074571   0.06715806  4.07405757e-04
 -0.08237825  -0.91126347  -0.40350058  3.34936993e-04
  0.19163707  -0.97006572   0.14915673  2.13967033e-04
  0.00276709   0.98537592  -0.17037206  3.57825871e-04
 -0.44883019   0.20966369  -0.86867289  5.64764476e-04
  0.69596945   0.69835754   0.16710257  1.89400840e-04
  0.64440918  -0.05233006   0.76288818  1.65374815e-04
 -0.74517238  -0.14426995  -0.65107934  1.55393605e-04
 -0.23796857  -0.97096141  -0.02459466  2.22010994e-04
  0.22482403   0.53027448   0.81747363  6.07621856e-04
  0.88705857  -0.30723634  -0.34457644  1.69614074e-04
 -0.31346850   0.31621999   0.89540070  2.56731028e-04
 -0.43742029   0.11478784   0.89190092  2.42425975e-04
 -0.21658928  -0.66432106   0.71537865  7.19761760e-04
  0.10633872  -0.28247578  -0.95336221  4.83430779e-04
  0.85622090  -0.47124767  -0.21168702  2.19326923e-04
  0.27984717   0.64833044   0.70806299  3.11941584e-04
  0.71888104  -0.05934740  -0.69259507  1.97394850e-04
 -0.90003914  -0.42907287  -0.07632843  3.13715983e-04
 -0.72151856   0.66161184   0.20415861  2.11730916e-04
 -0.97064181   0.19339874  -0.14300841  4.25223479e-04
 -0.57354951   0.76937254  -0.28125941  1.45589635e-04
  0.52105277   0.81745546   0.24550069  2.25323856e-04
 -0.43934263  -0.89652924   0.05668661  2.32472532e-04
 -0.98722558  -0.02295318  -0.15766677  2.49078904e-04
 -0.37602915  -0.89371002   0.24471307  3.82007143e-04
  0.61777413  -0.55325083  -0.55881002  5.39080628e-04
  0.76352237   0.39898589  -0.50778327  2.31163668e-04
  0.35048254   0.87437274   0.33561034  2.98580357e-04
 -0.37257792   0.08793840  -0.92382495  3.78330482e-04
  0.00759562   0.96214243   0.27244128  1.65071511e-04
  0.25782168   0.55745380  -0.78915983  2.76269202e-04
  0.64793481  -0.56350441   0.51248733  1.98314716e-04
 -0.50222140  -0.85167732   0.14973114  1.79271301e-04
 -0.79351489   0.55740036   0.24421087  1.62695066e-04
 -0.70068000   0.71007648   0.06956243  1.67939136e-04
  0.98643645   0.15082994  -0.06475699  1.63897239e-04
 -0.86559948  -0.02392955  -0.50016490  4.16470660e-04
  0.89275821  -0.42859707   0.13887884  2.08406446e-04
 -0.67116618   0.41842199   0.61193054  2.25143976e-04
  0.67856608  -0.53224241  -0.50622732  6.99988771e-04
  0.43568726  -0.19093558  -0.87961368  1.92630375e-04
  0.19648514  -0.32292803   0.92580294  6.38738796e-04
 -0.84548329  -0.08662218  -0.52692941  3.33963185e-04
  0.35291373   0.91284960  -0.20532296  5.40482700e-04
  0.75621317   0.20109120  -0.62265879  1.76541888e-04
 -0.07790780   0.95483973  -0.28672543  2.73681189e-04
 -0.42077301  -0.20151223   0.88450150  5.37760108e-04
  0.18389951  -0.80774139  -0.56012036  2.79678126e-04
  0.38895893   0.89302992   0.22629298  1.86349028e-04
 -0.87049418  -0.43443376   0.23131621  5.82212544e-04
  0.33597351   0.06647158  -0.93952292  2.27248889e-04
  0.75439291   0.61533693  -0.22858652  4.48155226e-04
  0.75842434   0.42567345  -0.49355306  2.84103265e-04
 -0.07220728  -0.98214980  -0.17368902  3.97057444e-04
  0.94626490  -0.32049299   0.04320865  8.72413629e-04
  0.28737376  -0.27387118   0.91782945  2.19760370e-04
 -0.77725736  -0.58160564  -0.24001222  4.29919195e-04
  0.10794060  -0.96073785  -0.25560049  8.60541570e-04
  0.51391344   0.15666805  -0.84341455  8.46681630e-04
 -0.40624687   0.57676332  -0.70873659  1.54963504e-04
 -0.94684252  -0.32035909  -0.02931371  3.43102000e-04
  0.34740048   0.90943289  -0.22857104  1.89235860e-04
 -0.75175624   0.35082339   0.55837757  1.70178418e-04
  0.38431077  -0.64829903  -0.65727741  2.14102903e-04
 -0.79899867  -0.59624543   0.07805460  1.54666449e-04
  0.13569015   0.80919372   0.57165874  5.35488792e-04
  0.85710209  -0.47508160   0.19918204  7.50878580e-04
 -0.46620120  -0.87973052   0.09343801  2.51118143e-04
  0.58401093   0.81171515  -0.00705310  4.02813012e-04
 -0.80437065   0.23783435   0.54444713  7.05877562e-04
 -0.95817112   0.08724871  -0.27257250  2.98715121e-04
 -0.36394841   0.88396474  -0.29350963  3.43138992e-04
 -0.14540589   0.98817183   0.04871920  6.09349162e-04
 -0.88556837  -0.44533808  -0.13207067  3.75601223e-04
  0.66242585  -0.20603546  -0.72023704  2.09112865e-04
  0.76536236  -0.51518063   0.38575818  2.57520918e-04
  0.97149898  -0.10517386   0.21243398  1.79848206e-04
 -0.70332033  -0.71006418   0.03390237  2.26100378e-04
 -0.52422888  -0.67935850   0.51347454  1.83559860e-04
  0.02302341   0.96118155   0.27495444  1.81037265e-04
 -0.90431445   0.39349625  -0.16545716  2.33772240e-04
  0.54557451  -0.77963716  -0.30743187  1.56923161e-04
 -0.76675371  -0.30047323  -0.56727823  3.13612522e-04
 -0.84292821  -0.36966170   0.39092489  5.01244522e-04
 -0.79305229  -0.30351850  -0.52815205  4.03787978e-04
 -0.18614040  -0.60184857  -0.77661448  1.80304799e-04
 -0.43415167  -0.01417002   0.90072834  3.76501007e-04
  0.86229642   0.49773602  -0.09329385  1.68551466e-04
 -0.16072327   0.94937532   0.26991580  1.59855889e-04
 -0.59890907  -0.42799213  -0.67685350  7.40877163e-04
  0.74847787  -0.57928539  -0.32281468  2.79338315e-04
  0.65106765   0.03387351  -0.75826348  4.94439065e-04
 -0.88748950  -0.45472514  -0.07474912  2.19190493e-04
  0.60574869   0.76462866   0.22002623  3.51426106e-04
 -0.92155460   0.38630675   0.03878420  3.14515814e-04
 -0.44363587   0.00411078   0.89619770  2.14983923e-04
 -0.53298912  -0.82032497  -0.20733920  3.57385997e-04
  0.60701000  -0.39974099   0.68683768  7.63137357e-04
 -0.86395950   0.25726213   0.43288588  5.52862216e-04
  0.91786668  -0.32485594  -0.22801178  6.36786830e-04
 -0.85541778  -0.51251819  -0.07473629  1.71599516e-04
  0.22416053   0.03291133  -0.97399636  2.50773613e-04
  0.27947589   0.21627154   0.93547840  1.59026286e-04
  0.09113309   0.97822471  -0.18647033  2.00060129e-04
 -0.58528761  -0.07946417  -0.80692246  2.78517215e-04
 -0.74684001   0.19274163  -0.63645947  1.48642466e-04
  0.38938739  -0.73427981   0.55606710  2.48948345e-04
 -0.81365229  -0.54566321  -0.20055327  4.92916350e-04
 -0.76912926   0.54252893   0.33779068  1.69262803e-04
 -0.58822897   0.80860717   0.01187924  2.14724637e-04
  0.86898870  -0.00395288  -0.49481614  2.83356374e-04
  0.29502806   0.22709012  -0.92811019  1.72666226e-04
 -0.78746366   0.59690989  -0.15362149  1.95694859e-04
 -0.93965855   0.31766704   0.12700182  2.45432301e-04
  0.34842029   0.66952542  -0.65600229  2.40507714e-04
  0.66229208   0.02363875   0.74887276  1.46735794e-04
 -0.69184198  -0.42403864   0.58441929  1.96044058e-04
  0.13517785  -0.43583358  -0.88981798  1.65985540e-04
  0.55965545  -0.53554844  -0.63243470  2.88825530e-04
 -0.48535082  -0.55407677   0.67633831  1.71693086e-04
 -0.93018062  -0.35624744   0.08861018  1.61159902e-04
  0.66594216   0.49245673   0.56036363  2.07407478e-04
  0.51655271   0.44374209   0.73230202  2.45354838e-04
 -0.04138246   0.66122068  -0.74904920  1.61941484e-04
 -0.70268856  -0.20516855   0.68127429  1.56283170e-04
 -0.32866752   0.15612438   0.93145201  2.43476881e-04
 -0.44535185  -0.73335476  -0.51366577  2.02639236e-04
  0.24829487  -0.22713998   0.94167780  1.95005400e-04
 -0.46246223   0.06376713   0.88434294  7.55508214e-04
 -0.61752169  -0.58294181  -0.52805853  1.58654999e-04
 -0.80589242   0.58813961  -0.06803834  2.69786879e-04
  0.44800742  -0.04622667  -0.89283394  1.65974459e-04
 -0.81693661  -0.55977385  -0.13880854  3.61049662e-04
 -0.04738393   0.98778053   0.14847354  3.41047074e-04
 -0.48644554   0.49375303   0.72081806  1.84484867e-04
  0.00523572   0.62880530   0.77754516  4.05980295e-04
 -0.87532389   0.45340755   0.16801691  5.99977785e-04
 -0.63629527   0.77022245  -0.04342467  5.36160221e-04
  0.75545615  -0.09010597  -0.64897374  1.52812654e-04
  0.67748610  -0.72103929   0.14530979  3.11142216e-04
  0.12322041  -0.22454912   0.96664079  1.66569385e-04
 -0.19516646   0.72504340   0.66047114  1.60705684e-04
  0.33602132   0.58944078   0.73460822  2.61296638e-04
 -0.00425190  -0.57000895  -0.82162748  5.28593205e-04
  0.58598658  -0.73413966  -0.34301413  1.86159614e-04
 -0.65500760   0.06113117  -0.75314542  7.65336266e-04
  0.15344879  -0.34921117   0.92439441  1.50190968e-04
 -0.63630669   0.71865970   0.28043187  1.91670867e-04
  0.49164334   0.86901760  -0.05563483  1.50568934e-04
 -0.84776353  -0.46407440   0.25677217  3.22807227e-04
  0.79628616  -0.17803093  -0.57812917  4.25999718e-04
  0.46485664   0.20062366  -0.86235634  2.83091271e-04
  0.36211992  -0.42640906  -0.82888146  1.93101894e-04
  0.32579823  -0.87356209  -0.36158649  1.91268634e-04
 -0.58728085  -0.67818731   0.44177276  3.47243435e-04
  0.50089902  -0.30868910  -0.80858593  8.27159321e-04
 -0.66204478   0.10023586   0.74273110  2.70737859e-04
 -0.55744203  -0.66787072  -0.49316031  1.55387473e-04
  0.98956636   0.14346095  -0.01331784  1.59109901e-04
 -0.17310017  -0.12655842  -0.97673911  1.93036797e-04
  0.26263547  -0.89688125   0.35584636  2.68965930e-04
  0.20152607   0.44191956  -0.87412490  2.72020084e-04
  0.89491425  -0.01216403  -0.44607233  1.66393006e-04
  0.10048494   0.78291294  -0.61396263  3.71853593e-04
  0.66340377   0.73830578  -0.12165533  3.07989798e-04
  0.08583578   0.85452980   0.51226071  8.38466004e-04
 -0.80051073   0.18456902  -0.57019019  3.70833680e-04
 -0.90924503   0.37262660   0.18553411  4.48372194e-04
  0.47940592   0.54869350  -0.68491270  1.69250400e-04
  0.29475887   0.93241700  -0.20908311  2.31170692e-04
  0.65952335  -0.53164321  -0.53139858  3.04813684e-04
 -0.19807875   0.95555817  -0.21834239  6.98951030e-04
 -0.65566045   0.65385776   0.37759689  2.44468311e-04
  0.47397424  -0.51083621  -0.71721321  1.61627412e-04
 -0.18610187  -0.51711512   0.83543883  1.99530325e-04
  0.46133955   0.86182295   0.21077719  7.04959684e-04
 -0.60435598   0.50005789   0.62023863  2.67346733e-04
