400
 -1.1407996218300525E+00 -2.3170985309886123E+00 3.8420614944644871E-01
 8.7627964577005786E-03 -5.8996875643322908E-03 -1.7010621899388801E-03
0
0.0
 -1.1407996218300525E+00 -2.3170985309886123E+00 3.8420614944644871E-01
 8.6931813970190525E-03 -5.8296219983352470E-03 -1.6887267146193940E-03
0
0.0
 -1.1407996218300525E+00 -2.3170985309886123E+00 3.8420614944644871E-01
 8.8933635076805257E-03 -5.9649686728803887E-03 -1.5280077003557886E-03
0
0.0
 -1.1407996218300525E+00 -2.3170985309886123E+00 3.8420614944644871E-01
 8.8353110132876906E-03 -5.8833305200705378E-03 -1.6879607914612297E-03
0
0.0
 -1.1407996218300525E+00 -2.3170985309886123E+00 3.8420614944644871E-01
 8.7568795627660893E-03 -5.9175303817444666E-03 -1.7087273520226412E-03
0
0.0
 -1.1407996218300525E+00 -2.3170985309886123E+00 3.8420614944644871E-01
 8.6984699919383079E-03 -5.9722924943760459E-03 -1.5361773634313975E-03
0
0.0
 -1.1407996218300525E+00 -2.3170985309886123E+00 3.8420614944644871E-01
 8.8535133982363037E-03 -5.9182044205782188E-03 -1.5464421109360384E-03
0
0.0
 -1.1407996218300525E+00 -2.3170985309886123E+00 3.8420614944644871E-01
 8.6618522367706095E-03 -5.8341236443777830E-03 -1.5989741397476628E-03
0
0.0
 -1.1407996218300525E+00 -2.3170985309886123E+00 3.8420614944644871E-01
 8.8482621741001587E-03 -5.9405606418044968E-03 -1.6419538988327780E-03
0
0.0
 -1.1407996218300525E+00 -2.3170985309886123E+00 3.8420614944644871E-01
 8.6064260114866644E-03 -5.6889029346004144E-03 -1.4546752999827020E-03
0
0.0
 -1.1407996218300525E+00 -2.3170985309886123E+00 3.8420614944644871E-01
 8.7963151316725816E-03 -5.7411627530207753E-03 -1.5482422104990399E-03
0
0.0
 -1.1407996218300525E+00 -2.3170985309886123E+00 3.8420614944644871E-01
 8.9370117489379203E-03 -5.9225631737273793E-03 -1.5604291522416192E-03
0
0.0
 -1.1407996218300525E+00 -2.3170985309886123E+00 3.8420614944644871E-01
 8.8909291403836809E-03 -5.8131959351159293E-03 -1.7864586335004781E-03
0
0.0
 -1.1407996218300525E+00 -2.3170985309886123E+00 3.8420614944644871E-01
 8.9402675261037647E-03 -5.7587003611890095E-03 -1.4211162058436664E-03
0
0.0
 -1.1407996218300525E+00 -2.3170985309886123E+00 3.8420614944644871E-01
 8.5617532862259111E-03 -5.9072835034628488E-03 -1.7683039819788870E-03
0
0.0
 -1.1407996218300525E+00 -2.3170985309886123E+00 3.8420614944644871E-01
 8.9948340157096004E-03 -6.0924988319266916E-03 -1.7785868001414899E-03
0
0.0
 -1.1407996218300525E+00 -2.3170985309886123E+00 3.8420614944644871E-01
 8.6044519337629705E-03 -5.9475473059307869E-03 -1.5787262586636510E-03
0
0.0
 -1.1407996218300525E+00 -2.3170985309886123E+00 3.8420614944644871E-01
 8.7485238358129373E-03 -5.9870219056163071E-03 -1.4302198216699137E-03
0
0.0
 -1.1407996218300525E+00 -2.3170985309886123E+00 3.8420614944644871E-01
 8.7036996887429746E-03 -5.9683781913122394E-03 -1.5927917893828253E-03
0
0.0
 -1.1407996218300525E+00 -2.3170985309886123E+00 3.8420614944644871E-01
 8.8824561554401542E-03 -5.8777018232741979E-03 -1.6611799404988661E-03
0
0.0
 -1.1407996218300525E+00 -2.3170985309886123E+00 3.8420614944644871E-01
 9.0301461624948155E-03 -5.8409321278581408E-03 -1.5256372969230322E-03
0
0.0
 -1.1407996218300525E+00 -2.3170985309886123E+00 3.8420614944644871E-01
 8.7186442589821354E-03 -5.7268127005240237E-03 -1.5787785588475328E-03
0
0.0
 -1.1407996218300525E+00 -2.3170985309886123E+00 3.8420614944644871E-01
 8.7939269133559470E-03 -5.9936737742151795E-03 -1.8021113121804092E-03
0
0.0
 -1.1407996218300525E+00 -2.3170985309886123E+00 3.8420614944644871E-01
 8.7085516827990692E-03 -5.9046982824491933E-03 -1.7056425995569209E-03
0
0.0
 -1.1407996218300525E+00 -2.3170985309886123E+00 3.8420614944644871E-01
 8.7601161924845058E-03 -5.7738716199524755E-03 -1.7879954942489544E-03
0
0.0
 -1.1407996218300525E+00 -2.3170985309886123E+00 3.8420614944644871E-01
 8.8271122030961317E-03 -5.9836481614888477E-03 -1.5948495361359776E-03
0
0.0
 -1.1407996218300525E+00 -2.3170985309886123E+00 3.8420614944644871E-01
 8.7929959103594992E-03 -5.9941448217930701E-03 -1.4237120360240782E-03
0
0.0
 -1.1407996218300525E+00 -2.3170985309886123E+00 3.8420614944644871E-01
 8.8494087697538176E-03 -5.8997903438309067E-03 -1.6650490544013264E-03
0
0.0
 -1.1407996218300525E+00 -2.3170985309886123E+00 3.8420614944644871E-01
 8.6948867753602332E-03 -5.8558803744471035E-03 -1.5642674360808421E-03
0
0.0
 -1.1407996218300525E+00 -2.3170985309886123E+00 3.8420614944644871E-01
 9.1088015765185531E-03 -5.8894435378455861E-03 -1.7072881831419506E-03
0
0.0
 -1.1407996218300525E+00 -2.3170985309886123E+00 3.8420614944644871E-01
 8.6423803828432812E-03 -6.0358492509615166E-03 -1.4254177980473810E-03
0
0.0
 -1.1407996218300525E+00 -2.3170985309886123E+00 3.8420614944644871E-01
 8.8608927871391113E-03 -5.7999398737364465E-03 -1.6638609430465214E-03
0
0.0
 -1.1407996218300525E+00 -2.3170985309886123E+00 3.8420614944644871E-01
 8.5767149163144991E-03 -5.7927866707027211E-03 -1.5498647377289007E-03
0
0.0
 -1.1407996218300525E+00 -2.3170985309886123E+00 3.8420614944644871E-01
 8.7693187766282408E-03 -5.9064768052005945E-03 -1.5104277961116577E-03
0
0.0
 -1.1407996218300525E+00 -2.3170985309886123E+00 3.8420614944644871E-01
 8.6540349884428672E-03 -6.0793311293403096E-03 -1.7563323309396823E-03
0
0.0
 -1.1407996218300525E+00 -2.3170985309886123E+00 3.8420614944644871E-01
 9.0676391945157184E-03 -5.9549782052124838E-03 -1.5597117852891838E-03
0
0.0
 -1.1407996218300525E+00 -2.3170985309886123E+00 3.8420614944644871E-01
 9.0387127186627187E-03 -5.8835614583799337E-03 -1.6188409904728800E-03
0
0.0
 -1.1407996218300525E+00 -2.3170985309886123E+00 3.8420614944644871E-01
 9.0781915029845162E-03 -5.8776537181302237E-03 -1.6013794605671530E-03
0
0.0
 -1.1407996218300525E+00 -2.3170985309886123E+00 3.8420614944644871E-01
 8.8251539912132023E-03 -5.9079123568915003E-03 -1.5301911392553052E-03
0
0.0
 -1.1407996218300525E+00 -2.3170985309886123E+00 3.8420614944644871E-01
 8.6547064329252337E-03 -5.8256094199803515E-03 -1.4819524526923521E-03
0
0.0
 -1.1407996218300525E+00 -2.3170985309886123E+00 3.8420614944644871E-01
 8.6646730157865157E-03 -6.0672411778044562E-03 -1.9001485693419789E-03
0
0.0
 -1.1407996218300525E+00 -2.3170985309886123E+00 3.8420614944644871E-01
 8.8929525283020193E-03 -6.0592855036000421E-03 -1.5318458430286200E-03
0
0.0
 -1.1407996218300525E+00 -2.3170985309886123E+00 3.8420614944644871E-01
 9.0246921211698979E-03 -5.8383238864978485E-03 -1.5884015504093834E-03
0
0.0
 -1.1407996218300525E+00 -2.3170985309886123E+00 3.8420614944644871E-01
 8.5902908481435732E-03 -6.0540612787356443E-03 -1.8719040128913141E-03
0
0.0
 -1.1407996218300525E+00 -2.3170985309886123E+00 3.8420614944644871E-01
 8.8800088968138003E-03 -5.7346638492668028E-03 -1.6108341842111006E-03
0
0.0
 -1.1407996218300525E+00 -2.3170985309886123E+00 3.8420614944644871E-01
 8.6824064864700640E-03 -5.6090091165123639E-03 -1.4974750349874271E-03
0
0.0
 -1.1407996218300525E+00 -2.3170985309886123E+00 3.8420614944644871E-01
 8.8194738297658701E-03 -5.9481133437400031E-03 -1.6066426235023204E-03
0
0.0
 -1.1407996218300525E+00 -2.3170985309886123E+00 3.8420614944644871E-01
 8.8463088832594801E-03 -5.8573888878727031E-03 -1.6057587121716993E-03
0
0.0
 -1.1407996218300525E+00 -2.3170985309886123E+00 3.8420614944644871E-01
 8.7436995286640957E-03 -5.8643414031115098E-03 -1.6818402217014996E-03
0
0.0
 -1.1407996218300525E+00 -2.3170985309886123E+00 3.8420614944644871E-01
 8.9401525516528725E-03 -6.0456702910500794E-03 -1.6162435564020946E-03
0
0.0
 -1.1407996218300525E+00 -2.3170985309886123E+00 3.8420614944644871E-01
 8.6650819684181216E-03 -5.7438117153303389E-03 -1.5402082627801259E-03
0
0.0
 -1.1407996218300525E+00 -2.3170985309886123E+00 3.8420614944644871E-01
 8.7791395539272808E-03 -6.0826733589883566E-03 -1.5564265458289891E-03
0
0.0
 -1.1407996218300525E+00 -2.3170985309886123E+00 3.8420614944644871E-01
 8.9486460877059460E-03 -5.8096903846737886E-03 -1.5952376246964617E-03
0
0.0
 -1.1407996218300525E+00 -2.3170985309886123E+00 3.8420614944644871E-01
 8.5697724301462934E-03 -5.8386258282994074E-03 -1.3983893979919834E-03
0
0.0
 -1.1407996218300525E+00 -2.3170985309886123E+00 3.8420614944644871E-01
 8.5754978459577046E-03 -5.8393833399533364E-03 -1.6823913630680358E-03
0
0.0
 -1.1407996218300525E+00 -2.3170985309886123E+00 3.8420614944644871E-01
 8.8820299161098855E-03 -5.7442053129618600E-03 -1.8580962171836600E-03
0
0.0
 -1.1407996218300525E+00 -2.3170985309886123E+00 3.8420614944644871E-01
 8.6646250835977958E-03 -5.9059199719572976E-03 -1.5106920731559471E-03
0
0.0
 -1.1407996218300525E+00 -2.3170985309886123E+00 3.8420614944644871E-01
 8.6959706450200312E-03 -6.1629890514862153E-03 -1.5728623521566697E-03
0
0.0
 -1.1407996218300525E+00 -2.3170985309886123E+00 3.8420614944644871E-01
 8.8612137178353569E-03 -5.9110272509453766E-03 -1.6806414254458689E-03
0
0.0
 -1.1407996218300525E+00 -2.3170985309886123E+00 3.8420614944644871E-01
 8.7209104835762347E-03 -6.0461818910624463E-03 -1.3548742015945382E-03
0
0.0
 -1.1407996218300525E+00 -2.3170985309886123E+00 3.8420614944644871E-01
 8.7876093392627568E-03 -5.9029235615983989E-03 -1.6234880532945666E-03
0
0.0
 -1.1407996218300525E+00 -2.3170985309886123E+00 3.8420614944644871E-01
 8.4989230826184401E-03 -5.8026624620293619E-03 -1.6385389069932558E-03
0
0.0
 -1.1407996218300525E+00 -2.3170985309886123E+00 3.8420614944644871E-01
 8.8337866610600276E-03 -6.0053503031722352E-03 -1.5802519743892299E-03
0
0.0
 -1.1407996218300525E+00 -2.3170985309886123E+00 3.8420614944644871E-01
 8.9026573241839102E-03 -5.9444767960050446E-03 -1.5160322514159255E-03
0
0.0
 -1.1407996218300525E+00 -2.3170985309886123E+00 3.8420614944644871E-01
 8.7103270005515765E-03 -5.8756732342906187E-03 -1.6011519764766472E-03
0
0.0
 -1.1407996218300525E+00 -2.3170985309886123E+00 3.8420614944644871E-01
 8.6563217281240695E-03 -6.0347941965041953E-03 -1.5633239460336784E-03
0
0.0
 -1.1407996218300525E+00 -2.3170985309886123E+00 3.8420614944644871E-01
 8.8022608803367160E-03 -5.8634390887716279E-03 -1.6473986888679137E-03
0
0.0
 -1.1407996218300525E+00 -2.3170985309886123E+00 3.8420614944644871E-01
 8.6835417422513866E-03 -5.9540084043423376E-03 -1.6870432841603719E-03
0
0.0
 -1.1407996218300525E+00 -2.3170985309886123E+00 3.8420614944644871E-01
 8.7278561572024221E-03 -5.9892173057501715E-03 -1.3634380513819267E-03
0
0.0
 -1.1407996218300525E+00 -2.3170985309886123E+00 3.8420614944644871E-01
 8.7486430106156077E-03 -5.9654348997639165E-03 -1.6205981584520414E-03
0
0.0
 -1.1407996218300525E+00 -2.3170985309886123E+00 3.8420614944644871E-01
 8.8562510880134671E-03 -5.9827151910619315E-03 -1.6164832318644497E-03
0
0.0
 -1.1407996218300525E+00 -2.3170985309886123E+00 3.8420614944644871E-01
 8.8229418864477719E-03 -5.7416943533544276E-03 -1.8050135371014823E-03
0
0.0
 -1.1407996218300525E+00 -2.3170985309886123E+00 3.8420614944644871E-01
 8.7329211950531935E-03 -5.7134073620422002E-03 -1.9021936559611972E-03
0
0.0
 -1.1407996218300525E+00 -2.3170985309886123E+00 3.8420614944644871E-01
 9.1193821467067046E-03 -5.9571481503608529E-03 -1.5801946380091790E-03
0
0.0
 -1.1407996218300525E+00 -2.3170985309886123E+00 3.8420614944644871E-01
 8.8020798041729166E-03 -5.7684051246091128E-03 -1.8455483415005035E-03
0
0.0
 -1.1407996218300525E+00 -2.3170985309886123E+00 3.8420614944644871E-01
 8.6239723345129613E-03 -5.8847937145094110E-03 -1.6731151565080834E-03
0
0.0
 -1.1407996218300525E+00 -2.3170985309886123E+00 3.8420614944644871E-01
 8.6899881162257695E-03 -5.8580091424794431E-03 -1.6956263485817858E-03
0
0.0
 -1.1407996218300525E+00 -2.3170985309886123E+00 3.8420614944644871E-01
 8.8178572184563868E-03 -5.9129354602862009E-03 -1.6408471137106975E-03
0
0.0
 -1.1407996218300525E+00 -2.3170985309886123E+00 3.8420614944644871E-01
 8.6072936281049815E-03 -5.8554973084149042E-03 -1.8200049877836763E-03
0
0.0
 -1.1407996218300525E+00 -2.3170985309886123E+00 3.8420614944644871E-01
 8.9035355310966742E-03 -5.9619398969226805E-03 -1.8289777604708012E-03
0
0.0
 -1.1407996218300525E+00 -2.3170985309886123E+00 3.8420614944644871E-01
 8.9172245054438999E-03 -5.7450467684222158E-03 -1.6165582723166728E-03
0
0.0
 -1.1407996218300525E+00 -2.3170985309886123E+00 3.8420614944644871E-01
 8.9836929052844027E-03 -6.0081238530903663E-03 -1.6916078372581195E-03
0
0.0
 -1.1407996218300525E+00 -2.3170985309886123E+00 3.8420614944644871E-01
 8.9212868579170851E-03 -5.7791122216900711E-03 -1.6005587190992974E-03
0
0.0
 -1.1407996218300525E+00 -2.3170985309886123E+00 3.8420614944644871E-01
 8.8136853084873103E-03 -5.8541408238180007E-03 -1.5316385640404588E-03
0
0.0
 -1.1407996218300525E+00 -2.3170985309886123E+00 3.8420614944644871E-01
 8.9233142541401671E-03 -5.8948215567633669E-03 -1.7597853417217286E-03
0
0.0
 -1.1407996218300525E+00 -2.3170985309886123E+00 3.8420614944644871E-01
 8.8502356760374896E-03 -6.1616794653035021E-03 -1.5785505689133352E-03
0
0.0
 -1.1407996218300525E+00 -2.3170985309886123E+00 3.8420614944644871E-01
 8.8480452007761567E-03 -5.9630814094123021E-03 -1.6165793665049771E-03
0
0.0
 -1.1407996218300525E+00 -2.3170985309886123E+00 3.8420614944644871E-01
 8.7682889585157520E-03 -5.7271095763901780E-03 -1.7016988774234752E-03
0
0.0
 -1.1407996218300525E+00 -2.3170985309886123E+00 3.8420614944644871E-01
 8.7160357967971461E-03 -6.0507865567583892E-03 -1.7551205067991636E-03
0
0.0
 -1.1407996218300525E+00 -2.3170985309886123E+00 3.8420614944644871E-01
 8.7292678828497731E-03 -5.7776373667115730E-03 -1.4339026123678569E-03
0
0.0
 -1.1407996218300525E+00 -2.3170985309886123E+00 3.8420614944644871E-01
 8.9302550810386773E-03 -5.9405532706702678E-03 -1.6627453433830160E-03
0
0.0
 -1.1407996218300525E+00 -2.3170985309886123E+00 3.8420614944644871E-01
 8.7018515823338062E-03 -5.8949518410592715E-03 -1.8363941338745413E-03
0
0.0
 -1.1407996218300525E+00 -2.3170985309886123E+00 3.8420614944644871E-01
 8.8192054309734549E-03 -5.7422700541337850E-03 -1.3367589121071667E-03
0
0.0
 -1.1407996218300525E+00 -2.3170985309886123E+00 3.8420614944644871E-01
 8.5271311720670605E-03 -5.8693297995529659E-03 -1.5974281526215587E-03
0
0.0
 -1.1407996218300525E+00 -2.3170985309886123E+00 3.8420614944644871E-01
 8.8330471414672426E-03 -5.9551524876706062E-03 -1.8263625002709353E-03
0
0.0
 -1.1407996218300525E+00 -2.3170985309886123E+00 3.8420614944644871E-01
 8.7449681172454986E-03 -5.7933135358846487E-03 -1.9155092269364405E-03
0
0.0
 -1.1407996218300525E+00 -2.3170985309886123E+00 3.8420614944644871E-01
 8.6932699736028511E-03 -6.0081080793116717E-03 -1.6204416116840589E-03
0
0.0
 -1.1407996218300525E+00 -2.3170985309886123E+00 3.8420614944644871E-01
 8.7686448638979175E-03 -6.1792953095113406E-03 -1.7798658795964136E-03
0
0.0
 -1.1407996218300525E+00 -2.3170985309886123E+00 3.8420614944644871E-01
 9.0422708678041201E-03 -5.8709027951606091E-03 -1.7366321837356668E-03
0
0.0
 -1.1407996218300525E+00 -2.3170985309886123E+00 3.8420614944644871E-01
 8.6989626701042162E-03 -5.8231513896015146E-03 -1.6958946443285069E-03
0
0.0
 -1.1407996218300525E+00 -2.3170985309886123E+00 3.8420614944644871E-01
 8.6175375825564785E-03 -5.7020529226337194E-03 -1.6362388346989963E-03
0
0.0
 -1.1407996218300525E+00 -2.3170985309886123E+00 3.8420614944644871E-01
 8.6819738344677093E-03 -5.7893642249229067E-03 -1.4059277801372718E-03
0
0.0
 -1.1407996218300525E+00 -2.3170985309886123E+00 3.8420614944644871E-01
 8.8316873962371398E-03 -5.9216825853883508E-03 -1.6822441112171764E-03
0
0.0
 -1.1407996218300525E+00 -2.3170985309886123E+00 3.8420614944644871E-01
 8.9564169487260838E-03 -5.8456307037307977E-03 -1.5648997794383652E-03
0
0.0
 -1.1407996218300525E+00 -2.3170985309886123E+00 3.8420614944644871E-01
 8.5371726061254753E-03 -5.7802419200259870E-03 -1.7177368038194241E-03
0
0.0
 -1.1407996218300525E+00 -2.3170985309886123E+00 3.8420614944644871E-01
 8.7497365880492908E-03 -6.1513363511734448E-03 -1.3782775993419472E-03
0
0.0
 -1.1407996218300525E+00 -2.3170985309886123E+00 3.8420614944644871E-01
 8.6277935216258345E-03 -6.0905878784906558E-03 -1.7252776737567068E-03
0
0.0
 -1.1407996218300525E+00 -2.3170985309886123E+00 3.8420614944644871E-01
 8.6449573861539231E-03 -5.9764892346436871E-03 -1.5808482090817638E-03
0
0.0
 -1.1407996218300525E+00 -2.3170985309886123E+00 3.8420614944644871E-01
 8.8506251092191259E-03 -6.0560554328770253E-03 -1.6617416145148496E-03
0
0.0
 -1.1407996218300525E+00 -2.3170985309886123E+00 3.8420614944644871E-01
 8.8350669083449192E-03 -6.0225502350233807E-03 -1.7251907001058133E-03
0
0.0
 -1.1407996218300525E+00 -2.3170985309886123E+00 3.8420614944644871E-01
 8.8536832543143294E-03 -5.7569779908354267E-03 -1.3328142217772737E-03
0
0.0
 -1.1407996218300525E+00 -2.3170985309886123E+00 3.8420614944644871E-01
 8.4793442558100257E-03 -5.8176640224528375E-03 -1.6811583861122577E-03
0
0.0
 -1.1407996218300525E+00 -2.3170985309886123E+00 3.8420614944644871E-01
 8.9334194642750973E-03 -5.8648122362259117E-03 -1.8988986333833772E-03
0
0.0
 -1.1407996218300525E+00 -2.3170985309886123E+00 3.8420614944644871E-01
 9.0481522946509341E-03 -5.7601296417225572E-03 -1.4979230690982830E-03
0
0.0
 -1.1407996218300525E+00 -2.3170985309886123E+00 3.8420614944644871E-01
 8.6511293911102453E-03 -5.7828103611830932E-03 -1.6323827621302399E-03
0
0.0
 -1.1407996218300525E+00 -2.3170985309886123E+00 3.8420614944644871E-01
 8.5840513884747199E-03 -5.8348304366544462E-03 -1.6091351819703817E-03
0
0.0
 -1.1407996218300525E+00 -2.3170985309886123E+00 3.8420614944644871E-01
 8.8133900206592841E-03 -5.7487546818195141E-03 -1.9136940838238084E-03
0
0.0
 -1.1407996218300525E+00 -2.3170985309886123E+00 3.8420614944644871E-01
 8.6761652241788868E-03 -5.8600075969058706E-03 -1.7020999503217166E-03
0
0.0
 -1.1407996218300525E+00 -2.3170985309886123E+00 3.8420614944644871E-01
 8.8215441119860981E-03 -5.7923664649051415E-03 -1.5216890809273387E-03
0
0.0
 -1.1407996218300525E+00 -2.3170985309886123E+00 3.8420614944644871E-01
 8.8712338024868956E-03 -5.7098221755011655E-03 -1.8633520991645344E-03
0
0.0
 -1.1407996218300525E+00 -2.3170985309886123E+00 3.8420614944644871E-01
 8.7683038889853297E-03 -5.8953305036609036E-03 -1.6545670349010898E-03
0
0.0
 -1.1407996218300525E+00 -2.3170985309886123E+00 3.8420614944644871E-01
 8.6290749511290822E-03 -6.0022339991380406E-03 -1.5638193964883417E-03
0
0.0
 -1.1407996218300525E+00 -2.3170985309886123E+00 3.8420614944644871E-01
 8.7504330024837946E-03 -5.9957861979099449E-03 -1.6443518281916590E-03
0
0.0
 -1.1407996218300525E+00 -2.3170985309886123E+00 3.8420614944644871E-01
 8.8336554915889407E-03 -5.9231095807391523E-03 -1.6087021601199200E-03
0
0.0
 -1.1407996218300525E+00 -2.3170985309886123E+00 3.8420614944644871E-01
 8.6657701348131048E-03 -6.0624629466488862E-03 -1.6241235162560844E-03
0
0.0
 -1.1407996218300525E+00 -2.3170985309886123E+00 3.8420614944644871E-01
 8.8351771142800451E-03 -5.9503056267865458E-03 -1.6918999307586288E-03
0
0.0
 -1.1407996218300525E+00 -2.3170985309886123E+00 3.8420614944644871E-01
 8.7638288295355162E-03 -6.0044201266098163E-03 -1.7230257981952753E-03
0
0.0
 -1.1407996218300525E+00 -2.3170985309886123E+00 3.8420614944644871E-01
 8.8535512960546108E-03 -5.8548891272068113E-03 -1.6292710197181965E-03
0
0.0
 -1.1407996218300525E+00 -2.3170985309886123E+00 3.8420614944644871E-01
 8.8359093183234729E-03 -5.9336928423810859E-03 -1.7074671026577331E-03
0
0.0
 -1.1407996218300525E+00 -2.3170985309886123E+00 3.8420614944644871E-01
 9.0681645525282715E-03 -5.9749680582188644E-03 -1.7586575512532000E-03
0
0.0
 -1.1407996218300525E+00 -2.3170985309886123E+00 3.8420614944644871E-01
 8.7195709986037460E-03 -5.9891257363019141E-03 -1.9015652238900333E-03
0
0.0
 -1.1407996218300525E+00 -2.3170985309886123E+00 3.8420614944644871E-01
 8.8313377842401345E-03 -5.7419773555780658E-03 -1.8959780312893582E-03
0
0.0
 -1.1407996218300525E+00 -2.3170985309886123E+00 3.8420614944644871E-01
 8.8607316858706296E-03 -5.7142297536696045E-03 -1.7198458867675945E-03
0
0.0
 -1.1407996218300525E+00 -2.3170985309886123E+00 3.8420614944644871E-01
 8.6120730260283145E-03 -5.8819111161142372E-03 -1.4300755377972671E-03
0
0.0
 -1.1407996218300525E+00 -2.3170985309886123E+00 3.8420614944644871E-01
 8.5682275012486219E-03 -5.9620099783253971E-03 -1.4679337207916326E-03
0
0.0
 -1.1407996218300525E+00 -2.3170985309886123E+00 3.8420614944644871E-01
 8.5724805921312593E-03 -5.9168548928317903E-03 -1.5989964706556357E-03
0
0.0
 -1.1407996218300525E+00 -2.3170985309886123E+00 3.8420614944644871E-01
 8.8415015143696266E-03 -5.7425644515102878E-03 -1.6410400761191770E-03
0
0.0
 -1.1407996218300525E+00 -2.3170985309886123E+00 3.8420614944644871E-01
 8.8630981867711227E-03 -6.1679821613488516E-03 -1.4939002999597598E-03
0
0.0
 -1.1407996218300525E+00 -2.3170985309886123E+00 3.8420614944644871E-01
 8.9977030073487233E-03 -5.8913152858331153E-03 -1.6783645542758705E-03
0
0.0
 -1.1407996218300525E+00 -2.3170985309886123E+00 3.8420614944644871E-01
 9.0425152308306472E-03 -5.7059242998021781E-03 -1.5465280397161350E-03
0
0.0
 -1.1407996218300525E+00 -2.3170985309886123E+00 3.8420614944644871E-01
 8.7235039315208332E-03 -5.9025361550747394E-03 -1.5901010381300508E-03
0
0.0
 -1.1407996218300525E+00 -2.3170985309886123E+00 3.8420614944644871E-01
 8.8022954892485131E-03 -5.6918240132688399E-03 -1.6685037798326785E-03
0
0.0
 -1.1407996218300525E+00 -2.3170985309886123E+00 3.8420614944644871E-01
 8.7869544011250182E-03 -5.9066674396057589E-03 -1.6274991791333242E-03
0
0.0
 -1.1407996218300525E+00 -2.3170985309886123E+00 3.8420614944644871E-01
 8.8660478236885221E-03 -5.8707273908662561E-03 -1.8911267899769904E-03
0
0.0
 -1.1407996218300525E+00 -2.3170985309886123E+00 3.8420614944644871E-01
 8.8019460917064078E-03 -5.9467644563295933E-03 -1.6156851757568684E-03
0
0.0
 -1.1407996218300525E+00 -2.3170985309886123E+00 3.8420614944644871E-01
 8.9154627148100556E-03 -5.8793110306202077E-03 -1.6669455543607979E-03
0
0.0
 -1.1407996218300525E+00 -2.3170985309886123E+00 3.8420614944644871E-01
 8.9394612879909133E-03 -5.8373817925224730E-03 -1.7621643557250480E-03
0
0.0
 -1.1407996218300525E+00 -2.3170985309886123E+00 3.8420614944644871E-01
 8.8778431049131145E-03 -6.0737357975128321E-03 -1.8769528505878071E-03
0
0.0
 -1.1407996218300525E+00 -2.3170985309886123E+00 3.8420614944644871E-01
 8.7641969529795357E-03 -5.8797994725048623E-03 -1.7184700753455566E-03
0
0.0
 -1.1407996218300525E+00 -2.3170985309886123E+00 3.8420614944644871E-01
 8.8337927881261009E-03 -5.9618190012492257E-03 -1.5749268165764344E-03
0
0.0
 -1.1407996218300525E+00 -2.3170985309886123E+00 3.8420614944644871E-01
 8.9492226994222612E-03 -5.8761391956555714E-03 -1.7227847334653885E-03
0
0.0
 -1.1407996218300525E+00 -2.3170985309886123E+00 3.8420614944644871E-01
 8.7484571508399649E-03 -6.0299436513727607E-03 -1.5973274026652620E-03
0
0.0
 -1.1407996218300525E+00 -2.3170985309886123E+00 3.8420614944644871E-01
 8.8622726939152768E-03 -6.0684509752282883E-03 -1.3676992126528868E-03
0
0.0
 -1.1407996218300525E+00 -2.3170985309886123E+00 3.8420614944644871E-01
 8.7234968074815997E-03 -5.9026540040636637E-03 -1.6691917273243683E-03
0
0.0
 -1.1407996218300525E+00 -2.3170985309886123E+00 3.8420614944644871E-01
 8.7526860889606331E-03 -5.9311762704770217E-03 -1.4957440490025867E-03
0
0.0
 -1.1407996218300525E+00 -2.3170985309886123E+00 3.8420614944644871E-01
 8.7811535318044840E-03 -6.0239087406229880E-03 -1.6221606987775771E-03
0
0.0
 -1.1407996218300525E+00 -2.3170985309886123E+00 3.8420614944644871E-01
 8.7056179198888410E-03 -5.8965954527061080E-03 -1.7544267485067836E-03
0
0.0
 -1.1407996218300525E+00 -2.3170985309886123E+00 3.8420614944644871E-01
 8.9243833839940563E-03 -5.9367564739126995E-03 -1.3654079558435099E-03
0
0.0
 -1.1407996218300525E+00 -2.3170985309886123E+00 3.8420614944644871E-01
 8.4757251217858071E-03 -5.9083849920685688E-03 -1.6256526756650920E-03
0
0.0
 -1.1407996218300525E+00 -2.3170985309886123E+00 3.8420614944644871E-01
 8.7368457407125625E-03 -6.1151521424621354E-03 -1.6914067362862331E-03
0
0.0
 -1.1407996218300525E+00 -2.3170985309886123E+00 3.8420614944644871E-01
 9.0399917957767854E-03 -5.8718668022441859E-03 -1.4301978118648308E-03
0
0.0
 -1.1407996218300525E+00 -2.3170985309886123E+00 3.8420614944644871E-01
 8.7814999069380124E-03 -5.8888785025287133E-03 -1.4666118737069805E-03
0
0.0
 -1.1407996218300525E+00 -2.3170985309886123E+00 3.8420614944644871E-01
 8.8745159859385751E-03 -6.1579570856970097E-03 -1.6417295203384656E-03
0
0.0
 -1.1407996218300525E+00 -2.3170985309886123E+00 3.8420614944644871E-01
 8.9170601315764746E-03 -5.7127485557318504E-03 -1.6052521888268582E-03
0
0.0
 -1.1407996218300525E+00 -2.3170985309886123E+00 3.8420614944644871E-01
 8.9304017196467599E-03 -5.7675972579509793E-03 -1.5252037045942624E-03
0
0.0
 -1.1407996218300525E+00 -2.3170985309886123E+00 3.8420614944644871E-01
 8.8097231480094816E-03 -5.7194677131871229E-03 -1.4393045381972693E-03
0
0.0
 -1.1407996218300525E+00 -2.3170985309886123E+00 3.8420614944644871E-01
 8.6812637062560170E-03 -5.9096161653794223E-03 -1.5506162801727746E-03
0
0.0
 -1.1407996218300525E+00 -2.3170985309886123E+00 3.8420614944644871E-01
 8.8926498275696680E-03 -5.6937790375490597E-03 -1.8457152508645483E-03
0
0.0
 -1.1407996218300525E+00 -2.3170985309886123E+00 3.8420614944644871E-01
 8.8600015201858260E-03 -6.0878545053277174E-03 -1.4300485463313796E-03
0
0.0
 -1.1407996218300525E+00 -2.3170985309886123E+00 3.8420614944644871E-01
 8.8125605135153714E-03 -6.0681061636753512E-03 -1.7415720167949277E-03
0
0.0
 -1.1407996218300525E+00 -2.3170985309886123E+00 3.8420614944644871E-01
 8.6275749557606831E-03 -5.9950212271419820E-03 -1.6932525702909372E-03
0
0.0
 -1.1407996218300525E+00 -2.3170985309886123E+00 3.8420614944644871E-01
 8.8177226757602100E-03 -5.8018343362333993E-03 -1.6158253514812523E-03
0
0.0
 -1.1407996218300525E+00 -2.3170985309886123E+00 3.8420614944644871E-01
 8.8840303930146271E-03 -5.8472123024281147E-03 -1.4933639493763824E-03
0
0.0
 -1.1407996218300525E+00 -2.3170985309886123E+00 3.8420614944644871E-01
 8.8836708484923907E-03 -5.8767634310245634E-03 -1.4851920365486406E-03
0
0.0
 -1.1407996218300525E+00 -2.3170985309886123E+00 3.8420614944644871E-01
 8.9020229291876998E-03 -6.0108705318981503E-03 -1.6263983454388919E-03
0
0.0
 -1.1407996218300525E+00 -2.3170985309886123E+00 3.8420614944644871E-01
 8.8269942128825635E-03 -6.0771071817072014E-03 -1.7160485608134161E-03
0
0.0
 -1.1407996218300525E+00 -2.3170985309886123E+00 3.8420614944644871E-01
 8.5149333241211368E-03 -5.8320412167743004E-03 -1.7168643382083166E-03
0
0.0
 -1.1407996218300525E+00 -2.3170985309886123E+00 3.8420614944644871E-01
 8.9912379223184360E-03 -5.7930116296279642E-03 -1.6154455164372353E-03
0
0.0
 -1.1407996218300525E+00 -2.3170985309886123E+00 3.8420614944644871E-01
 8.5603306407385782E-03 -5.7954466359069774E-03 -1.7712939441111933E-03
0
0.0
 -1.1407996218300525E+00 -2.3170985309886123E+00 3.8420614944644871E-01
 9.0328428473096748E-03 -5.8224543574023806E-03 -1.7928511226874371E-03
0
0.0
 -1.1407996218300525E+00 -2.3170985309886123E+00 3.8420614944644871E-01
 8.7733762188916525E-03 -5.9210651806872409E-03 -1.6795156721787570E-03
0
0.0
 -1.1407996218300525E+00 -2.3170985309886123E+00 3.8420614944644871E-01
 8.8248926539196450E-03 -5.8171711811439110E-03 -1.5211767372416047E-03
0
0.0
 -1.1407996218300525E+00 -2.3170985309886123E+00 3.8420614944644871E-01
 8.8368667526068367E-03 -5.8294324252234127E-03 -1.5293649901852238E-03
0
0.0
 -1.1407996218300525E+00 -2.3170985309886123E+00 3.8420614944644871E-01
 8.8563854509868048E-03 -5.9868498629019658E-03 -1.6318118313530100E-03
0
0.0
 -1.1407996218300525E+00 -2.3170985309886123E+00 3.8420614944644871E-01
 8.6921481909783219E-03 -5.7626263851826703E-03 -1.8276371382813890E-03
0
0.0
 -1.1407996218300525E+00 -2.3170985309886123E+00 3.8420614944644871E-01
 8.7097422585210773E-03 -6.0327906179225635E-03 -1.6158111310510277E-03
0
0.0
 -1.1407996218300525E+00 -2.3170985309886123E+00 3.8420614944644871E-01
 8.6468793574290114E-03 -5.8682994622243590E-03 -1.5801968735908996E-03
0
0.0
 -1.1407996218300525E+00 -2.3170985309886123E+00 3.8420614944644871E-01
 8.6618214058885225E-03 -6.1124366089859465E-03 -1.3966330355296474E-03
0
0.0
 -1.1407996218300525E+00 -2.3170985309886123E+00 3.8420614944644871E-01
 8.7590315586623894E-03 -5.8086622957465419E-03 -1.4920523315957320E-03
0
0.0
 -1.1407996218300525E+00 -2.3170985309886123E+00 3.8420614944644871E-01
 8.6449429687663198E-03 -5.9813695740075657E-03 -1.7019041367954545E-03
0
0.0
 -1.1407996218300525E+00 -2.3170985309886123E+00 3.8420614944644871E-01
 8.7386031400683260E-03 -5.9034572025614034E-03 -1.5377891743594606E-03
0
0.0
 -1.1407996218300525E+00 -2.3170985309886123E+00 3.8420614944644871E-01
 8.9009598884480286E-03 -5.8147470558088717E-03 -1.5934123251355229E-03
0
0.0
 -1.1407996218300525E+00 -2.3170985309886123E+00 3.8420614944644871E-01
 8.8087260773172787E-03 -6.0399467946489326E-03 -1.7652979653723501E-03
0
0.0
 -1.1407996218300525E+00 -2.3170985309886123E+00 3.8420614944644871E-01
 8.9168420686388857E-03 -5.8925457710272203E-03 -1.4631859591293372E-03
0
0.0
 -1.1407996218300525E+00 -2.3170985309886123E+00 3.8420614944644871E-01
 8.6647676202905692E-03 -5.7056688188464799E-03 -1.5362203802199844E-03
0
0.0
 -1.1407996218300525E+00 -2.3170985309886123E+00 3.8420614944644871E-01
 8.7216723833906454E-03 -5.7759014581318250E-03 -1.4678182321268972E-03
0
0.0
 -1.1407996218300525E+00 -2.3170985309886123E+00 3.8420614944644871E-01
 8.6336762882010861E-03 -5.8417530416682364E-03 -1.6345789556922096E-03
0
0.0
 -1.1407996218300525E+00 -2.3170985309886123E+00 3.8420614944644871E-01
 8.6083047970357748E-03 -5.8478679840403011E-03 -1.6661891650273254E-03
0
0.0
 -1.1407996218300525E+00 -2.3170985309886123E+00 3.8420614944644871E-01
 8.8796771256350205E-03 -5.8432518175053046E-03 -1.6556129173739670E-03
0
0.0
 -1.1407996218300525E+00 -2.3170985309886123E+00 3.8420614944644871E-01
 8.8618630334431469E-03 -6.0689611297572547E-03 -1.6699387443921707E-03
0
0.0
 -1.1407996218300525E+00 -2.3170985309886123E+00 3.8420614944644871E-01
 8.6662684775886210E-03 -5.8263020544609620E-03 -1.3628838085578084E-03
0
0.0
 -1.1407996218300525E+00 -2.3170985309886123E+00 3.8420614944644871E-01
 8.7090548535571060E-03 -5.7664263880962694E-03 -1.6304170135492627E-03
0
0.0
 -1.1407996218300525E+00 -2.3170985309886123E+00 3.8420614944644871E-01
 8.7934007106511732E-03 -5.9781366857802045E-03 -1.5282632180743986E-03
0
0.0
 -1.1407996218300525E+00 -2.3170985309886123E+00 3.8420614944644871E-01
 8.7442825754807611E-03 -5.8571576625682780E-03 -1.5258071313860207E-03
0
0.0
 -1.1407996218300525E+00 -2.3170985309886123E+00 3.8420614944644871E-01
 8.5596900451327187E-03 -5.6654414782916955E-03 -1.6001133632331985E-03
0
0.0
 -1.1407996218300525E+00 -2.3170985309886123E+00 3.8420614944644871E-01
 8.8141727667939741E-03 -5.8536813766059846E-03 -1.7040247080537308E-03
0
0.0
 -1.1407996218300525E+00 -2.3170985309886123E+00 3.8420614944644871E-01
 8.8417079428636334E-03 -6.0000654607655583E-03 -1.3359699982715711E-03
0
0.0
 -1.1407996218300525E+00 -2.3170985309886123E+00 3.8420614944644871E-01
 8.8644627660037882E-03 -5.8238263160612577E-03 -1.4548851430531101E-03
0
0.0
 -1.1407996218300525E+00 -2.3170985309886123E+00 3.8420614944644871E-01
 8.7347681659612660E-03 -5.8599258852372882E-03 -1.9035982272202470E-03
0
0.0
 -1.1407996218300525E+00 -2.3170985309886123E+00 3.8420614944644871E-01
 8.6687316572799985E-03 -6.0627039091819225E-03 -1.7445924469079903E-03
0
0.0
 -1.1407996218300525E+00 -2.3170985309886123E+00 3.8420614944644871E-01
 8.8032397066621967E-03 -5.8057949393216929E-03 -1.3159000768900491E-03
0
0.0
 -1.1407996218300525E+00 -2.3170985309886123E+00 3.8420614944644871E-01
 8.6073719939714025E-03 -5.8933891730335664E-03 -1.6189172006227165E-03
0
0.0
 -1.1407996218300525E+00 -2.3170985309886123E+00 3.8420614944644871E-01
 8.5940816273201073E-03 -5.9740656414026764E-03 -1.6296671940007792E-03
0
0.0
 -1.1407996218300525E+00 -2.3170985309886123E+00 3.8420614944644871E-01
 8.7743936382251499E-03 -5.7143221328104232E-03 -1.6331318904617782E-03
0
0.0
 -1.1407996218300525E+00 -2.3170985309886123E+00 3.8420614944644871E-01
 8.9593431732573701E-03 -5.7970647704597405E-03 -1.6693417540399619E-03
0
0.0
 -1.1407996218300525E+00 -2.3170985309886123E+00 3.8420614944644871E-01
 8.8317689522777881E-03 -5.9340186463171258E-03 -1.7090393619855547E-03
0
0.0
 -1.1407996218300525E+00 -2.3170985309886123E+00 3.8420614944644871E-01
 8.9098013956002975E-03 -5.8375730873312355E-03 -1.4698922352226625E-03
0
0.0
 -1.1407996218300525E+00 -2.3170985309886123E+00 3.8420614944644871E-01
 8.7953447090285651E-03 -5.8307405197759029E-03 -1.6342458229798187E-03
0
0.0
 -1.1407996218300525E+00 -2.3170985309886123E+00 3.8420614944644871E-01
 8.8879519085876581E-03 -5.6448830793391436E-03 -1.5939578846235632E-03
0
0.0
 -1.1407996218300525E+00 -2.3170985309886123E+00 3.8420614944644871E-01
 8.8794813389828278E-03 -6.1066209608795887E-03 -1.7188134592906082E-03
0
0.0
 -1.1407996218300525E+00 -2.3170985309886123E+00 3.8420614944644871E-01
 8.6416647605682545E-03 -6.0255328588406697E-03 -1.5812596406701625E-03
0
0.0
 -1.1407996218300525E+00 -2.3170985309886123E+00 3.8420614944644871E-01
 8.8084724428458619E-03 -5.9062472453583533E-03 -1.6451851620494884E-03
0
0.0
 -1.1407996218300525E+00 -2.3170985309886123E+00 3.8420614944644871E-01
 8.9188713587131652E-03 -5.9462740114897168E-03 -1.5745005243359531E-03
0
0.0
 -1.1407996218300525E+00 -2.3170985309886123E+00 3.8420614944644871E-01
 9.1115660364441669E-03 -5.8803699855214378E-03 -1.5876904690976545E-03
0
0.0
 -1.1407996218300525E+00 -2.3170985309886123E+00 3.8420614944644871E-01
 8.6922373325509037E-03 -6.0977452501118252E-03 -1.7524103506536589E-03
0
0.0
 -1.1407996218300525E+00 -2.3170985309886123E+00 3.8420614944644871E-01
 8.7002220791880247E-03 -5.7477275217590650E-03 -1.5565756198378329E-03
0
0.0
 -1.1407996218300525E+00 -2.3170985309886123E+00 3.8420614944644871E-01
 8.8006141979541791E-03 -5.7763185199686739E-03 -1.4184627963224491E-03
0
0.0
 -1.1407996218300525E+00 -2.3170985309886123E+00 3.8420614944644871E-01
 8.8396730870195159E-03 -5.6296772460535044E-03 -1.5599998116113468E-03
0
0.0
 -1.1407996218300525E+00 -2.3170985309886123E+00 3.8420614944644871E-01
 8.6762902674164290E-03 -5.8840207578935893E-03 -1.7002554178842178E-03
0
0.0
 -1.1407996218300525E+00 -2.3170985309886123E+00 3.8420614944644871E-01
 8.8138370838448058E-03 -5.9152797497542004E-03 -1.6398833564761797E-03
0
0.0
 -1.1407996218300525E+00 -2.3170985309886123E+00 3.8420614944644871E-01
 8.6958383780184265E-03 -6.0217501447166408E-03 -1.6060863082883910E-03
0
0.0
 -1.1407996218300525E+00 -2.3170985309886123E+00 3.8420614944644871E-01
 8.8104778078767019E-03 -5.9436198082914917E-03 -1.5853118613413509E-03
0
0.0
 -1.1407996218300525E+00 -2.3170985309886123E+00 3.8420614944644871E-01
 8.7069800708345114E-03 -5.9605994808533532E-03 -1.7061264681549747E-03
0
0.0
 -1.1407996218300525E+00 -2.3170985309886123E+00 3.8420614944644871E-01
 8.6487750830425026E-03 -6.0743074411979542E-03 -1.4290809118106531E-03
0
0.0
 -1.1407996218300525E+00 -2.3170985309886123E+00 3.8420614944644871E-01
 8.8395751739147408E-03 -5.8926402306461231E-03 -1.5993537999614618E-03
0
0.0
 -1.1407996218300525E+00 -2.3170985309886123E+00 3.8420614944644871E-01
 8.6944977939176511E-03 -6.0550591549006841E-03 -1.5954454394577883E-03
0
0.0
 -1.1407996218300525E+00 -2.3170985309886123E+00 3.8420614944644871E-01
 8.6351733527318848E-03 -5.8643758172439537E-03 -1.3582333438875041E-03
0
0.0
 -1.1407996218300525E+00 -2.3170985309886123E+00 3.8420614944644871E-01
 8.7180753650020915E-03 -5.8142309627496769E-03 -1.6411324361143035E-03
0
0.0
 -1.1407996218300525E+00 -2.3170985309886123E+00 3.8420614944644871E-01
 8.6327277884172219E-03 -5.6850821814384452E-03 -1.7963385938327629E-03
0
0.0
 -1.1407996218300525E+00 -2.3170985309886123E+00 3.8420614944644871E-01
 8.7983254934098799E-03 -6.0435544714764582E-03 -1.4679623916752757E-03
0
0.0
 -1.1407996218300525E+00 -2.3170985309886123E+00 3.8420614944644871E-01
 8.9112650157017505E-03 -5.8662002001696389E-03 -1.4360395482915967E-03
0
0.0
 -1.1407996218300525E+00 -2.3170985309886123E+00 3.8420614944644871E-01
 8.8700755595677427E-03 -5.9261313640851469E-03 -1.4804308466544083E-03
0
0.0
 -1.1407996218300525E+00 -2.3170985309886123E+00 3.8420614944644871E-01
 8.6216650088346957E-03 -6.0395410075725275E-03 -1.7011908744500412E-03
0
0.0
 -1.1407996218300525E+00 -2.3170985309886123E+00 3.8420614944644871E-01
 8.7223031157006477E-03 -5.9622114649903572E-03 -1.6004317005341542E-03
0
0.0
 -1.1407996218300525E+00 -2.3170985309886123E+00 3.8420614944644871E-01
 8.7842477881117896E-03 -5.8532039333029891E-03 -1.7979867866344699E-03
0
0.0
 -1.1407996218300525E+00 -2.3170985309886123E+00 3.8420614944644871E-01
 8.8396139651221103E-03 -5.7908815748637186E-03 -1.4877825317617934E-03
0
0.0
 -1.1407996218300525E+00 -2.3170985309886123E+00 3.8420614944644871E-01
 8.5495298915986284E-03 -6.0487993622373379E-03 -1.4978013976492763E-03
0
0.0
 -1.1407996218300525E+00 -2.3170985309886123E+00 3.8420614944644871E-01
 8.8564250417486213E-03 -5.9821239349767494E-03 -1.6421958955797726E-03
0
0.0
 -1.1407996218300525E+00 -2.3170985309886123E+00 3.8420614944644871E-01
 8.7263645021936065E-03 -5.9360997905089441E-03 -1.5879598674720227E-03
0
0.0
 -1.1407996218300525E+00 -2.3170985309886123E+00 3.8420614944644871E-01
 8.6533060462709900E-03 -5.8717031520991690E-03 -1.7129104079055377E-03
0
0.0
 -1.1407996218300525E+00 -2.3170985309886123E+00 3.8420614944644871E-01
 8.8144218775611655E-03 -6.0301144335907202E-03 -1.5624106890071306E-03
0
0.0
 -1.1407996218300525E+00 -2.3170985309886123E+00 3.8420614944644871E-01
 8.7913251897946149E-03 -5.9531095601019638E-03 -1.6435672981224838E-03
0
0.0
 -1.1407996218300525E+00 -2.3170985309886123E+00 3.8420614944644871E-01
 8.8648257974359330E-03 -5.8776837421315731E-03 -1.5009418502451638E-03
0
0.0
 -1.1407996218300525E+00 -2.3170985309886123E+00 3.8420614944644871E-01
 9.0773814028661665E-03 -5.7904070464249056E-03 -1.5413452971387339E-03
0
0.0
 -1.1407996218300525E+00 -2.3170985309886123E+00 3.8420614944644871E-01
 8.8035563107419466E-03 -5.8542909468507660E-03 -1.5851184803717714E-03
0
0.0
 -1.1407996218300525E+00 -2.3170985309886123E+00 3.8420614944644871E-01
 8.6257296059972458E-03 -5.7752904849907834E-03 -1.6320931142709189E-03
0
0.0
 -1.1407996218300525E+00 -2.3170985309886123E+00 3.8420614944644871E-01
 8.6778522940858128E-03 -5.8201946271784063E-03 -1.7230092571006812E-03
0
0.0
 -1.1407996218300525E+00 -2.3170985309886123E+00 3.8420614944644871E-01
 8.7386367873648601E-03 -5.8669842580951594E-03 -1.5866240498413344E-03
0
0.0
 -1.1407996218300525E+00 -2.3170985309886123E+00 3.8420614944644871E-01
 8.8187392245709876E-03 -5.9638131770150104E-03 -1.6166388769697372E-03
0
0.0
 -1.1407996218300525E+00 -2.3170985309886123E+00 3.8420614944644871E-01
 8.8651908233963773E-03 -5.7174260745779327E-03 -1.6918791460473455E-03
0
0.0
 -1.1407996218300525E+00 -2.3170985309886123E+00 3.8420614944644871E-01
 8.7141179430518557E-03 -5.8333080100321875E-03 -1.7561284599311440E-03
0
0.0
 -1.1407996218300525E+00 -2.3170985309886123E+00 3.8420614944644871E-01
 8.8147807093210736E-03 -5.9329581713959160E-03 -1.5752350056144704E-03
0
0.0
 -1.1407996218300525E+00 -2.3170985309886123E+00 3.8420614944644871E-01
 8.6597557476336458E-03 -6.1807597595052140E-03 -1.5416261095908316E-03
0
0.0
 -1.1407996218300525E+00 -2.3170985309886123E+00 3.8420614944644871E-01
 8.8562073142523113E-03 -5.9699744970408307E-03 -1.8088833084718829E-03
0
0.0
 -1.1407996218300525E+00 -2.3170985309886123E+00 3.8420614944644871E-01
 8.7915850821220255E-03 -6.0222640828178301E-03 -1.6929179205506415E-03
0
0.0
 -1.1407996218300525E+00 -2.3170985309886123E+00 3.8420614944644871E-01
 8.5758526591929330E-03 -5.8659848767357694E-03 -1.4747282629488624E-03
0
0.0
 -1.1407996218300525E+00 -2.3170985309886123E+00 3.8420614944644871E-01
 8.6887422342064816E-03 -5.8271683310513979E-03 -1.6382311272389524E-03
0
0.0
 -1.1407996218300525E+00 -2.3170985309886123E+00 3.8420614944644871E-01
 8.6685734815212939E-03 -5.9868144167732921E-03 -1.6168634623471788E-03
0
0.0
 -1.1407996218300525E+00 -2.3170985309886123E+00 3.8420614944644871E-01
 8.7402682188204035E-03 -5.9112704346608652E-03 -1.8103481970624942E-03
0
0.0
 -1.1407996218300525E+00 -2.3170985309886123E+00 3.8420614944644871E-01
 8.4659227439177094E-03 -5.8272650774342299E-03 -1.6913579423031137E-03
0
0.0
 -1.1407996218300525E+00 -2.3170985309886123E+00 3.8420614944644871E-01
 8.8188133167331467E-03 -5.9403424532649225E-03 -1.6509280940206681E-03
0
0.0
 -1.1407996218300525E+00 -2.3170985309886123E+00 3.8420614944644871E-01
 8.7104134680913176E-03 -5.6705430172174472E-03 -1.7199540268530373E-03
0
0.0
 -1.1407996218300525E+00 -2.3170985309886123E+00 3.8420614944644871E-01
 8.6322771527679691E-03 -5.7420519549446578E-03 -1.6639198216650490E-03
0
0.0
 -1.1407996218300525E+00 -2.3170985309886123E+00 3.8420614944644871E-01
 8.8562681265909153E-03 -5.8859716523191538E-03 -1.4941420113772630E-03
0
0.0
 -1.1407996218300525E+00 -2.3170985309886123E+00 3.8420614944644871E-01
 8.8909241795504124E-03 -5.8463425190631423E-03 -1.7584636156583900E-03
0
0.0
 -1.1407996218300525E+00 -2.3170985309886123E+00 3.8420614944644871E-01
 8.8229428546883482E-03 -5.9943533000889572E-03 -1.5377438128787912E-03
0
0.0
 -1.1407996218300525E+00 -2.3170985309886123E+00 3.8420614944644871E-01
 8.8263350487518145E-03 -5.7767283451090785E-03 -1.7043199305793906E-03
0
0.0
 -1.1407996218300525E+00 -2.3170985309886123E+00 3.8420614944644871E-01
 8.9240997073342255E-03 -6.0348909201499296E-03 -1.6336002325689383E-03
0
0.0
 -1.1407996218300525E+00 -2.3170985309886123E+00 3.8420614944644871E-01
 8.8240347110488913E-03 -5.6197307082951056E-03 -1.6894596178573067E-03
0
0.0
 -1.1407996218300525E+00 -2.3170985309886123E+00 3.8420614944644871E-01
 8.6682029726061084E-03 -5.8417947297036343E-03 -1.5562588705615246E-03
0
0.0
 -1.1407996218300525E+00 -2.3170985309886123E+00 3.8420614944644871E-01
 8.7909936112874759E-03 -5.6675424530480568E-03 -1.4971939527059579E-03
0
0.0
 -1.1407996218300525E+00 -2.3170985309886123E+00 3.8420614944644871E-01
 8.8036225396916131E-03 -5.9005521310581182E-03 -1.6652065779782950E-03
0
0.0
 -1.1407996218300525E+00 -2.3170985309886123E+00 3.8420614944644871E-01
 8.7828271278997411E-03 -5.8996933502734727E-03 -1.7039598062994650E-03
0
0.0
 -1.1407996218300525E+00 -2.3170985309886123E+00 3.8420614944644871E-01
 8.7427316162661060E-03 -5.8314560869078885E-03 -1.7541558730939061E-03
0
0.0
 -1.1407996218300525E+00 -2.3170985309886123E+00 3.8420614944644871E-01
 8.6945199355766105E-03 -5.9596508390692615E-03 -1.4541602998862984E-03
0
0.0
 -1.1407996218300525E+00 -2.3170985309886123E+00 3.8420614944644871E-01
 8.9312526026822953E-03 -6.0305892618368806E-03 -1.3892628771415864E-03
0
0.0
 -1.1407996218300525E+00 -2.3170985309886123E+00 3.8420614944644871E-01
 8.8212425731279912E-03 -5.8799225415999213E-03 -1.5989991175290273E-03
0
0.0
 -1.1407996218300525E+00 -2.3170985309886123E+00 3.8420614944644871E-01
 9.0258571241432755E-03 -5.8949401681018783E-03 -1.6404431766519928E-03
0
0.0
 -1.1407996218300525E+00 -2.3170985309886123E+00 3.8420614944644871E-01
 8.7966548877732864E-03 -5.8932099459556627E-03 -1.5075615139874910E-03
0
0.0
 -1.1407996218300525E+00 -2.3170985309886123E+00 3.8420614944644871E-01
 8.7119686000585294E-03 -5.8329650996692363E-03 -1.5520012751969428E-03
0
0.0
 -1.1407996218300525E+00 -2.3170985309886123E+00 3.8420614944644871E-01
 8.7272011697775327E-03 -5.8757873018052027E-03 -1.6246271545909449E-03
0
0.0
 -1.1407996218300525E+00 -2.3170985309886123E+00 3.8420614944644871E-01
 8.7463374315562819E-03 -5.8537203589751428E-03 -1.7112576231087279E-03
0
0.0
 -1.1407996218300525E+00 -2.3170985309886123E+00 3.8420614944644871E-01
 8.8052890279319337E-03 -6.0202535998790741E-03 -1.4058033085587057E-03
0
0.0
 -1.1407996218300525E+00 -2.3170985309886123E+00 3.8420614944644871E-01
 8.9009279352678088E-03 -5.6940488114476124E-03 -1.8122577044712698E-03
0
0.0
 -1.1407996218300525E+00 -2.3170985309886123E+00 3.8420614944644871E-01
 8.7488402021957002E-03 -6.1012491918839415E-03 -1.4555410906732882E-03
0
0.0
 -1.1407996218300525E+00 -2.3170985309886123E+00 3.8420614944644871E-01
 8.9102658956434298E-03 -5.8385414269086994E-03 -1.5621284483066029E-03
0
0.0
 -1.1407996218300525E+00 -2.3170985309886123E+00 3.8420614944644871E-01
 8.7899250984138609E-03 -5.8840542291149446E-03 -1.5006539123090747E-03
0
0.0
 -1.1407996218300525E+00 -2.3170985309886123E+00 3.8420614944644871E-01
 8.8285794033236449E-03 -6.1522589938814657E-03 -1.5919539512613938E-03
0
0.0
 -1.1407996218300525E+00 -2.3170985309886123E+00 3.8420614944644871E-01
 8.7736426768456003E-03 -5.8730249252689042E-03 -1.5889517587531132E-03
0
0.0
 -1.1407996218300525E+00 -2.3170985309886123E+00 3.8420614944644871E-01
 8.7676312414449852E-03 -5.8877611133989300E-03 -1.6111411715004618E-03
0
0.0
 -1.1407996218300525E+00 -2.3170985309886123E+00 3.8420614944644871E-01
 8.7394433580138750E-03 -5.8201891333044585E-03 -1.4504738074308748E-03
0
0.0
 -1.1407996218300525E+00 -2.3170985309886123E+00 3.8420614944644871E-01
 8.8404149571873290E-03 -6.0339907290318535E-03 -1.6800477813038762E-03
0
0.0
 -1.1407996218300525E+00 -2.3170985309886123E+00 3.8420614944644871E-01
 8.6666323002618471E-03 -5.7911963938166592E-03 -1.8813039139940221E-03
0
0.0
 -1.1407996218300525E+00 -2.3170985309886123E+00 3.8420614944644871E-01
 8.9875868365080387E-03 -5.8566323983752127E-03 -1.5468183487181686E-03
0
0.0
 -1.1407996218300525E+00 -2.3170985309886123E+00 3.8420614944644871E-01
 8.5518357124810002E-03 -5.9872946701066210E-03 -1.4257725345787674E-03
0
0.0
 -1.1407996218300525E+00 -2.3170985309886123E+00 3.8420614944644871E-01
 8.7981696218417185E-03 -5.9448286105434492E-03 -1.5936841842899979E-03
0
0.0
 -1.1407996218300525E+00 -2.3170985309886123E+00 3.8420614944644871E-01
 8.8291244825938458E-03 -6.1552631508602820E-03 -1.6202123066813760E-03
0
0.0
 -1.1407996218300525E+00 -2.3170985309886123E+00 3.8420614944644871E-01
 8.9122818001239057E-03 -5.9215085414986287E-03 -1.5655936626274253E-03
0
0.0
 -1.1407996218300525E+00 -2.3170985309886123E+00 3.8420614944644871E-01
 8.7465125241349556E-03 -6.0019218850752990E-03 -1.3121524177493412E-03
0
0.0
 -1.1407996218300525E+00 -2.3170985309886123E+00 3.8420614944644871E-01
 8.7829184378975626E-03 -5.9690941105096313E-03 -1.4920834780349117E-03
0
0.0
 -1.1407996218300525E+00 -2.3170985309886123E+00 3.8420614944644871E-01
 8.7207196626848272E-03 -5.8076250352750618E-03 -1.5361181712478709E-03
0
0.0
 -1.1407996218300525E+00 -2.3170985309886123E+00 3.8420614944644871E-01
 8.8091182103144962E-03 -6.1034502306442943E-03 -1.3688922092020591E-03
0
0.0
 -1.1407996218300525E+00 -2.3170985309886123E+00 3.8420614944644871E-01
 8.7037262413626939E-03 -5.6577860186489380E-03 -1.7930007252889753E-03
0
0.0
 -1.1407996218300525E+00 -2.3170985309886123E+00 3.8420614944644871E-01
 8.7556553743443986E-03 -5.9122215793164625E-03 -1.7613707865509526E-03
0
0.0
 -1.1407996218300525E+00 -2.3170985309886123E+00 3.8420614944644871E-01
 8.6787394103975471E-03 -6.0017922884873769E-03 -1.5964391058342423E-03
0
0.0
 -1.1407996218300525E+00 -2.3170985309886123E+00 3.8420614944644871E-01
 8.9067072979205700E-03 -5.8315706864924622E-03 -1.5207246842507802E-03
0
0.0
 -1.1407996218300525E+00 -2.3170985309886123E+00 3.8420614944644871E-01
 8.8272815096098935E-03 -5.9450887574704009E-03 -1.8891964896092079E-03
0
0.0
 -1.1407996218300525E+00 -2.3170985309886123E+00 3.8420614944644871E-01
 8.8970286923699005E-03 -5.8033051425136067E-03 -1.6584546602052340E-03
0
0.0
 -1.1407996218300525E+00 -2.3170985309886123E+00 3.8420614944644871E-01
 8.7748682472564982E-03 -5.9493034552126935E-03 -1.6314239916143292E-03
0
0.0
 -1.1407996218300525E+00 -2.3170985309886123E+00 3.8420614944644871E-01
 8.7849317628541802E-03 -5.8890181037145025E-03 -1.6253587337534607E-03
0
0.0
 -1.1407996218300525E+00 -2.3170985309886123E+00 3.8420614944644871E-01
 8.8768339386793831E-03 -5.8357945980583616E-03 -1.6737715218151765E-03
0
0.0
 -1.1407996218300525E+00 -2.3170985309886123E+00 3.8420614944644871E-01
 8.7216900387929851E-03 -5.9115701993941762E-03 -1.5951108793397742E-03
0
0.0
 -1.1407996218300525E+00 -2.3170985309886123E+00 3.8420614944644871E-01
 8.8410405763102388E-03 -5.8760332055911206E-03 -1.5909796461161122E-03
0
0.0
 -1.1407996218300525E+00 -2.3170985309886123E+00 3.8420614944644871E-01
 8.9165278435679556E-03 -5.9448491195420684E-03 -1.7216274991315717E-03
0
0.0
 -1.1407996218300525E+00 -2.3170985309886123E+00 3.8420614944644871E-01
 8.7435407600909131E-03 -5.8102773806308263E-03 -1.7839301974364688E-03
0
0.0
 -1.1407996218300525E+00 -2.3170985309886123E+00 3.8420614944644871E-01
 8.5829490361713848E-03 -5.8615570092722018E-03 -1.7663092901609913E-03
0
0.0
 -1.1407996218300525E+00 -2.3170985309886123E+00 3.8420614944644871E-01
 8.7895660373389535E-03 -5.8623204201847957E-03 -1.5360554799981948E-03
0
0.0
 -1.1407996218300525E+00 -2.3170985309886123E+00 3.8420614944644871E-01
 8.8623996782474703E-03 -5.9299399968092822E-03 -1.4628642631177775E-03
0
0.0
 -1.1407996218300525E+00 -2.3170985309886123E+00 3.8420614944644871E-01
 8.6773470311709167E-03 -5.9331828347454641E-03 -1.7258419173295317E-03
0
0.0
 -1.1407996218300525E+00 -2.3170985309886123E+00 3.8420614944644871E-01
 8.5232526135668452E-03 -6.0550492051130722E-03 -1.7179267057915353E-03
0
0.0
 -1.1407996218300525E+00 -2.3170985309886123E+00 3.8420614944644871E-01
 8.8392665002969602E-03 -5.7708060638072649E-03 -1.4456140806624099E-03
0
0.0
 -1.1407996218300525E+00 -2.3170985309886123E+00 3.8420614944644871E-01
 8.8637204385615398E-03 -5.8081175027088656E-03 -1.8279407411718595E-03
0
0.0
 -1.1407996218300525E+00 -2.3170985309886123E+00 3.8420614944644871E-01
 8.8593914656721826E-03 -5.9782730767000882E-03 -1.5618089789040679E-03
0
0.0
 -1.1407996218300525E+00 -2.3170985309886123E+00 3.8420614944644871E-01
 9.0496923195804400E-03 -5.7860868354368466E-03 -1.4987997462235850E-03
0
0.0
 -1.1407996218300525E+00 -2.3170985309886123E+00 3.8420614944644871E-01
 8.8066674971430635E-03 -5.9123813869162104E-03 -1.6356873222692606E-03
0
0.0
 -1.1407996218300525E+00 -2.3170985309886123E+00 3.8420614944644871E-01
 8.9237512862644242E-03 -5.7537973843684786E-03 -1.6314925146917781E-03
0
0.0
 -1.1407996218300525E+00 -2.3170985309886123E+00 3.8420614944644871E-01
 8.9689026436941648E-03 -6.1614177439329220E-03 -1.4982695713632833E-03
0
0.0
 -1.1407996218300525E+00 -2.3170985309886123E+00 3.8420614944644871E-01
 8.7546147858226699E-03 -5.6722891119096331E-03 -1.7094002468612433E-03
0
0.0
 -1.1407996218300525E+00 -2.3170985309886123E+00 3.8420614944644871E-01
 8.7713279801840717E-03 -5.9089567979817839E-03 -1.6525145858598601E-03
0
0.0
 -1.1407996218300525E+00 -2.3170985309886123E+00 3.8420614944644871E-01
 8.8500466001432392E-03 -5.7425427111543253E-03 -1.7174337216169305E-03
0
0.0
 -1.1407996218300525E+00 -2.3170985309886123E+00 3.8420614944644871E-01
 9.0016210311893961E-03 -6.1468737707701133E-03 -1.6025118864586617E-03
0
0.0
 -1.1407996218300525E+00 -2.3170985309886123E+00 3.8420614944644871E-01
 8.8930953600995146E-03 -5.8698385541490388E-03 -1.5681289511046725E-03
0
0.0
 -1.1407996218300525E+00 -2.3170985309886123E+00 3.8420614944644871E-01
 8.8151649970612412E-03 -5.9822535006217089E-03 -1.5919216793296269E-03
0
0.0
 -1.1407996218300525E+00 -2.3170985309886123E+00 3.8420614944644871E-01
 8.6207811103936414E-03 -5.8169617860019916E-03 -1.4596248636986736E-03
0
0.0
 -1.1407996218300525E+00 -2.3170985309886123E+00 3.8420614944644871E-01
 8.8419976567172924E-03 -5.9682298701324429E-03 -1.8896262125816280E-03
0
0.0
 -1.1407996218300525E+00 -2.3170985309886123E+00 3.8420614944644871E-01
 8.9647860849670011E-03 -5.8109620312208074E-03 -1.5885299468292764E-03
0
0.0
 -1.1407996218300525E+00 -2.3170985309886123E+00 3.8420614944644871E-01
 8.7759561031427648E-03 -5.9450520188182388E-03 -1.7200351056321254E-03
0
0.0
 -1.1407996218300525E+00 -2.3170985309886123E+00 3.8420614944644871E-01
 8.7335351856270838E-03 -5.9792819696632754E-03 -1.5046996892378835E-03
0
0.0
 -1.1407996218300525E+00 -2.3170985309886123E+00 3.8420614944644871E-01
 8.7676777705581171E-03 -5.7199405785235717E-03 -1.6207120110506997E-03
0
0.0
 -1.1407996218300525E+00 -2.3170985309886123E+00 3.8420614944644871E-01
 8.7971147614489178E-03 -5.6539378684179135E-03 -1.4723076989948004E-03
0
0.0
 -1.1407996218300525E+00 -2.3170985309886123E+00 3.8420614944644871E-01
 8.7852316425214086E-03 -5.9160906555456739E-03 -1.6749647530174840E-03
0
0.0
 -1.1407996218300525E+00 -2.3170985309886123E+00 3.8420614944644871E-01
 8.7197037112907872E-03 -5.7845382734405667E-03 -1.4784608794592316E-03
0
0.0
 -1.1407996218300525E+00 -2.3170985309886123E+00 3.8420614944644871E-01
 8.9344106506264315E-03 -5.9223838857666109E-03 -1.5693963668818854E-03
0
0.0
 -1.1407996218300525E+00 -2.3170985309886123E+00 3.8420614944644871E-01
 8.5582567096681213E-03 -6.1181355923441549E-03 -1.7143780581547353E-03
0
0.0
 -1.1407996218300525E+00 -2.3170985309886123E+00 3.8420614944644871E-01
 8.7408474255230833E-03 -5.7895278848435362E-03 -1.6636419923055346E-03
0
0.0
 -1.1407996218300525E+00 -2.3170985309886123E+00 3.8420614944644871E-01
 8.9176390771627430E-03 -6.1198520329011664E-03 -1.7619362036724719E-03
0
0.0
 -1.1407996218300525E+00 -2.3170985309886123E+00 3.8420614944644871E-01
 8.8056277095349186E-03 -5.9404269260296717E-03 -1.3856451188338904E-03
0
0.0
 -1.1407996218300525E+00 -2.3170985309886123E+00 3.8420614944644871E-01
 8.6514890402572837E-03 -5.9547486132654013E-03 -1.5770512916107207E-03
0
0.0
 -1.1407996218300525E+00 -2.3170985309886123E+00 3.8420614944644871E-01
 8.7817583650867028E-03 -5.9577635563616742E-03 -1.5537243659116775E-03
0
0.0
 -1.1407996218300525E+00 -2.3170985309886123E+00 3.8420614944644871E-01
 8.5870671915202548E-03 -5.9734158780529343E-03 -1.7264571581195292E-03
0
0.0
 -1.1407996218300525E+00 -2.3170985309886123E+00 3.8420614944644871E-01
 8.6318741547481322E-03 -5.9953284956023077E-03 -1.5705152524821816E-03
0
0.0
 -1.1407996218300525E+00 -2.3170985309886123E+00 3.8420614944644871E-01
 8.6877515724982975E-03 -5.9782628543021653E-03 -1.5915384057999574E-03
0
0.0
 -1.1407996218300525E+00 -2.3170985309886123E+00 3.8420614944644871E-01
 8.7596668563472493E-03 -6.0135335191443115E-03 -1.6845850262394650E-03
0
0.0
 -1.1407996218300525E+00 -2.3170985309886123E+00 3.8420614944644871E-01
 8.6310429117758877E-03 -5.9629168828186857E-03 -1.5759273579584519E-03
0
0.0
 -1.1407996218300525E+00 -2.3170985309886123E+00 3.8420614944644871E-01
 8.5617832527849092E-03 -5.8540202520200183E-03 -1.8544777065309743E-03
0
0.0
 -1.1407996218300525E+00 -2.3170985309886123E+00 3.8420614944644871E-01
 8.7625366151300281E-03 -5.9192341113812486E-03 -1.6035598154646976E-03
0
0.0
 -1.1407996218300525E+00 -2.3170985309886123E+00 3.8420614944644871E-01
 8.8043802354247948E-03 -5.8883099962897820E-03 -1.5052910404528982E-03
0
0.0
 -1.1407996218300525E+00 -2.3170985309886123E+00 3.8420614944644871E-01
 8.9268007624511165E-03 -5.9345513223108617E-03 -1.4932246410032039E-03
0
0.0
 -1.1407996218300525E+00 -2.3170985309886123E+00 3.8420614944644871E-01
 8.7547574752239506E-03 -5.8291122369026234E-03 -1.5676118842751590E-03
0
0.0
 -1.1407996218300525E+00 -2.3170985309886123E+00 3.8420614944644871E-01
 8.7459908712261940E-03 -6.2261961681337507E-03 -1.6437022225441605E-03
0
0.0
 -1.1407996218300525E+00 -2.3170985309886123E+00 3.8420614944644871E-01
 8.8064314508003970E-03 -5.9023978037000433E-03 -1.4416877560239814E-03
0
0.0
 -1.1407996218300525E+00 -2.3170985309886123E+00 3.8420614944644871E-01
 8.7126184667047097E-03 -6.1341801662094997E-03 -1.6609024741415298E-03
0
0.0
 -1.1407996218300525E+00 -2.3170985309886123E+00 3.8420614944644871E-01
 8.8096183945556138E-03 -6.1296092044652159E-03 -1.5960729577385617E-03
0
0.0
 -1.1407996218300525E+00 -2.3170985309886123E+00 3.8420614944644871E-01
 8.7758547254299917E-03 -6.0410467381203543E-03 -1.7198635712865121E-03
0
0.0
 -1.1407996218300525E+00 -2.3170985309886123E+00 3.8420614944644871E-01
 8.8533013103400601E-03 -5.8927311015355525E-03 -1.7541806145592006E-03
0
0.0
 -1.1407996218300525E+00 -2.3170985309886123E+00 3.8420614944644871E-01
 8.5553015811346313E-03 -5.8029883607486326E-03 -1.4962370304511059E-03
0
0.0
 -1.1407996218300525E+00 -2.3170985309886123E+00 3.8420614944644871E-01
 8.6635281295777602E-03 -5.7825267791161454E-03 -1.5169421201556899E-03
0
0.0
 -1.1407996218300525E+00 -2.3170985309886123E+00 3.8420614944644871E-01
 8.8255679658215784E-03 -6.0389772755215041E-03 -1.7079959309787324E-03
0
0.0
 -1.1407996218300525E+00 -2.3170985309886123E+00 3.8420614944644871E-01
 8.7970590857134046E-03 -5.8981714400750517E-03 -1.7920281563943948E-03
0
0.0
 -1.1407996218300525E+00 -2.3170985309886123E+00 3.8420614944644871E-01
 8.9022905839064529E-03 -5.7305946645966332E-03 -1.4162505701824394E-03
0
0.0
 -1.1407996218300525E+00 -2.3170985309886123E+00 3.8420614944644871E-01
 8.7044920887137996E-03 -5.8967608352139024E-03 -1.4619513553572102E-03
0
0.0
 -1.1407996218300525E+00 -2.3170985309886123E+00 3.8420614944644871E-01
 8.6256389374096964E-03 -6.1664946883156794E-03 -1.5748231589446998E-03
0
0.0
 -1.1407996218300525E+00 -2.3170985309886123E+00 3.8420614944644871E-01
 9.0988068119504731E-03 -5.7964928569014425E-03 -1.5982351146849767E-03
0
0.0
 -1.1407996218300525E+00 -2.3170985309886123E+00 3.8420614944644871E-01
 8.9274445472705462E-03 -5.8109439874339088E-03 -1.8130754304668546E-03
0
0.0
 -1.1407996218300525E+00 -2.3170985309886123E+00 3.8420614944644871E-01
 8.8030326988346418E-03 -5.9176909747888796E-03 -1.6354589336082422E-03
0
0.0
 -1.1407996218300525E+00 -2.3170985309886123E+00 3.8420614944644871E-01
 8.7972352596518751E-03 -5.9926633092468691E-03 -1.5471398008232147E-03
0
0.0
 -1.1407996218300525E+00 -2.3170985309886123E+00 3.8420614944644871E-01
 8.9219366639691645E-03 -5.9171073619309726E-03 -1.8642125055080574E-03
0
0.0
 -1.1407996218300525E+00 -2.3170985309886123E+00 3.8420614944644871E-01
 8.8446409230837648E-03 -6.1873552931545270E-03 -1.7450086309657774E-03
0
0.0
 -1.1407996218300525E+00 -2.3170985309886123E+00 3.8420614944644871E-01
 8.8208234645386872E-03 -5.8243855608480248E-03 -1.5613787666693801E-03
0
0.0
 -1.1407996218300525E+00 -2.3170985309886123E+00 3.8420614944644871E-01
 9.0135131513236315E-03 -5.9931152253500132E-03 -1.6114547858207188E-03
0
0.0
 -1.1407996218300525E+00 -2.3170985309886123E+00 3.8420614944644871E-01
 8.7524567461997743E-03 -6.1981618096761922E-03 -1.5067199435661440E-03
0
0.0
 -1.1407996218300525E+00 -2.3170985309886123E+00 3.8420614944644871E-01
 8.9745247698360658E-03 -6.0719238541613683E-03 -1.7367735695426019E-03
0
0.0
 -1.1407996218300525E+00 -2.3170985309886123E+00 3.8420614944644871E-01
 8.6361404862527903E-03 -5.9659475764579327E-03 -1.5313055907882880E-03
0
0.0
 -1.1407996218300525E+00 -2.3170985309886123E+00 3.8420614944644871E-01
 8.9424458977974391E-03 -5.9078192236329419E-03 -1.7701085156548756E-03
0
0.0
 -1.1407996218300525E+00 -2.3170985309886123E+00 3.8420614944644871E-01
 9.0416770144189189E-03 -5.8820770254412614E-03 -1.7249549003073847E-03
0
0.0
 -1.1407996218300525E+00 -2.3170985309886123E+00 3.8420614944644871E-01
 8.8578464768689861E-03 -5.8254037605565143E-03 -1.6983382154345025E-03
0
0.0
 -1.1407996218300525E+00 -2.3170985309886123E+00 3.8420614944644871E-01
 8.9702353107752111E-03 -5.9049664889667822E-03 -1.7026605193050271E-03
0
0.0
 -1.1407996218300525E+00 -2.3170985309886123E+00 3.8420614944644871E-01
 8.6370522523538922E-03 -5.8998622709910088E-03 -1.6233567558101023E-03
0
0.0
 -1.1407996218300525E+00 -2.3170985309886123E+00 3.8420614944644871E-01
 9.0318931664571701E-03 -5.9161897164429957E-03 -1.7757079695166196E-03
0
0.0
 -1.1407996218300525E+00 -2.3170985309886123E+00 3.8420614944644871E-01
 8.5460421116895606E-03 -6.0837646675865860E-03 -1.6056954801742663E-03
0
0.0
