20
-1
1
  0.29855203  -0.94928138  -0.09864862  1.81494499e-04
 -0.62972195   0.75519768  -0.18200750  1.92466316e-04
 -0.14007618  -0.82034136  -0.55445353  1.63575989e-04
 -0.77912091   0.46812859  -0.41692473  1.90961054e-04
  0.59014715  -0.20806819   0.78002178  2.56366413e-04
  0.64435403   0.76318286   0.04857783  4.97682023e-04
  0.14467689   0.66444212   0.73320206  4.71155616e-04
  0.56276486  -0.09121075   0.82156942  2.32959131e-04
 -0.25760661   0.94002414  -0.22359214  1.51783142e-04
 -0.11070772  -0.98184999   0.15399481  2.36540914e-04
  0.27299643   0.49596400   0.82431345  2.98222631e-04
  0.09004104  -0.11503048   0.98927276  3.17940054e-04
  0.10122609  -0.42820171   0.89799586  4.23064548e-04
  0.29071131  -0.50546765  -0.81239731  3.43453506e-04
 -0.85165230  -0.41294591   0.32274453  4.93051216e-04
 -0.00191168   0.99836889   0.05706059  1.78120919e-04
  0.99004464  -0.08547153  -0.11183129  4.14459350e-04
  0.98432770   0.08784280  -0.15291380  1.55029065e-04
  0.77537712  -0.18563823   0.60359653  3.27208345e-04
  0.65969613  -0.64848279  -0.37983034  1.74915366e-04
