20
 -1.1407996218300525E+00 -2.3170985309886123E+00 3.8420614944644871E-01
 8.7660233562334416E-03 -5.8732523858512553E-03 -1.7611950611815651E-03
0
0.0
 -1.1407996218300525E+00 -2.3170985309886123E+00 3.8420614944644871E-01
 8.8785428230820033E-03 -5.9053359919983821E-03 -1.5666573408122952E-03
0
0.0
 -1.1407996218300525E+00 -2.3170985309886123E+00 3.8420614944644871E-01
 8.7788854002178954E-03 -5.7249327093068072E-03 -1.5725069914580205E-03
0
0.0
 -1.1407996218300525E+00 -2.3170985309886123E+00 3.8420614944644871E-01
 8.7737933426484099E-03 -5.9157376629767229E-03 -1.2772948809327634E-03
0
0.0
 -1.1407996218300525E+00 -2.3170985309886123E+00 3.8420614944644871E-01
 8.9119167118243622E-03 -5.8258596687133634E-03 -1.6955874581770214E-03
0
0.0
 -1.1407996218300525E+00 -2.3170985309886123E+00 3.8420614944644871E-01
 8.8405865768811185E-03 -6.1239979490926412E-03 -1.8636149419974488E-03
0
0.0
 -1.1407996218300525E+00 -2.3170985309886123E+00 3.8420614944644871E-01
 8.9093331781897375E-03 -5.9874735547628287E-03 -1.3868882180276914E-03
0
0.0
 -1.1407996218300525E+00 -2.3170985309886123E+00 3.8420614944644871E-01
 8.8465088627720789E-03 -6.0747544238280550E-03 -1.7654595175848739E-03
0
0.0
 -1.1407996218300525E+00 -2.3170985309886123E+00 3.8420614944644871E-01
 8.7821536771346496E-03 -5.8531159976008057E-03 -1.5477347521334558E-03
0
0.0
 -1.1407996218300525E+00 -2.3170985309886123E+00 3.8420614944644871E-01
 8.7528983269569358E-03 -5.9225323926512434E-03 -1.6535740655783855E-03
0
0.0
 -1.1407996218300525E+00 -2.3170985309886123E+00 3.8420614944644871E-01
 8.7905414689632526E-03 -5.9448278482476906E-03 -1.6613181442283623E-03
0
0.0
 -1.1407996218300525E+00 -2.3170985309886123E+00 3.8420614944644871E-01
 8.8220264499356375E-03 -6.0559340791480941E-03 -1.6723604424595149E-03
0
0.0
 -1.1407996218300525E+00 -2.3170985309886123E+00 3.8420614944644871E-01
 8.8700123149416492E-03 -5.9486823058878570E-03 -1.4926961167300535E-03
0
0.0
 -1.1407996218300525E+00 -2.3170985309886123E+00 3.8420614944644871E-01
 8.8973725044688423E-03 -5.9819978762880380E-03 -1.4803092906942308E-03
0
0.0
 -1.1407996218300525E+00 -2.3170985309886123E+00 3.8420614944644871E-01
 8.8561326571587641E-03 -5.9802111132100638E-03 -1.4824768735015841E-03
0
0.0
 -1.1407996218300525E+00 -2.3170985309886123E+00 3.8420614944644871E-01
 8.6019327036647684E-03 -6.0786450330259810E-03 -1.7076671869486382E-03
0
0.0
 -1.1407996218300525E+00 -2.3170985309886123E+00 3.8420614944644871E-01
 8.7762916976521031E-03 -5.8200722304190614E-03 -1.5141959552071029E-03
0
0.0
 -1.1407996218300525E+00 -2.3170985309886123E+00 3.8420614944644871E-01
 8.8819612535360158E-03 -5.9396606774384025E-03 -1.6988002502641530E-03
0
0.0
 -1.1407996218300525E+00 -2.3170985309886123E+00 3.8420614944644871E-01
 8.6789592695329047E-03 -5.8145544831648861E-03 -1.6379454297460042E-03
0
0.0
 -1.1407996218300525E+00 -2.3170985309886123E+00 3.8420614944644871E-01
 8.9710556908375091E-03 -5.7076912307244994E-03 -1.5730857153247527E-03
0
0.0
