20
-1
1
 -0.58561941  -0.75017334   0.30706654  2.17231595e-04
 -0.98274159  -0.13769795  -0.12352425  2.29662721e-04
  0.47657482  -0.80341688  -0.35692822  4.42712588e-04
  0.93235615  -0.30360128  -0.19631164  1.62489131e-04
 -0.13652995  -0.21867967  -0.96619810  1.57884131e-04
 -0.49574407  -0.85390971  -0.15835412  2.05553094e-04
  0.53043760   0.71799164  -0.45069275  2.78861736e-04
 -0.69682037   0.43487300  -0.57037430  1.60545528e-04
 -0.88373291   0.45319182   0.11676178  4.11603402e-04
 -0.40540046   0.57028609   0.71443981  3.37447826e-04
 -0.30854909  -0.27997094  -0.90907301  4.11460019e-04
  0.07118526   0.94551454   0.31770255  1.62285127e-04
  0.74007809  -0.28446610  -0.60939598  2.35948715e-04
  0.78072323   0.26904643  -0.56399047  3.64134682e-04
  0.80351201  -0.55940595   0.20355203  3.08693199e-04
 -0.28756646  -0.08530681   0.95395402  2.14932163e-04
  0.83027681  -0.47586712  -0.29015668  1.91570448e-04
 -0.97976937  -0.11086831  -0.16661390  2.75418861e-04
 -0.75604430   0.65006635  -0.07622831  4.45091907e-04
  0.09334454  -0.08114202   0.99232191  3.16409104e-04
