20
 -1.1407996218300525E+00 -2.3170985309886123E+00 3.8420614944644871E-01
 8.6236935881932528E-03 -5.8932519963265191E-03 -1.5604214226925095E-03
0
0.0
 -1.1407996218300525E+00 -2.3170985309886123E+00 3.8420614944644871E-01
 9.0827474511512539E-03 -6.0342835292518148E-03 -1.5645480120096531E-03
0
0.0
 -1.1407996218300525E+00 -2.3170985309886123E+00 3.8420614944644871E-01
 8.7167719533854954E-03 -6.1690791422468723E-03 -1.7084590039328031E-03
0
0.0
 -1.1407996218300525E+00 -2.3170985309886123E+00 3.8420614944644871E-01
 8.9094456471617914E-03 -5.9976479104399084E-03 -1.5984753269698768E-03
0
0.0
 -1.1407996218300525E+00 -2.3170985309886123E+00 3.8420614944644871E-01
 8.9823403451646956E-03 -5.8129490499222499E-03 -1.6126869909197960E-03
0
0.0
 -1.1407996218300525E+00 -2.3170985309886123E+00 3.8420614944644871E-01
 8.6942788642514271E-03 -5.8703639558847108E-03 -1.5076690009095479E-03
0
0.0
 -1.1407996218300525E+00 -2.3170985309886123E+00 3.8420614944644871E-01
 8.7693096474295313E-03 -5.8371736179306374E-03 -1.6383285269641363E-03
0
0.0
 -1.1407996218300525E+00 -2.3170985309886123E+00 3.8420614944644871E-01
 8.6820073386337758E-03 -5.9865535129762608E-03 -1.4225726101460890E-03
0
0.0
 -1.1407996218300525E+00 -2.3170985309886123E+00 3.8420614944644871E-01
 8.9458969214295248E-03 -6.0783065424955063E-03 -1.6042557167572165E-03
0
0.0
 -1.1407996218300525E+00 -2.3170985309886123E+00 3.8420614944644871E-01
 8.7391447392402410E-03 -5.8381595826171835E-03 -1.4347687915166349E-03
0
0.0
 -1.1407996218300525E+00 -2.3170985309886123E+00 3.8420614944644871E-01
 8.8561396857771302E-03 -5.7262620742791065E-03 -1.4918354027474027E-03
0
0.0
 -1.1407996218300525E+00 -2.3170985309886123E+00 3.8420614944644871E-01
 8.8409686892585142E-03 -5.9282513111126615E-03 -1.5958409217773598E-03
0
0.0
 -1.1407996218300525E+00 -2.3170985309886123E+00 3.8420614944644871E-01
 8.8406048104379444E-03 -5.8495457399311860E-03 -1.8557475800334625E-03
0
0.0
 -1.1407996218300525E+00 -2.3170985309886123E+00 3.8420614944644871E-01
 8.8320372611939736E-03 -6.1836944557221128E-03 -1.5721999724528483E-03
0
0.0
 -1.1407996218300525E+00 -2.3170985309886123E+00 3.8420614944644871E-01
 8.8082918060583774E-03 -5.9042409779010100E-03 -1.7493308154890035E-03
0
0.0
 -1.1407996218300525E+00 -2.3170985309886123E+00 3.8420614944644871E-01
 8.7839133918691196E-03 -5.8758571807278883E-03 -1.7526914959549850E-03
0
0.0
 -1.1407996218300525E+00 -2.3170985309886123E+00 3.8420614944644871E-01
 8.7368869516339497E-03 -5.9157595062748541E-03 -1.7131943162868759E-03
0
0.0
 -1.1407996218300525E+00 -2.3170985309886123E+00 3.8420614944644871E-01
 8.7079815214190330E-03 -5.9196111471739041E-03 -1.4115304026657983E-03
0
0.0
 -1.1407996218300525E+00 -2.3170985309886123E+00 3.8420614944644871E-01
 8.7778792285824643E-03 -5.7756205007320352E-03 -1.6043083908422928E-03
0
0.0
 -1.1407996218300525E+00 -2.3170985309886123E+00 3.8420614944644871E-01
 8.7901734544436755E-03 -5.6986008303935975E-03 -1.6719640791355984E-03
0
0.0
