400
-1
1
 -0.63268834  -0.64909802  -0.42234727  2.06083227e-04
  0.93961298  -0.32878920  -0.09500060  3.28311858e-04
  0.11911034   0.99277260   0.01467247  1.67504464e-04
 -0.25230600  -0.87526801  -0.41261071  1.73906106e-04
  0.91622373  -0.20677747   0.34318677  1.95900329e-04
  0.62075056   0.18726729   0.76131446  4.79594760e-04
 -0.15455304  -0.38001775  -0.91197580  1.72059170e-04
 -0.96191922  -0.23982622   0.13112891  3.85516959e-04
 -0.99061067   0.11948078   0.06644432  2.88741480e-04
 -0.22321626   0.87467927  -0.43024490  6.04240461e-04
  0.49894911  -0.82849668  -0.25424997  7.75125091e-04
 -0.53383396   0.83975670  -0.09914629  1.65747612e-04
  0.44148938   0.47662914   0.76020510  2.04254713e-04
 -0.08056420   0.52921555   0.84465396  2.84156851e-04
  0.57849492  -0.57599439   0.57755874  2.34851494e-04
 -0.45730838  -0.64273690  -0.61462047  1.70202781e-04
 -0.63451195   0.40031739   0.66116607  2.10306383e-04
 -0.09116184   0.21418225  -0.97253045  4.90734352e-04
  0.83704657  -0.42510327  -0.34444193  2.46818656e-04
  0.29001602   0.13512117   0.94743495  1.95207688e-04
  0.30878999   0.16295946  -0.93706614  4.97522458e-04
 -0.95902728   0.12040436   0.25645557  4.93179164e-04
  0.12741495   0.34085375  -0.93144197  4.15525938e-04
  0.34078564  -0.47643223   0.81047978  1.69198507e-04
 -0.36871817   0.92055658  -0.12892823  2.61702726e-04
  0.24503531   0.02471301   0.96919914  5.61779814e-04
 -0.24523373   0.35588676   0.90177882  4.41779959e-04
 -0.68556564   0.71616554  -0.13079245  1.54645441e-04
 -0.14841272  -0.53354584   0.83264788  1.76595291e-04
  0.43983788   0.00477625  -0.89806449  3.08132082e-04
  0.58004052   0.42411182   0.69547262  3.17542440e-04
  0.42097639  -0.90249195   0.09103380  4.41322975e-04
 -0.11143044  -0.92557733   0.36178705  2.91084517e-04
  0.45431604  -0.60048307   0.65804028  3.52080465e-04
  0.82899589   0.33108087   0.45072306  3.30925313e-04
 -0.39124981  -0.56158522  -0.72907175  2.23759726e-04
 -0.55220467   0.66964652  -0.49663220  1.60133777e-04
  0.01193396   0.08255922  -0.99651470  4.22406812e-04
  0.12068069   0.55215121   0.82496376  4.02314117e-04
 -0.74099308  -0.51399562  -0.43213165  2.36870786e-04
  0.92395089   0.36536715   0.11323244  2.03057833e-04
  0.88385183  -0.38154629   0.27060740  1.56011705e-04
  0.81403244   0.49225945   0.30827232  2.79513708e-04
  0.69165984   0.21758228   0.68866873  1.46675325e-04
  0.55391606   0.24850497   0.79462084  1.98670426e-04
 -0.57833997   0.76734511   0.27695551  1.77396556e-04
 -0.68815026   0.68091926   0.25059565  1.66300560e-04
 -0.17343115  -0.15444088  -0.97266112  1.61317214e-04
  0.13128910  -0.08592459  -0.98761335  3.63007790e-04
  0.86762949   0.32286290  -0.37812513  2.24891219e-04
 -0.86339175  -0.06873439  -0.49983023  3.93384139e-04
 -0.37406847   0.74811486  -0.54808479  8.27029745e-04
 -0.53118372  -0.22170138   0.81773611  1.95693673e-04
 -0.39114813   0.91968356   0.03442816  1.56282268e-04
  0.74592073  -0.17554469   0.64248449  1.85783681e-04
 -0.57794886  -0.68466555  -0.44408130  3.68822383e-04
  0.79643081  -0.17916854   0.57757821  1.75178782e-04
 -0.51334466  -0.81960155   0.25442200  3.49547251e-04
  0.98612206   0.16516166   0.01687913  2.29101728e-04
 -0.97159543  -0.15734052   0.17676619  3.93209034e-04
 -0.07102980  -0.23894062   0.96843283  3.47832532e-04
  0.78367411  -0.61117637  -0.11098802  2.14375211e-04
  0.45026684  -0.01557153   0.89275825  6.34206797e-04
  0.60923161  -0.15306677   0.77807931  2.35847299e-04
 -0.48491280   0.87397064   0.03216988  1.54755778e-04
  0.30366512  -0.93413174  -0.18757766  2.22733360e-04
 -0.80361541  -0.59274258   0.05346495  1.83855717e-04
  0.50756869  -0.73468621   0.45012242  2.33466686e-04
  0.64393177   0.26142529   0.71903317  6.34677850e-04
 -0.74890663   0.24559403   0.61548552  2.70926123e-04
  0.60154255  -0.76882481  -0.21692159  3.48834447e-04
  0.47724815  -0.08380286   0.87476356  1.53295333e-04
 -0.67690627   0.15663328   0.71921062  4.66329774e-04
 -0.46540560   0.49327148   0.73490195  1.63296057e-04
 -0.04648149   0.73816055  -0.67302190  3.31421870e-04
  0.43046872   0.89356068   0.12745976  6.13919912e-04
  0.76560726   0.63928992  -0.07179083  4.25669130e-04
  0.06741082   0.66657886   0.74238023  1.72752538e-04
  0.83905845   0.44080696   0.31885755  2.03060575e-04
  0.45048376  -0.19896477  -0.87033177  3.35434926e-04
 -0.41980043  -0.43250449  -0.79793951  1.58213451e-04
 -0.13108024  -0.95433912  -0.26843030  2.92666980e-04
 -0.40844486  -0.83362785   0.37180291  1.72554815e-04
 -0.75757696  -0.41805552   0.50130502  1.79837454e-04
  0.99416155   0.10201333  -0.03515804  7.14013633e-04
 -0.82537951   0.28791362  -0.48564845  3.53335834e-04
 -0.80480431  -0.48408430   0.34344202  4.98740567e-04
 -0.01129940   0.93582104  -0.35229436  2.58476979e-04
  0.38429722   0.10306365   0.91743857  8.26065858e-04
 -0.37682196  -0.37744584  -0.84589589  1.62451897e-04
 -0.76135016   0.55020905   0.34295180  3.54817671e-04
 -0.97364792  -0.10955787   0.20001698  1.66928514e-04
  0.47922647  -0.59407165   0.64608116  7.89360880e-04
 -0.17801660   0.98131230   0.07304975  1.60869730e-04
 -0.52262729   0.80489483  -0.28107832  1.54911676e-04
 -0.72586572   0.03914847   0.68672146  1.79701389e-04
  0.68346672   0.41402954  -0.60120943  8.06251520e-04
 -0.33656555   0.22449531  -0.91450833  3.79676051e-04
  0.24842989   0.07623766   0.96564507  5.01987402e-04
 -0.21707721   0.25160580  -0.94317125  4.56875979e-04
  0.27032240   0.53251998  -0.80208994  4.08157264e-04
 -0.56919015   0.09918505  -0.81620151  3.91483402e-04
 -0.57103483   0.81574257  -0.09210477  3.21532483e-04
  0.93522538   0.18474425   0.30203152  2.35784296e-04
  0.41458071  -0.25584532   0.87330751  7.67070803e-04
 -0.17943215  -0.00944512   0.98372501  1.58285049e-04
  0.99636808  -0.06537243   0.05456278  1.48518430e-04
 -0.53010336  -0.83491783   0.14799541  1.71930943e-04
 -0.32073179   0.50034467  -0.80423027  1.65289510e-04
  0.95554180   0.28676343  -0.06860471  2.28456777e-04
  0.90962725   0.14644823   0.38875593  2.85623178e-04
  0.14117968  -0.98714856  -0.07487339  1.62297985e-04
 -0.13649462   0.07232090   0.98799742  6.41909164e-04
 -0.39818948   0.28414204   0.87218601  3.56788060e-04
  0.19648072   0.82817506   0.52490132  1.49103773e-04
  0.80950500  -0.58372239   0.06300660  2.25906275e-04
 -0.60697036   0.46648203  -0.64341394  2.58186780e-04
 -0.85261331   0.36618055   0.37277653  2.07633992e-04
  0.11333382  -0.45244177   0.88456311  1.81036505e-04
 -0.88468975  -0.39298762  -0.25076837  1.61857767e-04
 -0.65914581   0.59163403  -0.46421544  1.46688689e-04
  0.35200545  -0.93461588   0.05084599  1.78587068e-04
 -0.15796024  -0.75570417   0.63557830  3.76415388e-04
 -0.52087765  -0.23021207  -0.82200297  2.59895066e-04
 -0.06271543  -0.85586215   0.51338753  3.61385506e-04
 -0.52235182  -0.21917675  -0.82408138  1.46029550e-04
  0.43868818   0.55842158   0.70407246  1.47711671e-04
  0.84513085  -0.36737832  -0.38831305  4.13940083e-04
 -0.17250314   0.94056814  -0.29253077  3.31747442e-04
 -0.53452462   0.54000700  -0.65013527  3.01600498e-04
  0.98239067   0.18668167   0.00764978  1.58513562e-04
  0.06156603  -0.93587148  -0.34692102  3.82417474e-04
  0.92397145   0.37077328  -0.09382922  8.39623986e-04
 -0.87875469  -0.33786629   0.33710023  1.91866430e-04
  0.23381611  -0.86253228   0.44874057  1.90237670e-04
  0.00195832   0.39228811  -0.91984032  4.43347041e-04
  0.31805857  -0.89189138  -0.32150974  3.56186479e-04
  0.21972810  -0.89457598  -0.38917011  3.89408805e-04
  0.26906812   0.20930820  -0.94010235  2.77406537e-04
 -0.87621964   0.25525477   0.40875927  2.50999161e-04
  0.09539922  -0.84642531   0.52389234  2.92013864e-04
  0.47325456   0.18525412   0.86122647  1.87238539e-04
 -0.97143422  -0.07314099  -0.22575638  6.26872467e-04
  0.86372964  -0.39785154  -0.30933034  1.80904816e-04
 -0.02367615  -0.25977185  -0.96537973  4.84728182e-04
  0.00649644   0.88315821   0.46903024  1.96197824e-04
 -0.71276195  -0.12942931  -0.68936090  3.21559765e-04
 -0.13615521  -0.64211403   0.75442119  2.77208470e-04
  0.03727486  -0.78975452  -0.61228947  4.87001284e-04
 -0.19677116  -0.96710761  -0.16119546  3.75176585e-04
 -0.32073096   0.49094910   0.81000039  6.27984420e-04
 -0.34380570  -0.58328350  -0.73591983  1.72441231e-04
  0.74593288   0.58719364  -0.31430520  1.77735934e-04
 -0.86933900   0.27907551   0.40788059  1.50560200e-04
 -0.75976988  -0.29317727   0.58034198  2.91285271e-04
 -0.72392008   0.58015335  -0.37331195  3.53376056e-04
  0.01274072  -0.99462938   0.10271358  5.50961879e-04
 -0.21704762  -0.88245547  -0.41732803  1.67190176e-04
  0.53623933  -0.29445192  -0.79104073  1.50198346e-04
 -0.35262051  -0.57480123  -0.73841880  8.42200896e-04
  0.43479402  -0.02799314  -0.90009474  2.79829014e-04
  0.85922353   0.17358602   0.48125131  1.75229025e-04
  0.05434645   0.59502589   0.80186698  1.53344344e-04
 -0.03032427   0.80268414  -0.59563295  1.63225324e-04
 -0.48181608  -0.81673558  -0.31748427  1.67204889e-04
 -0.88723834  -0.34751935   0.30337837  2.14840635e-04
 -0.82153058  -0.33433472  -0.46185258  5.13283754e-04
  0.51339527  -0.71509789   0.47440521  2.53322404e-04
 -0.39443237  -0.60255827  -0.69379149  6.95494044e-04
 -0.69305554   0.11882412   0.71102380  2.59358738e-04
 -0.03882301  -0.56983292  -0.82084299  5.36334157e-04
  0.20163020  -0.84415826  -0.49673141  3.65453443e-04
 -0.26690092  -0.45535012   0.84936457  1.72534391e-04
 -0.11898575  -0.89154862   0.43701653  2.17541647e-04
  0.50675395  -0.85117969  -0.13672444  1.51975178e-04
  0.74126033  -0.22059900   0.63393155  1.70210732e-04
  0.92880460  -0.30226243   0.21438152  4.53699426e-04
  0.94980506   0.30751343   0.05749645  2.67173515e-04
 -0.00265847   0.99669760  -0.08115926  2.06034280e-04
  0.93489208   0.35169879  -0.04779909  2.72610694e-04
 -0.29152325  -0.59702701   0.74737738  2.64872715e-04
  0.82104868   0.15601087   0.54912629  2.46056442e-04
  0.45054586  -0.56939061   0.68760655  2.51024840e-04
 -0.65084029  -0.44593449   0.61445045  5.51285936e-04
  0.75748055   0.65256894   0.01941641  6.27096388e-04
  0.47336835  -0.69421392   0.54220793  1.69861263e-04
  0.01142059  -0.15690972  -0.98754691  2.05468302e-04
 -0.30797260  -0.04158942   0.95048577  2.58180895e-04
  0.32085270   0.93877169   0.12554384  3.56763268e-04
 -0.73239435   0.67757085   0.06705416  3.74144720e-04
  0.33661437   0.79721375  -0.50113971  2.14327362e-04
  0.43947091   0.37612619  -0.81571711  1.68051019e-04
  0.00201964   0.73938088  -0.67328437  2.03811839e-04
  0.70476028  -0.16520141   0.68994307  1.83484393e-04
 -0.12622484   0.85864943  -0.49677807  3.86636233e-04
 -0.68399442  -0.72906780  -0.02473394  3.78163023e-04
 -0.26317183  -0.54194743   0.79814383  4.67547802e-04
 -0.84529719   0.14429354  -0.51444341  4.52753431e-04
  0.26981855  -0.54230607   0.79567712  2.58105345e-04
 -0.34628140   0.58413809   0.73407893  3.18142388e-04
 -0.24969704   0.94869647  -0.19397523  7.69397197e-04
  0.67126972   0.37034120  -0.64206259  1.80062559e-04
 -0.67260581   0.68187533  -0.28748472  1.79443929e-04
 -0.69278712   0.23955396  -0.68019108  1.72429381e-04
 -0.03019480   0.93559086   0.35179258  1.75030562e-04
 -0.68426195   0.69697586  -0.21449996  3.42443451e-04
 -0.48705735  -0.30550881  -0.81819283  3.84811847e-04
 -0.73169666   0.33476881  -0.59375907  1.45581117e-04
 -0.73145224   0.68188504  -0.00322664  1.49258577e-04
  0.81247552   0.35279871  -0.46412993  4.23378663e-04
  0.12644245  -0.11676582  -0.98507769  5.86680658e-04
  0.29777285  -0.33335078  -0.89454379  1.68595681e-04
 -0.57557428   0.74006445   0.34787765  2.02173183e-04
  0.27260513  -0.58848335  -0.76116607  2.23038059e-04
  0.30327859   0.00497775  -0.95288893  1.86362596e-04
 -0.69014827   0.48931956  -0.53316202  1.61059761e-04
 -0.61223892  -0.10775814   0.78329541  1.87135719e-04
 -0.59250663  -0.02524527   0.80516990  1.60425188e-04
  0.33171593  -0.84363236  -0.42219542  4.78471406e-04
  0.97153899   0.23261206   0.04476192  6.46280857e-04
 -0.76780727   0.31708020  -0.55671549  1.72338445e-04
 -0.02421746  -0.29763783   0.95437164  6.14820505e-04
 -0.64554190  -0.75350091   0.12454732  2.24201764e-04
  0.01012486   0.97871627   0.20496818  2.21494975e-04
  0.44796583   0.36600206  -0.81570161  2.11907392e-04
 -0.88882131   0.22213743  -0.40081372  1.98085098e-04
  0.67577709  -0.72025754  -0.15669845  4.30046625e-04
 -0.21158911  -0.88512044   0.41447781  2.33548337e-04
  0.79636449   0.02879704   0.60413105  7.98778716e-04
  0.30964231   0.94946499  -0.05136020  4.80976288e-04
 -0.98918894   0.13060606   0.06668808  6.93357695e-04
 -0.57992438   0.80891814   0.09663935  3.65576541e-04
 -0.73855088  -0.65106182   0.17510312  1.47531053e-04
 -0.46230770   0.50241900  -0.73064816  3.85514344e-04
  0.08823461  -0.12931494   0.98767014  1.77111688e-04
 -0.48704931  -0.27363732  -0.82940074  4.02376774e-04
  0.29897740  -0.22014066   0.92852065  3.81037144e-04
  0.59204927   0.74543430   0.30627661  1.69791793e-04
  0.90908904  -0.04134908  -0.41454478  4.78050317e-04
  0.04605034   0.71295027   0.69970085  1.60793936e-04
  0.48761325   0.30229497  -0.81905499  5.13067716e-04
 -0.41358251  -0.58093501  -0.70104495  2.95258287e-04
 -0.67096237  -0.64108385   0.37258689  2.43278129e-04
  0.67922656   0.49882848  -0.53835066  2.95359256e-04
  0.45379116   0.52223753   0.72203985  3.69620513e-04
 -0.92215726   0.35806056   0.14635102  2.21883837e-04
 -0.75926111   0.10425446   0.64238117  6.58616488e-04
  0.77870943   0.55418251  -0.29409755  1.53253425e-04
  0.94763454   0.25350178   0.19423084  4.01207889e-04
 -0.72070723   0.65897426  -0.21525340  1.68964857e-04
 -0.52492614  -0.27129974  -0.80675213  1.62798753e-04
  0.48833390   0.38223174   0.78449277  3.49326379e-04
 -0.31585560   0.88253350  -0.34838177  4.38939060e-04
  0.99044347  -0.08623449   0.10763522  2.62706365e-04
 -0.72496153   0.68316092   0.08787451  1.81584677e-04
  0.92992384  -0.21604963  -0.29759739  3.66626016e-04
 -0.72487492  -0.63998526   0.25490238  2.67070315e-04
 -0.36626783   0.87514225  -0.31618652  3.39193211e-04
  0.54635196   0.83415598  -0.07538794  2.15615151e-04
 -0.58085396   0.67254353   0.45857810  3.01573810e-04
 -0.72412197   0.20584946   0.65823504  2.59808272e-04
  0.12150052  -0.97414100   0.19049128  2.43794853e-04
  0.84350920   0.16919532   0.50976973  1.71110835e-04
 -0.02665257   0.93705013   0.34817623  2.77330966e-04
 -0.31260904   0.73999626  -0.59555111  2.45745773e-04
  0.35751600  -0.73647464  -0.57427120  2.42129096e-04
  0.27523593   0.58851176  -0.76019675  2.37410293e-04
  0.98872157   0.05201166   0.14044376  2.15127902e-04
 -0.71725140  -0.63940190  -0.27697588  3.22323034e-04
  0.66757747  -0.57566867  -0.47217149  5.06723316e-04
 -0.52321736  -0.84694340   0.09450115  1.87514993e-04
 -0.18949322   0.68200488  -0.70637219  3.62418329e-04
  0.51953476  -0.85440862   0.00833908  4.83243566e-04
 -0.12120495   0.62829903   0.76847231  2.33826016e-04
 -0.94857099   0.10657104  -0.29808672  2.72253398e-04
  0.01611121   0.32359067   0.94605999  2.71256654e-04
  0.64130644   0.76554411   0.05165527  3.16688996e-04
  0.53171499  -0.37202742   0.76083820  2.17364908e-04
 -0.70722926   0.39693767  -0.58503612  8.04833097e-04
 -0.13824443  -0.81073722  -0.56885292  3.77174210e-04
  0.73463643   0.61957688   0.27646666  4.47069737e-04
  0.65132106  -0.29316302   0.69988308  2.13465484e-04
  0.85450906  -0.50962807   0.10046639  1.46617917e-04
  0.09137844  -0.59482701   0.79864310  1.83785276e-04
 -0.39622705  -0.05289338  -0.91662774  2.02465961e-04
  0.88927228  -0.11967660  -0.44144346  1.61312113e-04
  0.46959043   0.02126208   0.88262832  2.72243849e-04
 -0.44689935   0.89199568   0.06800499  1.67618094e-04
  0.80777484   0.26874389  -0.52466801  4.32911258e-04
 -0.10321918  -0.68761105   0.71870498  1.63978307e-04
 -0.08104489   0.76998157  -0.63289819  1.93603399e-04
  0.42525431   0.51083828   0.74712986  1.79368241e-04
 -0.95947731  -0.01904792   0.28114137  2.86421406e-04
 -0.66115108  -0.17140658  -0.73041018  5.14529727e-04
 -0.79971131  -0.20018601  -0.56602773  2.69720707e-04
 -0.09139460  -0.41483982   0.90529274  1.78263590e-04
 -0.57244202  -0.44586603  -0.68812326  3.47736631e-04
 -0.89606362  -0.43877245  -0.06744419  2.66434655e-04
  0.46737549  -0.69979219  -0.54023240  5.11959508e-04
  0.80527684  -0.59103283   0.04700428  1.88068631e-04
  0.97222249   0.23300649  -0.02216787  3.82847597e-04
  0.74871466   0.56427875   0.34787332  4.08201606e-04
 -0.13312131   0.91812669   0.37325874  3.23385961e-04
 -0.37549550  -0.92006486  -0.11173087  2.39137920e-04
 -0.78428015   0.09696827   0.61278202  1.90011669e-04
  0.80638173   0.50455261  -0.30850473  3.22515019e-04
 -0.26075645   0.91512920   0.30748109  1.78031205e-04
  0.17211261   0.88527366   0.43205070  2.24844992e-04
  0.96377507   0.25018586  -0.09243725  1.49434599e-04
 -0.22561863  -0.77321741   0.59264751  1.74520045e-04
 -0.99779397   0.02052104   0.06313548  1.88388683e-04
 -0.60809055  -0.19418206  -0.76975269  1.61123514e-04
  0.72749916  -0.18169236  -0.66161383  2.05351209e-04
 -0.75403410   0.58186568   0.30473746  6.28212029e-04
 -0.24575377  -0.66458064  -0.70564697  5.93094876e-04
 -0.00404545  -0.18436432  -0.98284965  3.65675307e-04
 -0.84127895  -0.53843290  -0.04837092  1.58100762e-04
 -0.30641439   0.29668649  -0.90448181  1.98602890e-04
  0.84066002   0.25372649   0.47844917  2.30367491e-04
  0.32744227   0.91171030  -0.24812474  4.83347940e-04
  0.92848424  -0.29757567   0.22218403  2.80484233e-04
  0.17179009   0.90626916  -0.38621805  2.09493037e-04
 -0.79913493  -0.08818358   0.59464865  4.00962745e-04
 -0.57729526   0.59699413  -0.55707108  8.66125937e-04
 -0.50977233   0.57623617  -0.63881456  1.64647774e-04
 -0.70582719   0.39900208   0.58532497  4.45095921e-04
 -0.16492480  -0.39207854  -0.90502720  2.09249160e-04
  0.47659109  -0.21980536  -0.85120299  3.84159482e-04
  0.00741493  -0.81023783   0.58605432  2.26561999e-04
  0.02038246   0.49179742   0.87047105  2.38532852e-04
  0.79337626  -0.12766338  -0.59519423  3.98951233e-04
  0.62605093   0.56128850   0.54130901  1.80814624e-04
 -0.97606076  -0.12098989  -0.18073969  1.96160414e-04
 -0.99935480  -0.02112846  -0.02904417  2.15895519e-04
  0.57293554   0.81916938  -0.02657826  1.85925829e-04
  0.24041426  -0.91639003  -0.32004734  3.34333459e-04
 -0.91335890   0.40689868   0.01445623  6.42504118e-04
 -0.03230275   0.57986724   0.81407034  6.31348458e-04
  0.14466516   0.85844987   0.49207298  4.44220863e-04
  0.02262771  -0.67933676  -0.73347771  1.57842174e-04
  0.95576473  -0.28590592   0.06907660  1.48896653e-04
  0.15143402  -0.88184346  -0.44656451  1.96817744e-04
 -0.30633704   0.69292081  -0.65270082  1.60919159e-04
  0.84744689  -0.29975737   0.43815442  2.73767265e-04
  0.46107275  -0.88464680  -0.06936828  1.45473280e-04
 -0.68489761  -0.27311132   0.67551867  1.88040046e-04
 -0.78278963  -0.52442686   0.33498785  4.07454412e-04
  0.81061334   0.43414704   0.39296610  1.54353756e-04
  0.49447389   0.59138198  -0.63699523  2.23490069e-04
 -0.85262194   0.24517849   0.46143616  1.54706956e-04
 -0.94281824   0.04910835  -0.32966974  1.68957063e-04
  0.92478091  -0.37894230  -0.03439484  2.32916118e-04
 -0.88212803  -0.21061029  -0.42129972  1.64415646e-04
 -0.77755296   0.18869163   0.59983903  3.70529773e-04
  0.62219831   0.09798907   0.77670290  4.49905045e-04
 -0.17901721   0.98336937  -0.03061882  4.09503603e-04
 -0.04752346   0.48887797   0.87105675  1.79846229e-04
  0.58048819  -0.77178718  -0.25957275  1.61895273e-04
 -0.43679775   0.58595006  -0.68254689  2.03087295e-04
 -0.42001837   0.86620092  -0.27070378  4.01809053e-04
  0.44023809   0.89602699   0.05767189  2.72778849e-04
  0.67398357   0.60444573   0.42472522  2.06408386e-04
  0.23906419   0.78636954   0.56962379  1.80395384e-04
  0.83416446   0.21234467  -0.50899842  4.37494448e-04
 -0.98739099   0.12275060  -0.09995659  4.24385493e-04
 -0.28014981  -0.66150127  -0.69565232  1.50418071e-04
  0.75611888   0.09980681   0.64677882  1.77207179e-04
 -0.95682376   0.05703799  -0.28501746  1.53392561e-04
  0.47563400  -0.61214790  -0.63170186  2.31493616e-04
 -0.66410254   0.74107319   0.09888545  1.51082939e-04
 -0.24036486   0.34137309  -0.90867439  2.05810019e-04
  0.52450706  -0.50485708  -0.68557397  3.35434039e-04
  0.77043558  -0.62088825  -0.14466097  1.81660274e-04
 -0.69947709   0.64480258  -0.30815812  1.86161731e-04
 -0.36289786   0.06814456   0.92933388  2.20540125e-04
  0.11336495   0.05951331  -0.99176941  2.67290980e-04
 -0.89139078   0.43473795   0.12816159  3.70513793e-04
 -0.15643656   0.78706526  -0.59670419  1.90069618e-04
  0.78524234  -0.47471281   0.39754524  2.16013326e-04
  0.33631570  -0.89649326   0.28842952  5.18063698e-04
  0.75194214   0.34659036  -0.56076567  2.75365312e-04
 -0.10203564   0.28217906   0.95392018  7.98236597e-04
 -0.64009514   0.08951445  -0.76306315  2.89855739e-04
  0.40242767   0.83657838   0.37173725  3.45652392e-04
 -0.71891405  -0.66145102  -0.21364723  3.51283093e-04
 -0.37486787  -0.89603858  -0.23788432  3.40764332e-04
 -0.88225263  -0.46599126   0.06695104  2.00296702e-04
 -0.94666883   0.12107991   0.29859301  2.23087715e-04
  0.01568023   0.98863877   0.14949085  1.49162655e-04
 -0.76913519   0.07143086  -0.63508165  2.31229202e-04
  0.05544039  -0.44344812   0.89458377  5.89859165e-04
  0.04057882   0.51802979   0.85439949  2.46271190e-04
 -0.89867074   0.26796314   0.34725589  2.72750073e-04
  0.04305355   0.99390909  -0.10144508  3.13946102e-04
 -0.78254180   0.53671711  -0.31553616  2.73444973e-04
 -0.13775133   0.89646327   0.42116288  1.75433688e-04
 -0.50649380  -0.58784641   0.63079365  4.55123009e-04
  0.86225939  -0.30862563  -0.40157062  5.06222450e-04
 -0.09240970  -0.90608172   0.41288784  2.45197050e-04
  0.89329582  -0.44944247   0.00490421  2.24668095e-04
