400
 -1.1407996218300525E+00 -2.3170985309886123E+00 3.8420614944644871E-01
 8.6232385894674038E-03 -5.8981841295792543E-03 -1.9127701000611582E-03
0
0.0
 -1.1407996218300525E+00 -2.3170985309886123E+00 3.8420614944644871E-01
 9.0361963542779939E-03 -6.1173324086199292E-03 -1.6217226878264903E-03
0
0.0
 -1.1407996218300525E+00 -2.3170985309886123E+00 3.8420614944644871E-01
 8.8016802710803969E-03 -5.9281794821472071E-03 -1.5764846515474015E-03
0
0.0
 -1.1407996218300525E+00 -2.3170985309886123E+00 3.8420614944644871E-01
 9.1004506166559272E-03 -6.0409206696024767E-03 -1.5853893274785054E-03
0
0.0
 -1.1407996218300525E+00 -2.3170985309886123E+00 3.8420614944644871E-01
 8.8333325113427660E-03 -6.1987387597114323E-03 -1.6155917962763786E-03
0
0.0
 -1.1407996218300525E+00 -2.3170985309886123E+00 3.8420614944644871E-01
 8.7723479110360866E-03 -5.8092859639608729E-03 -1.4941149489972306E-03
0
0.0
 -1.1407996218300525E+00 -2.3170985309886123E+00 3.8420614944644871E-01
 8.6057421400044330E-03 -5.8506122640657517E-03 -1.7599183163666474E-03
0
0.0
 -1.1407996218300525E+00 -2.3170985309886123E+00 3.8420614944644871E-01
 8.5708599564141199E-03 -6.0258582075649516E-03 -1.7532551165321626E-03
0
0.0
 -1.1407996218300525E+00 -2.3170985309886123E+00 3.8420614944644871E-01
 8.7612889169202176E-03 -5.8965686720237366E-03 -1.5968818580273571E-03
0
0.0
 -1.1407996218300525E+00 -2.3170985309886123E+00 3.8420614944644871E-01
 8.6397796333432132E-03 -5.8100718834688762E-03 -1.8026931802639572E-03
0
0.0
 -1.1407996218300525E+00 -2.3170985309886123E+00 3.8420614944644871E-01
 8.9319231222568466E-03 -5.8252024260231671E-03 -1.4036782216371988E-03
0
0.0
 -1.1407996218300525E+00 -2.3170985309886123E+00 3.8420614944644871E-01
 8.6403626452726118E-03 -6.1624257791965198E-03 -1.5267762694161861E-03
0
0.0
 -1.1407996218300525E+00 -2.3170985309886123E+00 3.8420614944644871E-01
 8.7774174868952299E-03 -6.0043641949071667E-03 -1.4223502344788404E-03
0
0.0
 -1.1407996218300525E+00 -2.3170985309886123E+00 3.8420614944644871E-01
 8.6571203970944571E-03 -5.7954898535890207E-03 -1.6467350894115100E-03
0
0.0
 -1.1407996218300525E+00 -2.3170985309886123E+00 3.8420614944644871E-01
 8.7176139303805304E-03 -5.6052448726409826E-03 -1.5907141008052934E-03
0
0.0
 -1.1407996218300525E+00 -2.3170985309886123E+00 3.8420614944644871E-01
 8.7657605555483010E-03 -6.0059727749921911E-03 -1.6722111616486734E-03
0
0.0
 -1.1407996218300525E+00 -2.3170985309886123E+00 3.8420614944644871E-01
 8.8511806373146561E-03 -5.8697986486576917E-03 -1.3766073542362987E-03
0
0.0
 -1.1407996218300525E+00 -2.3170985309886123E+00 3.8420614944644871E-01
 8.6886988575677962E-03 -5.8357774329646957E-03 -1.7669309716893339E-03
0
0.0
 -1.1407996218300525E+00 -2.3170985309886123E+00 3.8420614944644871E-01
 8.8093594862771098E-03 -5.8489450531154143E-03 -1.5409428396341654E-03
0
0.0
 -1.1407996218300525E+00 -2.3170985309886123E+00 3.8420614944644871E-01
 8.8753803805017833E-03 -5.9512037697102664E-03 -1.5777362274964006E-03
0
0.0
 -1.1407996218300525E+00 -2.3170985309886123E+00 3.8420614944644871E-01
 8.8694806091782728E-03 -6.0528170029804738E-03 -1.6849266415888701E-03
0
0.0
 -1.1407996218300525E+00 -2.3170985309886123E+00 3.8420614944644871E-01
 8.8619732482445156E-03 -5.9735617567403835E-03 -1.5023241976272741E-03
0
0.0
 -1.1407996218300525E+00 -2.3170985309886123E+00 3.8420614944644871E-01
 8.7066099282619470E-03 -5.9555780541675355E-03 -1.6474338287413097E-03
0
0.0
 -1.1407996218300525E+00 -2.3170985309886123E+00 3.8420614944644871E-01
 8.8213829607166460E-03 -5.9854513731558163E-03 -1.6763609819854979E-03
0
0.0
 -1.1407996218300525E+00 -2.3170985309886123E+00 3.8420614944644871E-01
 8.7987417066512971E-03 -5.7705697043753329E-03 -1.6851033530904779E-03
0
0.0
 -1.1407996218300525E+00 -2.3170985309886123E+00 3.8420614944644871E-01
 8.7002485060845552E-03 -6.0016859912852220E-03 -1.8524899915584540E-03
0
0.0
 -1.1407996218300525E+00 -2.3170985309886123E+00 3.8420614944644871E-01
 8.9064607621500043E-03 -5.9243516459944598E-03 -1.6499484382460252E-03
0
0.0
 -1.1407996218300525E+00 -2.3170985309886123E+00 3.8420614944644871E-01
 8.8645960124943586E-03 -5.8652504103612075E-03 -1.4393139577619394E-03
0
0.0
 -1.1407996218300525E+00 -2.3170985309886123E+00 3.8420614944644871E-01
 8.7675140438880882E-03 -5.8841121866000145E-03 -1.6124311989003653E-03
0
0.0
 -1.1407996218300525E+00 -2.3170985309886123E+00 3.8420614944644871E-01
 8.8155421758844207E-03 -5.7908251818430496E-03 -1.5002561635346641E-03
0
0.0
 -1.1407996218300525E+00 -2.3170985309886123E+00 3.8420614944644871E-01
 8.8491789310995404E-03 -5.8420561555140851E-03 -1.5572134645701731E-03
0
0.0
 -1.1407996218300525E+00 -2.3170985309886123E+00 3.8420614944644871E-01
 8.9140380141365452E-03 -5.7371236042409015E-03 -1.4692691653389511E-03
0
0.0
 -1.1407996218300525E+00 -2.3170985309886123E+00 3.8420614944644871E-01
 8.6217652913601409E-03 -5.7582443232542385E-03 -1.5708556684025884E-03
0
0.0
 -1.1407996218300525E+00 -2.3170985309886123E+00 3.8420614944644871E-01
 8.8754302414428884E-03 -6.0534171917259426E-03 -1.5220614973178929E-03
0
0.0
 -1.1407996218300525E+00 -2.3170985309886123E+00 3.8420614944644871E-01
 8.8646463537691809E-03 -6.0030902368496501E-03 -1.5079899001421016E-03
0
0.0
 -1.1407996218300525E+00 -2.3170985309886123E+00 3.8420614944644871E-01
 8.9151533072413039E-03 -5.9612804368800992E-03 -1.4509636098587264E-03
0
0.0
 -1.1407996218300525E+00 -2.3170985309886123E+00 3.8420614944644871E-01
 8.9359535082557760E-03 -5.9182454485685642E-03 -1.5992017845902135E-03
0
0.0
 -1.1407996218300525E+00 -2.3170985309886123E+00 3.8420614944644871E-01
 8.5489232821905868E-03 -5.9051950661069934E-03 -1.5950135123868467E-03
0
0.0
 -1.1407996218300525E+00 -2.3170985309886123E+00 3.8420614944644871E-01
 8.7803400775239779E-03 -5.9189104513448177E-03 -1.5765786053130451E-03
0
0.0
 -1.1407996218300525E+00 -2.3170985309886123E+00 3.8420614944644871E-01
 8.6917366518189012E-03 -5.8227559162575306E-03 -1.7615126539229206E-03
0
0.0
 -1.1407996218300525E+00 -2.3170985309886123E+00 3.8420614944644871E-01
 8.6313019766788655E-03 -6.0281724141651527E-03 -1.5103845456974838E-03
0
0.0
 -1.1407996218300525E+00 -2.3170985309886123E+00 3.8420614944644871E-01
 8.9157725303308667E-03 -5.8695864822884093E-03 -1.4284264872752523E-03
0
0.0
 -1.1407996218300525E+00 -2.3170985309886123E+00 3.8420614944644871E-01
 8.8061778699859601E-03 -5.8961381657122612E-03 -1.6613195232495232E-03
0
0.0
 -1.1407996218300525E+00 -2.3170985309886123E+00 3.8420614944644871E-01
 8.8672091887541798E-03 -5.9249731748512368E-03 -1.5418245051068821E-03
0
0.0
 -1.1407996218300525E+00 -2.3170985309886123E+00 3.8420614944644871E-01
 8.7726569803982472E-03 -6.0487366642878980E-03 -1.9372336235168146E-03
0
0.0
 -1.1407996218300525E+00 -2.3170985309886123E+00 3.8420614944644871E-01
 8.8981603582030892E-03 -5.8912585885897029E-03 -1.5704957866873323E-03
0
0.0
 -1.1407996218300525E+00 -2.3170985309886123E+00 3.8420614944644871E-01
 8.8030472577737291E-03 -5.9453035749410903E-03 -1.6545488648584928E-03
0
0.0
 -1.1407996218300525E+00 -2.3170985309886123E+00 3.8420614944644871E-01
 8.8797548877656961E-03 -5.9074703286868622E-03 -1.4452554941090947E-03
0
0.0
 -1.1407996218300525E+00 -2.3170985309886123E+00 3.8420614944644871E-01
 8.8831367962331400E-03 -5.9014960019463042E-03 -1.6731417651731199E-03
0
0.0
 -1.1407996218300525E+00 -2.3170985309886123E+00 3.8420614944644871E-01
 8.8204683149853396E-03 -6.0055667331555132E-03 -1.4662871537671495E-03
0
0.0
 -1.1407996218300525E+00 -2.3170985309886123E+00 3.8420614944644871E-01
 8.8195530293762470E-03 -5.9083346059775957E-03 -1.6270435099078032E-03
0
0.0
 -1.1407996218300525E+00 -2.3170985309886123E+00 3.8420614944644871E-01
 8.5624329995879055E-03 -5.8966005007871618E-03 -1.6112796285463050E-03
0
0.0
 -1.1407996218300525E+00 -2.3170985309886123E+00 3.8420614944644871E-01
 8.7969965869166139E-03 -5.9943745562664906E-03 -1.5954033753092522E-03
0
0.0
 -1.1407996218300525E+00 -2.3170985309886123E+00 3.8420614944644871E-01
 8.7693806006364124E-03 -5.7751500257612080E-03 -1.7025463449265139E-03
0
0.0
 -1.1407996218300525E+00 -2.3170985309886123E+00 3.8420614944644871E-01
 8.7217418374808051E-03 -5.7652184848807648E-03 -1.5419180762733561E-03
0
0.0
 -1.1407996218300525E+00 -2.3170985309886123E+00 3.8420614944644871E-01
 8.9096298816152709E-03 -5.8187228275129619E-03 -1.5757632219499562E-03
0
0.0
 -1.1407996218300525E+00 -2.3170985309886123E+00 3.8420614944644871E-01
 8.9058874407341310E-03 -5.8932857876268906E-03 -1.4267798778936046E-03
0
0.0
 -1.1407996218300525E+00 -2.3170985309886123E+00 3.8420614944644871E-01
 8.4418910834072759E-03 -5.9350880639927528E-03 -1.5795645574913869E-03
0
0.0
 -1.1407996218300525E+00 -2.3170985309886123E+00 3.8420614944644871E-01
 8.6683618027126718E-03 -6.0348310315981530E-03 -1.8103525302090855E-03
0
0.0
 -1.1407996218300525E+00 -2.3170985309886123E+00 3.8420614944644871E-01
 8.8655509995096693E-03 -5.8861806683992279E-03 -1.5037420659159508E-03
0
0.0
 -1.1407996218300525E+00 -2.3170985309886123E+00 3.8420614944644871E-01
 8.8501075785502661E-03 -5.7785331600496226E-03 -1.7367677309235434E-03
0
0.0
 -1.1407996218300525E+00 -2.3170985309886123E+00 3.8420614944644871E-01
 8.7705515036882124E-03 -5.7154290177245408E-03 -1.8563930977748911E-03
0
0.0
 -1.1407996218300525E+00 -2.3170985309886123E+00 3.8420614944644871E-01
 8.8005616220789215E-03 -5.7603448883115785E-03 -1.5900085042316054E-03
0
0.0
 -1.1407996218300525E+00 -2.3170985309886123E+00 3.8420614944644871E-01
 8.6478582576711253E-03 -5.9342425055914673E-03 -1.4124151004745109E-03
0
0.0
 -1.1407996218300525E+00 -2.3170985309886123E+00 3.8420614944644871E-01
 8.6437931060617517E-03 -6.1244468356131763E-03 -1.6969989802637407E-03
0
0.0
 -1.1407996218300525E+00 -2.3170985309886123E+00 3.8420614944644871E-01
 8.8299880738053910E-03 -5.9374933602859611E-03 -1.6664477117246180E-03
0
0.0
 -1.1407996218300525E+00 -2.3170985309886123E+00 3.8420614944644871E-01
 8.6314867291738349E-03 -5.8976376662153119E-03 -1.3166363259002182E-03
0
0.0
 -1.1407996218300525E+00 -2.3170985309886123E+00 3.8420614944644871E-01
 8.9872654455410757E-03 -5.9640911638858566E-03 -1.4602052916495997E-03
0
0.0
 -1.1407996218300525E+00 -2.3170985309886123E+00 3.8420614944644871E-01
 8.9451928610502218E-03 -6.0109585988789693E-03 -1.3846782396540770E-03
0
0.0
 -1.1407996218300525E+00 -2.3170985309886123E+00 3.8420614944644871E-01
 8.7460777856696557E-03 -5.9933505725843312E-03 -1.6075134102635392E-03
0
0.0
 -1.1407996218300525E+00 -2.3170985309886123E+00 3.8420614944644871E-01
 8.8322362427838697E-03 -6.1052535257254160E-03 -1.4348207194869972E-03
0
0.0
 -1.1407996218300525E+00 -2.3170985309886123E+00 3.8420614944644871E-01
 8.8627682987342041E-03 -5.9340727002422490E-03 -1.8133675125839525E-03
0
0.0
 -1.1407996218300525E+00 -2.3170985309886123E+00 3.8420614944644871E-01
 8.9383713824937074E-03 -5.8325675328987463E-03 -1.6129318505967640E-03
0
0.0
 -1.1407996218300525E+00 -2.3170985309886123E+00 3.8420614944644871E-01
 8.9158899606890715E-03 -5.6870677875182395E-03 -1.5325990800517646E-03
0
0.0
 -1.1407996218300525E+00 -2.3170985309886123E+00 3.8420614944644871E-01
 8.7307274710411078E-03 -5.8176764427958954E-03 -1.5393186010953842E-03
0
0.0
 -1.1407996218300525E+00 -2.3170985309886123E+00 3.8420614944644871E-01
 8.7450504221209882E-03 -6.0480783374862335E-03 -1.6581898540426352E-03
0
0.0
 -1.1407996218300525E+00 -2.3170985309886123E+00 3.8420614944644871E-01
 8.6820510223477605E-03 -6.0221119958730083E-03 -1.6296829606045518E-03
0
0.0
 -1.1407996218300525E+00 -2.3170985309886123E+00 3.8420614944644871E-01
 8.9464575121259247E-03 -5.9279039454977010E-03 -1.8798827017471971E-03
0
0.0
 -1.1407996218300525E+00 -2.3170985309886123E+00 3.8420614944644871E-01
 8.6862921397753163E-03 -5.7533656399724213E-03 -1.6979631405289735E-03
0
0.0
 -1.1407996218300525E+00 -2.3170985309886123E+00 3.8420614944644871E-01
 8.9003893634894710E-03 -6.1553814841794350E-03 -1.5181926972509415E-03
0
0.0
 -1.1407996218300525E+00 -2.3170985309886123E+00 3.8420614944644871E-01
 8.7146467698148884E-03 -5.8539322732847447E-03 -1.4529160624571487E-03
0
0.0
 -1.1407996218300525E+00 -2.3170985309886123E+00 3.8420614944644871E-01
 8.6181346981265717E-03 -5.8520922909973830E-03 -1.7438671753721147E-03
0
0.0
 -1.1407996218300525E+00 -2.3170985309886123E+00 3.8420614944644871E-01
 9.0329480253234333E-03 -5.9832069468552344E-03 -1.6853043877812870E-03
0
0.0
 -1.1407996218300525E+00 -2.3170985309886123E+00 3.8420614944644871E-01
 8.9366623401397876E-03 -5.8100252285703154E-03 -1.8114381295837891E-03
0
0.0
 -1.1407996218300525E+00 -2.3170985309886123E+00 3.8420614944644871E-01
 8.8023904535595304E-03 -6.1206624654203141E-03 -1.5350231922098168E-03
0
0.0
 -1.1407996218300525E+00 -2.3170985309886123E+00 3.8420614944644871E-01
 8.8790543415779490E-03 -6.1515283885827041E-03 -1.5955204830478561E-03
0
0.0
 -1.1407996218300525E+00 -2.3170985309886123E+00 3.8420614944644871E-01
 8.6500613849388973E-03 -6.1650743034872800E-03 -1.4303335659220518E-03
0
0.0
 -1.1407996218300525E+00 -2.3170985309886123E+00 3.8420614944644871E-01
 8.7544516549003769E-03 -5.9082993018946131E-03 -1.6122887361770628E-03
0
0.0
 -1.1407996218300525E+00 -2.3170985309886123E+00 3.8420614944644871E-01
 8.9419592255631525E-03 -5.7488321996557422E-03 -1.6561831053656041E-03
0
0.0
 -1.1407996218300525E+00 -2.3170985309886123E+00 3.8420614944644871E-01
 8.7979608419874004E-03 -5.8464353190793130E-03 -1.6805008554049766E-03
0
0.0
 -1.1407996218300525E+00 -2.3170985309886123E+00 3.8420614944644871E-01
 8.7599068463273186E-03 -5.7045517295298319E-03 -1.6211391546070101E-03
0
0.0
 -1.1407996218300525E+00 -2.3170985309886123E+00 3.8420614944644871E-01
 8.7860976429653525E-03 -6.0271471474119499E-03 -1.4923193889201064E-03
0
0.0
 -1.1407996218300525E+00 -2.3170985309886123E+00 3.8420614944644871E-01
 8.6030514128694145E-03 -5.9881560653015850E-03 -1.4321567748013804E-03
0
0.0
 -1.1407996218300525E+00 -2.3170985309886123E+00 3.8420614944644871E-01
 8.7613096542106129E-03 -5.7471942140674866E-03 -1.6599002924032082E-03
0
0.0
 -1.1407996218300525E+00 -2.3170985309886123E+00 3.8420614944644871E-01
 8.5074236613365377E-03 -5.8020454773551498E-03 -1.4904938176483495E-03
0
0.0
 -1.1407996218300525E+00 -2.3170985309886123E+00 3.8420614944644871E-01
 8.8597699074653719E-03 -5.9111436086712859E-03 -1.6246527432981503E-03
0
0.0
 -1.1407996218300525E+00 -2.3170985309886123E+00 3.8420614944644871E-01
 8.8008061312023819E-03 -5.9143070006126000E-03 -1.6355111403233101E-03
0
0.0
 -1.1407996218300525E+00 -2.3170985309886123E+00 3.8420614944644871E-01
 8.7991660226647457E-03 -6.0251347856967652E-03 -1.4157027883103137E-03
0
0.0
 -1.1407996218300525E+00 -2.3170985309886123E+00 3.8420614944644871E-01
 8.9536305398112848E-03 -5.8416446022664494E-03 -1.7203723987367155E-03
0
0.0
 -1.1407996218300525E+00 -2.3170985309886123E+00 3.8420614944644871E-01
 8.8953112876634551E-03 -5.8032868369599713E-03 -1.4813759181536135E-03
0
0.0
 -1.1407996218300525E+00 -2.3170985309886123E+00 3.8420614944644871E-01
 8.7172065934986095E-03 -5.8103425790407949E-03 -1.7905742556849128E-03
0
0.0
 -1.1407996218300525E+00 -2.3170985309886123E+00 3.8420614944644871E-01
 8.7903200907217746E-03 -5.9632034121602211E-03 -1.7965354494207629E-03
0
0.0
 -1.1407996218300525E+00 -2.3170985309886123E+00 3.8420614944644871E-01
 8.8531364404895417E-03 -6.0735594719381631E-03 -1.6243012525393096E-03
0
0.0
 -1.1407996218300525E+00 -2.3170985309886123E+00 3.8420614944644871E-01
 8.7851903951065794E-03 -5.8353190665596773E-03 -1.4433071694608317E-03
0
0.0
 -1.1407996218300525E+00 -2.3170985309886123E+00 3.8420614944644871E-01
 8.6987139401809212E-03 -6.0398119881572183E-03 -1.7091484600378572E-03
0
0.0
 -1.1407996218300525E+00 -2.3170985309886123E+00 3.8420614944644871E-01
 8.7837435241484522E-03 -5.9084939247459854E-03 -1.6278441886884035E-03
0
0.0
 -1.1407996218300525E+00 -2.3170985309886123E+00 3.8420614944644871E-01
 8.9825897883556126E-03 -5.8667465095924715E-03 -1.4891517045688345E-03
0
0.0
 -1.1407996218300525E+00 -2.3170985309886123E+00 3.8420614944644871E-01
 8.8128331236596198E-03 -5.9459466348312532E-03 -1.4342702869246308E-03
0
0.0
 -1.1407996218300525E+00 -2.3170985309886123E+00 3.8420614944644871E-01
 8.9352476284079926E-03 -5.8233980628607344E-03 -1.5029110202353262E-03
0
0.0
 -1.1407996218300525E+00 -2.3170985309886123E+00 3.8420614944644871E-01
 8.6546953620943723E-03 -5.7666350377018095E-03 -1.8437991531455090E-03
0
0.0
 -1.1407996218300525E+00 -2.3170985309886123E+00 3.8420614944644871E-01
 8.8299110367799482E-03 -5.8990101062497214E-03 -1.5397275550761698E-03
0
0.0
 -1.1407996218300525E+00 -2.3170985309886123E+00 3.8420614944644871E-01
 8.9191597007279196E-03 -5.9049406024147856E-03 -1.3166513361013098E-03
0
0.0
 -1.1407996218300525E+00 -2.3170985309886123E+00 3.8420614944644871E-01
 8.8230016985621461E-03 -5.7617967374822858E-03 -1.7490060385609767E-03
0
0.0
 -1.1407996218300525E+00 -2.3170985309886123E+00 3.8420614944644871E-01
 8.9277088025306039E-03 -5.7111190044713718E-03 -1.4934941335694415E-03
0
0.0
 -1.1407996218300525E+00 -2.3170985309886123E+00 3.8420614944644871E-01
 8.7974432169843127E-03 -5.9447930380389499E-03 -1.4266043732760814E-03
0
0.0
 -1.1407996218300525E+00 -2.3170985309886123E+00 3.8420614944644871E-01
 8.9184166615222660E-03 -5.9036337486775203E-03 -1.6089333132606450E-03
0
0.0
 -1.1407996218300525E+00 -2.3170985309886123E+00 3.8420614944644871E-01
 8.7128134038723173E-03 -5.7335185460948256E-03 -1.7460144016259703E-03
0
0.0
 -1.1407996218300525E+00 -2.3170985309886123E+00 3.8420614944644871E-01
 8.7629852538197873E-03 -5.9630396263282408E-03 -1.8508052118037654E-03
0
0.0
 -1.1407996218300525E+00 -2.3170985309886123E+00 3.8420614944644871E-01
 8.6495321607583976E-03 -6.1202165952748619E-03 -1.8499410630466754E-03
0
0.0
 -1.1407996218300525E+00 -2.3170985309886123E+00 3.8420614944644871E-01
 8.9351662473604980E-03 -5.7544751739889398E-03 -1.6426016759415690E-03
0
0.0
 -1.1407996218300525E+00 -2.3170985309886123E+00 3.8420614944644871E-01
 8.7664784583731635E-03 -6.2187899549689526E-03 -1.6365325312229036E-03
0
0.0
 -1.1407996218300525E+00 -2.3170985309886123E+00 3.8420614944644871E-01
 8.6298321007641492E-03 -6.0604474253436406E-03 -1.6207242612620079E-03
0
0.0
 -1.1407996218300525E+00 -2.3170985309886123E+00 3.8420614944644871E-01
 8.6682701116324486E-03 -5.8496031296113617E-03 -1.5021758858762646E-03
0
0.0
 -1.1407996218300525E+00 -2.3170985309886123E+00 3.8420614944644871E-01
 8.8114476730900611E-03 -5.7506038447569605E-03 -1.6383462792493614E-03
0
0.0
 -1.1407996218300525E+00 -2.3170985309886123E+00 3.8420614944644871E-01
 8.7163845683642365E-03 -6.0406884092504025E-03 -1.5330539605217664E-03
0
0.0
 -1.1407996218300525E+00 -2.3170985309886123E+00 3.8420614944644871E-01
 8.8615480075438912E-03 -5.9678858215697914E-03 -1.6461770809706486E-03
0
0.0
 -1.1407996218300525E+00 -2.3170985309886123E+00 3.8420614944644871E-01
 8.8216975946546084E-03 -5.8816016205367827E-03 -1.5839018457500552E-03
0
0.0
 -1.1407996218300525E+00 -2.3170985309886123E+00 3.8420614944644871E-01
 8.6278368257731147E-03 -5.8267317668769620E-03 -1.6768181074004703E-03
0
0.0
 -1.1407996218300525E+00 -2.3170985309886123E+00 3.8420614944644871E-01
 8.7521268402780007E-03 -5.9105988014318128E-03 -1.7252495825897571E-03
0
0.0
 -1.1407996218300525E+00 -2.3170985309886123E+00 3.8420614944644871E-01
 8.7155716357138566E-03 -5.9150444343731741E-03 -1.7574902115619637E-03
0
0.0
 -1.1407996218300525E+00 -2.3170985309886123E+00 3.8420614944644871E-01
 8.7192825075077494E-03 -5.8619255511743289E-03 -1.6407703398321209E-03
0
0.0
 -1.1407996218300525E+00 -2.3170985309886123E+00 3.8420614944644871E-01
 8.8492004446523304E-03 -5.9348580877490167E-03 -1.5905597186817956E-03
0
0.0
 -1.1407996218300525E+00 -2.3170985309886123E+00 3.8420614944644871E-01
 8.8240626933291707E-03 -5.7895008895854742E-03 -1.7437450227458802E-03
0
0.0
 -1.1407996218300525E+00 -2.3170985309886123E+00 3.8420614944644871E-01
 8.6208379911469415E-03 -5.8581015170274071E-03 -1.5557541493267210E-03
0
0.0
 -1.1407996218300525E+00 -2.3170985309886123E+00 3.8420614944644871E-01
 8.5109473698334517E-03 -5.8609136725088825E-03 -1.4529208839106072E-03
0
0.0
 -1.1407996218300525E+00 -2.3170985309886123E+00 3.8420614944644871E-01
 8.9691650051895964E-03 -6.1235141459654802E-03 -1.5480242933750851E-03
0
0.0
 -1.1407996218300525E+00 -2.3170985309886123E+00 3.8420614944644871E-01
 8.8865966115338826E-03 -5.8435509280980033E-03 -1.6175197011668386E-03
0
0.0
 -1.1407996218300525E+00 -2.3170985309886123E+00 3.8420614944644871E-01
 8.8338217561334462E-03 -5.9551713871219252E-03 -1.6177354605318741E-03
0
0.0
 -1.1407996218300525E+00 -2.3170985309886123E+00 3.8420614944644871E-01
 8.7273327597268413E-03 -5.8342820552236500E-03 -1.7065382660817290E-03
0
0.0
 -1.1407996218300525E+00 -2.3170985309886123E+00 3.8420614944644871E-01
 8.7728204402634114E-03 -6.0266892923429571E-03 -1.5991088679181275E-03
0
0.0
 -1.1407996218300525E+00 -2.3170985309886123E+00 3.8420614944644871E-01
 8.7544891242677877E-03 -5.7612711234945792E-03 -1.7054070719891489E-03
0
0.0
 -1.1407996218300525E+00 -2.3170985309886123E+00 3.8420614944644871E-01
 8.9445918496736266E-03 -5.7806299093284231E-03 -1.4680039189582271E-03
0
0.0
 -1.1407996218300525E+00 -2.3170985309886123E+00 3.8420614944644871E-01
 8.7260272783688687E-03 -5.9316612918971076E-03 -1.7435430725349233E-03
0
0.0
 -1.1407996218300525E+00 -2.3170985309886123E+00 3.8420614944644871E-01
 8.7983146200366694E-03 -5.7969216086027143E-03 -1.6400704205313255E-03
0
0.0
 -1.1407996218300525E+00 -2.3170985309886123E+00 3.8420614944644871E-01
 8.6366093114024316E-03 -5.9484588735581974E-03 -1.5075173152696172E-03
0
0.0
 -1.1407996218300525E+00 -2.3170985309886123E+00 3.8420614944644871E-01
 9.0602639713325828E-03 -5.9712453530719684E-03 -1.4917839859622385E-03
0
0.0
 -1.1407996218300525E+00 -2.3170985309886123E+00 3.8420614944644871E-01
 8.6252712650492346E-03 -5.8958932772001111E-03 -1.4094690231899343E-03
0
0.0
 -1.1407996218300525E+00 -2.3170985309886123E+00 3.8420614944644871E-01
 8.7769080915627070E-03 -5.7476425978366221E-03 -1.5860577753903761E-03
0
0.0
 -1.1407996218300525E+00 -2.3170985309886123E+00 3.8420614944644871E-01
 8.7737405617898060E-03 -5.9245336658032468E-03 -1.6288025510618404E-03
0
0.0
 -1.1407996218300525E+00 -2.3170985309886123E+00 3.8420614944644871E-01
 8.8512832749681539E-03 -6.1517427233294102E-03 -1.5267603444782305E-03
0
0.0
 -1.1407996218300525E+00 -2.3170985309886123E+00 3.8420614944644871E-01
 8.5833625096916159E-03 -6.0706462767615389E-03 -1.6358683364166955E-03
0
0.0
 -1.1407996218300525E+00 -2.3170985309886123E+00 3.8420614944644871E-01
 8.6653902138204356E-03 -5.8900162913208196E-03 -1.7203002311850070E-03
0
0.0
 -1.1407996218300525E+00 -2.3170985309886123E+00 3.8420614944644871E-01
 8.9059246490978371E-03 -5.8246595013108048E-03 -1.4539400663286049E-03
0
0.0
 -1.1407996218300525E+00 -2.3170985309886123E+00 3.8420614944644871E-01
 8.9046280294261693E-03 -6.1532282256529860E-03 -1.4915931591280131E-03
0
0.0
 -1.1407996218300525E+00 -2.3170985309886123E+00 3.8420614944644871E-01
 8.9691694367533444E-03 -5.7211774050138567E-03 -1.7657525203929353E-03
0
0.0
 -1.1407996218300525E+00 -2.3170985309886123E+00 3.8420614944644871E-01
 8.8119639047532471E-03 -5.9131036638779026E-03 -1.7763161396197496E-03
0
0.0
 -1.1407996218300525E+00 -2.3170985309886123E+00 3.8420614944644871E-01
 8.8285213911859645E-03 -5.9422247388349518E-03 -1.6537166759155639E-03
0
0.0
 -1.1407996218300525E+00 -2.3170985309886123E+00 3.8420614944644871E-01
 8.6580693208845004E-03 -5.7766367705638037E-03 -1.7639218391491611E-03
0
0.0
 -1.1407996218300525E+00 -2.3170985309886123E+00 3.8420614944644871E-01
 8.7627766556811794E-03 -5.8968540117059322E-03 -1.6289884721865594E-03
0
0.0
 -1.1407996218300525E+00 -2.3170985309886123E+00 3.8420614944644871E-01
 9.0423440488192793E-03 -5.9724504271893887E-03 -1.5182824242823472E-03
0
0.0
 -1.1407996218300525E+00 -2.3170985309886123E+00 3.8420614944644871E-01
 8.6768714864279700E-03 -6.0003876448940880E-03 -1.4703534183033197E-03
0
0.0
 -1.1407996218300525E+00 -2.3170985309886123E+00 3.8420614944644871E-01
 8.8482896825791552E-03 -5.9922240121960506E-03 -1.4300113583347593E-03
0
0.0
 -1.1407996218300525E+00 -2.3170985309886123E+00 3.8420614944644871E-01
 8.9305919863701504E-03 -6.1274941143987308E-03 -1.5595474526831955E-03
0
0.0
 -1.1407996218300525E+00 -2.3170985309886123E+00 3.8420614944644871E-01
 8.8976834232767140E-03 -5.8219301152876348E-03 -1.4998812776301849E-03
0
0.0
 -1.1407996218300525E+00 -2.3170985309886123E+00 3.8420614944644871E-01
 8.7924781729656950E-03 -5.9612908413009197E-03 -1.3921723241259055E-03
0
0.0
 -1.1407996218300525E+00 -2.3170985309886123E+00 3.8420614944644871E-01
 8.5252320990208338E-03 -6.0993590391443166E-03 -1.5327513687789353E-03
0
0.0
 -1.1407996218300525E+00 -2.3170985309886123E+00 3.8420614944644871E-01
 8.7671593817091973E-03 -5.8653772085881803E-03 -1.7664321985961927E-03
0
0.0
 -1.1407996218300525E+00 -2.3170985309886123E+00 3.8420614944644871E-01
 8.8338902134796320E-03 -5.8600553893408489E-03 -1.4305352368911542E-03
0
0.0
 -1.1407996218300525E+00 -2.3170985309886123E+00 3.8420614944644871E-01
 8.7631968135186873E-03 -5.6582649146121227E-03 -1.6053853988190390E-03
0
0.0
 -1.1407996218300525E+00 -2.3170985309886123E+00 3.8420614944644871E-01
 8.8935979001870877E-03 -5.8733562141848614E-03 -1.6744417769327152E-03
0
0.0
 -1.1407996218300525E+00 -2.3170985309886123E+00 3.8420614944644871E-01
 8.9016429656316974E-03 -6.0801822640472866E-03 -1.6522956667946512E-03
0
0.0
 -1.1407996218300525E+00 -2.3170985309886123E+00 3.8420614944644871E-01
 8.8199252178965664E-03 -6.0071368223862482E-03 -1.7834691940536431E-03
0
0.0
 -1.1407996218300525E+00 -2.3170985309886123E+00 3.8420614944644871E-01
 8.7748232097300972E-03 -6.0129500212946028E-03 -1.5666346922655859E-03
0
0.0
 -1.1407996218300525E+00 -2.3170985309886123E+00 3.8420614944644871E-01
 8.8271038876362191E-03 -5.9153575314583378E-03 -1.6704429097650754E-03
0
0.0
 -1.1407996218300525E+00 -2.3170985309886123E+00 3.8420614944644871E-01
 8.7223886718119856E-03 -5.9376738495805163E-03 -1.6039481998394005E-03
0
0.0
 -1.1407996218300525E+00 -2.3170985309886123E+00 3.8420614944644871E-01
 8.7630304934316408E-03 -6.0234427479192417E-03 -1.6684646264401824E-03
0
0.0
 -1.1407996218300525E+00 -2.3170985309886123E+00 3.8420614944644871E-01
 8.7421973664216276E-03 -5.9076639623700609E-03 -1.6045009472799526E-03
0
0.0
 -1.1407996218300525E+00 -2.3170985309886123E+00 3.8420614944644871E-01
 8.7998307614611925E-03 -5.6875469887943605E-03 -1.4923977174242339E-03
0
0.0
 -1.1407996218300525E+00 -2.3170985309886123E+00 3.8420614944644871E-01
 9.0045092922222750E-03 -5.8086503496946598E-03 -1.5675255907626471E-03
0
0.0
 -1.1407996218300525E+00 -2.3170985309886123E+00 3.8420614944644871E-01
 8.9080274023326193E-03 -5.8585078792751395E-03 -1.4628259786097168E-03
0
0.0
 -1.1407996218300525E+00 -2.3170985309886123E+00 3.8420614944644871E-01
 8.8396675249090839E-03 -5.9290583658672524E-03 -1.6808202697427127E-03
0
0.0
 -1.1407996218300525E+00 -2.3170985309886123E+00 3.8420614944644871E-01
 8.7252279191279269E-03 -5.9338525464969101E-03 -1.7917971390346754E-03
0
0.0
 -1.1407996218300525E+00 -2.3170985309886123E+00 3.8420614944644871E-01
 8.7125649621107165E-03 -5.9753879403148758E-03 -1.8068433128782878E-03
0
0.0
 -1.1407996218300525E+00 -2.3170985309886123E+00 3.8420614944644871E-01
 8.7954813191389938E-03 -6.0527839194846039E-03 -1.6333578762629136E-03
0
0.0
 -1.1407996218300525E+00 -2.3170985309886123E+00 3.8420614944644871E-01
 8.7355744638512155E-03 -6.0400379869849493E-03 -1.4956929544765517E-03
0
0.0
 -1.1407996218300525E+00 -2.3170985309886123E+00 3.8420614944644871E-01
 8.7705284256505162E-03 -5.9410409763864152E-03 -1.6294504490896693E-03
0
0.0
 -1.1407996218300525E+00 -2.3170985309886123E+00 3.8420614944644871E-01
 8.7693727208769234E-03 -5.8795146579399575E-03 -1.6519003146248431E-03
0
0.0
 -1.1407996218300525E+00 -2.3170985309886123E+00 3.8420614944644871E-01
 8.9390177726496618E-03 -5.9012622794389069E-03 -1.6571447116460181E-03
0
0.0
 -1.1407996218300525E+00 -2.3170985309886123E+00 3.8420614944644871E-01
 8.7487938942770113E-03 -5.9042039261895654E-03 -1.4914563613547683E-03
0
0.0
 -1.1407996218300525E+00 -2.3170985309886123E+00 3.8420614944644871E-01
 8.8872085640984231E-03 -6.0648489552515925E-03 -1.7576270141957066E-03
0
0.0
 -1.1407996218300525E+00 -2.3170985309886123E+00 3.8420614944644871E-01
 8.8039750574032630E-03 -5.9783319522449989E-03 -1.7677743324907122E-03
0
0.0
 -1.1407996218300525E+00 -2.3170985309886123E+00 3.8420614944644871E-01
 8.6796592044680529E-03 -5.9016446099018132E-03 -1.4244934149486848E-03
0
0.0
 -1.1407996218300525E+00 -2.3170985309886123E+00 3.8420614944644871E-01
 8.7249476724176583E-03 -5.9456276807461333E-03 -1.5536837263692238E-03
0
0.0
 -1.1407996218300525E+00 -2.3170985309886123E+00 3.8420614944644871E-01
 8.9741108666158854E-03 -5.7751591030885197E-03 -1.8790243654179320E-03
0
0.0
 -1.1407996218300525E+00 -2.3170985309886123E+00 3.8420614944644871E-01
 8.6086807262746191E-03 -5.7491463745523762E-03 -1.4934849723013113E-03
0
0.0
 -1.1407996218300525E+00 -2.3170985309886123E+00 3.8420614944644871E-01
 8.6560595847902794E-03 -5.8106875785765132E-03 -1.4685814234637184E-03
0
0.0
 -1.1407996218300525E+00 -2.3170985309886123E+00 3.8420614944644871E-01
 8.7472426930752644E-03 -6.0314935266854381E-03 -1.7303415690605678E-03
0
0.0
 -1.1407996218300525E+00 -2.3170985309886123E+00 3.8420614944644871E-01
 8.7718492334236536E-03 -5.7406715181700487E-03 -1.7848857614702251E-03
0
0.0
 -1.1407996218300525E+00 -2.3170985309886123E+00 3.8420614944644871E-01
 8.7856715363447309E-03 -5.8504756929324084E-03 -1.6097667750944341E-03
0
0.0
 -1.1407996218300525E+00 -2.3170985309886123E+00 3.8420614944644871E-01
 8.8662801564427171E-03 -5.9358650674061070E-03 -1.6489615254715176E-03
0
0.0
 -1.1407996218300525E+00 -2.3170985309886123E+00 3.8420614944644871E-01
 8.9428195337512544E-03 -6.1947625592126410E-03 -1.7008470972300807E-03
0
0.0
 -1.1407996218300525E+00 -2.3170985309886123E+00 3.8420614944644871E-01
 8.7573563826273040E-03 -5.9038665589479433E-03 -1.6277781032175739E-03
0
0.0
 -1.1407996218300525E+00 -2.3170985309886123E+00 3.8420614944644871E-01
 8.9424513261987023E-03 -5.8462770144652237E-03 -1.6802289657710566E-03
0
0.0
 -1.1407996218300525E+00 -2.3170985309886123E+00 3.8420614944644871E-01
 8.7988214379350910E-03 -5.9255072459806647E-03 -1.6319546596875888E-03
0
0.0
 -1.1407996218300525E+00 -2.3170985309886123E+00 3.8420614944644871E-01
 8.8789617332959130E-03 -5.7259554935758673E-03 -1.6479339648143901E-03
0
0.0
 -1.1407996218300525E+00 -2.3170985309886123E+00 3.8420614944644871E-01
 8.7570388684596791E-03 -5.7619471529281518E-03 -1.8200691186907125E-03
0
0.0
 -1.1407996218300525E+00 -2.3170985309886123E+00 3.8420614944644871E-01
 8.7863233078830059E-03 -5.7251400101608159E-03 -1.5762872080049733E-03
0
0.0
 -1.1407996218300525E+00 -2.3170985309886123E+00 3.8420614944644871E-01
 8.7666556536058309E-03 -5.8153727412602017E-03 -1.5967126166446445E-03
0
0.0
 -1.1407996218300525E+00 -2.3170985309886123E+00 3.8420614944644871E-01
 8.6895621773243684E-03 -5.7758457008473905E-03 -1.3767976502872497E-03
0
0.0
 -1.1407996218300525E+00 -2.3170985309886123E+00 3.8420614944644871E-01
 8.5448310840764360E-03 -5.9084146757994102E-03 -1.7469683330279815E-03
0
0.0
 -1.1407996218300525E+00 -2.3170985309886123E+00 3.8420614944644871E-01
 8.7352929333282762E-03 -5.9604344737546854E-03 -1.6821198924647928E-03
0
0.0
 -1.1407996218300525E+00 -2.3170985309886123E+00 3.8420614944644871E-01
 8.5678859836030158E-03 -5.9578919186825891E-03 -1.5220877520027776E-03
0
0.0
 -1.1407996218300525E+00 -2.3170985309886123E+00 3.8420614944644871E-01
 8.7480116075906184E-03 -5.8619898925822552E-03 -1.5293087243289454E-03
0
0.0
 -1.1407996218300525E+00 -2.3170985309886123E+00 3.8420614944644871E-01
 8.8032581087903929E-03 -5.9544786436090376E-03 -1.5122939815385120E-03
0
0.0
 -1.1407996218300525E+00 -2.3170985309886123E+00 3.8420614944644871E-01
 8.6598487997630730E-03 -5.9820293965196893E-03 -1.6341869758371920E-03
0
0.0
 -1.1407996218300525E+00 -2.3170985309886123E+00 3.8420614944644871E-01
 8.7945123604652991E-03 -5.8282216095023130E-03 -1.7222125995839752E-03
0
0.0
 -1.1407996218300525E+00 -2.3170985309886123E+00 3.8420614944644871E-01
 9.0085549587090655E-03 -5.8795461569302694E-03 -1.7563130759289294E-03
0
0.0
 -1.1407996218300525E+00 -2.3170985309886123E+00 3.8420614944644871E-01
 8.6910253383657814E-03 -5.9359746415577992E-03 -1.5966547200545389E-03
0
0.0
 -1.1407996218300525E+00 -2.3170985309886123E+00 3.8420614944644871E-01
 8.6171524483760753E-03 -5.8881281010040856E-03 -1.5708425525165926E-03
0
0.0
 -1.1407996218300525E+00 -2.3170985309886123E+00 3.8420614944644871E-01
 9.0608588380126191E-03 -5.7461383575404552E-03 -1.5216556998473528E-03
0
0.0
 -1.1407996218300525E+00 -2.3170985309886123E+00 3.8420614944644871E-01
 8.9687690101500211E-03 -5.9011122769337667E-03 -1.5308024320690530E-03
0
0.0
 -1.1407996218300525E+00 -2.3170985309886123E+00 3.8420614944644871E-01
 8.8368612353949601E-03 -5.9249276749136007E-03 -1.5175716855370170E-03
0
0.0
 -1.1407996218300525E+00 -2.3170985309886123E+00 3.8420614944644871E-01
 8.8098014927033043E-03 -5.9300135438357226E-03 -1.7334453588996007E-03
0
0.0
 -1.1407996218300525E+00 -2.3170985309886123E+00 3.8420614944644871E-01
 8.7457963318556143E-03 -5.8815190097633091E-03 -1.6487425034921483E-03
0
0.0
 -1.1407996218300525E+00 -2.3170985309886123E+00 3.8420614944644871E-01
 8.7807117663960925E-03 -5.9528120532911224E-03 -1.5937542770357077E-03
0
0.0
 -1.1407996218300525E+00 -2.3170985309886123E+00 3.8420614944644871E-01
 9.0192111537993128E-03 -5.8153670621328242E-03 -1.8043142607715068E-03
0
0.0
 -1.1407996218300525E+00 -2.3170985309886123E+00 3.8420614944644871E-01
 9.0195262726807685E-03 -6.0240933305261033E-03 -1.6074475308188914E-03
0
0.0
 -1.1407996218300525E+00 -2.3170985309886123E+00 3.8420614944644871E-01
 8.5935415949885182E-03 -5.9338134442921235E-03 -1.6138365942020597E-03
0
0.0
 -1.1407996218300525E+00 -2.3170985309886123E+00 3.8420614944644871E-01
 8.8093638646054226E-03 -5.9662888709052734E-03 -1.5679346959290518E-03
0
0.0
 -1.1407996218300525E+00 -2.3170985309886123E+00 3.8420614944644871E-01
 8.7014675371657590E-03 -6.0708026452835863E-03 -1.7145745927709586E-03
0
0.0
 -1.1407996218300525E+00 -2.3170985309886123E+00 3.8420614944644871E-01
 8.8002054087217754E-03 -5.9445244486609752E-03 -1.6294463511000187E-03
0
0.0
 -1.1407996218300525E+00 -2.3170985309886123E+00 3.8420614944644871E-01
 8.6714993757616605E-03 -6.0353457027355123E-03 -1.5916163203327336E-03
0
0.0
 -1.1407996218300525E+00 -2.3170985309886123E+00 3.8420614944644871E-01
 8.7383252118524973E-03 -5.7946906839289108E-03 -1.6341484410192790E-03
0
0.0
 -1.1407996218300525E+00 -2.3170985309886123E+00 3.8420614944644871E-01
 8.6058263002632418E-03 -5.9064110573568930E-03 -1.5200635114090502E-03
0
0.0
 -1.1407996218300525E+00 -2.3170985309886123E+00 3.8420614944644871E-01
 8.7780307971031014E-03 -5.8872382192218190E-03 -1.6313916715554788E-03
0
0.0
 -1.1407996218300525E+00 -2.3170985309886123E+00 3.8420614944644871E-01
 8.7723362630784674E-03 -5.8062711940266298E-03 -1.4326111859664691E-03
0
0.0
 -1.1407996218300525E+00 -2.3170985309886123E+00 3.8420614944644871E-01
 8.8294893906490229E-03 -5.9190003095197846E-03 -1.5855575966819959E-03
0
0.0
 -1.1407996218300525E+00 -2.3170985309886123E+00 3.8420614944644871E-01
 8.4650873830483236E-03 -5.8735974212594114E-03 -1.5209668772778765E-03
0
0.0
 -1.1407996218300525E+00 -2.3170985309886123E+00 3.8420614944644871E-01
 8.9133789864309608E-03 -5.9294519484111184E-03 -1.7431656135694594E-03
0
0.0
 -1.1407996218300525E+00 -2.3170985309886123E+00 3.8420614944644871E-01
 8.6081132810973994E-03 -5.9952135103485960E-03 -1.4481810109530373E-03
0
0.0
 -1.1407996218300525E+00 -2.3170985309886123E+00 3.8420614944644871E-01
 8.9588701505710615E-03 -5.8833912096616951E-03 -1.5638367773058110E-03
0
0.0
 -1.1407996218300525E+00 -2.3170985309886123E+00 3.8420614944644871E-01
 8.7758086422167932E-03 -5.9123426773984907E-03 -1.6446377183846467E-03
0
0.0
 -1.1407996218300525E+00 -2.3170985309886123E+00 3.8420614944644871E-01
 8.7313254349100349E-03 -6.1850211240002534E-03 -1.5016138205507328E-03
0
0.0
 -1.1407996218300525E+00 -2.3170985309886123E+00 3.8420614944644871E-01
 8.8407129048633428E-03 -5.9393716098486661E-03 -1.7312981382172862E-03
0
0.0
 -1.1407996218300525E+00 -2.3170985309886123E+00 3.8420614944644871E-01
 8.8105385824139293E-03 -5.7742880683422891E-03 -1.4705001406325449E-03
0
0.0
 -1.1407996218300525E+00 -2.3170985309886123E+00 3.8420614944644871E-01
 8.6676161925886754E-03 -6.0848637338376419E-03 -1.5662668445418511E-03
0
0.0
 -1.1407996218300525E+00 -2.3170985309886123E+00 3.8420614944644871E-01
 8.5625827850096398E-03 -5.9576948793394306E-03 -1.3950787828821856E-03
0
0.0
 -1.1407996218300525E+00 -2.3170985309886123E+00 3.8420614944644871E-01
 9.0484286268399487E-03 -6.0035632043810433E-03 -1.6163712483554288E-03
0
0.0
 -1.1407996218300525E+00 -2.3170985309886123E+00 3.8420614944644871E-01
 8.8733707959177260E-03 -5.8587513839831237E-03 -1.4137488579621877E-03
0
0.0
 -1.1407996218300525E+00 -2.3170985309886123E+00 3.8420614944644871E-01
 8.7350099357048887E-03 -6.1310347174383601E-03 -1.3968249174747705E-03
0
0.0
 -1.1407996218300525E+00 -2.3170985309886123E+00 3.8420614944644871E-01
 8.6746684440568139E-03 -5.8177145826235786E-03 -1.6071490748885186E-03
0
0.0
 -1.1407996218300525E+00 -2.3170985309886123E+00 3.8420614944644871E-01
 8.6228174554882631E-03 -6.0662384953525271E-03 -1.5260524745134639E-03
0
0.0
 -1.1407996218300525E+00 -2.3170985309886123E+00 3.8420614944644871E-01
 8.8191365665753960E-03 -6.0761464972284782E-03 -1.6618198891916220E-03
0
0.0
 -1.1407996218300525E+00 -2.3170985309886123E+00 3.8420614944644871E-01
 8.8765310025352932E-03 -5.9848570258075572E-03 -1.6734800519155487E-03
0
0.0
 -1.1407996218300525E+00 -2.3170985309886123E+00 3.8420614944644871E-01
 8.6390356286542239E-03 -5.7790056937578309E-03 -1.4609531112174806E-03
0
0.0
 -1.1407996218300525E+00 -2.3170985309886123E+00 3.8420614944644871E-01
 8.8273095450486835E-03 -5.7392308729966477E-03 -1.4556535864172894E-03
0
0.0
 -1.1407996218300525E+00 -2.3170985309886123E+00 3.8420614944644871E-01
 8.7705061862632487E-03 -5.8293833000281296E-03 -1.6217641486995543E-03
0
0.0
 -1.1407996218300525E+00 -2.3170985309886123E+00 3.8420614944644871E-01
 8.7645128679783735E-03 -5.9532065757355521E-03 -1.6852228035355013E-03
0
0.0
 -1.1407996218300525E+00 -2.3170985309886123E+00 3.8420614944644871E-01
 8.8313921046780635E-03 -6.1683742844063638E-03 -1.5476344308355014E-03
0
0.0
 -1.1407996218300525E+00 -2.3170985309886123E+00 3.8420614944644871E-01
 8.6381507879690934E-03 -5.6887240859735799E-03 -1.8349400761681540E-03
0
0.0
 -1.1407996218300525E+00 -2.3170985309886123E+00 3.8420614944644871E-01
 8.7484698302488957E-03 -5.7777533472459317E-03 -1.8827392478668406E-03
0
0.0
 -1.1407996218300525E+00 -2.3170985309886123E+00 3.8420614944644871E-01
 8.7576858928258144E-03 -5.9219657446703796E-03 -1.8961412665677042E-03
0
0.0
 -1.1407996218300525E+00 -2.3170985309886123E+00 3.8420614944644871E-01
 8.9281462435655944E-03 -5.7933827800877432E-03 -1.4703298698081364E-03
0
0.0
 -1.1407996218300525E+00 -2.3170985309886123E+00 3.8420614944644871E-01
 8.8059785343332225E-03 -6.0567540923573242E-03 -1.5474038713302507E-03
0
0.0
 -1.1407996218300525E+00 -2.3170985309886123E+00 3.8420614944644871E-01
 8.7087443948722469E-03 -5.7759742885983663E-03 -1.5521115060332640E-03
0
0.0
 -1.1407996218300525E+00 -2.3170985309886123E+00 3.8420614944644871E-01
 8.8333623392823097E-03 -5.6891493620730990E-03 -1.8491496840743935E-03
0
0.0
 -1.1407996218300525E+00 -2.3170985309886123E+00 3.8420614944644871E-01
 8.6828474123130904E-03 -5.9645655253431898E-03 -1.5661915384026261E-03
0
0.0
 -1.1407996218300525E+00 -2.3170985309886123E+00 3.8420614944644871E-01
 8.7872789342072696E-03 -5.9789607587494454E-03 -1.6234453951295958E-03
0
0.0
 -1.1407996218300525E+00 -2.3170985309886123E+00 3.8420614944644871E-01
 8.9711032175867067E-03 -5.8641782348438903E-03 -1.5946950608027722E-03
0
0.0
 -1.1407996218300525E+00 -2.3170985309886123E+00 3.8420614944644871E-01
 9.0528042474079234E-03 -5.9832725662846914E-03 -1.6501947145536448E-03
0
0.0
 -1.1407996218300525E+00 -2.3170985309886123E+00 3.8420614944644871E-01
 8.6651711112219129E-03 -6.0432819180044764E-03 -1.7711910722655487E-03
0
0.0
 -1.1407996218300525E+00 -2.3170985309886123E+00 3.8420614944644871E-01
 8.9026474749633495E-03 -5.7401012782738806E-03 -1.6997193420315896E-03
0
0.0
 -1.1407996218300525E+00 -2.3170985309886123E+00 3.8420614944644871E-01
 8.7231518814144642E-03 -5.9271238904945707E-03 -1.7256114896959745E-03
0
0.0
 -1.1407996218300525E+00 -2.3170985309886123E+00 3.8420614944644871E-01
 8.7481831125094910E-03 -6.0930008009431750E-03 -1.5364389792453291E-03
0
0.0
 -1.1407996218300525E+00 -2.3170985309886123E+00 3.8420614944644871E-01
 8.7827179442893713E-03 -5.8274748903999838E-03 -1.5925572905698239E-03
0
0.0
 -1.1407996218300525E+00 -2.3170985309886123E+00 3.8420614944644871E-01
 8.7706867372510412E-03 -5.9394089770183015E-03 -1.5938243109757018E-03
0
0.0
 -1.1407996218300525E+00 -2.3170985309886123E+00 3.8420614944644871E-01
 8.8615194940690790E-03 -5.9082237472194918E-03 -1.8225899263731148E-03
0
0.0
 -1.1407996218300525E+00 -2.3170985309886123E+00 3.8420614944644871E-01
 8.6719392412107649E-03 -5.9688969581292613E-03 -1.3695730306060440E-03
0
0.0
 -1.1407996218300525E+00 -2.3170985309886123E+00 3.8420614944644871E-01
 8.7430804687578280E-03 -6.0568467117404819E-03 -1.3734138609275278E-03
0
0.0
 -1.1407996218300525E+00 -2.3170985309886123E+00 3.8420614944644871E-01
 8.6097795214291149E-03 -6.1045598592772143E-03 -1.7221062166901135E-03
0
0.0
 -1.1407996218300525E+00 -2.3170985309886123E+00 3.8420614944644871E-01
 8.7253481109276759E-03 -5.7061764710979778E-03 -1.6179812965616083E-03
0
0.0
 -1.1407996218300525E+00 -2.3170985309886123E+00 3.8420614944644871E-01
 8.9345400844672261E-03 -5.6978496533100021E-03 -1.8393583769285736E-03
0
0.0
 -1.1407996218300525E+00 -2.3170985309886123E+00 3.8420614944644871E-01
 8.8268499112368719E-03 -5.9438766102194842E-03 -1.6914535061508438E-03
0
0.0
 -1.1407996218300525E+00 -2.3170985309886123E+00 3.8420614944644871E-01
 8.7733136404731620E-03 -5.9026809864019232E-03 -1.5966865487872673E-03
0
0.0
 -1.1407996218300525E+00 -2.3170985309886123E+00 3.8420614944644871E-01
 8.7589490931428444E-03 -5.7897256019751996E-03 -1.5739490404428423E-03
0
0.0
 -1.1407996218300525E+00 -2.3170985309886123E+00 3.8420614944644871E-01
 8.5451021955551681E-03 -5.9511556754214849E-03 -1.5603067331058302E-03
0
0.0
 -1.1407996218300525E+00 -2.3170985309886123E+00 3.8420614944644871E-01
 8.7432680839586614E-03 -5.8084289648128356E-03 -1.6233637006968988E-03
0
0.0
 -1.1407996218300525E+00 -2.3170985309886123E+00 3.8420614944644871E-01
 8.6535002780399762E-03 -5.8451793670391576E-03 -1.4716843619697795E-03
0
0.0
 -1.1407996218300525E+00 -2.3170985309886123E+00 3.8420614944644871E-01
 8.9686008987918345E-03 -5.6954123999225130E-03 -1.4506929866725275E-03
0
0.0
 -1.1407996218300525E+00 -2.3170985309886123E+00 3.8420614944644871E-01
 8.7461743142001128E-03 -5.9885609210841087E-03 -1.5738018698883906E-03
0
0.0
 -1.1407996218300525E+00 -2.3170985309886123E+00 3.8420614944644871E-01
 8.5687754607435621E-03 -5.9565697560911872E-03 -1.4216018697786948E-03
0
0.0
 -1.1407996218300525E+00 -2.3170985309886123E+00 3.8420614944644871E-01
 8.6272611984217935E-03 -5.9371466066504217E-03 -1.5434441657501091E-03
0
0.0
 -1.1407996218300525E+00 -2.3170985309886123E+00 3.8420614944644871E-01
 9.0118988500731377E-03 -5.9737494367477608E-03 -1.6982354090248914E-03
0
0.0
 -1.1407996218300525E+00 -2.3170985309886123E+00 3.8420614944644871E-01
 8.8079458721618594E-03 -5.8693644027326712E-03 -1.6600186098763789E-03
0
0.0
 -1.1407996218300525E+00 -2.3170985309886123E+00 3.8420614944644871E-01
 8.8980438504460638E-03 -5.8751588138087237E-03 -1.3797541838967385E-03
0
0.0
 -1.1407996218300525E+00 -2.3170985309886123E+00 3.8420614944644871E-01
 8.9041048777223873E-03 -5.9785764131483118E-03 -1.3503425742298124E-03
0
0.0
 -1.1407996218300525E+00 -2.3170985309886123E+00 3.8420614944644871E-01
 8.6015990776737248E-03 -5.9458821939266833E-03 -1.5682790845282727E-03
0
0.0
 -1.1407996218300525E+00 -2.3170985309886123E+00 3.8420614944644871E-01
 8.7929743174261134E-03 -6.1118736188710571E-03 -1.5501772159056040E-03
0
0.0
 -1.1407996218300525E+00 -2.3170985309886123E+00 3.8420614944644871E-01
 8.9445858258181896E-03 -5.6203930454392301E-03 -1.7060253442506424E-03
0
0.0
 -1.1407996218300525E+00 -2.3170985309886123E+00 3.8420614944644871E-01
 8.6133420941194392E-03 -5.7113488368883102E-03 -1.7886713055932488E-03
0
0.0
 -1.1407996218300525E+00 -2.3170985309886123E+00 3.8420614944644871E-01
 8.8523776475653900E-03 -5.8852293597351406E-03 -1.3601496716136188E-03
0
0.0
 -1.1407996218300525E+00 -2.3170985309886123E+00 3.8420614944644871E-01
 8.5262120100770156E-03 -5.7431297843108875E-03 -1.7730861347666127E-03
0
0.0
 -1.1407996218300525E+00 -2.3170985309886123E+00 3.8420614944644871E-01
 8.6083392799908547E-03 -5.8284281385149808E-03 -1.7671383539411640E-03
0
0.0
 -1.1407996218300525E+00 -2.3170985309886123E+00 3.8420614944644871E-01
 8.7641369547300473E-03 -6.0213097985447866E-03 -1.6008053120620384E-03
0
0.0
 -1.1407996218300525E+00 -2.3170985309886123E+00 3.8420614944644871E-01
 8.7662078926600186E-03 -5.9765543103373672E-03 -1.4770024777953519E-03
0
0.0
 -1.1407996218300525E+00 -2.3170985309886123E+00 3.8420614944644871E-01
 8.6714676610924971E-03 -6.0188049955014053E-03 -1.6648205019355827E-03
0
0.0
 -1.1407996218300525E+00 -2.3170985309886123E+00 3.8420614944644871E-01
 8.9766572818429161E-03 -5.8667186192103687E-03 -1.6883285458216240E-03
0
0.0
 -1.1407996218300525E+00 -2.3170985309886123E+00 3.8420614944644871E-01
 8.6663001306196835E-03 -5.7309453078774279E-03 -1.7186375054127150E-03
0
0.0
 -1.1407996218300525E+00 -2.3170985309886123E+00 3.8420614944644871E-01
 8.7670037162277791E-03 -6.0150429373889876E-03 -1.5765138822003506E-03
0
0.0
 -1.1407996218300525E+00 -2.3170985309886123E+00 3.8420614944644871E-01
 8.7976967561900835E-03 -5.8628377104412372E-03 -1.6389237875865932E-03
0
0.0
 -1.1407996218300525E+00 -2.3170985309886123E+00 3.8420614944644871E-01
 9.0293943799525638E-03 -5.7777667999556487E-03 -1.4514583086949534E-03
0
0.0
 -1.1407996218300525E+00 -2.3170985309886123E+00 3.8420614944644871E-01
 8.8880028959644943E-03 -5.8162464604642802E-03 -1.7649425451650902E-03
0
0.0
 -1.1407996218300525E+00 -2.3170985309886123E+00 3.8420614944644871E-01
 8.7895079071154836E-03 -5.8486275545652517E-03 -1.6115574019898019E-03
0
0.0
 -1.1407996218300525E+00 -2.3170985309886123E+00 3.8420614944644871E-01
 8.9953089017910885E-03 -5.7132661376686289E-03 -1.4657007808360780E-03
0
0.0
 -1.1407996218300525E+00 -2.3170985309886123E+00 3.8420614944644871E-01
 9.0246775243223842E-03 -6.0596815678649199E-03 -1.4530523023568536E-03
0
0.0
 -1.1407996218300525E+00 -2.3170985309886123E+00 3.8420614944644871E-01
 8.8299286027138726E-03 -5.9265730862224277E-03 -1.7284546492766608E-03
0
0.0
 -1.1407996218300525E+00 -2.3170985309886123E+00 3.8420614944644871E-01
 8.7637707770420112E-03 -5.9695012505191231E-03 -1.5526461360594543E-03
0
0.0
 -1.1407996218300525E+00 -2.3170985309886123E+00 3.8420614944644871E-01
 8.7689160009625615E-03 -5.8827948992368128E-03 -1.7503610392879511E-03
0
0.0
 -1.1407996218300525E+00 -2.3170985309886123E+00 3.8420614944644871E-01
 9.0689376499147739E-03 -6.0598699789993667E-03 -1.4993974892931433E-03
0
0.0
 -1.1407996218300525E+00 -2.3170985309886123E+00 3.8420614944644871E-01
 8.8820039465907011E-03 -5.6907952496089379E-03 -1.6046564076341882E-03
0
0.0
 -1.1407996218300525E+00 -2.3170985309886123E+00 3.8420614944644871E-01
 8.6882739233968727E-03 -6.1868728996608254E-03 -1.5445524655864314E-03
0
0.0
 -1.1407996218300525E+00 -2.3170985309886123E+00 3.8420614944644871E-01
 8.7097663664688386E-03 -5.8088281565176099E-03 -1.5458973904066706E-03
0
0.0
 -1.1407996218300525E+00 -2.3170985309886123E+00 3.8420614944644871E-01
 8.8549928245700658E-03 -5.8637633031823049E-03 -1.4232598428617338E-03
0
0.0
 -1.1407996218300525E+00 -2.3170985309886123E+00 3.8420614944644871E-01
 8.9103002337790459E-03 -6.0106217364962041E-03 -1.3438936037673687E-03
0
0.0
 -1.1407996218300525E+00 -2.3170985309886123E+00 3.8420614944644871E-01
 8.8739061930380586E-03 -6.0017610172044033E-03 -1.8073087673883405E-03
0
0.0
 -1.1407996218300525E+00 -2.3170985309886123E+00 3.8420614944644871E-01
 8.8417454399906618E-03 -5.8462381375937109E-03 -1.6748507733498636E-03
0
0.0
 -1.1407996218300525E+00 -2.3170985309886123E+00 3.8420614944644871E-01
 8.8663323486238271E-03 -6.0903604105404284E-03 -1.4600805550187986E-03
0
0.0
 -1.1407996218300525E+00 -2.3170985309886123E+00 3.8420614944644871E-01
 8.7810287036610962E-03 -5.9157753220279935E-03 -1.6240089698215513E-03
0
0.0
 -1.1407996218300525E+00 -2.3170985309886123E+00 3.8420614944644871E-01
 8.8745696742085819E-03 -5.9722172430770422E-03 -1.6384094702830635E-03
0
0.0
 -1.1407996218300525E+00 -2.3170985309886123E+00 3.8420614944644871E-01
 8.8661645389841847E-03 -5.8344908164854039E-03 -1.7929644198892171E-03
0
0.0
 -1.1407996218300525E+00 -2.3170985309886123E+00 3.8420614944644871E-01
 8.8367935642341966E-03 -5.9472087900267478E-03 -1.6701043592647039E-03
0
0.0
 -1.1407996218300525E+00 -2.3170985309886123E+00 3.8420614944644871E-01
 8.8755048205638679E-03 -6.1662629946795606E-03 -1.6775745716664809E-03
0
0.0
 -1.1407996218300525E+00 -2.3170985309886123E+00 3.8420614944644871E-01
 8.7818320108830877E-03 -5.8608208618538046E-03 -1.6016681603112813E-03
0
0.0
 -1.1407996218300525E+00 -2.3170985309886123E+00 3.8420614944644871E-01
 8.7756066314095878E-03 -6.2019108391109931E-03 -1.4731575624377445E-03
0
0.0
 -1.1407996218300525E+00 -2.3170985309886123E+00 3.8420614944644871E-01
 8.9874401115824284E-03 -6.0877840065053906E-03 -1.5665306789008622E-03
0
0.0
 -1.1407996218300525E+00 -2.3170985309886123E+00 3.8420614944644871E-01
 8.6801582264153538E-03 -5.8509684672680582E-03 -1.7842007939117138E-03
0
0.0
 -1.1407996218300525E+00 -2.3170985309886123E+00 3.8420614944644871E-01
 8.8566229563363311E-03 -5.8895556744854114E-03 -1.5788192107291138E-03
0
0.0
 -1.1407996218300525E+00 -2.3170985309886123E+00 3.8420614944644871E-01
 8.5562780111308502E-03 -6.0578405828398173E-03 -1.7428238146020543E-03
0
0.0
 -1.1407996218300525E+00 -2.3170985309886123E+00 3.8420614944644871E-01
 8.6702065758499092E-03 -5.9615795615269879E-03 -1.6683949872352060E-03
0
0.0
 -1.1407996218300525E+00 -2.3170985309886123E+00 3.8420614944644871E-01
 8.8556436232878656E-03 -5.7805351670015947E-03 -1.3572023509953669E-03
0
0.0
 -1.1407996218300525E+00 -2.3170985309886123E+00 3.8420614944644871E-01
 8.7216371818357452E-03 -5.9485000351280097E-03 -1.6091273385075925E-03
0
0.0
 -1.1407996218300525E+00 -2.3170985309886123E+00 3.8420614944644871E-01
 8.7611845840337016E-03 -5.6105514564034620E-03 -1.6542306260607217E-03
0
0.0
 -1.1407996218300525E+00 -2.3170985309886123E+00 3.8420614944644871E-01
 8.8601995711529158E-03 -6.0722894922620374E-03 -1.7882384206987369E-03
0
0.0
 -1.1407996218300525E+00 -2.3170985309886123E+00 3.8420614944644871E-01
 8.7469667802277558E-03 -5.8930850564833624E-03 -1.5703960651405099E-03
0
0.0
 -1.1407996218300525E+00 -2.3170985309886123E+00 3.8420614944644871E-01
 8.6650791538976178E-03 -5.8072357181353680E-03 -1.8589636756945033E-03
0
0.0
 -1.1407996218300525E+00 -2.3170985309886123E+00 3.8420614944644871E-01
 8.8041459897826389E-03 -5.8784452388039986E-03 -1.7006263521980392E-03
0
0.0
 -1.1407996218300525E+00 -2.3170985309886123E+00 3.8420614944644871E-01
 8.7043099043726535E-03 -5.8584274816292541E-03 -1.7341021125693791E-03
0
0.0
 -1.1407996218300525E+00 -2.3170985309886123E+00 3.8420614944644871E-01
 8.9547489973719266E-03 -5.9968156288015204E-03 -1.8630064550809885E-03
0
0.0
 -1.1407996218300525E+00 -2.3170985309886123E+00 3.8420614944644871E-01
 8.5734219629351547E-03 -5.8106448653883489E-03 -1.4615469856077146E-03
0
0.0
 -1.1407996218300525E+00 -2.3170985309886123E+00 3.8420614944644871E-01
 8.6653643483830291E-03 -5.9121567549278988E-03 -1.5474831129180242E-03
0
0.0
 -1.1407996218300525E+00 -2.3170985309886123E+00 3.8420614944644871E-01
 8.6198657984116727E-03 -5.9669414918578512E-03 -1.8597239789503442E-03
0
0.0
 -1.1407996218300525E+00 -2.3170985309886123E+00 3.8420614944644871E-01
 8.8475898964928291E-03 -6.1494975843666413E-03 -1.7572772919013952E-03
0
0.0
 -1.1407996218300525E+00 -2.3170985309886123E+00 3.8420614944644871E-01
 8.8679947263108783E-03 -5.7626837004575134E-03 -1.4644510888367828E-03
0
0.0
 -1.1407996218300525E+00 -2.3170985309886123E+00 3.8420614944644871E-01
 8.8096603095120067E-03 -5.8640515789134158E-03 -1.5972722303218064E-03
0
0.0
 -1.1407996218300525E+00 -2.3170985309886123E+00 3.8420614944644871E-01
 8.7385256330095445E-03 -6.0055482753102697E-03 -1.6504724132866896E-03
0
0.0
 -1.1407996218300525E+00 -2.3170985309886123E+00 3.8420614944644871E-01
 8.7910511034475936E-03 -5.9361704802330150E-03 -1.6577326789280989E-03
0
0.0
 -1.1407996218300525E+00 -2.3170985309886123E+00 3.8420614944644871E-01
 8.9311730413094304E-03 -6.1093606981550697E-03 -1.6409256862469292E-03
0
0.0
 -1.1407996218300525E+00 -2.3170985309886123E+00 3.8420614944644871E-01
 8.8677606296075177E-03 -5.8679204422050803E-03 -1.3272937240174473E-03
0
0.0
 -1.1407996218300525E+00 -2.3170985309886123E+00 3.8420614944644871E-01
 9.0377423595572604E-03 -5.8432915915815802E-03 -1.4323030981208220E-03
0
0.0
 -1.1407996218300525E+00 -2.3170985309886123E+00 3.8420614944644871E-01
 8.7642175570438602E-03 -5.9283126843755404E-03 -1.6047862711170034E-03
0
0.0
 -1.1407996218300525E+00 -2.3170985309886123E+00 3.8420614944644871E-01
 8.6717799348783771E-03 -5.8542019581469852E-03 -1.5073129615041422E-03
0
0.0
 -1.1407996218300525E+00 -2.3170985309886123E+00 3.8420614944644871E-01
 8.8120369971176424E-03 -5.6964320144790026E-03 -1.6333748008645205E-03
0
0.0
 -1.1407996218300525E+00 -2.3170985309886123E+00 3.8420614944644871E-01
 8.9608082623146169E-03 -6.0950794318476746E-03 -1.5002550720715684E-03
0
0.0
 -1.1407996218300525E+00 -2.3170985309886123E+00 3.8420614944644871E-01
 8.8755330688569008E-03 -5.9858747249690349E-03 -1.8394116942404412E-03
0
0.0
 -1.1407996218300525E+00 -2.3170985309886123E+00 3.8420614944644871E-01
 9.0191765114572449E-03 -5.8204472979500503E-03 -1.6195202313976120E-03
0
0.0
 -1.1407996218300525E+00 -2.3170985309886123E+00 3.8420614944644871E-01
 8.7676478760168892E-03 -5.9082913598937341E-03 -1.6098996065369384E-03
0
0.0
 -1.1407996218300525E+00 -2.3170985309886123E+00 3.8420614944644871E-01
 8.8211780854900758E-03 -5.8395030683847087E-03 -1.5825234362551622E-03
0
0.0
 -1.1407996218300525E+00 -2.3170985309886123E+00 3.8420614944644871E-01
 8.8321210099377868E-03 -5.9533294460756758E-03 -1.3241079144038163E-03
0
0.0
 -1.1407996218300525E+00 -2.3170985309886123E+00 3.8420614944644871E-01
 8.6605555773228149E-03 -5.9989082231588749E-03 -1.6442551658206921E-03
0
0.0
 -1.1407996218300525E+00 -2.3170985309886123E+00 3.8420614944644871E-01
 8.6892655000830443E-03 -6.1263486613809415E-03 -1.6907995836209426E-03
0
0.0
 -1.1407996218300525E+00 -2.3170985309886123E+00 3.8420614944644871E-01
 8.9560910255045215E-03 -5.8691695805317638E-03 -1.3641875503875099E-03
0
0.0
 -1.1407996218300525E+00 -2.3170985309886123E+00 3.8420614944644871E-01
 9.0344474689489952E-03 -5.8748875382854289E-03 -1.6302344598116156E-03
0
0.0
 -1.1407996218300525E+00 -2.3170985309886123E+00 3.8420614944644871E-01
 8.7890553525510444E-03 -5.9199142043954130E-03 -1.6815808289872755E-03
0
0.0
 -1.1407996218300525E+00 -2.3170985309886123E+00 3.8420614944644871E-01
 8.7166836500980789E-03 -5.9199140213419110E-03 -1.6054378766464730E-03
0
0.0
 -1.1407996218300525E+00 -2.3170985309886123E+00 3.8420614944644871E-01
 8.4981099595830070E-03 -5.8385927626817043E-03 -1.6873242017761167E-03
0
0.0
 -1.1407996218300525E+00 -2.3170985309886123E+00 3.8420614944644871E-01
 8.6441356337259422E-03 -5.7754289379430088E-03 -1.5781722085741494E-03
0
0.0
 -1.1407996218300525E+00 -2.3170985309886123E+00 3.8420614944644871E-01
 8.7545661474580424E-03 -6.0142962050432087E-03 -1.4274071459827555E-03
0
0.0
 -1.1407996218300525E+00 -2.3170985309886123E+00 3.8420614944644871E-01
 9.0061069174818160E-03 -5.7504633571963427E-03 -1.5688011620863271E-03
0
0.0
 -1.1407996218300525E+00 -2.3170985309886123E+00 3.8420614944644871E-01
 8.6422024585524164E-03 -5.8829092565390456E-03 -1.8693379049581032E-03
0
0.0
 -1.1407996218300525E+00 -2.3170985309886123E+00 3.8420614944644871E-01
 8.7330089583848702E-03 -5.8846918504625034E-03 -1.3034429806055075E-03
0
0.0
 -1.1407996218300525E+00 -2.3170985309886123E+00 3.8420614944644871E-01
 8.7740159127908460E-03 -5.9082389875588044E-03 -1.3999767823565012E-03
0
0.0
 -1.1407996218300525E+00 -2.3170985309886123E+00 3.8420614944644871E-01
 8.8085494489384287E-03 -5.8816664711087239E-03 -1.9298810083741157E-03
0
0.0
 -1.1407996218300525E+00 -2.3170985309886123E+00 3.8420614944644871E-01
 8.4940024048292644E-03 -5.8036705515779261E-03 -1.5910818048330405E-03
0
0.0
 -1.1407996218300525E+00 -2.3170985309886123E+00 3.8420614944644871E-01
 8.6504343695485812E-03 -5.7318753961096329E-03 -1.6573857682450357E-03
0
0.0
 -1.1407996218300525E+00 -2.3170985309886123E+00 3.8420614944644871E-01
 8.5905459330633243E-03 -6.0575270955440822E-03 -1.3816621075240776E-03
0
0.0
 -1.1407996218300525E+00 -2.3170985309886123E+00 3.8420614944644871E-01
 8.8931304002689820E-03 -6.0779409111585084E-03 -1.7130291026083392E-03
0
0.0
 -1.1407996218300525E+00 -2.3170985309886123E+00 3.8420614944644871E-01
 8.6914663788783247E-03 -5.7628127509339773E-03 -1.3700450308258821E-03
0
0.0
 -1.1407996218300525E+00 -2.3170985309886123E+00 3.8420614944644871E-01
 8.8217846030632686E-03 -5.6921581251897458E-03 -1.4365656310812312E-03
0
0.0
 -1.1407996218300525E+00 -2.3170985309886123E+00 3.8420614944644871E-01
 8.7701467241689483E-03 -5.9163879705634477E-03 -1.7306854643256680E-03
0
0.0
 -1.1407996218300525E+00 -2.3170985309886123E+00 3.8420614944644871E-01
 8.9414645973984637E-03 -5.9811934625017289E-03 -1.6850684413665974E-03
0
0.0
 -1.1407996218300525E+00 -2.3170985309886123E+00 3.8420614944644871E-01
 8.8261327209472433E-03 -5.8693115464976773E-03 -1.6892883924480853E-03
0
0.0
 -1.1407996218300525E+00 -2.3170985309886123E+00 3.8420614944644871E-01
 8.8239974423262920E-03 -6.0778881661218767E-03 -1.4196606623247442E-03
0
0.0
 -1.1407996218300525E+00 -2.3170985309886123E+00 3.8420614944644871E-01
 8.6579525660045540E-03 -5.7452718049842448E-03 -1.6136233000377609E-03
0
0.0
 -1.1407996218300525E+00 -2.3170985309886123E+00 3.8420614944644871E-01
 8.6268146384678081E-03 -6.0223163543849283E-03 -1.5674179212283896E-03
0
0.0
 -1.1407996218300525E+00 -2.3170985309886123E+00 3.8420614944644871E-01
 8.8379994277672305E-03 -5.8300758488140456E-03 -1.8199525699273175E-03
0
0.0
 -1.1407996218300525E+00 -2.3170985309886123E+00 3.8420614944644871E-01
 8.8564609893357887E-03 -5.9767658682697827E-03 -1.4386569596715226E-03
0
0.0
 -1.1407996218300525E+00 -2.3170985309886123E+00 3.8420614944644871E-01
 8.8290407052550035E-03 -5.6238210478579045E-03 -1.8051484698228355E-03
0
0.0
 -1.1407996218300525E+00 -2.3170985309886123E+00 3.8420614944644871E-01
 8.6861384639264592E-03 -6.1215846711550554E-03 -1.5507603166688851E-03
0
0.0
 -1.1407996218300525E+00 -2.3170985309886123E+00 3.8420614944644871E-01
 8.5794954634009022E-03 -5.9315605509661770E-03 -1.5488238982658922E-03
0
0.0
 -1.1407996218300525E+00 -2.3170985309886123E+00 3.8420614944644871E-01
 8.9268160786358727E-03 -5.7232056160683312E-03 -1.7838257774329572E-03
0
0.0
