20
 -1.1407996218300525E+00 -2.3170985309886123E+00 3.8420614944644871E-01
 8.5778936113587046E-03 -5.7410579669547662E-03 -1.6036767627329892E-03
0
0.0
 -1.1407996218300525E+00 -2.3170985309886123E+00 3.8420614944644871E-01
 8.6424128198955667E-03 -5.6523779053885637E-03 -1.7406080134014000E-03
0
0.0
 -1.1407996218300525E+00 -2.3170985309886123E+00 3.8420614944644871E-01
 8.7218632121065908E-03 -6.0799479798044316E-03 -1.8831992152870220E-03
0
0.0
 -1.1407996218300525E+00 -2.3170985309886123E+00 3.8420614944644871E-01
 8.7262257808357214E-03 -6.0313605603870184E-03 -1.5067237119399627E-03
0
0.0
 -1.1407996218300525E+00 -2.3170985309886123E+00 3.8420614944644871E-01
 8.8569409314152893E-03 -5.7074110494604062E-03 -1.5530281238122922E-03
0
0.0
 -1.1407996218300525E+00 -2.3170985309886123E+00 3.8420614944644871E-01
 8.7141257556057911E-03 -6.0565164071636462E-03 -1.3727538895855318E-03
0
0.0
 -1.1407996218300525E+00 -2.3170985309886123E+00 3.8420614944644871E-01
 8.8430925863142162E-03 -5.9425071705959528E-03 -1.5696818000698546E-03
0
0.0
 -1.1407996218300525E+00 -2.3170985309886123E+00 3.8420614944644871E-01
 8.7383520178508280E-03 -5.9837784348455497E-03 -1.6693599824269016E-03
0
0.0
 -1.1407996218300525E+00 -2.3170985309886123E+00 3.8420614944644871E-01
 8.8095141719972334E-03 -5.9677631757156175E-03 -1.4946600288007600E-03
0
0.0
 -1.1407996218300525E+00 -2.3170985309886123E+00 3.8420614944644871E-01
 8.8424916319428341E-03 -6.0201374389583255E-03 -1.7524163512286591E-03
0
0.0
 -1.1407996218300525E+00 -2.3170985309886123E+00 3.8420614944644871E-01
 8.8927408069648748E-03 -5.7543384135462722E-03 -1.5800616138342172E-03
0
0.0
 -1.1407996218300525E+00 -2.3170985309886123E+00 3.8420614944644871E-01
 8.6949232742657718E-03 -5.6778803913373295E-03 -1.6803060545274512E-03
0
0.0
 -1.1407996218300525E+00 -2.3170985309886123E+00 3.8420614944644871E-01
 8.9020980798938006E-03 -5.6933687750022229E-03 -1.6916577558077483E-03
0
0.0
 -1.1407996218300525E+00 -2.3170985309886123E+00 3.8420614944644871E-01
 8.7165615144432565E-03 -5.7875993723230986E-03 -1.5312786986136579E-03
0
0.0
 -1.1407996218300525E+00 -2.3170985309886123E+00 3.8420614944644871E-01
 8.8625064902125815E-03 -6.0526050247196117E-03 -1.8306287292647744E-03
0
0.0
 -1.1407996218300525E+00 -2.3170985309886123E+00 3.8420614944644871E-01
 8.6727853241712217E-03 -5.7543905359181326E-03 -1.4069016362678979E-03
0
0.0
 -1.1407996218300525E+00 -2.3170985309886123E+00 3.8420614944644871E-01
 8.8694565330288636E-03 -5.8919567653279705E-03 -1.6986800840294329E-03
0
0.0
 -1.1407996218300525E+00 -2.3170985309886123E+00 3.8420614944644871E-01
 8.7593362419757757E-03 -6.0243234256901462E-03 -1.5906418644296247E-03
0
0.0
 -1.1407996218300525E+00 -2.3170985309886123E+00 3.8420614944644871E-01
 8.6375043191299732E-03 -5.7782792327035959E-03 -1.6453121325390022E-03
0
0.0
 -1.1407996218300525E+00 -2.3170985309886123E+00 3.8420614944644871E-01
 8.9958710464485281E-03 -5.9772659547996767E-03 -1.7673891459286213E-03
0
0.0
