20
 -1.1407996218300525E+00 -2.3170985309886123E+00 3.8420614944644871E-01
 8.7305699533158695E-03 -6.0003309247278272E-03 -1.3990860346056963E-03
0
0.0
 -1.1407996218300525E+00 -2.3170985309886123E+00 3.8420614944644871E-01
 8.6635686736168671E-03 -5.7693636791967089E-03 -1.7980134777812432E-03
0
0.0
 -1.1407996218300525E+00 -2.3170985309886123E+00 3.8420614944644871E-01
 8.8068163417818653E-03 -5.9160454115878298E-03 -1.6443458783872054E-03
0
0.0
 -1.1407996218300525E+00 -2.3170985309886123E+00 3.8420614944644871E-01
 8.7266807219865718E-03 -5.9507861421343742E-03 -1.4803251229795384E-03
0
0.0
 -1.1407996218300525E+00 -2.3170985309886123E+00 3.8420614944644871E-01
 9.0362027471691028E-03 -6.0538652843134064E-03 -1.7112416617410620E-03
0
0.0
 -1.1407996218300525E+00 -2.3170985309886123E+00 3.8420614944644871E-01
 8.8733636785177927E-03 -5.9276337819015573E-03 -1.5914462566074066E-03
0
0.0
 -1.1407996218300525E+00 -2.3170985309886123E+00 3.8420614944644871E-01
 8.8839283948618786E-03 -5.9333662654849281E-03 -1.6491750095290198E-03
0
0.0
 -1.1407996218300525E+00 -2.3170985309886123E+00 3.8420614944644871E-01
 8.7883909149641930E-03 -5.7071452623160615E-03 -1.6680682433387278E-03
0
0.0
 -1.1407996218300525E+00 -2.3170985309886123E+00 3.8420614944644871E-01
 8.8634108780620315E-03 -5.9693860560936854E-03 -1.3235114413620117E-03
0
0.0
 -1.1407996218300525E+00 -2.3170985309886123E+00 3.8420614944644871E-01
 8.7569685630114729E-03 -5.8362197821719237E-03 -1.8526362577704221E-03
0
0.0
 -1.1407996218300525E+00 -2.3170985309886123E+00 3.8420614944644871E-01
 8.6040535230943287E-03 -5.6964324033154119E-03 -1.4946886102420291E-03
0
0.0
 -1.1407996218300525E+00 -2.3170985309886123E+00 3.8420614944644871E-01
 8.8525730418693785E-03 -5.9341286586683823E-03 -1.7377047403847592E-03
0
0.0
 -1.1407996218300525E+00 -2.3170985309886123E+00 3.8420614944644871E-01
 8.5268152828746908E-03 -5.7346017454747043E-03 -1.5820613013900729E-03
0
0.0
 -1.1407996218300525E+00 -2.3170985309886123E+00 3.8420614944644871E-01
 8.7602928175204500E-03 -5.8354635998827606E-03 -1.8094562464292749E-03
0
0.0
 -1.1407996218300525E+00 -2.3170985309886123E+00 3.8420614944644871E-01
 8.8602663180517068E-03 -5.7979059520128660E-03 -1.7119465821058071E-03
0
0.0
 -1.1407996218300525E+00 -2.3170985309886123E+00 3.8420614944644871E-01
 8.7873402746614926E-03 -6.0186200184884952E-03 -1.5969647756798680E-03
0
0.0
 -1.1407996218300525E+00 -2.3170985309886123E+00 3.8420614944644871E-01
 8.7630919712150517E-03 -5.9765907748895687E-03 -1.3337678597947081E-03
0
0.0
 -1.1407996218300525E+00 -2.3170985309886123E+00 3.8420614944644871E-01
 8.5490274496436095E-03 -5.7775874594004654E-03 -1.6024374621256413E-03
0
0.0
 -1.1407996218300525E+00 -2.3170985309886123E+00 3.8420614944644871E-01
 8.5632905474935760E-03 -5.9956634748850506E-03 -1.8037140069878232E-03
0
0.0
 -1.1407996218300525E+00 -2.3170985309886123E+00 3.8420614944644871E-01
 8.8902704927047681E-03 -6.0600098746031849E-03 -1.3428978205273149E-03
0
0.0
