20
 -1.1407996218300525E+00 -2.3170985309886123E+00 3.8420614944644871E-01
 9.0322118845414055E-03 -5.9309335531504172E-03 -1.7380577866533671E-03
0
0.0
 -1.1407996218300525E+00 -2.3170985309886123E+00 3.8420614944644871E-01
 8.5267139528787620E-03 -6.0006720880719372E-03 -1.6441405935546007E-03
0
0.0
 -1.1407996218300525E+00 -2.3170985309886123E+00 3.8420614944644871E-01
 8.7100274472020449E-03 -6.0083481536698097E-03 -1.7759100584727461E-03
0
0.0
 -1.1407996218300525E+00 -2.3170985309886123E+00 3.8420614944644871E-01
 8.8307533880624591E-03 -5.8604104090865111E-03 -1.6436696385695392E-03
0
0.0
 -1.1407996218300525E+00 -2.3170985309886123E+00 3.8420614944644871E-01
 8.6743041203150295E-03 -5.9791447229152585E-03 -1.6074960630406976E-03
0
0.0
 -1.1407996218300525E+00 -2.3170985309886123E+00 3.8420614944644871E-01
 8.7124957533212290E-03 -5.8482905631919782E-03 -1.7515572899839088E-03
0
0.0
 -1.1407996218300525E+00 -2.3170985309886123E+00 3.8420614944644871E-01
 8.7304079488331517E-03 -5.8713647292037699E-03 -1.6793870727497616E-03
0
0.0
 -1.1407996218300525E+00 -2.3170985309886123E+00 3.8420614944644871E-01
 8.7954555004342207E-03 -5.8842119720095122E-03 -1.6751322093358524E-03
0
0.0
 -1.1407996218300525E+00 -2.3170985309886123E+00 3.8420614944644871E-01
 8.7534633484218586E-03 -5.9013216218800511E-03 -1.6730240683666439E-03
0
0.0
 -1.1407996218300525E+00 -2.3170985309886123E+00 3.8420614944644871E-01
 8.8625430731512182E-03 -5.8527723896365036E-03 -1.7676124199904790E-03
0
0.0
 -1.1407996218300525E+00 -2.3170985309886123E+00 3.8420614944644871E-01
 8.9317887235496832E-03 -5.9955374395629290E-03 -1.5870058430708853E-03
0
0.0
 -1.1407996218300525E+00 -2.3170985309886123E+00 3.8420614944644871E-01
 8.6500136619643269E-03 -5.8391786693114817E-03 -1.3479827990210353E-03
0
0.0
 -1.1407996218300525E+00 -2.3170985309886123E+00 3.8420614944644871E-01
 8.7089826579145636E-03 -5.8372385545635537E-03 -1.6463894688574551E-03
0
0.0
 -1.1407996218300525E+00 -2.3170985309886123E+00 3.8420614944644871E-01
 8.7756149845475313E-03 -5.8678326594020502E-03 -1.8211085231147205E-03
0
0.0
 -1.1407996218300525E+00 -2.3170985309886123E+00 3.8420614944644871E-01
 8.8058095066406473E-03 -6.0882149287445932E-03 -1.4870160278666388E-03
0
0.0
 -1.1407996218300525E+00 -2.3170985309886123E+00 3.8420614944644871E-01
 8.7684170555689476E-03 -5.9452925841804571E-03 -1.5769461256333289E-03
0
0.0
 -1.1407996218300525E+00 -2.3170985309886123E+00 3.8420614944644871E-01
 9.0014132599153963E-03 -5.9222421152437602E-03 -1.6383459357155812E-03
0
0.0
 -1.1407996218300525E+00 -2.3170985309886123E+00 3.8420614944644871E-01
 8.7745676235673632E-03 -5.7555335271399100E-03 -1.9312164694794266E-03
0
0.0
 -1.1407996218300525E+00 -2.3170985309886123E+00 3.8420614944644871E-01
 9.0220964784038706E-03 -6.0834171476382374E-03 -1.7580113319787516E-03
0
0.0
 -1.1407996218300525E+00 -2.3170985309886123E+00 3.8420614944644871E-01
 8.7826991657111390E-03 -5.9115507578730410E-03 -1.6201034342975158E-03
0
0.0
