20
-1
1
 -0.34666675   0.57293823  -0.74267351  3.08146892e-04
  0.64415026   0.05176252   0.76314552  3.96951459e-04
  0.40048660  -0.17356953   0.89971334  3.63085024e-04
  0.26712993  -0.57909202   0.77025582  1.48981174e-04
 -0.96551405   0.25412468   0.05659744  3.39850375e-04
  0.68570883   0.11607334   0.71856133  2.02627770e-04
 -0.61381017  -0.62961585  -0.47625724  2.21769261e-04
 -0.01074379  -0.82701636  -0.56207519  1.71959004e-04
  0.37841900   0.26211101   0.88774821  2.73627124e-04
 -0.76741931  -0.62661301  -0.13573406  3.42544638e-04
 -0.95999434  -0.22608789  -0.16521238  5.81688935e-04
  0.04527537  -0.92927929  -0.36659261  2.79193606e-04
  0.97429349  -0.21462222   0.06847988  4.73489695e-04
 -0.12828240  -0.31237660  -0.94125687  2.00606050e-04
  0.41604513   0.23378195  -0.87877895  2.15447537e-04
  0.85056172   0.40885117  -0.33073475  6.13112155e-04
  0.76173461   0.17764658  -0.62305865  3.33102949e-04
 -0.87018356   0.06551359  -0.48835288  4.89534311e-04
  0.44546857  -0.86989054  -0.21177395  3.15486342e-04
  0.97106110   0.00660177  -0.23873995  2.34537119e-04
