20
 -1.1407996218300525E+00 -2.3170985309886123E+00 3.8420614944644871E-01
 8.7740585535194503E-03 -5.8040777711896576E-03 -1.6905681614923114E-03
0
0.0
 -1.1407996218300525E+00 -2.3170985309886123E+00 3.8420614944644871E-01
 8.7091727476228502E-03 -5.8116658515812046E-03 -1.3444517635395395E-03
0
0.0
 -1.1407996218300525E+00 -2.3170985309886123E+00 3.8420614944644871E-01
 8.6379791600374820E-03 -5.9073147681628080E-03 -1.5298342349616778E-03
0
0.0
 -1.1407996218300525E+00 -2.3170985309886123E+00 3.8420614944644871E-01
 8.7916163045899075E-03 -5.9621824516421836E-03 -1.5309558573426473E-03
0
0.0
 -1.1407996218300525E+00 -2.3170985309886123E+00 3.8420614944644871E-01
 8.7564991000381974E-03 -5.8885502232548350E-03 -1.4193963439150142E-03
0
0.0
 -1.1407996218300525E+00 -2.3170985309886123E+00 3.8420614944644871E-01
 8.9195551748143583E-03 -5.8131237183536638E-03 -1.5782785980731971E-03
0
0.0
 -1.1407996218300525E+00 -2.3170985309886123E+00 3.8420614944644871E-01
 8.5967665563163684E-03 -5.9826687996227638E-03 -1.8269965400356102E-03
0
0.0
 -1.1407996218300525E+00 -2.3170985309886123E+00 3.8420614944644871E-01
 8.6966545357679437E-03 -5.7067185621445032E-03 -1.6799733768347674E-03
0
0.0
 -1.1407996218300525E+00 -2.3170985309886123E+00 3.8420614944644871E-01
 8.8080943259928723E-03 -5.9639998916125782E-03 -1.5876805365993886E-03
0
0.0
 -1.1407996218300525E+00 -2.3170985309886123E+00 3.8420614944644871E-01
 8.5533131114847675E-03 -5.9114552513601518E-03 -1.6208454413437743E-03
0
0.0
 -1.1407996218300525E+00 -2.3170985309886123E+00 3.8420614944644871E-01
 8.8051278170014728E-03 -6.0625840987729128E-03 -1.7883525472740080E-03
0
0.0
 -1.1407996218300525E+00 -2.3170985309886123E+00 3.8420614944644871E-01
 8.7619781860849011E-03 -5.8886722452353270E-03 -1.6268996167305677E-03
0
0.0
 -1.1407996218300525E+00 -2.3170985309886123E+00 3.8420614944644871E-01
 8.4978114132651071E-03 -5.9986721267205933E-03 -1.7686406509738073E-03
0
0.0
 -1.1407996218300525E+00 -2.3170985309886123E+00 3.8420614944644871E-01
 8.7974489997322911E-03 -5.8051124275384381E-03 -1.7905667371139562E-03
0
0.0
 -1.1407996218300525E+00 -2.3170985309886123E+00 3.8420614944644871E-01
 8.8730615652426580E-03 -5.7692757302917558E-03 -1.8593649376767933E-03
0
0.0
 -1.1407996218300525E+00 -2.3170985309886123E+00 3.8420614944644871E-01
 8.7622447202428764E-03 -5.6686469276552636E-03 -1.7098984913161074E-03
0
0.0
 -1.1407996218300525E+00 -2.3170985309886123E+00 3.8420614944644871E-01
 8.7206510531080642E-03 -5.8850423044888136E-03 -1.6186414535951032E-03
0
0.0
 -1.1407996218300525E+00 -2.3170985309886123E+00 3.8420614944644871E-01
 8.6967784992150118E-03 -5.7755034270632671E-03 -1.7417924215936589E-03
0
0.0
 -1.1407996218300525E+00 -2.3170985309886123E+00 3.8420614944644871E-01
 8.8904349553320383E-03 -6.1694098174397624E-03 -1.5629958939110792E-03
0
0.0
 -1.1407996218300525E+00 -2.3170985309886123E+00 3.8420614944644871E-01
 8.7828472564475540E-03 -5.7585224146473688E-03 -1.6136988436918508E-03
0
0.0
