20
-1
1
 -0.71777068   0.49270162  -0.49198614  5.41599333e-04
  0.51537498   0.41307104  -0.75084016  3.43692519e-04
 -0.13728648  -0.65205441   0.74563897  4.25977740e-04
  0.66687924  -0.73586984   0.11733568  1.45676232e-04
  0.69677024   0.01012507   0.71722292  2.70181415e-04
 -0.28037604   0.91348187  -0.29485615  2.80426997e-04
 -0.00609933  -0.64417410  -0.76485458  1.63501408e-04
  0.48830436  -0.76411466  -0.42153011  8.22601652e-04
  0.58091535  -0.56190204   0.58890020  2.59066445e-04
 -0.20383420  -0.81806486   0.53779317  4.47284960e-04
 -0.91218627  -0.19371450   0.36109680  2.34603793e-04
  0.47648208   0.87122209  -0.11805461  1.95892654e-04
  0.86642827  -0.00662302   0.49925763  1.92248275e-04
 -0.85453693   0.51888823  -0.02283964  8.52638587e-04
  0.03939025   0.75443361   0.65519335  3.66711735e-04
  0.48697361  -0.26354214   0.83270778  8.29021877e-04
 -0.35828361   0.59510409   0.71936359  8.32278452e-04
  0.28859840   0.95556969  -0.05997947  2.38548767e-04
  0.21391061   0.47816714  -0.85182066  6.77839646e-04
  0.13052850  -0.79305001  -0.59500756  2.11370694e-04
