20
 -1.1407996218300525E+00 -2.3170985309886123E+00 3.8420614944644871E-01
 8.7680863505457604E-03 -5.9023768076422204E-03 -1.7158045611525190E-03
0
0.0
 -1.1407996218300525E+00 -2.3170985309886123E+00 3.8420614944644871E-01
 8.4989536308524051E-03 -5.7462114450407172E-03 -1.6657900829697531E-03
0
0.0
 -1.1407996218300525E+00 -2.3170985309886123E+00 3.8420614944644871E-01
 8.9914098016683312E-03 -5.8979556372919994E-03 -1.5641929580729472E-03
0
0.0
 -1.1407996218300525E+00 -2.3170985309886123E+00 3.8420614944644871E-01
 8.6636536991801256E-03 -5.8146171531207333E-03 -1.6866877858681629E-03
0
0.0
 -1.1407996218300525E+00 -2.3170985309886123E+00 3.8420614944644871E-01
 8.9881221619852129E-03 -5.8602543317533839E-03 -1.6764167816072097E-03
0
0.0
 -1.1407996218300525E+00 -2.3170985309886123E+00 3.8420614944644871E-01
 8.6117093951839519E-03 -5.8795371723443998E-03 -1.6978035889357872E-03
0
0.0
 -1.1407996218300525E+00 -2.3170985309886123E+00 3.8420614944644871E-01
 8.8722388152384004E-03 -5.9981720350822674E-03 -1.6905297478635093E-03
0
0.0
 -1.1407996218300525E+00 -2.3170985309886123E+00 3.8420614944644871E-01
 8.9926859330778080E-03 -6.0411503282668082E-03 -1.5318135835662898E-03
0
0.0
 -1.1407996218300525E+00 -2.3170985309886123E+00 3.8420614944644871E-01
 8.8013266116897491E-03 -5.8588344139384107E-03 -1.7213508002816237E-03
0
0.0
 -1.1407996218300525E+00 -2.3170985309886123E+00 3.8420614944644871E-01
 8.7540139658867106E-03 -5.8002155022996134E-03 -1.6744337684568731E-03
0
0.0
 -1.1407996218300525E+00 -2.3170985309886123E+00 3.8420614944644871E-01
 8.7081608679490628E-03 -5.6312915617295570E-03 -1.7441434957508205E-03
0
0.0
 -1.1407996218300525E+00 -2.3170985309886123E+00 3.8420614944644871E-01
 8.6288784667635753E-03 -6.0645824534762737E-03 -1.6295853156105052E-03
0
0.0
 -1.1407996218300525E+00 -2.3170985309886123E+00 3.8420614944644871E-01
 8.8531702746459627E-03 -5.9191797192112219E-03 -1.5875335412739232E-03
0
0.0
 -1.1407996218300525E+00 -2.3170985309886123E+00 3.8420614944644871E-01
 8.8030534536662833E-03 -5.6500843153107320E-03 -1.6869515825349340E-03
0
0.0
 -1.1407996218300525E+00 -2.3170985309886123E+00 3.8420614944644871E-01
 8.8743918243669711E-03 -5.7731114780894856E-03 -1.5902677762106481E-03
0
0.0
 -1.1407996218300525E+00 -2.3170985309886123E+00 3.8420614944644871E-01
 9.0367781022232061E-03 -5.7471952919739902E-03 -1.7948209384114294E-03
0
0.0
 -1.1407996218300525E+00 -2.3170985309886123E+00 3.8420614944644871E-01
 8.8038574532538407E-03 -5.8250406606855662E-03 -1.4412800085350508E-03
0
0.0
 -1.1407996218300525E+00 -2.3170985309886123E+00 3.8420614944644871E-01
 8.7737004351232991E-03 -5.9554045578714392E-03 -1.8180462911488639E-03
0
0.0
 -1.1407996218300525E+00 -2.3170985309886123E+00 3.8420614944644871E-01
 8.8870639684490212E-03 -5.9879911161023923E-03 -1.6432729632902493E-03
0
0.0
 -1.1407996218300525E+00 -2.3170985309886123E+00 3.8420614944644871E-01
 8.8533973269000719E-03 -5.9568011144801739E-03 -1.5409378062263750E-03
0
0.0
