20
 -1.1407996218300525E+00 -2.3170985309886123E+00 3.8420614944644871E-01
 8.6665163992464718E-03 -5.9379799447381388E-03 -1.6251747953179624E-03
0
0.0
 -1.1407996218300525E+00 -2.3170985309886123E+00 3.8420614944644871E-01
 8.8202069931939530E-03 -5.8515761561346311E-03 -1.5673888155720494E-03
0
0.0
 -1.1407996218300525E+00 -2.3170985309886123E+00 3.8420614944644871E-01
 8.6579993182189837E-03 -5.8128527310051309E-03 -1.5515018610760326E-03
0
0.0
 -1.1407996218300525E+00 -2.3170985309886123E+00 3.8420614944644871E-01
 8.6675944084740400E-03 -6.1227106884087839E-03 -1.7339810136711565E-03
0
0.0
 -1.1407996218300525E+00 -2.3170985309886123E+00 3.8420614944644871E-01
 8.6900214562888444E-03 -5.9667265986159783E-03 -1.5858139644215757E-03
0
0.0
 -1.1407996218300525E+00 -2.3170985309886123E+00 3.8420614944644871E-01
 8.8110744848070438E-03 -6.1616977408559303E-03 -1.4791629059624223E-03
0
0.0
 -1.1407996218300525E+00 -2.3170985309886123E+00 3.8420614944644871E-01
 8.9093941125784840E-03 -5.8226494644852680E-03 -1.5999549438017095E-03
0
0.0
 -1.1407996218300525E+00 -2.3170985309886123E+00 3.8420614944644871E-01
 8.7861648521351081E-03 -5.6759289465533273E-03 -1.6859291789268719E-03
0
0.0
 -1.1407996218300525E+00 -2.3170985309886123E+00 3.8420614944644871E-01
 8.9006293588860634E-03 -5.7175009863446626E-03 -1.6238761356590894E-03
0
0.0
 -1.1407996218300525E+00 -2.3170985309886123E+00 3.8420614944644871E-01
 8.8051249906859318E-03 -5.8985460360627571E-03 -1.5364193777577246E-03
0
0.0
 -1.1407996218300525E+00 -2.3170985309886123E+00 3.8420614944644871E-01
 8.7226529189421559E-03 -5.8034855638948186E-03 -1.4265407480610435E-03
0
0.0
 -1.1407996218300525E+00 -2.3170985309886123E+00 3.8420614944644871E-01
 8.7844233750473261E-03 -5.9423776272736787E-03 -1.8170268953067834E-03
0
0.0
 -1.1407996218300525E+00 -2.3170985309886123E+00 3.8420614944644871E-01
 8.7737493282276265E-03 -5.9012962750302931E-03 -1.6321203590015905E-03
0
0.0
 -1.1407996218300525E+00 -2.3170985309886123E+00 3.8420614944644871E-01
 8.9650205541421842E-03 -6.1072136098171389E-03 -1.7830421163177613E-03
0
0.0
 -1.1407996218300525E+00 -2.3170985309886123E+00 3.8420614944644871E-01
 8.7765777230494144E-03 -5.7017519951439617E-03 -1.4685798008482705E-03
0
0.0
 -1.1407996218300525E+00 -2.3170985309886123E+00 3.8420614944644871E-01
 8.7334909941560856E-03 -6.0397147688526524E-03 -1.4416075582676931E-03
0
0.0
 -1.1407996218300525E+00 -2.3170985309886123E+00 3.8420614944644871E-01
 8.9594067566258345E-03 -5.7934169845679090E-03 -1.6485463098392264E-03
0
0.0
 -1.1407996218300525E+00 -2.3170985309886123E+00 3.8420614944644871E-01
 8.8192355444571477E-03 -6.0457082399584892E-03 -1.6608078203228633E-03
0
0.0
 -1.1407996218300525E+00 -2.3170985309886123E+00 3.8420614944644871E-01
 8.8792774077672727E-03 -5.9620261519428642E-03 -1.4397791954704920E-03
0
0.0
 -1.1407996218300525E+00 -2.3170985309886123E+00 3.8420614944644871E-01
 8.8056833427619819E-03 -5.9742865321986078E-03 -1.4206686649691955E-03
0
0.0
