1380
  10070.00 2860.0 1500.0 0.0010  680.0 0.10 0.90
  10070.00 2860.0 1500.0 0.0010  680.0 0.10 0.90
  10070.00 2860.0 1500.0 0.0010  680.0 0.10 0.90
  10070.00 2860.0 1500.0 0.0010  680.0 0.10 0.90
  10070.00 2860.0 1500.0 0.0010  680.0 0.10 0.90
  10070.00 2860.0 1500.0 0.0010  680.0 0.10 0.90
  10070.00 2860.0 1500.0 0.0010  680.0 0.10 0.90
  10070.00 2860.0 1500.0 0.0010  680.0 0.10 0.90
  10070.00 2860.0 1500.0 0.0010  680.0 0.10 0.90
  10070.00 2860.0 1500.0 0.0010  680.0 0.10 0.90
   3023.00 2860.0 1500.0 0.0010  680.0 0.10 0.90
   3023.00 2860.0 1500.0 0.0010  680.0 0.10 0.90
   3023.00 2860.0 1500.0 0.0010  680.0 0.10 0.90
   3023.00 2860.0 1500.0 0.0010  680.0 0.10 0.90
   3023.00 2860.0 1500.0 0.0010  680.0 0.10 0.90
   3023.00 2860.0 1500.0 0.0010  680.0 0.10 0.90
   3023.00 2860.0 1500.0 0.0010  680.0 0.10 0.90
   3023.00 2860.0 1500.0 0.0010  680.0 0.10 0.90
   3023.00 2860.0 1500.0 0.0010  680.0 0.10 0.90
   3023.00 2860.0 1500.0 0.0010  680.0 0.10 0.90
   3356.00 2860.0 1500.0 0.0010  680.0 0.10 0.90
   3356.00 2860.0 1500.0 0.0010  680.0 0.10 0.90
   3356.00 2860.0 1500.0 0.0010  680.0 0.10 0.90
   3356.00 2860.0 1500.0 0.0010  680.0 0.10 0.90
   3356.00 2860.0 1500.0 0.0010  680.0 0.10 0.90
   3356.00 2860.0 1500.0 0.0010  680.0 0.10 0.90
   3356.00 2860.0 1500.0 0.0010  680.0 0.10 0.90
   3356.00 2860.0 1500.0 0.0010  680.0 0.10 0.90
   3356.00 2860.0 1500.0 0.0010  680.0 0.10 0.90
   3356.00 2860.0 1500.0 0.0010  680.0 0.10 0.90
  11230.00 2860.0 1500.0 0.0010  680.0 0.10 0.90
  11230.00 2860.0 1500.0 0.0010  680.0 0.10 0.90
  11230.00 2860.0 1500.0 0.0010  680.0 0.10 0.90
  11230.00 2860.0 1500.0 0.0010  680.0 0.10 0.90
  11230.00 2860.0 1500.0 0.0010  680.0 0.10 0.90
  11230.00 2860.0 1500.0 0.0010  680.0 0.10 0.90
  11230.00 2860.0 1500.0 0.0010  680.0 0.10 0.90
  11230.00 2860.0 1500.0 0.0010  680.0 0.10 0.90
  11230.00 2860.0 1500.0 0.0010  680.0 0.10 0.90
  11230.00 2860.0 1500.0 0.0010  680.0 0.10 0.90
   7560.00 2860.0 1500.0 0.0010  680.0 0.10 0.90
   7560.00 2860.0 1500.0 0.0010  680.0 0.10 0.90
   7560.00 2860.0 1500.0 0.0010  680.0 0.10 0.90
   7560.00 2860.0 1500.0 0.0010  680.0 0.10 0.90
   7560.00 2860.0 1500.0 0.0010  680.0 0.10 0.90
   7560.00 2860.0 1500.0 0.0010  680.0 0.10 0.90
   7560.00 2860.0 1500.0 0.0010  680.0 0.10 0.90
   7560.00 2860.0 1500.0 0.0010  680.0 0.10 0.90
   7560.00 2860.0 1500.0 0.0010  680.0 0.10 0.90
   7560.00 2860.0 1500.0 0.0010  680.0 0.10 0.90
   5415.00 2860.0 1500.0 0.0010  680.0 0.10 0.90
   5415.00 2860.0 1500.0 0.0010  680.0 0.10 0.90
   5415.00 2860.0 1500.0 0.0010  680.0 0.10 0.90
   5415.00 2860.0 1500.0 0.0010  680.0 0.10 0.90
   5415.00 2860.0 1500.0 0.0010  680.0 0.10 0.90
   5415.00 2860.0 1500.0 0.0010  680.0 0.10 0.90
   5415.00 2860.0 1500.0 0.0010  680.0 0.10 0.90
   5415.00 2860.0 1500.0 0.0010  680.0 0.10 0.90
   5415.00 2860.0 1500.0 0.0010  680.0 0.10 0.90
   5415.00 2860.0 1500.0 0.0010  680.0 0.10 0.90
   3807.00 2860.0 1500.0 0.0010  680.0 0.10 0.90
   3807.00 2860.0 1500.0 0.0010  680.0 0.10 0.90
   3807.00 2860.0 1500.0 0.0010  680.0 0.10 0.90
   3807.00 2860.0 1500.0 0.0010  680.0 0.10 0.90
   3807.00 2860.0 1500.0 0.0010  680.0 0.10 0.90
   3807.00 2860.0 1500.0 0.0010  680.0 0.10 0.90
   3807.00 2860.0 1500.0 0.0010  680.0 0.10 0.90
   3807.00 2860.0 1500.0 0.0010  680.0 0.10 0.90
   3807.00 2860.0 1500.0 0.0010  680.0 0.10 0.90
   3807.00 2860.0 1500.0 0.0010  680.0 0.10 0.90
   4590.00 2860.0 1500.0 0.0010  680.0 0.10 0.90
   4590.00 2860.0 1500.0 0.0010  680.0 0.10 0.90
   4590.00 2860.0 1500.0 0.0010  680.0 0.10 0.90
   4590.00 2860.0 1500.0 0.0010  680.0 0.10 0.90
   4590.00 2860.0 1500.0 0.0010  680.0 0.10 0.90
   4590.00 2860.0 1500.0 0.0010  680.0 0.10 0.90
   4590.00 2860.0 1500.0 0.0010  680.0 0.10 0.90
   4590.00 2860.0 1500.0 0.0010  680.0 0.10 0.90
   4590.00 2860.0 1500.0 0.0010  680.0 0.10 0.90
   4590.00 2860.0 1500.0 0.0010  680.0 0.10 0.90
   3066.00 2860.0 1500.0 0.0010  680.0 0.10 0.90
   3066.00 2860.0 1500.0 0.0010  680.0 0.10 0.90
   3066.00 2860.0 1500.0 0.0010  680.0 0.10 0.90
   3066.00 2860.0 1500.0 0.0010  680.0 0.10 0.90
   3066.00 2860.0 1500.0 0.0010  680.0 0.10 0.90
   3066.00 2860.0 1500.0 0.0010  680.0 0.10 0.90
   3066.00 2860.0 1500.0 0.0010  680.0 0.10 0.90
   3066.00 2860.0 1500.0 0.0010  680.0 0.10 0.90
   3066.00 2860.0 1500.0 0.0010  680.0 0.10 0.90
   3066.00 2860.0 1500.0 0.0010  680.0 0.10 0.90
   3675.00 2860.0 1500.0 0.0010  680.0 0.10 0.90
   3675.00 2860.0 1500.0 0.0010  680.0 0.10 0.90
   3675.00 2860.0 1500.0 0.0010  680.0 0.10 0.90
   3675.00 2860.0 1500.0 0.0010  680.0 0.10 0.90
   3675.00 2860.0 1500.0 0.0010  680.0 0.10 0.90
   3675.00 2860.0 1500.0 0.0010  680.0 0.10 0.90
   3675.00 2860.0 1500.0 0.0010  680.0 0.10 0.90
   3675.00 2860.0 1500.0 0.0010  680.0 0.10 0.90
   3675.00 2860.0 1500.0 0.0010  680.0 0.10 0.90
   3675.00 2860.0 1500.0 0.0010  680.0 0.10 0.90
   4055.00 2860.0 1500.0 0.0010  680.0 0.10 0.90
   4055.00 2860.0 1500.0 0.0010  680.0 0.10 0.90
   4055.00 2860.0 1500.0 0.0010  680.0 0.10 0.90
   4055.00 2860.0 1500.0 0.0010  680.0 0.10 0.90
   4055.00 2860.0 1500.0 0.0010  680.0 0.10 0.90
   4055.00 2860.0 1500.0 0.0010  680.0 0.10 0.90
   4055.00 2860.0 1500.0 0.0010  680.0 0.10 0.90
   4055.00 2860.0 1500.0 0.0010  680.0 0.10 0.90
   4055.00 2860.0 1500.0 0.0010  680.0 0.10 0.90
   4055.00 2860.0 1500.0 0.0010  680.0 0.10 0.90
   4611.00 2860.0 1500.0 0.0010  680.0 0.10 0.90
   4611.00 2860.0 1500.0 0.0010  680.0 0.10 0.90
   4611.00 2860.0 1500.0 0.0010  680.0 0.10 0.90
   4611.00 2860.0 1500.0 0.0010  680.0 0.10 0.90
   4611.00 2860.0 1500.0 0.0010  680.0 0.10 0.90
   4611.00 2860.0 1500.0 0.0010  680.0 0.10 0.90
   4611.00 2860.0 1500.0 0.0010  680.0 0.10 0.90
   4611.00 2860.0 1500.0 0.0010  680.0 0.10 0.90
   4611.00 2860.0 1500.0 0.0010  680.0 0.10 0.90
   4611.00 2860.0 1500.0 0.0010  680.0 0.10 0.90
   5250.00 2860.0 1500.0 0.0010  680.0 0.10 0.90
   5250.00 2860.0 1500.0 0.0010  680.0 0.10 0.90
   5250.00 2860.0 1500.0 0.0010  680.0 0.10 0.90
   5250.00 2860.0 1500.0 0.0010  680.0 0.10 0.90
   5250.00 2860.0 1500.0 0.0010  680.0 0.10 0.90
   5250.00 2860.0 1500.0 0.0010  680.0 0.10 0.90
   5250.00 2860.0 1500.0 0.0010  680.0 0.10 0.90
   5250.00 2860.0 1500.0 0.0010  680.0 0.10 0.90
   5250.00 2860.0 1500.0 0.0010  680.0 0.10 0.90
   5250.00 2860.0 1500.0 0.0010  680.0 0.10 0.90
   2713.00 2860.0 1500.0 0.0010  680.0 0.10 0.90
   2713.00 2860.0 1500.0 0.0010  680.0 0.10 0.90
   2713.00 2860.0 1500.0 0.0010  680.0 0.10 0.90
   2713.00 2860.0 1500.0 0.0010  680.0 0.10 0.90
   2713.00 2860.0 1500.0 0.0010  680.0 0.10 0.90
   2713.00 2860.0 1500.0 0.0010  680.0 0.10 0.90
   2713.00 2860.0 1500.0 0.0010  680.0 0.10 0.90
   2713.00 2860.0 1500.0 0.0010  680.0 0.10 0.90
   2713.00 2860.0 1500.0 0.0010  680.0 0.10 0.90
   2713.00 2860.0 1500.0 0.0010  680.0 0.10 0.90
   2564.00 2860.0 1500.0 0.0010  680.0 0.10 0.90
   2564.00 2860.0 1500.0 0.0010  680.0 0.10 0.90
   2564.00 2860.0 1500.0 0.0010  680.0 0.10 0.90
   2564.00 2860.0 1500.0 0.0010  680.0 0.10 0.90
   2564.00 2860.0 1500.0 0.0010  680.0 0.10 0.90
   2564.00 2860.0 1500.0 0.0010  680.0 0.10 0.90
   2564.00 2860.0 1500.0 0.0010  680.0 0.10 0.90
   2564.00 2860.0 1500.0 0.0010  680.0 0.10 0.90
   2564.00 2860.0 1500.0 0.0010  680.0 0.10 0.90
   2564.00 2860.0 1500.0 0.0010  680.0 0.10 0.90
   3459.00 2860.0 1500.0 0.0010  680.0 0.10 0.90
   3459.00 2860.0 1500.0 0.0010  680.0 0.10 0.90
   3459.00 2860.0 1500.0 0.0010  680.0 0.10 0.90
   3459.00 2860.0 1500.0 0.0010  680.0 0.10 0.90
   3459.00 2860.0 1500.0 0.0010  680.0 0.10 0.90
   3459.00 2860.0 1500.0 0.0010  680.0 0.10 0.90
   3459.00 2860.0 1500.0 0.0010  680.0 0.10 0.90
   3459.00 2860.0 1500.0 0.0010  680.0 0.10 0.90
   3459.00 2860.0 1500.0 0.0010  680.0 0.10 0.90
   3459.00 2860.0 1500.0 0.0010  680.0 0.10 0.90
   2309.00 2860.0 1500.0 0.0010  680.0 0.10 0.90
   2309.00 2860.0 1500.0 0.0010  680.0 0.10 0.90
   2309.00 2860.0 1500.0 0.0010  680.0 0.10 0.90
   2309.00 2860.0 1500.0 0.0010  680.0 0.10 0.90
   2309.00 2860.0 1500.0 0.0010  680.0 0.10 0.90
   2309.00 2860.0 1500.0 0.0010  680.0 0.10 0.90
   2309.00 2860.0 1500.0 0.0010  680.0 0.10 0.90
   2309.00 2860.0 1500.0 0.0010  680.0 0.10 0.90
   2309.00 2860.0 1500.0 0.0010  680.0 0.10 0.90
   2309.00 2860.0 1500.0 0.0010  680.0 0.10 0.90
   2920.00 2860.0 1500.0 0.0010  680.0 0.10 0.90
   2920.00 2860.0 1500.0 0.0010  680.0 0.10 0.90
   2920.00 2860.0 1500.0 0.0010  680.0 0.10 0.90
   2920.00 2860.0 1500.0 0.0010  680.0 0.10 0.90
   2920.00 2860.0 1500.0 0.0010  680.0 0.10 0.90
   2920.00 2860.0 1500.0 0.0010  680.0 0.10 0.90
   2920.00 2860.0 1500.0 0.0010  680.0 0.10 0.90
   2920.00 2860.0 1500.0 0.0010  680.0 0.10 0.90
   2920.00 2860.0 1500.0 0.0010  680.0 0.10 0.90
   2920.00 2860.0 1500.0 0.0010  680.0 0.10 0.90
   4440.00 2860.0 1500.0 0.0010  680.0 0.10 0.90
   4440.00 2860.0 1500.0 0.0010  680.0 0.10 0.90
   4440.00 2860.0 1500.0 0.0010  680.0 0.10 0.90
   4440.00 2860.0 1500.0 0.0010  680.0 0.10 0.90
   4440.00 2860.0 1500.0 0.0010  680.0 0.10 0.90
   4440.00 2860.0 1500.0 0.0010  680.0 0.10 0.90
   4440.00 2860.0 1500.0 0.0010  680.0 0.10 0.90
   4440.00 2860.0 1500.0 0.0010  680.0 0.10 0.90
   4440.00 2860.0 1500.0 0.0010  680.0 0.10 0.90
   4440.00 2860.0 1500.0 0.0010  680.0 0.10 0.90
   3682.00 2860.0 1500.0 0.0010  680.0 0.10 0.90
   3682.00 2860.0 1500.0 0.0010  680.0 0.10 0.90
   3682.00 2860.0 1500.0 0.0010  680.0 0.10 0.90
   3682.00 2860.0 1500.0 0.0010  680.0 0.10 0.90
   3682.00 2860.0 1500.0 0.0010  680.0 0.10 0.90
   3682.00 2860.0 1500.0 0.0010  680.0 0.10 0.90
   3682.00 2860.0 1500.0 0.0010  680.0 0.10 0.90
   3682.00 2860.0 1500.0 0.0010  680.0 0.10 0.90
   3682.00 2860.0 1500.0 0.0010  680.0 0.10 0.90
   3682.00 2860.0 1500.0 0.0010  680.0 0.10 0.90
   3447.00 2860.0 1500.0 0.0010  680.0 0.10 0.90
   3447.00 2860.0 1500.0 0.0010  680.0 0.10 0.90
   3447.00 2860.0 1500.0 0.0010  680.0 0.10 0.90
   3447.00 2860.0 1500.0 0.0010  680.0 0.10 0.90
   3447.00 2860.0 1500.0 0.0010  680.0 0.10 0.90
   3447.00 2860.0 1500.0 0.0010  680.0 0.10 0.90
   3447.00 2860.0 1500.0 0.0010  680.0 0.10 0.90
   3447.00 2860.0 1500.0 0.0010  680.0 0.10 0.90
   3447.00 2860.0 1500.0 0.0010  680.0 0.10 0.90
   3447.00 2860.0 1500.0 0.0010  680.0 0.10 0.90
   2740.00 2860.0 1500.0 0.0010  680.0 0.10 0.90
   2740.00 2860.0 1500.0 0.0010  680.0 0.10 0.90
   2740.00 2860.0 1500.0 0.0010  680.0 0.10 0.90
   2740.00 2860.0 1500.0 0.0010  680.0 0.10 0.90
   2740.00 2860.0 1500.0 0.0010  680.0 0.10 0.90
   2740.00 2860.0 1500.0 0.0010  680.0 0.10 0.90
   2740.00 2860.0 1500.0 0.0010  680.0 0.10 0.90
   2740.00 2860.0 1500.0 0.0010  680.0 0.10 0.90
   2740.00 2860.0 1500.0 0.0010  680.0 0.10 0.90
   2740.00 2860.0 1500.0 0.0010  680.0 0.10 0.90
   2360.00 2860.0 1500.0 0.0010  680.0 0.10 0.90
   2360.00 2860.0 1500.0 0.0010  680.0 0.10 0.90
   2360.00 2860.0 1500.0 0.0010  680.0 0.10 0.90
   2360.00 2860.0 1500.0 0.0010  680.0 0.10 0.90
   2360.00 2860.0 1500.0 0.0010  680.0 0.10 0.90
   2360.00 2860.0 1500.0 0.0010  680.0 0.10 0.90
   2360.00 2860.0 1500.0 0.0010  680.0 0.10 0.90
   2360.00 2860.0 1500.0 0.0010  680.0 0.10 0.90
   2360.00 2860.0 1500.0 0.0010  680.0 0.10 0.90
   2360.00 2860.0 1500.0 0.0010  680.0 0.10 0.90
   3046.00 2860.0 1500.0 0.0010  680.0 0.10 0.90
   3046.00 2860.0 1500.0 0.0010  680.0 0.10 0.90
   3046.00 2860.0 1500.0 0.0010  680.0 0.10 0.90
   3046.00 2860.0 1500.0 0.0010  680.0 0.10 0.90
   3046.00 2860.0 1500.0 0.0010  680.0 0.10 0.90
   3046.00 2860.0 1500.0 0.0010  680.0 0.10 0.90
   3046.00 2860.0 1500.0 0.0010  680.0 0.10 0.90
   3046.00 2860.0 1500.0 0.0010  680.0 0.10 0.90
   3046.00 2860.0 1500.0 0.0010  680.0 0.10 0.90
   3046.00 2860.0 1500.0 0.0010  680.0 0.10 0.90
   4418.00 2860.0 1500.0 0.0010  680.0 0.10 0.90
   4418.00 2860.0 1500.0 0.0010  680.0 0.10 0.90
   4418.00 2860.0 1500.0 0.0010  680.0 0.10 0.90
   4418.00 2860.0 1500.0 0.0010  680.0 0.10 0.90
   4418.00 2860.0 1500.0 0.0010  680.0 0.10 0.90
   4418.00 2860.0 1500.0 0.0010  680.0 0.10 0.90
   4418.00 2860.0 1500.0 0.0010  680.0 0.10 0.90
   4418.00 2860.0 1500.0 0.0010  680.0 0.10 0.90
   4418.00 2860.0 1500.0 0.0010  680.0 0.10 0.90
   4418.00 2860.0 1500.0 0.0010  680.0 0.10 0.90
   2385.00 2860.0 1500.0 0.0010  680.0 0.10 0.90
   2385.00 2860.0 1500.0 0.0010  680.0 0.10 0.90
   2385.00 2860.0 1500.0 0.0010  680.0 0.10 0.90
   2385.00 2860.0 1500.0 0.0010  680.0 0.10 0.90
   2385.00 2860.0 1500.0 0.0010  680.0 0.10 0.90
   2385.00 2860.0 1500.0 0.0010  680.0 0.10 0.90
   2385.00 2860.0 1500.0 0.0010  680.0 0.10 0.90
   2385.00 2860.0 1500.0 0.0010  680.0 0.10 0.90
   2385.00 2860.0 1500.0 0.0010  680.0 0.10 0.90
   2385.00 2860.0 1500.0 0.0010  680.0 0.10 0.90
   2939.00 2860.0 1500.0 0.0010  680.0 0.10 0.90
   2939.00 2860.0 1500.0 0.0010  680.0 0.10 0.90
   2939.00 2860.0 1500.0 0.0010  680.0 0.10 0.90
   2939.00 2860.0 1500.0 0.0010  680.0 0.10 0.90
   2939.00 2860.0 1500.0 0.0010  680.0 0.10 0.90
   2939.00 2860.0 1500.0 0.0010  680.0 0.10 0.90
   2939.00 2860.0 1500.0 0.0010  680.0 0.10 0.90
   2939.00 2860.0 1500.0 0.0010  680.0 0.10 0.90
   2939.00 2860.0 1500.0 0.0010  680.0 0.10 0.90
   2939.00 2860.0 1500.0 0.0010  680.0 0.10 0.90
   2208.00 2860.0 1500.0 0.0010  680.0 0.10 0.90
   2208.00 2860.0 1500.0 0.0010  680.0 0.10 0.90
   2208.00 2860.0 1500.0 0.0010  680.0 0.10 0.90
   2208.00 2860.0 1500.0 0.0010  680.0 0.10 0.90
   2208.00 2860.0 1500.0 0.0010  680.0 0.10 0.90
   2208.00 2860.0 1500.0 0.0010  680.0 0.10 0.90
   2208.00 2860.0 1500.0 0.0010  680.0 0.10 0.90
   2208.00 2860.0 1500.0 0.0010  680.0 0.10 0.90
   2208.00 2860.0 1500.0 0.0010  680.0 0.10 0.90
   2208.00 2860.0 1500.0 0.0010  680.0 0.10 0.90
   4018.00 2860.0 1500.0 0.0010  680.0 0.10 0.90
   4018.00 2860.0 1500.0 0.0010  680.0 0.10 0.90
   4018.00 2860.0 1500.0 0.0010  680.0 0.10 0.90
   4018.00 2860.0 1500.0 0.0010  680.0 0.10 0.90
   4018.00 2860.0 1500.0 0.0010  680.0 0.10 0.90
   4018.00 2860.0 1500.0 0.0010  680.0 0.10 0.90
   4018.00 2860.0 1500.0 0.0010  680.0 0.10 0.90
   4018.00 2860.0 1500.0 0.0010  680.0 0.10 0.90
   4018.00 2860.0 1500.0 0.0010  680.0 0.10 0.90
   4018.00 2860.0 1500.0 0.0010  680.0 0.10 0.90
   3561.00 2860.0 1500.0 0.0010  680.0 0.10 0.90
   3561.00 2860.0 1500.0 0.0010  680.0 0.10 0.90
   3561.00 2860.0 1500.0 0.0010  680.0 0.10 0.90
   3561.00 2860.0 1500.0 0.0010  680.0 0.10 0.90
   3561.00 2860.0 1500.0 0.0010  680.0 0.10 0.90
   3561.00 2860.0 1500.0 0.0010  680.0 0.10 0.90
   3561.00 2860.0 1500.0 0.0010  680.0 0.10 0.90
   3561.00 2860.0 1500.0 0.0010  680.0 0.10 0.90
   3561.00 2860.0 1500.0 0.0010  680.0 0.10 0.90
   3561.00 2860.0 1500.0 0.0010  680.0 0.10 0.90
   3053.00 2860.0 1500.0 0.0010  680.0 0.10 0.90
   3053.00 2860.0 1500.0 0.0010  680.0 0.10 0.90
   3053.00 2860.0 1500.0 0.0010  680.0 0.10 0.90
   3053.00 2860.0 1500.0 0.0010  680.0 0.10 0.90
   3053.00 2860.0 1500.0 0.0010  680.0 0.10 0.90
   3053.00 2860.0 1500.0 0.0010  680.0 0.10 0.90
   3053.00 2860.0 1500.0 0.0010  680.0 0.10 0.90
   3053.00 2860.0 1500.0 0.0010  680.0 0.10 0.90
   3053.00 2860.0 1500.0 0.0010  680.0 0.10 0.90
   3053.00 2860.0 1500.0 0.0010  680.0 0.10 0.90
   2019.00 2860.0 1500.0 0.0010  680.0 0.10 0.90
   2019.00 2860.0 1500.0 0.0010  680.0 0.10 0.90
   2019.00 2860.0 1500.0 0.0010  680.0 0.10 0.90
   2019.00 2860.0 1500.0 0.0010  680.0 0.10 0.90
   2019.00 2860.0 1500.0 0.0010  680.0 0.10 0.90
   2019.00 2860.0 1500.0 0.0010  680.0 0.10 0.90
   2019.00 2860.0 1500.0 0.0010  680.0 0.10 0.90
   2019.00 2860.0 1500.0 0.0010  680.0 0.10 0.90
   2019.00 2860.0 1500.0 0.0010  680.0 0.10 0.90
   2019.00 2860.0 1500.0 0.0010  680.0 0.10 0.90
   1856.00 2860.0 1500.0 0.0010  680.0 0.10 0.90
   1856.00 2860.0 1500.0 0.0010  680.0 0.10 0.90
   1856.00 2860.0 1500.0 0.0010  680.0 0.10 0.90
   1856.00 2860.0 1500.0 0.0010  680.0 0.10 0.90
   1856.00 2860.0 1500.0 0.0010  680.0 0.10 0.90
   1856.00 2860.0 1500.0 0.0010  680.0 0.10 0.90
   1856.00 2860.0 1500.0 0.0010  680.0 0.10 0.90
   1856.00 2860.0 1500.0 0.0010  680.0 0.10 0.90
   1856.00 2860.0 1500.0 0.0010  680.0 0.10 0.90
   1856.00 2860.0 1500.0 0.0010  680.0 0.10 0.90
   2920.00 2860.0 1500.0 0.0010  680.0 0.10 0.90
   2920.00 2860.0 1500.0 0.0010  680.0 0.10 0.90
   2920.00 2860.0 1500.0 0.0010  680.0 0.10 0.90
   2920.00 2860.0 1500.0 0.0010  680.0 0.10 0.90
   2920.00 2860.0 1500.0 0.0010  680.0 0.10 0.90
   2920.00 2860.0 1500.0 0.0010  680.0 0.10 0.90
   2920.00 2860.0 1500.0 0.0010  680.0 0.10 0.90
   2920.00 2860.0 1500.0 0.0010  680.0 0.10 0.90
   2920.00 2860.0 1500.0 0.0010  680.0 0.10 0.90
   2920.00 2860.0 1500.0 0.0010  680.0 0.10 0.90
   2752.00 2860.0 1500.0 0.0010  680.0 0.10 0.90
   2752.00 2860.0 1500.0 0.0010  680.0 0.10 0.90
   2752.00 2860.0 1500.0 0.0010  680.0 0.10 0.90
   2752.00 2860.0 1500.0 0.0010  680.0 0.10 0.90
   2752.00 2860.0 1500.0 0.0010  680.0 0.10 0.90
   2752.00 2860.0 1500.0 0.0010  680.0 0.10 0.90
   2752.00 2860.0 1500.0 0.0010  680.0 0.10 0.90
   2752.00 2860.0 1500.0 0.0010  680.0 0.10 0.90
   2752.00 2860.0 1500.0 0.0010  680.0 0.10 0.90
   2752.00 2860.0 1500.0 0.0010  680.0 0.10 0.90
   2651.00 2860.0 1500.0 0.0010  680.0 0.10 0.90
   2651.00 2860.0 1500.0 0.0010  680.0 0.10 0.90
   2651.00 2860.0 1500.0 0.0010  680.0 0.10 0.90
   2651.00 2860.0 1500.0 0.0010  680.0 0.10 0.90
   2651.00 2860.0 1500.0 0.0010  680.0 0.10 0.90
   2651.00 2860.0 1500.0 0.0010  680.0 0.10 0.90
   2651.00 2860.0 1500.0 0.0010  680.0 0.10 0.90
   2651.00 2860.0 1500.0 0.0010  680.0 0.10 0.90
   2651.00 2860.0 1500.0 0.0010  680.0 0.10 0.90
   2651.00 2860.0 1500.0 0.0010  680.0 0.10 0.90
   1759.00 2860.0 1500.0 0.0010  680.0 0.10 0.90
   1759.00 2860.0 1500.0 0.0010  680.0 0.10 0.90
   1759.00 2860.0 1500.0 0.0010  680.0 0.10 0.90
   1759.00 2860.0 1500.0 0.0010  680.0 0.10 0.90
   1759.00 2860.0 1500.0 0.0010  680.0 0.10 0.90
   1759.00 2860.0 1500.0 0.0010  680.0 0.10 0.90
   1759.00 2860.0 1500.0 0.0010  680.0 0.10 0.90
   1759.00 2860.0 1500.0 0.0010  680.0 0.10 0.90
   1759.00 2860.0 1500.0 0.0010  680.0 0.10 0.90
   1759.00 2860.0 1500.0 0.0010  680.0 0.10 0.90
   1759.00 2860.0 1500.0 0.0010  680.0 0.10 0.90
   1759.00 2860.0 1500.0 0.0010  680.0 0.10 0.90
   1759.00 2860.0 1500.0 0.0010  680.0 0.10 0.90
   1759.00 2860.0 1500.0 0.0010  680.0 0.10 0.90
   1759.00 2860.0 1500.0 0.0010  680.0 0.10 0.90
   1759.00 2860.0 1500.0 0.0010  680.0 0.10 0.90
   1759.00 2860.0 1500.0 0.0010  680.0 0.10 0.90
   1759.00 2860.0 1500.0 0.0010  680.0 0.10 0.90
   1759.00 2860.0 1500.0 0.0010  680.0 0.10 0.90
   1759.00 2860.0 1500.0 0.0010  680.0 0.10 0.90
   1264.00 2860.0 1500.0 0.0010  680.0 0.10 0.90
   1264.00 2860.0 1500.0 0.0010  680.0 0.10 0.90
   1264.00 2860.0 1500.0 0.0010  680.0 0.10 0.90
   1264.00 2860.0 1500.0 0.0010  680.0 0.10 0.90
   1264.00 2860.0 1500.0 0.0010  680.0 0.10 0.90
   1264.00 2860.0 1500.0 0.0010  680.0 0.10 0.90
   1264.00 2860.0 1500.0 0.0010  680.0 0.10 0.90
   1264.00 2860.0 1500.0 0.0010  680.0 0.10 0.90
   1264.00 2860.0 1500.0 0.0010  680.0 0.10 0.90
   1264.00 2860.0 1500.0 0.0010  680.0 0.10 0.90
   1680.00 2860.0 1500.0 0.0010  680.0 0.10 0.90
   1680.00 2860.0 1500.0 0.0010  680.0 0.10 0.90
   1680.00 2860.0 1500.0 0.0010  680.0 0.10 0.90
   1680.00 2860.0 1500.0 0.0010  680.0 0.10 0.90
   1680.00 2860.0 1500.0 0.0010  680.0 0.10 0.90
   1680.00 2860.0 1500.0 0.0010  680.0 0.10 0.90
   1680.00 2860.0 1500.0 0.0010  680.0 0.10 0.90
   1680.00 2860.0 1500.0 0.0010  680.0 0.10 0.90
   1680.00 2860.0 1500.0 0.0010  680.0 0.10 0.90
   1680.00 2860.0 1500.0 0.0010  680.0 0.10 0.90
   1217.00 2860.0 1500.0 0.0010  680.0 0.10 0.90
   1217.00 2860.0 1500.0 0.0010  680.0 0.10 0.90
   1217.00 2860.0 1500.0 0.0010  680.0 0.10 0.90
   1217.00 2860.0 1500.0 0.0010  680.0 0.10 0.90
   1217.00 2860.0 1500.0 0.0010  680.0 0.10 0.90
   1217.00 2860.0 1500.0 0.0010  680.0 0.10 0.90
   1217.00 2860.0 1500.0 0.0010  680.0 0.10 0.90
   1217.00 2860.0 1500.0 0.0010  680.0 0.10 0.90
   1217.00 2860.0 1500.0 0.0010  680.0 0.10 0.90
   1217.00 2860.0 1500.0 0.0010  680.0 0.10 0.90
   1335.00 2860.0 1500.0 0.0010  680.0 0.10 0.90
   1335.00 2860.0 1500.0 0.0010  680.0 0.10 0.90
   1335.00 2860.0 1500.0 0.0010  680.0 0.10 0.90
   1335.00 2860.0 1500.0 0.0010  680.0 0.10 0.90
   1335.00 2860.0 1500.0 0.0010  680.0 0.10 0.90
   1335.00 2860.0 1500.0 0.0010  680.0 0.10 0.90
   1335.00 2860.0 1500.0 0.0010  680.0 0.10 0.90
   1335.00 2860.0 1500.0 0.0010  680.0 0.10 0.90
   1335.00 2860.0 1500.0 0.0010  680.0 0.10 0.90
   1335.00 2860.0 1500.0 0.0010  680.0 0.10 0.90
   1335.00 2860.0 1500.0 0.0010  680.0 0.10 0.90
   1335.00 2860.0 1500.0 0.0010  680.0 0.10 0.90
   1335.00 2860.0 1500.0 0.0010  680.0 0.10 0.90
   1335.00 2860.0 1500.0 0.0010  680.0 0.10 0.90
   1335.00 2860.0 1500.0 0.0010  680.0 0.10 0.90
   1335.00 2860.0 1500.0 0.0010  680.0 0.10 0.90
   1335.00 2860.0 1500.0 0.0010  680.0 0.10 0.90
   1335.00 2860.0 1500.0 0.0010  680.0 0.10 0.90
   1335.00 2860.0 1500.0 0.0010  680.0 0.10 0.90
   1335.00 2860.0 1500.0 0.0010  680.0 0.10 0.90
   1397.00 2860.0 1500.0 0.0010  680.0 0.10 0.90
   1397.00 2860.0 1500.0 0.0010  680.0 0.10 0.90
   1397.00 2860.0 1500.0 0.0010  680.0 0.10 0.90
   1397.00 2860.0 1500.0 0.0010  680.0 0.10 0.90
   1397.00 2860.0 1500.0 0.0010  680.0 0.10 0.90
   1397.00 2860.0 1500.0 0.0010  680.0 0.10 0.90
   1397.00 2860.0 1500.0 0.0010  680.0 0.10 0.90
   1397.00 2860.0 1500.0 0.0010  680.0 0.10 0.90
   1397.00 2860.0 1500.0 0.0010  680.0 0.10 0.90
   1397.00 2860.0 1500.0 0.0010  680.0 0.10 0.90
   1468.00 2860.0 1500.0 0.0010  680.0 0.10 0.90
   1468.00 2860.0 1500.0 0.0010  680.0 0.10 0.90
   1468.00 2860.0 1500.0 0.0010  680.0 0.10 0.90
   1468.00 2860.0 1500.0 0.0010  680.0 0.10 0.90
   1468.00 2860.0 1500.0 0.0010  680.0 0.10 0.90
   1468.00 2860.0 1500.0 0.0010  680.0 0.10 0.90
   1468.00 2860.0 1500.0 0.0010  680.0 0.10 0.90
   1468.00 2860.0 1500.0 0.0010  680.0 0.10 0.90
   1468.00 2860.0 1500.0 0.0010  680.0 0.10 0.90
   1468.00 2860.0 1500.0 0.0010  680.0 0.10 0.90
   1304.00 2860.0 1500.0 0.0010  680.0 0.10 0.90
   1304.00 2860.0 1500.0 0.0010  680.0 0.10 0.90
   1304.00 2860.0 1500.0 0.0010  680.0 0.10 0.90
   1304.00 2860.0 1500.0 0.0010  680.0 0.10 0.90
   1304.00 2860.0 1500.0 0.0010  680.0 0.10 0.90
   1304.00 2860.0 1500.0 0.0010  680.0 0.10 0.90
   1304.00 2860.0 1500.0 0.0010  680.0 0.10 0.90
   1304.00 2860.0 1500.0 0.0010  680.0 0.10 0.90
   1304.00 2860.0 1500.0 0.0010  680.0 0.10 0.90
   1304.00 2860.0 1500.0 0.0010  680.0 0.10 0.90
   1680.00 2860.0 1500.0 0.0010  680.0 0.10 0.90
   1680.00 2860.0 1500.0 0.0010  680.0 0.10 0.90
   1680.00 2860.0 1500.0 0.0010  680.0 0.10 0.90
   1680.00 2860.0 1500.0 0.0010  680.0 0.10 0.90
   1680.00 2860.0 1500.0 0.0010  680.0 0.10 0.90
   1680.00 2860.0 1500.0 0.0010  680.0 0.10 0.90
   1680.00 2860.0 1500.0 0.0010  680.0 0.10 0.90
   1680.00 2860.0 1500.0 0.0010  680.0 0.10 0.90
   1680.00 2860.0 1500.0 0.0010  680.0 0.10 0.90
   1680.00 2860.0 1500.0 0.0010  680.0 0.10 0.90
   2000.00 2860.0 1500.0 0.0010  680.0 0.10 0.90
   2000.00 2860.0 1500.0 0.0010  680.0 0.10 0.90
   2000.00 2860.0 1500.0 0.0010  680.0 0.10 0.90
   2000.00 2860.0 1500.0 0.0010  680.0 0.10 0.90
   2000.00 2860.0 1500.0 0.0010  680.0 0.10 0.90
   2000.00 2860.0 1500.0 0.0010  680.0 0.10 0.90
   2000.00 2860.0 1500.0 0.0010  680.0 0.10 0.90
   2000.00 2860.0 1500.0 0.0010  680.0 0.10 0.90
   2000.00 2860.0 1500.0 0.0010  680.0 0.10 0.90
   2000.00 2860.0 1500.0 0.0010  680.0 0.10 0.90
    842.00 2860.0 1500.0 0.0010  680.0 0.10 0.90
    842.00 2860.0 1500.0 0.0010  680.0 0.10 0.90
    842.00 2860.0 1500.0 0.0010  680.0 0.10 0.90
    842.00 2860.0 1500.0 0.0010  680.0 0.10 0.90
    842.00 2860.0 1500.0 0.0010  680.0 0.10 0.90
    842.00 2860.0 1500.0 0.0010  680.0 0.10 0.90
    842.00 2860.0 1500.0 0.0010  680.0 0.10 0.90
    842.00 2860.0 1500.0 0.0010  680.0 0.10 0.90
    842.00 2860.0 1500.0 0.0010  680.0 0.10 0.90
    842.00 2860.0 1500.0 0.0010  680.0 0.10 0.90
   1068.00 2860.0 1500.0 0.0010  680.0 0.10 0.90
   1068.00 2860.0 1500.0 0.0010  680.0 0.10 0.90
   1068.00 2860.0 1500.0 0.0010  680.0 0.10 0.90
   1068.00 2860.0 1500.0 0.0010  680.0 0.10 0.90
   1068.00 2860.0 1500.0 0.0010  680.0 0.10 0.90
   1068.00 2860.0 1500.0 0.0010  680.0 0.10 0.90
   1068.00 2860.0 1500.0 0.0010  680.0 0.10 0.90
   1068.00 2860.0 1500.0 0.0010  680.0 0.10 0.90
   1068.00 2860.0 1500.0 0.0010  680.0 0.10 0.90
   1068.00 2860.0 1500.0 0.0010  680.0 0.10 0.90
   1110.00 2860.0 1500.0 0.0010  680.0 0.10 0.90
   1110.00 2860.0 1500.0 0.0010  680.0 0.10 0.90
   1110.00 2860.0 1500.0 0.0010  680.0 0.10 0.90
   1110.00 2860.0 1500.0 0.0010  680.0 0.10 0.90
   1110.00 2860.0 1500.0 0.0010  680.0 0.10 0.90
   1110.00 2860.0 1500.0 0.0010  680.0 0.10 0.90
   1110.00 2860.0 1500.0 0.0010  680.0 0.10 0.90
   1110.00 2860.0 1500.0 0.0010  680.0 0.10 0.90
   1110.00 2860.0 1500.0 0.0010  680.0 0.10 0.90
   1110.00 2860.0 1500.0 0.0010  680.0 0.10 0.90
   1340.00 2860.0 1500.0 0.0010  680.0 0.10 0.90
   1340.00 2860.0 1500.0 0.0010  680.0 0.10 0.90
   1340.00 2860.0 1500.0 0.0010  680.0 0.10 0.90
   1340.00 2860.0 1500.0 0.0010  680.0 0.10 0.90
   1340.00 2860.0 1500.0 0.0010  680.0 0.10 0.90
   1340.00 2860.0 1500.0 0.0010  680.0 0.10 0.90
   1340.00 2860.0 1500.0 0.0010  680.0 0.10 0.90
   1340.00 2860.0 1500.0 0.0010  680.0 0.10 0.90
   1340.00 2860.0 1500.0 0.0010  680.0 0.10 0.90
   1340.00 2860.0 1500.0 0.0010  680.0 0.10 0.90
   1110.00 2860.0 1500.0 0.0010  680.0 0.10 0.90
   1110.00 2860.0 1500.0 0.0010  680.0 0.10 0.90
   1110.00 2860.0 1500.0 0.0010  680.0 0.10 0.90
   1110.00 2860.0 1500.0 0.0010  680.0 0.10 0.90
   1110.00 2860.0 1500.0 0.0010  680.0 0.10 0.90
   1110.00 2860.0 1500.0 0.0010  680.0 0.10 0.90
   1110.00 2860.0 1500.0 0.0010  680.0 0.10 0.90
   1110.00 2860.0 1500.0 0.0010  680.0 0.10 0.90
   1110.00 2860.0 1500.0 0.0010  680.0 0.10 0.90
   1110.00 2860.0 1500.0 0.0010  680.0 0.10 0.90
    914.00 2860.0 1500.0 0.0010  680.0 0.10 0.90
    914.00 2860.0 1500.0 0.0010  680.0 0.10 0.90
    914.00 2860.0 1500.0 0.0010  680.0 0.10 0.90
    914.00 2860.0 1500.0 0.0010  680.0 0.10 0.90
    914.00 2860.0 1500.0 0.0010  680.0 0.10 0.90
    914.00 2860.0 1500.0 0.0010  680.0 0.10 0.90
    914.00 2860.0 1500.0 0.0010  680.0 0.10 0.90
    914.00 2860.0 1500.0 0.0010  680.0 0.10 0.90
    914.00 2860.0 1500.0 0.0010  680.0 0.10 0.90
    914.00 2860.0 1500.0 0.0010  680.0 0.10 0.90
    630.00 2860.0 1500.0 0.0010  680.0 0.10 0.90
    630.00 2860.0 1500.0 0.0010  680.0 0.10 0.90
    630.00 2860.0 1500.0 0.0010  680.0 0.10 0.90
    630.00 2860.0 1500.0 0.0010  680.0 0.10 0.90
    630.00 2860.0 1500.0 0.0010  680.0 0.10 0.90
    630.00 2860.0 1500.0 0.0010  680.0 0.10 0.90
    630.00 2860.0 1500.0 0.0010  680.0 0.10 0.90
    630.00 2860.0 1500.0 0.0010  680.0 0.10 0.90
    630.00 2860.0 1500.0 0.0010  680.0 0.10 0.90
    630.00 2860.0 1500.0 0.0010  680.0 0.10 0.90
    475.00 2860.0 1500.0 0.0010  680.0 0.10 0.90
    475.00 2860.0 1500.0 0.0010  680.0 0.10 0.90
    475.00 2860.0 1500.0 0.0010  680.0 0.10 0.90
    475.00 2860.0 1500.0 0.0010  680.0 0.10 0.90
    475.00 2860.0 1500.0 0.0010  680.0 0.10 0.90
    475.00 2860.0 1500.0 0.0010  680.0 0.10 0.90
    475.00 2860.0 1500.0 0.0010  680.0 0.10 0.90
    475.00 2860.0 1500.0 0.0010  680.0 0.10 0.90
    475.00 2860.0 1500.0 0.0010  680.0 0.10 0.90
    475.00 2860.0 1500.0 0.0010  680.0 0.10 0.90
   3007.00 2860.0 1500.0 0.0010  680.0 0.10 0.90
   3007.00 2860.0 1500.0 0.0010  680.0 0.10 0.90
   3007.00 2860.0 1500.0 0.0010  680.0 0.10 0.90
   3007.00 2860.0 1500.0 0.0010  680.0 0.10 0.90
   3007.00 2860.0 1500.0 0.0010  680.0 0.10 0.90
   3007.00 2860.0 1500.0 0.0010  680.0 0.10 0.90
   3007.00 2860.0 1500.0 0.0010  680.0 0.10 0.90
   3007.00 2860.0 1500.0 0.0010  680.0 0.10 0.90
   3007.00 2860.0 1500.0 0.0010  680.0 0.10 0.90
   3007.00 2860.0 1500.0 0.0010  680.0 0.10 0.90
   3721.00 2860.0 1500.0 0.0010  680.0 0.10 0.90
   3721.00 2860.0 1500.0 0.0010  680.0 0.10 0.90
   3721.00 2860.0 1500.0 0.0010  680.0 0.10 0.90
   3721.00 2860.0 1500.0 0.0010  680.0 0.10 0.90
   3721.00 2860.0 1500.0 0.0010  680.0 0.10 0.90
   3721.00 2860.0 1500.0 0.0010  680.0 0.10 0.90
   3721.00 2860.0 1500.0 0.0010  680.0 0.10 0.90
   3721.00 2860.0 1500.0 0.0010  680.0 0.10 0.90
   3721.00 2860.0 1500.0 0.0010  680.0 0.10 0.90
   3721.00 2860.0 1500.0 0.0010  680.0 0.10 0.90
   4864.00 2860.0 1500.0 0.0010  680.0 0.10 0.90
   4864.00 2860.0 1500.0 0.0010  680.0 0.10 0.90
   4864.00 2860.0 1500.0 0.0010  680.0 0.10 0.90
   4864.00 2860.0 1500.0 0.0010  680.0 0.10 0.90
   4864.00 2860.0 1500.0 0.0010  680.0 0.10 0.90
   4864.00 2860.0 1500.0 0.0010  680.0 0.10 0.90
   4864.00 2860.0 1500.0 0.0010  680.0 0.10 0.90
   4864.00 2860.0 1500.0 0.0010  680.0 0.10 0.90
   4864.00 2860.0 1500.0 0.0010  680.0 0.10 0.90
   4864.00 2860.0 1500.0 0.0010  680.0 0.10 0.90
   3455.00 2860.0 1500.0 0.0010  680.0 0.10 0.90
   3455.00 2860.0 1500.0 0.0010  680.0 0.10 0.90
   3455.00 2860.0 1500.0 0.0010  680.0 0.10 0.90
   3455.00 2860.0 1500.0 0.0010  680.0 0.10 0.90
   3455.00 2860.0 1500.0 0.0010  680.0 0.10 0.90
   3455.00 2860.0 1500.0 0.0010  680.0 0.10 0.90
   3455.00 2860.0 1500.0 0.0010  680.0 0.10 0.90
   3455.00 2860.0 1500.0 0.0010  680.0 0.10 0.90
   3455.00 2860.0 1500.0 0.0010  680.0 0.10 0.90
   3455.00 2860.0 1500.0 0.0010  680.0 0.10 0.90
   3371.00 2860.0 1500.0 0.0010  680.0 0.10 0.90
   3371.00 2860.0 1500.0 0.0010  680.0 0.10 0.90
   3371.00 2860.0 1500.0 0.0010  680.0 0.10 0.90
   3371.00 2860.0 1500.0 0.0010  680.0 0.10 0.90
   3371.00 2860.0 1500.0 0.0010  680.0 0.10 0.90
   3371.00 2860.0 1500.0 0.0010  680.0 0.10 0.90
   3371.00 2860.0 1500.0 0.0010  680.0 0.10 0.90
   3371.00 2860.0 1500.0 0.0010  680.0 0.10 0.90
   3371.00 2860.0 1500.0 0.0010  680.0 0.10 0.90
   3371.00 2860.0 1500.0 0.0010  680.0 0.10 0.90
   2319.00 2860.0 1500.0 0.0010  680.0 0.10 0.90
   2319.00 2860.0 1500.0 0.0010  680.0 0.10 0.90
   2319.00 2860.0 1500.0 0.0010  680.0 0.10 0.90
   2319.00 2860.0 1500.0 0.0010  680.0 0.10 0.90
   2319.00 2860.0 1500.0 0.0010  680.0 0.10 0.90
   2319.00 2860.0 1500.0 0.0010  680.0 0.10 0.90
   2319.00 2860.0 1500.0 0.0010  680.0 0.10 0.90
   2319.00 2860.0 1500.0 0.0010  680.0 0.10 0.90
   2319.00 2860.0 1500.0 0.0010  680.0 0.10 0.90
   2319.00 2860.0 1500.0 0.0010  680.0 0.10 0.90
   3170.00 2860.0 1500.0 0.0010  680.0 0.10 0.90
   3170.00 2860.0 1500.0 0.0010  680.0 0.10 0.90
   3170.00 2860.0 1500.0 0.0010  680.0 0.10 0.90
   3170.00 2860.0 1500.0 0.0010  680.0 0.10 0.90
   3170.00 2860.0 1500.0 0.0010  680.0 0.10 0.90
   3170.00 2860.0 1500.0 0.0010  680.0 0.10 0.90
   3170.00 2860.0 1500.0 0.0010  680.0 0.10 0.90
   3170.00 2860.0 1500.0 0.0010  680.0 0.10 0.90
   3170.00 2860.0 1500.0 0.0010  680.0 0.10 0.90
   3170.00 2860.0 1500.0 0.0010  680.0 0.10 0.90
   1929.00 2860.0 1500.0 0.0010  680.0 0.10 0.90
   1929.00 2860.0 1500.0 0.0010  680.0 0.10 0.90
   1929.00 2860.0 1500.0 0.0010  680.0 0.10 0.90
   1929.00 2860.0 1500.0 0.0010  680.0 0.10 0.90
   1929.00 2860.0 1500.0 0.0010  680.0 0.10 0.90
   1929.00 2860.0 1500.0 0.0010  680.0 0.10 0.90
   1929.00 2860.0 1500.0 0.0010  680.0 0.10 0.90
   1929.00 2860.0 1500.0 0.0010  680.0 0.10 0.90
   1929.00 2860.0 1500.0 0.0010  680.0 0.10 0.90
   1929.00 2860.0 1500.0 0.0010  680.0 0.10 0.90
   3170.00 2860.0 1500.0 0.0010  680.0 0.10 0.90
   3170.00 2860.0 1500.0 0.0010  680.0 0.10 0.90
   3170.00 2860.0 1500.0 0.0010  680.0 0.10 0.90
   3170.00 2860.0 1500.0 0.0010  680.0 0.10 0.90
   3170.00 2860.0 1500.0 0.0010  680.0 0.10 0.90
   3170.00 2860.0 1500.0 0.0010  680.0 0.10 0.90
   3170.00 2860.0 1500.0 0.0010  680.0 0.10 0.90
   3170.00 2860.0 1500.0 0.0010  680.0 0.10 0.90
   3170.00 2860.0 1500.0 0.0010  680.0 0.10 0.90
   3170.00 2860.0 1500.0 0.0010  680.0 0.10 0.90
   2115.00 2860.0 1500.0 0.0010  680.0 0.10 0.90
   2115.00 2860.0 1500.0 0.0010  680.0 0.10 0.90
   2115.00 2860.0 1500.0 0.0010  680.0 0.10 0.90
   2115.00 2860.0 1500.0 0.0010  680.0 0.10 0.90
   2115.00 2860.0 1500.0 0.0010  680.0 0.10 0.90
   2115.00 2860.0 1500.0 0.0010  680.0 0.10 0.90
   2115.00 2860.0 1500.0 0.0010  680.0 0.10 0.90
   2115.00 2860.0 1500.0 0.0010  680.0 0.10 0.90
   2115.00 2860.0 1500.0 0.0010  680.0 0.10 0.90
   2115.00 2860.0 1500.0 0.0010  680.0 0.10 0.90
   1842.00 2860.0 1500.0 0.0010  680.0 0.10 0.90
   1842.00 2860.0 1500.0 0.0010  680.0 0.10 0.90
   1842.00 2860.0 1500.0 0.0010  680.0 0.10 0.90
   1842.00 2860.0 1500.0 0.0010  680.0 0.10 0.90
   1842.00 2860.0 1500.0 0.0010  680.0 0.10 0.90
   1842.00 2860.0 1500.0 0.0010  680.0 0.10 0.90
   1842.00 2860.0 1500.0 0.0010  680.0 0.10 0.90
   1842.00 2860.0 1500.0 0.0010  680.0 0.10 0.90
   1842.00 2860.0 1500.0 0.0010  680.0 0.10 0.90
   1842.00 2860.0 1500.0 0.0010  680.0 0.10 0.90
   2115.00 2860.0 1500.0 0.0010  680.0 0.10 0.90
   2115.00 2860.0 1500.0 0.0010  680.0 0.10 0.90
   2115.00 2860.0 1500.0 0.0010  680.0 0.10 0.90
   2115.00 2860.0 1500.0 0.0010  680.0 0.10 0.90
   2115.00 2860.0 1500.0 0.0010  680.0 0.10 0.90
   2115.00 2860.0 1500.0 0.0010  680.0 0.10 0.90
   2115.00 2860.0 1500.0 0.0010  680.0 0.10 0.90
   2115.00 2860.0 1500.0 0.0010  680.0 0.10 0.90
   2115.00 2860.0 1500.0 0.0010  680.0 0.10 0.90
   2115.00 2860.0 1500.0 0.0010  680.0 0.10 0.90
   2194.00 2860.0 1500.0 0.0010  680.0 0.10 0.90
   2194.00 2860.0 1500.0 0.0010  680.0 0.10 0.90
   2194.00 2860.0 1500.0 0.0010  680.0 0.10 0.90
   2194.00 2860.0 1500.0 0.0010  680.0 0.10 0.90
   2194.00 2860.0 1500.0 0.0010  680.0 0.10 0.90
   2194.00 2860.0 1500.0 0.0010  680.0 0.10 0.90
   2194.00 2860.0 1500.0 0.0010  680.0 0.10 0.90
   2194.00 2860.0 1500.0 0.0010  680.0 0.10 0.90
   2194.00 2860.0 1500.0 0.0010  680.0 0.10 0.90
   2194.00 2860.0 1500.0 0.0010  680.0 0.10 0.90
   2029.00 2860.0 1500.0 0.0010  680.0 0.10 0.90
   2029.00 2860.0 1500.0 0.0010  680.0 0.10 0.90
   2029.00 2860.0 1500.0 0.0010  680.0 0.10 0.90
   2029.00 2860.0 1500.0 0.0010  680.0 0.10 0.90
   2029.00 2860.0 1500.0 0.0010  680.0 0.10 0.90
   2029.00 2860.0 1500.0 0.0010  680.0 0.10 0.90
   2029.00 2860.0 1500.0 0.0010  680.0 0.10 0.90
   2029.00 2860.0 1500.0 0.0010  680.0 0.10 0.90
   2029.00 2860.0 1500.0 0.0010  680.0 0.10 0.90
   2029.00 2860.0 1500.0 0.0010  680.0 0.10 0.90
   1397.00 2860.0 1500.0 0.0010  680.0 0.10 0.90
   1397.00 2860.0 1500.0 0.0010  680.0 0.10 0.90
   1397.00 2860.0 1500.0 0.0010  680.0 0.10 0.90
   1397.00 2860.0 1500.0 0.0010  680.0 0.10 0.90
   1397.00 2860.0 1500.0 0.0010  680.0 0.10 0.90
   1397.00 2860.0 1500.0 0.0010  680.0 0.10 0.90
   1397.00 2860.0 1500.0 0.0010  680.0 0.10 0.90
   1397.00 2860.0 1500.0 0.0010  680.0 0.10 0.90
   1397.00 2860.0 1500.0 0.0010  680.0 0.10 0.90
   1397.00 2860.0 1500.0 0.0010  680.0 0.10 0.90
   2163.00 2860.0 1500.0 0.0010  680.0 0.10 0.90
   2163.00 2860.0 1500.0 0.0010  680.0 0.10 0.90
   2163.00 2860.0 1500.0 0.0010  680.0 0.10 0.90
   2163.00 2860.0 1500.0 0.0010  680.0 0.10 0.90
   2163.00 2860.0 1500.0 0.0010  680.0 0.10 0.90
   2163.00 2860.0 1500.0 0.0010  680.0 0.10 0.90
   2163.00 2860.0 1500.0 0.0010  680.0 0.10 0.90
   2163.00 2860.0 1500.0 0.0010  680.0 0.10 0.90
   2163.00 2860.0 1500.0 0.0010  680.0 0.10 0.90
   2163.00 2860.0 1500.0 0.0010  680.0 0.10 0.90
   1532.00 2860.0 1500.0 0.0010  680.0 0.10 0.90
   1532.00 2860.0 1500.0 0.0010  680.0 0.10 0.90
   1532.00 2860.0 1500.0 0.0010  680.0 0.10 0.90
   1532.00 2860.0 1500.0 0.0010  680.0 0.10 0.90
   1532.00 2860.0 1500.0 0.0010  680.0 0.10 0.90
   1532.00 2860.0 1500.0 0.0010  680.0 0.10 0.90
   1532.00 2860.0 1500.0 0.0010  680.0 0.10 0.90
   1532.00 2860.0 1500.0 0.0010  680.0 0.10 0.90
   1532.00 2860.0 1500.0 0.0010  680.0 0.10 0.90
   1532.00 2860.0 1500.0 0.0010  680.0 0.10 0.90
   1514.00 2860.0 1500.0 0.0010  680.0 0.10 0.90
   1514.00 2860.0 1500.0 0.0010  680.0 0.10 0.90
   1514.00 2860.0 1500.0 0.0010  680.0 0.10 0.90
   1514.00 2860.0 1500.0 0.0010  680.0 0.10 0.90
   1514.00 2860.0 1500.0 0.0010  680.0 0.10 0.90
   1514.00 2860.0 1500.0 0.0010  680.0 0.10 0.90
   1514.00 2860.0 1500.0 0.0010  680.0 0.10 0.90
   1514.00 2860.0 1500.0 0.0010  680.0 0.10 0.90
   1514.00 2860.0 1500.0 0.0010  680.0 0.10 0.90
   1514.00 2860.0 1500.0 0.0010  680.0 0.10 0.90
   2115.00 2860.0 1500.0 0.0010  680.0 0.10 0.90
   2115.00 2860.0 1500.0 0.0010  680.0 0.10 0.90
   2115.00 2860.0 1500.0 0.0010  680.0 0.10 0.90
   2115.00 2860.0 1500.0 0.0010  680.0 0.10 0.90
   2115.00 2860.0 1500.0 0.0010  680.0 0.10 0.90
   2115.00 2860.0 1500.0 0.0010  680.0 0.10 0.90
   2115.00 2860.0 1500.0 0.0010  680.0 0.10 0.90
   2115.00 2860.0 1500.0 0.0010  680.0 0.10 0.90
   2115.00 2860.0 1500.0 0.0010  680.0 0.10 0.90
   2115.00 2860.0 1500.0 0.0010  680.0 0.10 0.90
   1532.00 2860.0 1500.0 0.0010  680.0 0.10 0.90
   1532.00 2860.0 1500.0 0.0010  680.0 0.10 0.90
   1532.00 2860.0 1500.0 0.0010  680.0 0.10 0.90
   1532.00 2860.0 1500.0 0.0010  680.0 0.10 0.90
   1532.00 2860.0 1500.0 0.0010  680.0 0.10 0.90
   1532.00 2860.0 1500.0 0.0010  680.0 0.10 0.90
   1532.00 2860.0 1500.0 0.0010  680.0 0.10 0.90
   1532.00 2860.0 1500.0 0.0010  680.0 0.10 0.90
   1532.00 2860.0 1500.0 0.0010  680.0 0.10 0.90
   1532.00 2860.0 1500.0 0.0010  680.0 0.10 0.90
    890.00 2860.0 1500.0 0.0010  680.0 0.10 0.90
    890.00 2860.0 1500.0 0.0010  680.0 0.10 0.90
    890.00 2860.0 1500.0 0.0010  680.0 0.10 0.90
    890.00 2860.0 1500.0 0.0010  680.0 0.10 0.90
    890.00 2860.0 1500.0 0.0010  680.0 0.10 0.90
    890.00 2860.0 1500.0 0.0010  680.0 0.10 0.90
    890.00 2860.0 1500.0 0.0010  680.0 0.10 0.90
    890.00 2860.0 1500.0 0.0010  680.0 0.10 0.90
    890.00 2860.0 1500.0 0.0010  680.0 0.10 0.90
    890.00 2860.0 1500.0 0.0010  680.0 0.10 0.90
    858.00 2860.0 1500.0 0.0010  680.0 0.10 0.90
    858.00 2860.0 1500.0 0.0010  680.0 0.10 0.90
    858.00 2860.0 1500.0 0.0010  680.0 0.10 0.90
    858.00 2860.0 1500.0 0.0010  680.0 0.10 0.90
    858.00 2860.0 1500.0 0.0010  680.0 0.10 0.90
    858.00 2860.0 1500.0 0.0010  680.0 0.10 0.90
    858.00 2860.0 1500.0 0.0010  680.0 0.10 0.90
    858.00 2860.0 1500.0 0.0010  680.0 0.10 0.90
    858.00 2860.0 1500.0 0.0010  680.0 0.10 0.90
    858.00 2860.0 1500.0 0.0010  680.0 0.10 0.90
   1274.00 2860.0 1500.0 0.0010  680.0 0.10 0.90
   1274.00 2860.0 1500.0 0.0010  680.0 0.10 0.90
   1274.00 2860.0 1500.0 0.0010  680.0 0.10 0.90
   1274.00 2860.0 1500.0 0.0010  680.0 0.10 0.90
   1274.00 2860.0 1500.0 0.0010  680.0 0.10 0.90
   1274.00 2860.0 1500.0 0.0010  680.0 0.10 0.90
   1274.00 2860.0 1500.0 0.0010  680.0 0.10 0.90
   1274.00 2860.0 1500.0 0.0010  680.0 0.10 0.90
   1274.00 2860.0 1500.0 0.0010  680.0 0.10 0.90
   1274.00 2860.0 1500.0 0.0010  680.0 0.10 0.90
   3647.00 2860.0 1500.0 0.0010  680.0 0.10 0.90
   3647.00 2860.0 1500.0 0.0010  680.0 0.10 0.90
   3647.00 2860.0 1500.0 0.0010  680.0 0.10 0.90
   3647.00 2860.0 1500.0 0.0010  680.0 0.10 0.90
   3647.00 2860.0 1500.0 0.0010  680.0 0.10 0.90
   3647.00 2860.0 1500.0 0.0010  680.0 0.10 0.90
   3647.00 2860.0 1500.0 0.0010  680.0 0.10 0.90
   3647.00 2860.0 1500.0 0.0010  680.0 0.10 0.90
   3647.00 2860.0 1500.0 0.0010  680.0 0.10 0.90
   3647.00 2860.0 1500.0 0.0010  680.0 0.10 0.90
   2884.00 2860.0 1500.0 0.0010  680.0 0.10 0.90
   2884.00 2860.0 1500.0 0.0010  680.0 0.10 0.90
   2884.00 2860.0 1500.0 0.0010  680.0 0.10 0.90
   2884.00 2860.0 1500.0 0.0010  680.0 0.10 0.90
   2884.00 2860.0 1500.0 0.0010  680.0 0.10 0.90
   2884.00 2860.0 1500.0 0.0010  680.0 0.10 0.90
   2884.00 2860.0 1500.0 0.0010  680.0 0.10 0.90
   2884.00 2860.0 1500.0 0.0010  680.0 0.10 0.90
   2884.00 2860.0 1500.0 0.0010  680.0 0.10 0.90
   2884.00 2860.0 1500.0 0.0010  680.0 0.10 0.90
   2319.00 2860.0 1500.0 0.0010  680.0 0.10 0.90
   2319.00 2860.0 1500.0 0.0010  680.0 0.10 0.90
   2319.00 2860.0 1500.0 0.0010  680.0 0.10 0.90
   2319.00 2860.0 1500.0 0.0010  680.0 0.10 0.90
   2319.00 2860.0 1500.0 0.0010  680.0 0.10 0.90
   2319.00 2860.0 1500.0 0.0010  680.0 0.10 0.90
   2319.00 2860.0 1500.0 0.0010  680.0 0.10 0.90
   2319.00 2860.0 1500.0 0.0010  680.0 0.10 0.90
   2319.00 2860.0 1500.0 0.0010  680.0 0.10 0.90
   2319.00 2860.0 1500.0 0.0010  680.0 0.10 0.90
   2688.00 2860.0 1500.0 0.0010  680.0 0.10 0.90
   2688.00 2860.0 1500.0 0.0010  680.0 0.10 0.90
   2688.00 2860.0 1500.0 0.0010  680.0 0.10 0.90
   2688.00 2860.0 1500.0 0.0010  680.0 0.10 0.90
   2688.00 2860.0 1500.0 0.0010  680.0 0.10 0.90
   2688.00 2860.0 1500.0 0.0010  680.0 0.10 0.90
   2688.00 2860.0 1500.0 0.0010  680.0 0.10 0.90
   2688.00 2860.0 1500.0 0.0010  680.0 0.10 0.90
   2688.00 2860.0 1500.0 0.0010  680.0 0.10 0.90
   2688.00 2860.0 1500.0 0.0010  680.0 0.10 0.90
   2180.00 2860.0 1500.0 0.0010  680.0 0.10 0.90
   2180.00 2860.0 1500.0 0.0010  680.0 0.10 0.90
   2180.00 2860.0 1500.0 0.0010  680.0 0.10 0.90
   2180.00 2860.0 1500.0 0.0010  680.0 0.10 0.90
   2180.00 2860.0 1500.0 0.0010  680.0 0.10 0.90
   2180.00 2860.0 1500.0 0.0010  680.0 0.10 0.90
   2180.00 2860.0 1500.0 0.0010  680.0 0.10 0.90
   2180.00 2860.0 1500.0 0.0010  680.0 0.10 0.90
   2180.00 2860.0 1500.0 0.0010  680.0 0.10 0.90
   2180.00 2860.0 1500.0 0.0010  680.0 0.10 0.90
   4178.00 2860.0 1500.0 0.0010  680.0 0.10 0.90
   4178.00 2860.0 1500.0 0.0010  680.0 0.10 0.90
   4178.00 2860.0 1500.0 0.0010  680.0 0.10 0.90
   4178.00 2860.0 1500.0 0.0010  680.0 0.10 0.90
   4178.00 2860.0 1500.0 0.0010  680.0 0.10 0.90
   4178.00 2860.0 1500.0 0.0010  680.0 0.10 0.90
   4178.00 2860.0 1500.0 0.0010  680.0 0.10 0.90
   4178.00 2860.0 1500.0 0.0010  680.0 0.10 0.90
   4178.00 2860.0 1500.0 0.0010  680.0 0.10 0.90
   4178.00 2860.0 1500.0 0.0010  680.0 0.10 0.90
   7285.00 2860.0 1500.0 0.0010  680.0 0.10 0.90
   7285.00 2860.0 1500.0 0.0010  680.0 0.10 0.90
   7285.00 2860.0 1500.0 0.0010  680.0 0.10 0.90
   7285.00 2860.0 1500.0 0.0010  680.0 0.10 0.90
   7285.00 2860.0 1500.0 0.0010  680.0 0.10 0.90
   7285.00 2860.0 1500.0 0.0010  680.0 0.10 0.90
   7285.00 2860.0 1500.0 0.0010  680.0 0.10 0.90
   7285.00 2860.0 1500.0 0.0010  680.0 0.10 0.90
   7285.00 2860.0 1500.0 0.0010  680.0 0.10 0.90
   7285.00 2860.0 1500.0 0.0010  680.0 0.10 0.90
   3632.00 2860.0 1500.0 0.0010  680.0 0.10 0.90
   3632.00 2860.0 1500.0 0.0010  680.0 0.10 0.90
   3632.00 2860.0 1500.0 0.0010  680.0 0.10 0.90
   3632.00 2860.0 1500.0 0.0010  680.0 0.10 0.90
   3632.00 2860.0 1500.0 0.0010  680.0 0.10 0.90
   3632.00 2860.0 1500.0 0.0010  680.0 0.10 0.90
   3632.00 2860.0 1500.0 0.0010  680.0 0.10 0.90
   3632.00 2860.0 1500.0 0.0010  680.0 0.10 0.90
   3632.00 2860.0 1500.0 0.0010  680.0 0.10 0.90
   3632.00 2860.0 1500.0 0.0010  680.0 0.10 0.90
   1995.00 2860.0 1500.0 0.0010  680.0 0.10 0.90
   1995.00 2860.0 1500.0 0.0010  680.0 0.10 0.90
   1995.00 2860.0 1500.0 0.0010  680.0 0.10 0.90
   1995.00 2860.0 1500.0 0.0010  680.0 0.10 0.90
   1995.00 2860.0 1500.0 0.0010  680.0 0.10 0.90
   1995.00 2860.0 1500.0 0.0010  680.0 0.10 0.90
   1995.00 2860.0 1500.0 0.0010  680.0 0.10 0.90
   1995.00 2860.0 1500.0 0.0010  680.0 0.10 0.90
   1995.00 2860.0 1500.0 0.0010  680.0 0.10 0.90
   1995.00 2860.0 1500.0 0.0010  680.0 0.10 0.90
   3255.00 2860.0 1500.0 0.0010  680.0 0.10 0.90
   3255.00 2860.0 1500.0 0.0010  680.0 0.10 0.90
   3255.00 2860.0 1500.0 0.0010  680.0 0.10 0.90
   3255.00 2860.0 1500.0 0.0010  680.0 0.10 0.90
   3255.00 2860.0 1500.0 0.0010  680.0 0.10 0.90
   3255.00 2860.0 1500.0 0.0010  680.0 0.10 0.90
   3255.00 2860.0 1500.0 0.0010  680.0 0.10 0.90
   3255.00 2860.0 1500.0 0.0010  680.0 0.10 0.90
   3255.00 2860.0 1500.0 0.0010  680.0 0.10 0.90
   3255.00 2860.0 1500.0 0.0010  680.0 0.10 0.90
   3563.00 2860.0 1500.0 0.0010  680.0 0.10 0.90
   3563.00 2860.0 1500.0 0.0010  680.0 0.10 0.90
   3563.00 2860.0 1500.0 0.0010  680.0 0.10 0.90
   3563.00 2860.0 1500.0 0.0010  680.0 0.10 0.90
   3563.00 2860.0 1500.0 0.0010  680.0 0.10 0.90
   3563.00 2860.0 1500.0 0.0010  680.0 0.10 0.90
   3563.00 2860.0 1500.0 0.0010  680.0 0.10 0.90
   3563.00 2860.0 1500.0 0.0010  680.0 0.10 0.90
   3563.00 2860.0 1500.0 0.0010  680.0 0.10 0.90
   3563.00 2860.0 1500.0 0.0010  680.0 0.10 0.90
   3078.00 2860.0 1500.0 0.0010  680.0 0.10 0.90
   3078.00 2860.0 1500.0 0.0010  680.0 0.10 0.90
   3078.00 2860.0 1500.0 0.0010  680.0 0.10 0.90
   3078.00 2860.0 1500.0 0.0010  680.0 0.10 0.90
   3078.00 2860.0 1500.0 0.0010  680.0 0.10 0.90
   3078.00 2860.0 1500.0 0.0010  680.0 0.10 0.90
   3078.00 2860.0 1500.0 0.0010  680.0 0.10 0.90
   3078.00 2860.0 1500.0 0.0010  680.0 0.10 0.90
   3078.00 2860.0 1500.0 0.0010  680.0 0.10 0.90
   3078.00 2860.0 1500.0 0.0010  680.0 0.10 0.90
   7055.00 2860.0 1500.0 0.0010  680.0 0.10 0.90
   7055.00 2860.0 1500.0 0.0010  680.0 0.10 0.90
   7055.00 2860.0 1500.0 0.0010  680.0 0.10 0.90
   7055.00 2860.0 1500.0 0.0010  680.0 0.10 0.90
   7055.00 2860.0 1500.0 0.0010  680.0 0.10 0.90
   7055.00 2860.0 1500.0 0.0010  680.0 0.10 0.90
   7055.00 2860.0 1500.0 0.0010  680.0 0.10 0.90
   7055.00 2860.0 1500.0 0.0010  680.0 0.10 0.90
   7055.00 2860.0 1500.0 0.0010  680.0 0.10 0.90
   7055.00 2860.0 1500.0 0.0010  680.0 0.10 0.90
   2122.00 2860.0 1500.0 0.0010  680.0 0.10 0.90
   2122.00 2860.0 1500.0 0.0010  680.0 0.10 0.90
   2122.00 2860.0 1500.0 0.0010  680.0 0.10 0.90
   2122.00 2860.0 1500.0 0.0010  680.0 0.10 0.90
   2122.00 2860.0 1500.0 0.0010  680.0 0.10 0.90
   2122.00 2860.0 1500.0 0.0010  680.0 0.10 0.90
   2122.00 2860.0 1500.0 0.0010  680.0 0.10 0.90
   2122.00 2860.0 1500.0 0.0010  680.0 0.10 0.90
   2122.00 2860.0 1500.0 0.0010  680.0 0.10 0.90
   2122.00 2860.0 1500.0 0.0010  680.0 0.10 0.90
   1217.00 2860.0 1500.0 0.0010  680.0 0.10 0.90
   1217.00 2860.0 1500.0 0.0010  680.0 0.10 0.90
   1217.00 2860.0 1500.0 0.0010  680.0 0.10 0.90
   1217.00 2860.0 1500.0 0.0010  680.0 0.10 0.90
   1217.00 2860.0 1500.0 0.0010  680.0 0.10 0.90
   1217.00 2860.0 1500.0 0.0010  680.0 0.10 0.90
   1217.00 2860.0 1500.0 0.0010  680.0 0.10 0.90
   1217.00 2860.0 1500.0 0.0010  680.0 0.10 0.90
   1217.00 2860.0 1500.0 0.0010  680.0 0.10 0.90
   1217.00 2860.0 1500.0 0.0010  680.0 0.10 0.90
   2115.00 2860.0 1500.0 0.0010  680.0 0.10 0.90
   2115.00 2860.0 1500.0 0.0010  680.0 0.10 0.90
   2115.00 2860.0 1500.0 0.0010  680.0 0.10 0.90
   2115.00 2860.0 1500.0 0.0010  680.0 0.10 0.90
   2115.00 2860.0 1500.0 0.0010  680.0 0.10 0.90
   2115.00 2860.0 1500.0 0.0010  680.0 0.10 0.90
   2115.00 2860.0 1500.0 0.0010  680.0 0.10 0.90
   2115.00 2860.0 1500.0 0.0010  680.0 0.10 0.90
   2115.00 2860.0 1500.0 0.0010  680.0 0.10 0.90
   2115.00 2860.0 1500.0 0.0010  680.0 0.10 0.90
   1950.00 2860.0 1500.0 0.0010  680.0 0.10 0.90
   1950.00 2860.0 1500.0 0.0010  680.0 0.10 0.90
   1950.00 2860.0 1500.0 0.0010  680.0 0.10 0.90
   1950.00 2860.0 1500.0 0.0010  680.0 0.10 0.90
   1950.00 2860.0 1500.0 0.0010  680.0 0.10 0.90
   1950.00 2860.0 1500.0 0.0010  680.0 0.10 0.90
   1950.00 2860.0 1500.0 0.0010  680.0 0.10 0.90
   1950.00 2860.0 1500.0 0.0010  680.0 0.10 0.90
   1950.00 2860.0 1500.0 0.0010  680.0 0.10 0.90
   1950.00 2860.0 1500.0 0.0010  680.0 0.10 0.90
   2682.00 2860.0 1500.0 0.0010  680.0 0.10 0.90
   2682.00 2860.0 1500.0 0.0010  680.0 0.10 0.90
   2682.00 2860.0 1500.0 0.0010  680.0 0.10 0.90
   2682.00 2860.0 1500.0 0.0010  680.0 0.10 0.90
   2682.00 2860.0 1500.0 0.0010  680.0 0.10 0.90
   2682.00 2860.0 1500.0 0.0010  680.0 0.10 0.90
   2682.00 2860.0 1500.0 0.0010  680.0 0.10 0.90
   2682.00 2860.0 1500.0 0.0010  680.0 0.10 0.90
   2682.00 2860.0 1500.0 0.0010  680.0 0.10 0.90
   2682.00 2860.0 1500.0 0.0010  680.0 0.10 0.90
   3310.00 2860.0 1500.0 0.0010  680.0 0.10 0.90
   3310.00 2860.0 1500.0 0.0010  680.0 0.10 0.90
   3310.00 2860.0 1500.0 0.0010  680.0 0.10 0.90
   3310.00 2860.0 1500.0 0.0010  680.0 0.10 0.90
   3310.00 2860.0 1500.0 0.0010  680.0 0.10 0.90
   3310.00 2860.0 1500.0 0.0010  680.0 0.10 0.90
   3310.00 2860.0 1500.0 0.0010  680.0 0.10 0.90
   3310.00 2860.0 1500.0 0.0010  680.0 0.10 0.90
   3310.00 2860.0 1500.0 0.0010  680.0 0.10 0.90
   3310.00 2860.0 1500.0 0.0010  680.0 0.10 0.90
   2238.00 2860.0 1500.0 0.0010  680.0 0.10 0.90
   2238.00 2860.0 1500.0 0.0010  680.0 0.10 0.90
   2238.00 2860.0 1500.0 0.0010  680.0 0.10 0.90
   2238.00 2860.0 1500.0 0.0010  680.0 0.10 0.90
   2238.00 2860.0 1500.0 0.0010  680.0 0.10 0.90
   2238.00 2860.0 1500.0 0.0010  680.0 0.10 0.90
   2238.00 2860.0 1500.0 0.0010  680.0 0.10 0.90
   2238.00 2860.0 1500.0 0.0010  680.0 0.10 0.90
   2238.00 2860.0 1500.0 0.0010  680.0 0.10 0.90
   2238.00 2860.0 1500.0 0.0010  680.0 0.10 0.90
   3288.00 2860.0 1500.0 0.0010  680.0 0.10 0.90
   3288.00 2860.0 1500.0 0.0010  680.0 0.10 0.90
   3288.00 2860.0 1500.0 0.0010  680.0 0.10 0.90
   3288.00 2860.0 1500.0 0.0010  680.0 0.10 0.90
   3288.00 2860.0 1500.0 0.0010  680.0 0.10 0.90
   3288.00 2860.0 1500.0 0.0010  680.0 0.10 0.90
   3288.00 2860.0 1500.0 0.0010  680.0 0.10 0.90
   3288.00 2860.0 1500.0 0.0010  680.0 0.10 0.90
   3288.00 2860.0 1500.0 0.0010  680.0 0.10 0.90
   3288.00 2860.0 1500.0 0.0010  680.0 0.10 0.90
   1842.00 2860.0 1500.0 0.0010  680.0 0.10 0.90
   1842.00 2860.0 1500.0 0.0010  680.0 0.10 0.90
   1842.00 2860.0 1500.0 0.0010  680.0 0.10 0.90
   1842.00 2860.0 1500.0 0.0010  680.0 0.10 0.90
   1842.00 2860.0 1500.0 0.0010  680.0 0.10 0.90
   1842.00 2860.0 1500.0 0.0010  680.0 0.10 0.90
   1842.00 2860.0 1500.0 0.0010  680.0 0.10 0.90
   1842.00 2860.0 1500.0 0.0010  680.0 0.10 0.90
   1842.00 2860.0 1500.0 0.0010  680.0 0.10 0.90
   1842.00 2860.0 1500.0 0.0010  680.0 0.10 0.90
   1452.00 2860.0 1500.0 0.0010  680.0 0.10 0.90
   1452.00 2860.0 1500.0 0.0010  680.0 0.10 0.90
   1452.00 2860.0 1500.0 0.0010  680.0 0.10 0.90
   1452.00 2860.0 1500.0 0.0010  680.0 0.10 0.90
   1452.00 2860.0 1500.0 0.0010  680.0 0.10 0.90
   1452.00 2860.0 1500.0 0.0010  680.0 0.10 0.90
   1452.00 2860.0 1500.0 0.0010  680.0 0.10 0.90
   1452.00 2860.0 1500.0 0.0010  680.0 0.10 0.90
   1452.00 2860.0 1500.0 0.0010  680.0 0.10 0.90
   1452.00 2860.0 1500.0 0.0010  680.0 0.10 0.90
   1397.00 2860.0 1500.0 0.0010  680.0 0.10 0.90
   1397.00 2860.0 1500.0 0.0010  680.0 0.10 0.90
   1397.00 2860.0 1500.0 0.0010  680.0 0.10 0.90
   1397.00 2860.0 1500.0 0.0010  680.0 0.10 0.90
   1397.00 2860.0 1500.0 0.0010  680.0 0.10 0.90
   1397.00 2860.0 1500.0 0.0010  680.0 0.10 0.90
   1397.00 2860.0 1500.0 0.0010  680.0 0.10 0.90
   1397.00 2860.0 1500.0 0.0010  680.0 0.10 0.90
   1397.00 2860.0 1500.0 0.0010  680.0 0.10 0.90
   1397.00 2860.0 1500.0 0.0010  680.0 0.10 0.90
   1532.00 2860.0 1500.0 0.0010  680.0 0.10 0.90
   1532.00 2860.0 1500.0 0.0010  680.0 0.10 0.90
   1532.00 2860.0 1500.0 0.0010  680.0 0.10 0.90
   1532.00 2860.0 1500.0 0.0010  680.0 0.10 0.90
   1532.00 2860.0 1500.0 0.0010  680.0 0.10 0.90
   1532.00 2860.0 1500.0 0.0010  680.0 0.10 0.90
   1532.00 2860.0 1500.0 0.0010  680.0 0.10 0.90
   1532.00 2860.0 1500.0 0.0010  680.0 0.10 0.90
   1532.00 2860.0 1500.0 0.0010  680.0 0.10 0.90
   1532.00 2860.0 1500.0 0.0010  680.0 0.10 0.90
   1840.00 2860.0 1500.0 0.0010  680.0 0.10 0.90
   1840.00 2860.0 1500.0 0.0010  680.0 0.10 0.90
   1840.00 2860.0 1500.0 0.0010  680.0 0.10 0.90
   1840.00 2860.0 1500.0 0.0010  680.0 0.10 0.90
   1840.00 2860.0 1500.0 0.0010  680.0 0.10 0.90
   1840.00 2860.0 1500.0 0.0010  680.0 0.10 0.90
   1840.00 2860.0 1500.0 0.0010  680.0 0.10 0.90
   1840.00 2860.0 1500.0 0.0010  680.0 0.10 0.90
   1840.00 2860.0 1500.0 0.0010  680.0 0.10 0.90
   1840.00 2860.0 1500.0 0.0010  680.0 0.10 0.90
   2878.00 2860.0 1500.0 0.0010  680.0 0.10 0.90
   2878.00 2860.0 1500.0 0.0010  680.0 0.10 0.90
   2878.00 2860.0 1500.0 0.0010  680.0 0.10 0.90
   2878.00 2860.0 1500.0 0.0010  680.0 0.10 0.90
   2878.00 2860.0 1500.0 0.0010  680.0 0.10 0.90
   2878.00 2860.0 1500.0 0.0010  680.0 0.10 0.90
   2878.00 2860.0 1500.0 0.0010  680.0 0.10 0.90
   2878.00 2860.0 1500.0 0.0010  680.0 0.10 0.90
   2878.00 2860.0 1500.0 0.0010  680.0 0.10 0.90
   2878.00 2860.0 1500.0 0.0010  680.0 0.10 0.90
   1335.00 2860.0 1500.0 0.0010  680.0 0.10 0.90
   1335.00 2860.0 1500.0 0.0010  680.0 0.10 0.90
   1335.00 2860.0 1500.0 0.0010  680.0 0.10 0.90
   1335.00 2860.0 1500.0 0.0010  680.0 0.10 0.90
   1335.00 2860.0 1500.0 0.0010  680.0 0.10 0.90
   1335.00 2860.0 1500.0 0.0010  680.0 0.10 0.90
   1335.00 2860.0 1500.0 0.0010  680.0 0.10 0.90
   1335.00 2860.0 1500.0 0.0010  680.0 0.10 0.90
   1335.00 2860.0 1500.0 0.0010  680.0 0.10 0.90
   1335.00 2860.0 1500.0 0.0010  680.0 0.10 0.90
    902.00 2860.0 1500.0 0.0010  680.0 0.10 0.90
    902.00 2860.0 1500.0 0.0010  680.0 0.10 0.90
    902.00 2860.0 1500.0 0.0010  680.0 0.10 0.90
    902.00 2860.0 1500.0 0.0010  680.0 0.10 0.90
    902.00 2860.0 1500.0 0.0010  680.0 0.10 0.90
    902.00 2860.0 1500.0 0.0010  680.0 0.10 0.90
    902.00 2860.0 1500.0 0.0010  680.0 0.10 0.90
    902.00 2860.0 1500.0 0.0010  680.0 0.10 0.90
    902.00 2860.0 1500.0 0.0010  680.0 0.10 0.90
    902.00 2860.0 1500.0 0.0010  680.0 0.10 0.90
   1848.00 2860.0 1500.0 0.0010  680.0 0.10 0.90
   1848.00 2860.0 1500.0 0.0010  680.0 0.10 0.90
   1848.00 2860.0 1500.0 0.0010  680.0 0.10 0.90
   1848.00 2860.0 1500.0 0.0010  680.0 0.10 0.90
   1848.00 2860.0 1500.0 0.0010  680.0 0.10 0.90
   1848.00 2860.0 1500.0 0.0010  680.0 0.10 0.90
   1848.00 2860.0 1500.0 0.0010  680.0 0.10 0.90
   1848.00 2860.0 1500.0 0.0010  680.0 0.10 0.90
   1848.00 2860.0 1500.0 0.0010  680.0 0.10 0.90
   1848.00 2860.0 1500.0 0.0010  680.0 0.10 0.90
   1901.00 2860.0 1500.0 0.0010  680.0 0.10 0.90
   1901.00 2860.0 1500.0 0.0010  680.0 0.10 0.90
   1901.00 2860.0 1500.0 0.0010  680.0 0.10 0.90
   1901.00 2860.0 1500.0 0.0010  680.0 0.10 0.90
   1901.00 2860.0 1500.0 0.0010  680.0 0.10 0.90
   1901.00 2860.0 1500.0 0.0010  680.0 0.10 0.90
   1901.00 2860.0 1500.0 0.0010  680.0 0.10 0.90
   1901.00 2860.0 1500.0 0.0010  680.0 0.10 0.90
   1901.00 2860.0 1500.0 0.0010  680.0 0.10 0.90
   1901.00 2860.0 1500.0 0.0010  680.0 0.10 0.90
   1335.00 2860.0 1500.0 0.0010  680.0 0.10 0.90
   1335.00 2860.0 1500.0 0.0010  680.0 0.10 0.90
   1335.00 2860.0 1500.0 0.0010  680.0 0.10 0.90
   1335.00 2860.0 1500.0 0.0010  680.0 0.10 0.90
   1335.00 2860.0 1500.0 0.0010  680.0 0.10 0.90
   1335.00 2860.0 1500.0 0.0010  680.0 0.10 0.90
   1335.00 2860.0 1500.0 0.0010  680.0 0.10 0.90
   1335.00 2860.0 1500.0 0.0010  680.0 0.10 0.90
   1335.00 2860.0 1500.0 0.0010  680.0 0.10 0.90
   1335.00 2860.0 1500.0 0.0010  680.0 0.10 0.90
   2384.00 2860.0 1500.0 0.0010  680.0 0.10 0.90
   2384.00 2860.0 1500.0 0.0010  680.0 0.10 0.90
   2384.00 2860.0 1500.0 0.0010  680.0 0.10 0.90
   2384.00 2860.0 1500.0 0.0010  680.0 0.10 0.90
   2384.00 2860.0 1500.0 0.0010  680.0 0.10 0.90
   2384.00 2860.0 1500.0 0.0010  680.0 0.10 0.90
   2384.00 2860.0 1500.0 0.0010  680.0 0.10 0.90
   2384.00 2860.0 1500.0 0.0010  680.0 0.10 0.90
   2384.00 2860.0 1500.0 0.0010  680.0 0.10 0.90
   2384.00 2860.0 1500.0 0.0010  680.0 0.10 0.90
   5378.00 2860.0 1500.0 0.0010  680.0 0.10 0.90
   5378.00 2860.0 1500.0 0.0010  680.0 0.10 0.90
   5378.00 2860.0 1500.0 0.0010  680.0 0.10 0.90
   5378.00 2860.0 1500.0 0.0010  680.0 0.10 0.90
   5378.00 2860.0 1500.0 0.0010  680.0 0.10 0.90
   5378.00 2860.0 1500.0 0.0010  680.0 0.10 0.90
   5378.00 2860.0 1500.0 0.0010  680.0 0.10 0.90
   5378.00 2860.0 1500.0 0.0010  680.0 0.10 0.90
   5378.00 2860.0 1500.0 0.0010  680.0 0.10 0.90
   5378.00 2860.0 1500.0 0.0010  680.0 0.10 0.90
   5270.00 2860.0 1500.0 0.0010  680.0 0.10 0.90
   5270.00 2860.0 1500.0 0.0010  680.0 0.10 0.90
   5270.00 2860.0 1500.0 0.0010  680.0 0.10 0.90
   5270.00 2860.0 1500.0 0.0010  680.0 0.10 0.90
   5270.00 2860.0 1500.0 0.0010  680.0 0.10 0.90
   5270.00 2860.0 1500.0 0.0010  680.0 0.10 0.90
   5270.00 2860.0 1500.0 0.0010  680.0 0.10 0.90
   5270.00 2860.0 1500.0 0.0010  680.0 0.10 0.90
   5270.00 2860.0 1500.0 0.0010  680.0 0.10 0.90
   5270.00 2860.0 1500.0 0.0010  680.0 0.10 0.90
   2126.00 2860.0 1500.0 0.0010  680.0 0.10 0.90
   2126.00 2860.0 1500.0 0.0010  680.0 0.10 0.90
   2126.00 2860.0 1500.0 0.0010  680.0 0.10 0.90
   2126.00 2860.0 1500.0 0.0010  680.0 0.10 0.90
   2126.00 2860.0 1500.0 0.0010  680.0 0.10 0.90
   2126.00 2860.0 1500.0 0.0010  680.0 0.10 0.90
   2126.00 2860.0 1500.0 0.0010  680.0 0.10 0.90
   2126.00 2860.0 1500.0 0.0010  680.0 0.10 0.90
   2126.00 2860.0 1500.0 0.0010  680.0 0.10 0.90
   2126.00 2860.0 1500.0 0.0010  680.0 0.10 0.90
   1463.00 2860.0 1500.0 0.0010  680.0 0.10 0.90
   1463.00 2860.0 1500.0 0.0010  680.0 0.10 0.90
   1463.00 2860.0 1500.0 0.0010  680.0 0.10 0.90
   1463.00 2860.0 1500.0 0.0010  680.0 0.10 0.90
   1463.00 2860.0 1500.0 0.0010  680.0 0.10 0.90
   1463.00 2860.0 1500.0 0.0010  680.0 0.10 0.90
   1463.00 2860.0 1500.0 0.0010  680.0 0.10 0.90
   1463.00 2860.0 1500.0 0.0010  680.0 0.10 0.90
   1463.00 2860.0 1500.0 0.0010  680.0 0.10 0.90
   1463.00 2860.0 1500.0 0.0010  680.0 0.10 0.90
   2336.00 2860.0 1500.0 0.0010  680.0 0.10 0.90
   2336.00 2860.0 1500.0 0.0010  680.0 0.10 0.90
   2336.00 2860.0 1500.0 0.0010  680.0 0.10 0.90
   2336.00 2860.0 1500.0 0.0010  680.0 0.10 0.90
   2336.00 2860.0 1500.0 0.0010  680.0 0.10 0.90
   2336.00 2860.0 1500.0 0.0010  680.0 0.10 0.90
   2336.00 2860.0 1500.0 0.0010  680.0 0.10 0.90
   2336.00 2860.0 1500.0 0.0010  680.0 0.10 0.90
   2336.00 2860.0 1500.0 0.0010  680.0 0.10 0.90
   2336.00 2860.0 1500.0 0.0010  680.0 0.10 0.90
   1889.00 2860.0 1500.0 0.0010  680.0 0.10 0.90
   1889.00 2860.0 1500.0 0.0010  680.0 0.10 0.90
   1889.00 2860.0 1500.0 0.0010  680.0 0.10 0.90
   1889.00 2860.0 1500.0 0.0010  680.0 0.10 0.90
   1889.00 2860.0 1500.0 0.0010  680.0 0.10 0.90
   1889.00 2860.0 1500.0 0.0010  680.0 0.10 0.90
   1889.00 2860.0 1500.0 0.0010  680.0 0.10 0.90
   1889.00 2860.0 1500.0 0.0010  680.0 0.10 0.90
   1889.00 2860.0 1500.0 0.0010  680.0 0.10 0.90
   1889.00 2860.0 1500.0 0.0010  680.0 0.10 0.90
   2920.00 2860.0 1500.0 0.0010  680.0 0.10 0.90
   2920.00 2860.0 1500.0 0.0010  680.0 0.10 0.90
   2920.00 2860.0 1500.0 0.0010  680.0 0.10 0.90
   2920.00 2860.0 1500.0 0.0010  680.0 0.10 0.90
   2920.00 2860.0 1500.0 0.0010  680.0 0.10 0.90
   2920.00 2860.0 1500.0 0.0010  680.0 0.10 0.90
   2920.00 2860.0 1500.0 0.0010  680.0 0.10 0.90
   2920.00 2860.0 1500.0 0.0010  680.0 0.10 0.90
   2920.00 2860.0 1500.0 0.0010  680.0 0.10 0.90
   2920.00 2860.0 1500.0 0.0010  680.0 0.10 0.90
   1095.00 2860.0 1500.0 0.0010  680.0 0.10 0.90
   1095.00 2860.0 1500.0 0.0010  680.0 0.10 0.90
   1095.00 2860.0 1500.0 0.0010  680.0 0.10 0.90
   1095.00 2860.0 1500.0 0.0010  680.0 0.10 0.90
   1095.00 2860.0 1500.0 0.0010  680.0 0.10 0.90
   1095.00 2860.0 1500.0 0.0010  680.0 0.10 0.90
   1095.00 2860.0 1500.0 0.0010  680.0 0.10 0.90
   1095.00 2860.0 1500.0 0.0010  680.0 0.10 0.90
   1095.00 2860.0 1500.0 0.0010  680.0 0.10 0.90
   1095.00 2860.0 1500.0 0.0010  680.0 0.10 0.90
   1802.00 2860.0 1500.0 0.0010  680.0 0.10 0.90
   1802.00 2860.0 1500.0 0.0010  680.0 0.10 0.90
   1802.00 2860.0 1500.0 0.0010  680.0 0.10 0.90
   1802.00 2860.0 1500.0 0.0010  680.0 0.10 0.90
   1802.00 2860.0 1500.0 0.0010  680.0 0.10 0.90
   1802.00 2860.0 1500.0 0.0010  680.0 0.10 0.90
   1802.00 2860.0 1500.0 0.0010  680.0 0.10 0.90
   1802.00 2860.0 1500.0 0.0010  680.0 0.10 0.90
   1802.00 2860.0 1500.0 0.0010  680.0 0.10 0.90
   1802.00 2860.0 1500.0 0.0010  680.0 0.10 0.90
   2140.00 2860.0 1500.0 0.0010  680.0 0.10 0.90
   2140.00 2860.0 1500.0 0.0010  680.0 0.10 0.90
   2140.00 2860.0 1500.0 0.0010  680.0 0.10 0.90
   2140.00 2860.0 1500.0 0.0010  680.0 0.10 0.90
   2140.00 2860.0 1500.0 0.0010  680.0 0.10 0.90
   2140.00 2860.0 1500.0 0.0010  680.0 0.10 0.90
   2140.00 2860.0 1500.0 0.0010  680.0 0.10 0.90
   2140.00 2860.0 1500.0 0.0010  680.0 0.10 0.90
   2140.00 2860.0 1500.0 0.0010  680.0 0.10 0.90
   2140.00 2860.0 1500.0 0.0010  680.0 0.10 0.90
   2405.00 2860.0 1500.0 0.0010  680.0 0.10 0.90
   2405.00 2860.0 1500.0 0.0010  680.0 0.10 0.90
   2405.00 2860.0 1500.0 0.0010  680.0 0.10 0.90
   2405.00 2860.0 1500.0 0.0010  680.0 0.10 0.90
   2405.00 2860.0 1500.0 0.0010  680.0 0.10 0.90
   2405.00 2860.0 1500.0 0.0010  680.0 0.10 0.90
   2405.00 2860.0 1500.0 0.0010  680.0 0.10 0.90
   2405.00 2860.0 1500.0 0.0010  680.0 0.10 0.90
   2405.00 2860.0 1500.0 0.0010  680.0 0.10 0.90
   2405.00 2860.0 1500.0 0.0010  680.0 0.10 0.90
   1274.00 2860.0 1500.0 0.0010  680.0 0.10 0.90
   1274.00 2860.0 1500.0 0.0010  680.0 0.10 0.90
   1274.00 2860.0 1500.0 0.0010  680.0 0.10 0.90
   1274.00 2860.0 1500.0 0.0010  680.0 0.10 0.90
   1274.00 2860.0 1500.0 0.0010  680.0 0.10 0.90
   1274.00 2860.0 1500.0 0.0010  680.0 0.10 0.90
   1274.00 2860.0 1500.0 0.0010  680.0 0.10 0.90
   1274.00 2860.0 1500.0 0.0010  680.0 0.10 0.90
   1274.00 2860.0 1500.0 0.0010  680.0 0.10 0.90
   1274.00 2860.0 1500.0 0.0010  680.0 0.10 0.90
   5575.00 2860.0 1500.0 0.0010  680.0 0.10 0.90
   5575.00 2860.0 1500.0 0.0010  680.0 0.10 0.90
   5575.00 2860.0 1500.0 0.0010  680.0 0.10 0.90
   5575.00 2860.0 1500.0 0.0010  680.0 0.10 0.90
   5575.00 2860.0 1500.0 0.0010  680.0 0.10 0.90
   5575.00 2860.0 1500.0 0.0010  680.0 0.10 0.90
   5575.00 2860.0 1500.0 0.0010  680.0 0.10 0.90
   5575.00 2860.0 1500.0 0.0010  680.0 0.10 0.90
   5575.00 2860.0 1500.0 0.0010  680.0 0.10 0.90
   5575.00 2860.0 1500.0 0.0010  680.0 0.10 0.90
   5260.00 2860.0 1500.0 0.0010  680.0 0.10 0.90
   5260.00 2860.0 1500.0 0.0010  680.0 0.10 0.90
   5260.00 2860.0 1500.0 0.0010  680.0 0.10 0.90
   5260.00 2860.0 1500.0 0.0010  680.0 0.10 0.90
   5260.00 2860.0 1500.0 0.0010  680.0 0.10 0.90
   5260.00 2860.0 1500.0 0.0010  680.0 0.10 0.90
   5260.00 2860.0 1500.0 0.0010  680.0 0.10 0.90
   5260.00 2860.0 1500.0 0.0010  680.0 0.10 0.90
   5260.00 2860.0 1500.0 0.0010  680.0 0.10 0.90
   5260.00 2860.0 1500.0 0.0010  680.0 0.10 0.90
   1060.00 2860.0 1500.0 0.0010  680.0 0.10 0.90
   1060.00 2860.0 1500.0 0.0010  680.0 0.10 0.90
   1060.00 2860.0 1500.0 0.0010  680.0 0.10 0.90
   1060.00 2860.0 1500.0 0.0010  680.0 0.10 0.90
   1060.00 2860.0 1500.0 0.0010  680.0 0.10 0.90
   1060.00 2860.0 1500.0 0.0010  680.0 0.10 0.90
   1060.00 2860.0 1500.0 0.0010  680.0 0.10 0.90
   1060.00 2860.0 1500.0 0.0010  680.0 0.10 0.90
   1060.00 2860.0 1500.0 0.0010  680.0 0.10 0.90
   1060.00 2860.0 1500.0 0.0010  680.0 0.10 0.90
   2337.00 2860.0 1500.0 0.0010  680.0 0.10 0.90
   2337.00 2860.0 1500.0 0.0010  680.0 0.10 0.90
   2337.00 2860.0 1500.0 0.0010  680.0 0.10 0.90
   2337.00 2860.0 1500.0 0.0010  680.0 0.10 0.90
   2337.00 2860.0 1500.0 0.0010  680.0 0.10 0.90
   2337.00 2860.0 1500.0 0.0010  680.0 0.10 0.90
   2337.00 2860.0 1500.0 0.0010  680.0 0.10 0.90
   2337.00 2860.0 1500.0 0.0010  680.0 0.10 0.90
   2337.00 2860.0 1500.0 0.0010  680.0 0.10 0.90
   2337.00 2860.0 1500.0 0.0010  680.0 0.10 0.90
    482.00 2860.0 1500.0 0.0010  680.0 0.10 0.90
    482.00 2860.0 1500.0 0.0010  680.0 0.10 0.90
    482.00 2860.0 1500.0 0.0010  680.0 0.10 0.90
    482.00 2860.0 1500.0 0.0010  680.0 0.10 0.90
    482.00 2860.0 1500.0 0.0010  680.0 0.10 0.90
    482.00 2860.0 1500.0 0.0010  680.0 0.10 0.90
    482.00 2860.0 1500.0 0.0010  680.0 0.10 0.90
    482.00 2860.0 1500.0 0.0010  680.0 0.10 0.90
    482.00 2860.0 1500.0 0.0010  680.0 0.10 0.90
    482.00 2860.0 1500.0 0.0010  680.0 0.10 0.90
   1206.00 2860.0 1500.0 0.0010  680.0 0.10 0.90
   1206.00 2860.0 1500.0 0.0010  680.0 0.10 0.90
   1206.00 2860.0 1500.0 0.0010  680.0 0.10 0.90
   1206.00 2860.0 1500.0 0.0010  680.0 0.10 0.90
   1206.00 2860.0 1500.0 0.0010  680.0 0.10 0.90
   1206.00 2860.0 1500.0 0.0010  680.0 0.10 0.90
   1206.00 2860.0 1500.0 0.0010  680.0 0.10 0.90
   1206.00 2860.0 1500.0 0.0010  680.0 0.10 0.90
   1206.00 2860.0 1500.0 0.0010  680.0 0.10 0.90
   1206.00 2860.0 1500.0 0.0010  680.0 0.10 0.90
   1680.00 2860.0 1500.0 0.0010  680.0 0.10 0.90
   1680.00 2860.0 1500.0 0.0010  680.0 0.10 0.90
   1680.00 2860.0 1500.0 0.0010  680.0 0.10 0.90
   1680.00 2860.0 1500.0 0.0010  680.0 0.10 0.90
   1680.00 2860.0 1500.0 0.0010  680.0 0.10 0.90
   1680.00 2860.0 1500.0 0.0010  680.0 0.10 0.90
   1680.00 2860.0 1500.0 0.0010  680.0 0.10 0.90
   1680.00 2860.0 1500.0 0.0010  680.0 0.10 0.90
   1680.00 2860.0 1500.0 0.0010  680.0 0.10 0.90
   1680.00 2860.0 1500.0 0.0010  680.0 0.10 0.90
    672.00 2860.0 1500.0 0.0010  680.0 0.10 0.90
    672.00 2860.0 1500.0 0.0010  680.0 0.10 0.90
    672.00 2860.0 1500.0 0.0010  680.0 0.10 0.90
    672.00 2860.0 1500.0 0.0010  680.0 0.10 0.90
    672.00 2860.0 1500.0 0.0010  680.0 0.10 0.90
    672.00 2860.0 1500.0 0.0010  680.0 0.10 0.90
    672.00 2860.0 1500.0 0.0010  680.0 0.10 0.90
    672.00 2860.0 1500.0 0.0010  680.0 0.10 0.90
    672.00 2860.0 1500.0 0.0010  680.0 0.10 0.90
    672.00 2860.0 1500.0 0.0010  680.0 0.10 0.90
   1759.00 2860.0 1500.0 0.0010  680.0 0.10 0.90
   1759.00 2860.0 1500.0 0.0010  680.0 0.10 0.90
   1759.00 2860.0 1500.0 0.0010  680.0 0.10 0.90
   1759.00 2860.0 1500.0 0.0010  680.0 0.10 0.90
   1759.00 2860.0 1500.0 0.0010  680.0 0.10 0.90
   1759.00 2860.0 1500.0 0.0010  680.0 0.10 0.90
   1759.00 2860.0 1500.0 0.0010  680.0 0.10 0.90
   1759.00 2860.0 1500.0 0.0010  680.0 0.10 0.90
   1759.00 2860.0 1500.0 0.0010  680.0 0.10 0.90
   1759.00 2860.0 1500.0 0.0010  680.0 0.10 0.90
   2529.00 2860.0 1500.0 0.0010  680.0 0.10 0.90
   2529.00 2860.0 1500.0 0.0010  680.0 0.10 0.90
   2529.00 2860.0 1500.0 0.0010  680.0 0.10 0.90
   2529.00 2860.0 1500.0 0.0010  680.0 0.10 0.90
   2529.00 2860.0 1500.0 0.0010  680.0 0.10 0.90
   2529.00 2860.0 1500.0 0.0010  680.0 0.10 0.90
   2529.00 2860.0 1500.0 0.0010  680.0 0.10 0.90
   2529.00 2860.0 1500.0 0.0010  680.0 0.10 0.90
   2529.00 2860.0 1500.0 0.0010  680.0 0.10 0.90
   2529.00 2860.0 1500.0 0.0010  680.0 0.10 0.90
  10770.00 2860.0 1500.0 0.0010  680.0 0.10 0.90
  10770.00 2860.0 1500.0 0.0010  680.0 0.10 0.90
  10770.00 2860.0 1500.0 0.0010  680.0 0.10 0.90
  10770.00 2860.0 1500.0 0.0010  680.0 0.10 0.90
  10770.00 2860.0 1500.0 0.0010  680.0 0.10 0.90
  10770.00 2860.0 1500.0 0.0010  680.0 0.10 0.90
  10770.00 2860.0 1500.0 0.0010  680.0 0.10 0.90
  10770.00 2860.0 1500.0 0.0010  680.0 0.10 0.90
  10770.00 2860.0 1500.0 0.0010  680.0 0.10 0.90
  10770.00 2860.0 1500.0 0.0010  680.0 0.10 0.90
   3973.00 2860.0 1500.0 0.0010  680.0 0.10 0.90
   3973.00 2860.0 1500.0 0.0010  680.0 0.10 0.90
   3973.00 2860.0 1500.0 0.0010  680.0 0.10 0.90
   3973.00 2860.0 1500.0 0.0010  680.0 0.10 0.90
   3973.00 2860.0 1500.0 0.0010  680.0 0.10 0.90
   3973.00 2860.0 1500.0 0.0010  680.0 0.10 0.90
   3973.00 2860.0 1500.0 0.0010  680.0 0.10 0.90
   3973.00 2860.0 1500.0 0.0010  680.0 0.10 0.90
   3973.00 2860.0 1500.0 0.0010  680.0 0.10 0.90
   3973.00 2860.0 1500.0 0.0010  680.0 0.10 0.90
   1759.00 2860.0 1500.0 0.0010  680.0 0.10 0.90
   1759.00 2860.0 1500.0 0.0010  680.0 0.10 0.90
   1759.00 2860.0 1500.0 0.0010  680.0 0.10 0.90
   1759.00 2860.0 1500.0 0.0010  680.0 0.10 0.90
   1759.00 2860.0 1500.0 0.0010  680.0 0.10 0.90
   1759.00 2860.0 1500.0 0.0010  680.0 0.10 0.90
   1759.00 2860.0 1500.0 0.0010  680.0 0.10 0.90
   1759.00 2860.0 1500.0 0.0010  680.0 0.10 0.90
   1759.00 2860.0 1500.0 0.0010  680.0 0.10 0.90
   1759.00 2860.0 1500.0 0.0010  680.0 0.10 0.90
   2093.00 2860.0 1500.0 0.0010  680.0 0.10 0.90
   2093.00 2860.0 1500.0 0.0010  680.0 0.10 0.90
   2093.00 2860.0 1500.0 0.0010  680.0 0.10 0.90
   2093.00 2860.0 1500.0 0.0010  680.0 0.10 0.90
   2093.00 2860.0 1500.0 0.0010  680.0 0.10 0.90
   2093.00 2860.0 1500.0 0.0010  680.0 0.10 0.90
   2093.00 2860.0 1500.0 0.0010  680.0 0.10 0.90
   2093.00 2860.0 1500.0 0.0010  680.0 0.10 0.90
   2093.00 2860.0 1500.0 0.0010  680.0 0.10 0.90
   2093.00 2860.0 1500.0 0.0010  680.0 0.10 0.90
