20
-1
1
  0.01117619  -0.30899826   0.95099694  2.91791923e-04
  0.95617985   0.03826730  -0.29026835  1.46725813e-04
  0.59356563  -0.77913054  -0.20158235  6.99925174e-04
  0.92068819   0.36003380  -0.15069476  2.48305557e-04
  0.95380043   0.24653313   0.17171535  4.32742646e-04
 -0.44285665   0.59849913   0.66759028  1.74307443e-04
 -0.68198110   0.06739157  -0.72825831  2.09796546e-04
 -0.97433419   0.22503864   0.00552304  1.50727396e-04
  0.36847665   0.88657246  -0.27966808  1.75103873e-04
 -0.44614658  -0.81520818   0.36930861  2.23899361e-04
 -0.47514685  -0.82995486   0.29225059  1.49666159e-04
  0.64545871   0.46453786  -0.60629005  5.10990526e-04
 -0.73330762   0.66336545   0.14901750  3.01044316e-04
 -0.63225013   0.73485961   0.24544070  3.01477429e-04
  0.93094181  -0.36432728  -0.02475827  1.92185144e-04
  0.38608000  -0.86898895  -0.30951647  4.04762536e-04
  0.40800124  -0.13562331  -0.90285176  4.53647559e-04
 -0.53455132  -0.19099796  -0.82327071  1.76870901e-04
  0.16194152   0.82598112  -0.53993531  1.61840356e-04
  0.59841249  -0.61849019  -0.50928615  6.67274514e-04
