20
 -1.1407996218300525E+00 -2.3170985309886123E+00 3.8420614944644871E-01
 8.7400433585941434E-03 -5.9150862207056100E-03 -1.6274512715868023E-03
0
0.0
 -1.1407996218300525E+00 -2.3170985309886123E+00 3.8420614944644871E-01
 8.8194438435553225E-03 -5.9171680128712731E-03 -1.7613820831115915E-03
0
0.0
 -1.1407996218300525E+00 -2.3170985309886123E+00 3.8420614944644871E-01
 8.7011427030883257E-03 -5.7501342263971108E-03 -1.6715913778572241E-03
0
0.0
 -1.1407996218300525E+00 -2.3170985309886123E+00 3.8420614944644871E-01
 8.9297272425937126E-03 -5.6830866599066592E-03 -1.6632052712901209E-03
0
0.0
 -1.1407996218300525E+00 -2.3170985309886123E+00 3.8420614944644871E-01
 8.8525291357770871E-03 -6.0258100626795919E-03 -1.5503097638468700E-03
0
0.0
 -1.1407996218300525E+00 -2.3170985309886123E+00 3.8420614944644871E-01
 8.8624246891237726E-03 -5.9746203813633037E-03 -1.5115959242246728E-03
0
0.0
 -1.1407996218300525E+00 -2.3170985309886123E+00 3.8420614944644871E-01
 8.6000238288236556E-03 -5.9169131649339209E-03 -1.5279124541926776E-03
0
0.0
 -1.1407996218300525E+00 -2.3170985309886123E+00 3.8420614944644871E-01
 8.8688319464800269E-03 -5.8650860067563709E-03 -1.7191066789256295E-03
0
0.0
 -1.1407996218300525E+00 -2.3170985309886123E+00 3.8420614944644871E-01
 8.8504149202143535E-03 -5.8474565822249393E-03 -1.6034030095912473E-03
0
0.0
 -1.1407996218300525E+00 -2.3170985309886123E+00 3.8420614944644871E-01
 8.7518946187091808E-03 -5.9388615537443274E-03 -1.6432523764166992E-03
0
0.0
 -1.1407996218300525E+00 -2.3170985309886123E+00 3.8420614944644871E-01
 8.8527059993018554E-03 -5.9732976690145927E-03 -1.7047038966811160E-03
0
0.0
 -1.1407996218300525E+00 -2.3170985309886123E+00 3.8420614944644871E-01
 8.4921009681651442E-03 -5.8145153519457609E-03 -1.6133013824385181E-03
0
0.0
 -1.1407996218300525E+00 -2.3170985309886123E+00 3.8420614944644871E-01
 8.7762005245777090E-03 -5.7811410386023401E-03 -1.6925325305600823E-03
0
0.0
 -1.1407996218300525E+00 -2.3170985309886123E+00 3.8420614944644871E-01
 8.7448260712201242E-03 -5.9191399825524434E-03 -1.5824286724950972E-03
0
0.0
 -1.1407996218300525E+00 -2.3170985309886123E+00 3.8420614944644871E-01
 8.8439901902998275E-03 -5.8843964089985304E-03 -1.6891894602117075E-03
0
0.0
 -1.1407996218300525E+00 -2.3170985309886123E+00 3.8420614944644871E-01
 8.8118045421099831E-03 -5.6718571816397646E-03 -1.5659178328898818E-03
0
0.0
 -1.1407996218300525E+00 -2.3170985309886123E+00 3.8420614944644871E-01
 8.8693965401346331E-03 -6.0557498603273129E-03 -1.7316770896665138E-03
0
0.0
 -1.1407996218300525E+00 -2.3170985309886123E+00 3.8420614944644871E-01
 8.8235321664020643E-03 -5.9545888634386116E-03 -1.5920085513711610E-03
0
0.0
 -1.1407996218300525E+00 -2.3170985309886123E+00 3.8420614944644871E-01
 8.7933875099607470E-03 -5.5774173478707039E-03 -1.6806081227374830E-03
0
0.0
 -1.1407996218300525E+00 -2.3170985309886123E+00 3.8420614944644871E-01
 8.8100848347990694E-03 -5.9671029189315890E-03 -1.5413014923240330E-03
0
0.0
