20
-1
1
 -0.71962422  -0.42576651  -0.54851058  5.89462109e-04
 -0.39848837   0.04298865   0.91616537  2.14320337e-04
  0.71590113   0.21271743   0.66500893  8.37537634e-04
 -0.21116387  -0.08788230  -0.97349192  1.95500543e-04
 -0.79498465   0.01693965  -0.60639299  6.04187161e-04
  0.38064838  -0.01746670  -0.92455488  2.34630286e-04
  0.90538372   0.12727208   0.40507053  8.39253255e-04
 -0.55315147  -0.75722927   0.34731439  4.49807488e-04
  0.48735143  -0.87287296  -0.02411191  1.47810750e-04
 -0.93603689  -0.35004518  -0.03610135  8.15937203e-04
 -0.32849685   0.30015799  -0.89554174  2.45423120e-04
 -0.13721923  -0.68061805   0.71967350  2.74240022e-04
 -0.68235450   0.57306295  -0.45386252  5.78258139e-04
 -0.85047821   0.11322954   0.51367877  2.13365390e-04
 -0.54264490   0.55995774  -0.62608613  2.82636263e-04
  0.66919112  -0.73535505  -0.10694019  2.13704100e-04
  0.03053352   0.07250393  -0.99690064  7.13730456e-04
 -0.29961236   0.74650787  -0.59410305  5.71885688e-04
  0.39682232  -0.74129453  -0.54130811  4.42820328e-04
 -0.09199555  -0.28294724  -0.95471340  2.14623770e-04
