20
 -1.1407996218300525E+00 -2.3170985309886123E+00 3.8420614944644871E-01
 8.8306940243189393E-03 -5.9486855503464451E-03 -1.8883150529696230E-03
0
0.0
 -1.1407996218300525E+00 -2.3170985309886123E+00 3.8420614944644871E-01
 8.7882375539225042E-03 -5.8879954563362518E-03 -1.6452108997586561E-03
0
0.0
 -1.1407996218300525E+00 -2.3170985309886123E+00 3.8420614944644871E-01
 8.5790183853865463E-03 -5.7547934428602964E-03 -1.4944657359851603E-03
0
0.0
 -1.1407996218300525E+00 -2.3170985309886123E+00 3.8420614944644871E-01
 9.0435783993037984E-03 -6.0189907283424516E-03 -1.6248063249962176E-03
0
0.0
 -1.1407996218300525E+00 -2.3170985309886123E+00 3.8420614944644871E-01
 8.8209420627493127E-03 -5.8918254270200910E-03 -1.5948049971139574E-03
0
0.0
 -1.1407996218300525E+00 -2.3170985309886123E+00 3.8420614944644871E-01
 8.8320983592752138E-03 -5.8191152477132186E-03 -1.5936410002885238E-03
0
0.0
 -1.1407996218300525E+00 -2.3170985309886123E+00 3.8420614944644871E-01
 8.6985373265749018E-03 -5.8624529833095863E-03 -1.6044679598251899E-03
0
0.0
 -1.1407996218300525E+00 -2.3170985309886123E+00 3.8420614944644871E-01
 8.7945017872112681E-03 -5.9161963583346799E-03 -1.6377819275128780E-03
0
0.0
 -1.1407996218300525E+00 -2.3170985309886123E+00 3.8420614944644871E-01
 8.7841699088030464E-03 -6.2296993967366548E-03 -1.7445497388882748E-03
0
0.0
 -1.1407996218300525E+00 -2.3170985309886123E+00 3.8420614944644871E-01
 8.9596258314686809E-03 -6.0433055264196445E-03 -1.7493846714083303E-03
0
0.0
 -1.1407996218300525E+00 -2.3170985309886123E+00 3.8420614944644871E-01
 8.8184233689502286E-03 -5.9391562539808512E-03 -1.4624039562069907E-03
0
0.0
 -1.1407996218300525E+00 -2.3170985309886123E+00 3.8420614944644871E-01
 8.8674918119656804E-03 -6.0410386233999769E-03 -1.6714059382874403E-03
0
0.0
 -1.1407996218300525E+00 -2.3170985309886123E+00 3.8420614944644871E-01
 8.5122929054335141E-03 -5.8407725302721883E-03 -1.6274038823039323E-03
0
0.0
 -1.1407996218300525E+00 -2.3170985309886123E+00 3.8420614944644871E-01
 8.7029927107617772E-03 -5.9226016667723912E-03 -1.7275325245113620E-03
0
0.0
 -1.1407996218300525E+00 -2.3170985309886123E+00 3.8420614944644871E-01
 8.7130049908233989E-03 -5.7824972038680658E-03 -1.5978256581027392E-03
0
0.0
 -1.1407996218300525E+00 -2.3170985309886123E+00 3.8420614944644871E-01
 8.6591554531848577E-03 -5.9307311920229026E-03 -1.4826188176008137E-03
0
0.0
 -1.1407996218300525E+00 -2.3170985309886123E+00 3.8420614944644871E-01
 8.8474341010701431E-03 -5.8864064539294325E-03 -1.7474867542544468E-03
0
0.0
 -1.1407996218300525E+00 -2.3170985309886123E+00 3.8420614944644871E-01
 8.6473664074984188E-03 -6.1052141281661585E-03 -1.5561659666452352E-03
0
0.0
 -1.1407996218300525E+00 -2.3170985309886123E+00 3.8420614944644871E-01
 8.7662626840678357E-03 -6.0465571182549381E-03 -1.3906657527580678E-03
0
0.0
 -1.1407996218300525E+00 -2.3170985309886123E+00 3.8420614944644871E-01
 8.8017033279174650E-03 -6.0263320315409492E-03 -1.9286455126456172E-03
0
0.0
