20
-1
1
 -0.90378323   0.34018453   0.25971207  6.41794933e-04
 -0.40700708   0.90708477   0.10743588  1.87680246e-04
  0.42230336   0.48511532   0.76571731  1.53305536e-04
  0.62347399   0.68208850   0.38214587  2.20546289e-04
  0.29796303   0.33035209  -0.89559228  2.51510824e-04
 -0.79026232   0.11422146  -0.60202900  2.06590044e-04
  0.32881754   0.34794500   0.87795974  2.04785901e-04
 -0.30083076   0.95329454  -0.02702527  1.60211732e-04
 -0.40191600  -0.52644837  -0.74921001  7.63490766e-04
  0.46455193  -0.74036364  -0.48585304  2.20816194e-04
 -0.73938848  -0.04456594  -0.67180246  1.94175763e-04
  0.22981970   0.96900168   0.09065676  1.81845561e-04
 -0.80629813  -0.52211528   0.27799094  4.01308899e-04
 -0.40380329   0.86255220   0.30487147  1.64324408e-04
  0.63102933  -0.37845963  -0.67717818  6.74589741e-04
  0.65981877  -0.71740034   0.22355301  2.10700198e-04
 -0.55947388  -0.63517559   0.53248563  4.49280488e-04
 -0.84030160   0.12013270  -0.52864105  2.78663675e-04
 -0.60152256   0.74846245   0.27923926  3.56500398e-04
 -0.55562823   0.72267512   0.41111791  2.21617275e-04
