50
 -1.1407996218300525E+00 -2.3170985309886123E+00 3.8420614944644871E-01
 8.8421483191793316E-03 -5.9179600662604562E-03 -1.6415477722793882E-03
0
0.0
 -1.1407996218300525E+00 -2.3170985309886123E+00 3.8420614944644871E-01
 8.9660697768946807E-03 -5.8059441470945496E-03 -1.6294403418591725E-03
0
0.0
 -1.1407996218300525E+00 -2.3170985309886123E+00 3.8420614944644871E-01
 8.8645497881211441E-03 -5.7844018987454589E-03 -1.4774543472613254E-03
0
0.0
 -1.1407996218300525E+00 -2.3170985309886123E+00 3.8420614944644871E-01
 8.6687812800197873E-03 -5.9033892574773339E-03 -1.7244062795843530E-03
0
0.0
 -1.1407996218300525E+00 -2.3170985309886123E+00 3.8420614944644871E-01
 8.8313339022533088E-03 -6.0505922158130138E-03 -1.6515137214183539E-03
0
0.0
 -1.1407996218300525E+00 -2.3170985309886123E+00 3.8420614944644871E-01
 8.7738760569018217E-03 -5.8922150441466431E-03 -1.6493727607065508E-03
0
0.0
 -1.1407996218300525E+00 -2.3170985309886123E+00 3.8420614944644871E-01
 8.8575653744685894E-03 -6.0213518106836386E-03 -1.4148521427861565E-03
0
0.0
 -1.1407996218300525E+00 -2.3170985309886123E+00 3.8420614944644871E-01
 8.6736795609004911E-03 -5.9130050478556611E-03 -1.5977602875406030E-03
0
0.0
 -1.1407996218300525E+00 -2.3170985309886123E+00 3.8420614944644871E-01
 8.8542927733424003E-03 -5.9317383509903772E-03 -1.3580518591788612E-03
0
0.0
 -1.1407996218300525E+00 -2.3170985309886123E+00 3.8420614944644871E-01
 8.8208006411781871E-03 -5.9522463868848805E-03 -1.7318431855690125E-03
0
0.0
 -1.1407996218300525E+00 -2.3170985309886123E+00 3.8420614944644871E-01
 8.8677245899411727E-03 -5.8161003525409810E-03 -1.6814347688087518E-03
0
0.0
 -1.1407996218300525E+00 -2.3170985309886123E+00 3.8420614944644871E-01
 8.7610709925748740E-03 -5.6866836042832030E-03 -1.5937252219353744E-03
0
0.0
 -1.1407996218300525E+00 -2.3170985309886123E+00 3.8420614944644871E-01
 8.8678309289225016E-03 -5.9505045975706914E-03 -1.6429765451550845E-03
0
0.0
 -1.1407996218300525E+00 -2.3170985309886123E+00 3.8420614944644871E-01
 8.6035192134253022E-03 -6.0389505223489501E-03 -1.5387187616719830E-03
0
0.0
 -1.1407996218300525E+00 -2.3170985309886123E+00 3.8420614944644871E-01
 8.4893734978491436E-03 -5.9119798940257219E-03 -1.6328732161450584E-03
0
0.0
 -1.1407996218300525E+00 -2.3170985309886123E+00 3.8420614944644871E-01
 8.7652765567064576E-03 -5.7660279702668122E-03 -1.6591775301739722E-03
0
0.0
 -1.1407996218300525E+00 -2.3170985309886123E+00 3.8420614944644871E-01
 8.6515740150110189E-03 -6.0900824323193393E-03 -1.6917134953596789E-03
0
0.0
 -1.1407996218300525E+00 -2.3170985309886123E+00 3.8420614944644871E-01
 8.7811720708829179E-03 -5.8895229710256352E-03 -1.5980020553288475E-03
0
0.0
 -1.1407996218300525E+00 -2.3170985309886123E+00 3.8420614944644871E-01
 8.8232188720850958E-03 -5.6806333362001233E-03 -1.4869216508841905E-03
0
0.0
 -1.1407996218300525E+00 -2.3170985309886123E+00 3.8420614944644871E-01
 8.7261011396657217E-03 -5.7553060975974240E-03 -1.7671592817425324E-03
0
0.0
 -1.1407996218300525E+00 -2.3170985309886123E+00 3.8420614944644871E-01
 8.9861705968779654E-03 -5.7834550174254698E-03 -1.8334116347941704E-03
0
0.0
 -1.1407996218300525E+00 -2.3170985309886123E+00 3.8420614944644871E-01
 8.7247456071422730E-03 -5.9512581027368755E-03 -1.7504651667847560E-03
0
0.0
 -1.1407996218300525E+00 -2.3170985309886123E+00 3.8420614944644871E-01
 8.9032693143719192E-03 -5.7287974350011591E-03 -1.6165415000149691E-03
0
0.0
 -1.1407996218300525E+00 -2.3170985309886123E+00 3.8420614944644871E-01
 9.0267003110866238E-03 -5.8209767614111245E-03 -1.5228612150571840E-03
0
0.0
 -1.1407996218300525E+00 -2.3170985309886123E+00 3.8420614944644871E-01
 8.7799901068411918E-03 -5.7930660012651498E-03 -1.6064097650253370E-03
0
0.0
 -1.1407996218300525E+00 -2.3170985309886123E+00 3.8420614944644871E-01
 8.6371899149427171E-03 -5.7304449148903357E-03 -1.7814353319446133E-03
0
0.0
 -1.1407996218300525E+00 -2.3170985309886123E+00 3.8420614944644871E-01
 8.9392792470043107E-03 -6.0226439304178533E-03 -1.6232695775980064E-03
0
0.0
 -1.1407996218300525E+00 -2.3170985309886123E+00 3.8420614944644871E-01
 8.8100025528473000E-03 -5.8644268752209025E-03 -1.6018743481112591E-03
0
0.0
 -1.1407996218300525E+00 -2.3170985309886123E+00 3.8420614944644871E-01
 8.7045752861040614E-03 -5.8056246121468910E-03 -1.6086495445277089E-03
0
0.0
 -1.1407996218300525E+00 -2.3170985309886123E+00 3.8420614944644871E-01
 8.6513998036639710E-03 -5.7521398349887742E-03 -1.5054312128643292E-03
0
0.0
 -1.1407996218300525E+00 -2.3170985309886123E+00 3.8420614944644871E-01
 8.7691895557600805E-03 -5.8938949026178158E-03 -1.6407180209025232E-03
0
0.0
 -1.1407996218300525E+00 -2.3170985309886123E+00 3.8420614944644871E-01
 8.7391292480170201E-03 -5.8375863875346984E-03 -1.3517501465170713E-03
0
0.0
 -1.1407996218300525E+00 -2.3170985309886123E+00 3.8420614944644871E-01
 8.6972056139746536E-03 -5.9633358681824861E-03 -1.5604437484324433E-03
0
0.0
 -1.1407996218300525E+00 -2.3170985309886123E+00 3.8420614944644871E-01
 8.7826620864873469E-03 -5.9722917185027679E-03 -1.5706379375678291E-03
0
0.0
 -1.1407996218300525E+00 -2.3170985309886123E+00 3.8420614944644871E-01
 8.8094351445587461E-03 -5.9247080190644409E-03 -1.7097825434433766E-03
0
0.0
 -1.1407996218300525E+00 -2.3170985309886123E+00 3.8420614944644871E-01
 8.5507102934529490E-03 -5.9909338423411772E-03 -1.5287866177502525E-03
0
0.0
 -1.1407996218300525E+00 -2.3170985309886123E+00 3.8420614944644871E-01
 8.5349555038578759E-03 -6.1205960187955847E-03 -1.5281591553826255E-03
0
0.0
 -1.1407996218300525E+00 -2.3170985309886123E+00 3.8420614944644871E-01
 8.7532213395998312E-03 -5.9157381053498237E-03 -1.6448985442449856E-03
0
0.0
 -1.1407996218300525E+00 -2.3170985309886123E+00 3.8420614944644871E-01
 8.7640249276259418E-03 -5.8595030633902864E-03 -1.6149444462707080E-03
0
0.0
 -1.1407996218300525E+00 -2.3170985309886123E+00 3.8420614944644871E-01
 9.0048298294597220E-03 -5.8612588200626023E-03 -1.5861886187654431E-03
0
0.0
 -1.1407996218300525E+00 -2.3170985309886123E+00 3.8420614944644871E-01
 8.8334315493348806E-03 -5.9029561950339551E-03 -1.6502472310842111E-03
0
0.0
 -1.1407996218300525E+00 -2.3170985309886123E+00 3.8420614944644871E-01
 8.9663840678537547E-03 -6.1049778896841156E-03 -1.4847833462559971E-03
0
0.0
 -1.1407996218300525E+00 -2.3170985309886123E+00 3.8420614944644871E-01
 8.9119966121696415E-03 -5.8631153683487217E-03 -1.6198733897750551E-03
0
0.0
 -1.1407996218300525E+00 -2.3170985309886123E+00 3.8420614944644871E-01
 8.8214907057687277E-03 -5.8115720389335839E-03 -1.8054332137919578E-03
0
0.0
 -1.1407996218300525E+00 -2.3170985309886123E+00 3.8420614944644871E-01
 8.8550948088633487E-03 -5.5952467593012910E-03 -1.6583729005176485E-03
0
0.0
 -1.1407996218300525E+00 -2.3170985309886123E+00 3.8420614944644871E-01
 8.7403152890165314E-03 -5.8602497678908964E-03 -1.6855564550603515E-03
0
0.0
 -1.1407996218300525E+00 -2.3170985309886123E+00 3.8420614944644871E-01
 8.7311487886472579E-03 -5.8721738930286151E-03 -1.6316054433091391E-03
0
0.0
 -1.1407996218300525E+00 -2.3170985309886123E+00 3.8420614944644871E-01
 8.7080965992998478E-03 -6.0636356450532334E-03 -1.6618597939605671E-03
0
0.0
 -1.1407996218300525E+00 -2.3170985309886123E+00 3.8420614944644871E-01
 9.0366922498041485E-03 -5.8863508601383558E-03 -1.6844491160112579E-03
0
0.0
 -1.1407996218300525E+00 -2.3170985309886123E+00 3.8420614944644871E-01
 8.9076372715938285E-03 -6.1990811204493618E-03 -1.6516757839780899E-03
0
0.0
