50
-1
1
  0.64446541  -0.00334505  -0.76462615  4.04231616e-04
  0.71430098   0.53889237  -0.44650769  1.62000373e-04
  0.29847939  -0.57552542   0.76136755  6.80644734e-04
 -0.36490584   0.31642040   0.87562655  2.51758720e-04
 -0.69973022  -0.08189204   0.70969805  3.16001150e-04
 -0.71000863   0.69070294  -0.13717579  5.12773483e-04
 -0.50893020  -0.12985608  -0.85095679  6.50659194e-04
  0.19012086  -0.08223239   0.97831073  3.11639438e-04
 -0.96691953   0.10180824   0.23388397  1.53720962e-04
  0.02699041   0.07463713   0.99684543  1.55460655e-04
  0.62091653  -0.34406458   0.70433105  2.03503555e-04
 -0.91703820  -0.37359085   0.13953788  2.14806722e-04
 -0.64308168   0.55947325   0.52291073  2.00137646e-04
 -0.37923582  -0.92523782   0.01073165  1.65494196e-04
 -0.98437576   0.04152760  -0.17111349  5.75063540e-04
 -0.39972092  -0.42923311  -0.80992723  3.76291250e-04
 -0.08080122  -0.87043225  -0.48561185  1.56451093e-04
 -0.51430894   0.29529205  -0.80516391  1.46298510e-04
  0.06297947   0.98650006   0.15116621  3.90544196e-04
  0.56004795  -0.65375177   0.50887613  1.85223556e-04
  0.39837055   0.75033298  -0.52754272  8.55440868e-04
  0.01780090  -0.07125368   0.99729937  2.13141322e-04
  0.85343866  -0.00376953   0.52117967  7.95529499e-04
  0.85063381   0.28546769  -0.44150914  2.94535858e-04
  0.21910807  -0.08200194   0.97224860  3.08380311e-04
 -0.86813064  -0.04120345  -0.49462254  6.43209130e-04
  0.65656245  -0.65193367  -0.37935239  5.62360333e-04
  0.95219240   0.14057014   0.27123730  1.76427491e-04
 -0.58722934   0.75350548  -0.29562002  7.66184989e-04
  0.00476460  -0.61064635   0.79188909  2.09189191e-04
  0.11183668  -0.77961668   0.61619022  1.62313326e-04
  0.05623507  -0.89024812   0.45199104  2.89145611e-04
 -0.42414491   0.89768881   0.11939805  1.51562175e-04
 -0.97477304   0.21010861  -0.07531192  1.68162193e-04
 -0.27925711  -0.86540241   0.41604583  5.26413821e-04
 -0.98828171   0.13338693  -0.07421045  5.95932475e-04
  0.01776312   0.46172109  -0.88684729  2.21217845e-04
  0.90035221  -0.13238633  -0.41453558  1.51453377e-04
 -0.59399336  -0.63822821  -0.48973119  4.99270298e-04
 -0.36522390   0.77956817   0.50880740  3.28231496e-04
  0.24118010  -0.58240411   0.77629737  2.24292135e-04
  0.73580969  -0.15249105  -0.65979586  3.34676361e-04
 -0.97862413  -0.03722562  -0.20225991  6.92889580e-04
  0.42272519   0.54948901  -0.72066999  2.15363394e-04
 -0.59864853   0.71559394   0.35992394  2.48405157e-04
  0.54755706  -0.46454589  -0.69597298  4.22533751e-04
  0.20634299  -0.26706318  -0.94132876  1.72720812e-04
  0.95998647  -0.26049091   0.10281275  1.81467254e-04
  0.11545502  -0.60218008   0.78996791  4.50854594e-04
  0.75369168   0.05971752  -0.65450949  3.91626330e-04
