50
 -1.1407996218300525E+00 -2.3170985309886123E+00 3.8420614944644871E-01
 8.8067965826566213E-03 -5.6803913864028784E-03 -1.6182102521294824E-03
0
0.0
 -1.1407996218300525E+00 -2.3170985309886123E+00 3.8420614944644871E-01
 8.8384740277443839E-03 -5.7977305007373952E-03 -1.4526748057458920E-03
0
0.0
 -1.1407996218300525E+00 -2.3170985309886123E+00 3.8420614944644871E-01
 8.7760871206276885E-03 -5.9020136906429372E-03 -1.6220089018885474E-03
0
0.0
 -1.1407996218300525E+00 -2.3170985309886123E+00 3.8420614944644871E-01
 8.7682613866211286E-03 -5.8602282323865782E-03 -1.5999748752672759E-03
0
0.0
 -1.1407996218300525E+00 -2.3170985309886123E+00 3.8420614944644871E-01
 8.7695059324570893E-03 -6.0237437727511294E-03 -1.4990789855108516E-03
0
0.0
 -1.1407996218300525E+00 -2.3170985309886123E+00 3.8420614944644871E-01
 8.7235650955951264E-03 -5.8312153971265528E-03 -1.5378574796625760E-03
0
0.0
 -1.1407996218300525E+00 -2.3170985309886123E+00 3.8420614944644871E-01
 8.9514094808337968E-03 -5.9827890091846761E-03 -1.3914982073289766E-03
0
0.0
 -1.1407996218300525E+00 -2.3170985309886123E+00 3.8420614944644871E-01
 9.0919044117965704E-03 -5.9951622447719163E-03 -1.6180771517731131E-03
0
0.0
 -1.1407996218300525E+00 -2.3170985309886123E+00 3.8420614944644871E-01
 8.8472700245969052E-03 -5.6531437417818341E-03 -1.6592132032705639E-03
0
0.0
 -1.1407996218300525E+00 -2.3170985309886123E+00 3.8420614944644871E-01
 8.8025454245842776E-03 -5.8089076603407824E-03 -1.7754229983427126E-03
0
0.0
 -1.1407996218300525E+00 -2.3170985309886123E+00 3.8420614944644871E-01
 8.6916155281740425E-03 -5.6470077061124314E-03 -1.7612870976936850E-03
0
0.0
 -1.1407996218300525E+00 -2.3170985309886123E+00 3.8420614944644871E-01
 8.6342901285442961E-03 -6.1680257377387717E-03 -1.7516451444663335E-03
0
0.0
 -1.1407996218300525E+00 -2.3170985309886123E+00 3.8420614944644871E-01
 8.8590055694048476E-03 -5.8823941855173124E-03 -1.6256672882659575E-03
0
0.0
 -1.1407996218300525E+00 -2.3170985309886123E+00 3.8420614944644871E-01
 8.7700565005950932E-03 -5.8152739070908887E-03 -1.6285169014522193E-03
0
0.0
 -1.1407996218300525E+00 -2.3170985309886123E+00 3.8420614944644871E-01
 8.8645839903345632E-03 -5.9569326206482670E-03 -1.5126666964282703E-03
0
0.0
 -1.1407996218300525E+00 -2.3170985309886123E+00 3.8420614944644871E-01
 8.7138905140769166E-03 -5.9253122509581608E-03 -1.5282125330400322E-03
0
0.0
 -1.1407996218300525E+00 -2.3170985309886123E+00 3.8420614944644871E-01
 8.6977388446897470E-03 -5.7978871655555691E-03 -1.6066097034065036E-03
0
0.0
 -1.1407996218300525E+00 -2.3170985309886123E+00 3.8420614944644871E-01
 8.6543586167513679E-03 -6.1021317269608927E-03 -1.5479601004634422E-03
0
0.0
 -1.1407996218300525E+00 -2.3170985309886123E+00 3.8420614944644871E-01
 9.0360479471553665E-03 -5.9361196109593440E-03 -1.6401588717241198E-03
0
0.0
 -1.1407996218300525E+00 -2.3170985309886123E+00 3.8420614944644871E-01
 8.6202666234213264E-03 -5.8165800079571861E-03 -1.8797760483095585E-03
0
0.0
 -1.1407996218300525E+00 -2.3170985309886123E+00 3.8420614944644871E-01
 8.9769874800500575E-03 -5.7909739492787854E-03 -1.4619785940926460E-03
0
0.0
 -1.1407996218300525E+00 -2.3170985309886123E+00 3.8420614944644871E-01
 8.7870502061559164E-03 -5.7788575040412966E-03 -1.6244810326338397E-03
0
0.0
 -1.1407996218300525E+00 -2.3170985309886123E+00 3.8420614944644871E-01
 8.5258828002830397E-03 -5.9766971127884387E-03 -1.6228519773341054E-03
0
0.0
 -1.1407996218300525E+00 -2.3170985309886123E+00 3.8420614944644871E-01
 8.6555086505470131E-03 -5.8860257055316917E-03 -1.3745946098539386E-03
0
0.0
 -1.1407996218300525E+00 -2.3170985309886123E+00 3.8420614944644871E-01
 8.8188352623547201E-03 -5.9196249302497731E-03 -1.6119662129720448E-03
0
0.0
 -1.1407996218300525E+00 -2.3170985309886123E+00 3.8420614944644871E-01
 8.6875854619503402E-03 -5.9833838958662337E-03 -1.7042156535410058E-03
0
0.0
 -1.1407996218300525E+00 -2.3170985309886123E+00 3.8420614944644871E-01
 8.7768307806022558E-03 -6.0904583001494851E-03 -1.6425272981959399E-03
0
0.0
 -1.1407996218300525E+00 -2.3170985309886123E+00 3.8420614944644871E-01
 8.9203915886578045E-03 -5.9506990856422939E-03 -1.8093972903836654E-03
0
0.0
 -1.1407996218300525E+00 -2.3170985309886123E+00 3.8420614944644871E-01
 8.5696046789095568E-03 -5.8243512538074336E-03 -1.5401348990614410E-03
0
0.0
 -1.1407996218300525E+00 -2.3170985309886123E+00 3.8420614944644871E-01
 8.6239318750412127E-03 -5.9642262964811361E-03 -1.7203065713378015E-03
0
0.0
 -1.1407996218300525E+00 -2.3170985309886123E+00 3.8420614944644871E-01
 8.7950219751020270E-03 -5.9961588973473159E-03 -1.5225999495117352E-03
0
0.0
 -1.1407996218300525E+00 -2.3170985309886123E+00 3.8420614944644871E-01
 9.0891207707314552E-03 -5.8972307071353276E-03 -1.6113754856609281E-03
0
0.0
 -1.1407996218300525E+00 -2.3170985309886123E+00 3.8420614944644871E-01
 8.8621933252723828E-03 -5.8923207353466373E-03 -1.7487475202262008E-03
0
0.0
 -1.1407996218300525E+00 -2.3170985309886123E+00 3.8420614944644871E-01
 8.6697486868553865E-03 -5.9766080035572287E-03 -1.8303114757188812E-03
0
0.0
 -1.1407996218300525E+00 -2.3170985309886123E+00 3.8420614944644871E-01
 9.0062669140055542E-03 -5.8498196085054665E-03 -1.6764098220256928E-03
0
0.0
 -1.1407996218300525E+00 -2.3170985309886123E+00 3.8420614944644871E-01
 8.9243764518145002E-03 -5.8801798779246515E-03 -1.6857366826564500E-03
0
0.0
 -1.1407996218300525E+00 -2.3170985309886123E+00 3.8420614944644871E-01
 8.7222001668134670E-03 -5.9233152054532614E-03 -1.4682498249335432E-03
0
0.0
 -1.1407996218300525E+00 -2.3170985309886123E+00 3.8420614944644871E-01
 8.8001304465021753E-03 -5.9362409173865050E-03 -1.6568381623476693E-03
0
0.0
 -1.1407996218300525E+00 -2.3170985309886123E+00 3.8420614944644871E-01
 8.5171058908873176E-03 -5.7135009709873581E-03 -1.6556057305244210E-03
0
0.0
 -1.1407996218300525E+00 -2.3170985309886123E+00 3.8420614944644871E-01
 9.0889311450735363E-03 -5.9689798413480556E-03 -1.7746687165376802E-03
0
0.0
 -1.1407996218300525E+00 -2.3170985309886123E+00 3.8420614944644871E-01
 8.9156631097190246E-03 -6.1488653930679314E-03 -1.5827724795630491E-03
0
0.0
 -1.1407996218300525E+00 -2.3170985309886123E+00 3.8420614944644871E-01
 8.8645646326049737E-03 -5.7802902203816318E-03 -1.6983835341596249E-03
0
0.0
 -1.1407996218300525E+00 -2.3170985309886123E+00 3.8420614944644871E-01
 8.6573895598195342E-03 -5.8803786296886037E-03 -1.5521173165613618E-03
0
0.0
 -1.1407996218300525E+00 -2.3170985309886123E+00 3.8420614944644871E-01
 8.9479944735784134E-03 -5.9479349940476873E-03 -1.6649258594729328E-03
0
0.0
 -1.1407996218300525E+00 -2.3170985309886123E+00 3.8420614944644871E-01
 8.6932027986390010E-03 -5.8915481748611706E-03 -1.5668623164552305E-03
0
0.0
 -1.1407996218300525E+00 -2.3170985309886123E+00 3.8420614944644871E-01
 8.7501864957841048E-03 -5.6334993257139074E-03 -1.6968826032283985E-03
0
0.0
 -1.1407996218300525E+00 -2.3170985309886123E+00 3.8420614944644871E-01
 8.7786828365412819E-03 -6.0311416327869828E-03 -1.8091948233692682E-03
0
0.0
 -1.1407996218300525E+00 -2.3170985309886123E+00 3.8420614944644871E-01
 8.8046927650746332E-03 -5.9019059162398711E-03 -1.7218272240785478E-03
0
0.0
 -1.1407996218300525E+00 -2.3170985309886123E+00 3.8420614944644871E-01
 8.8124492515308309E-03 -5.8996795802703757E-03 -1.6468263198854739E-03
0
0.0
 -1.1407996218300525E+00 -2.3170985309886123E+00 3.8420614944644871E-01
 8.8373782286959041E-03 -6.1622346588654266E-03 -1.7224809486337271E-03
0
0.0
