50
 -1.1407996218300525E+00 -2.3170985309886123E+00 3.8420614944644871E-01
 8.5957445924742058E-03 -5.9426289492871716E-03 -1.6726604101803997E-03
0
0.0
 -1.1407996218300525E+00 -2.3170985309886123E+00 3.8420614944644871E-01
 8.6407693739124960E-03 -5.9045377374400314E-03 -1.5579955860144724E-03
0
0.0
 -1.1407996218300525E+00 -2.3170985309886123E+00 3.8420614944644871E-01
 8.8851366323452734E-03 -5.8701022876389095E-03 -1.4630118695796201E-03
0
0.0
 -1.1407996218300525E+00 -2.3170985309886123E+00 3.8420614944644871E-01
 8.7515101752259194E-03 -5.9389027766081938E-03 -1.5522556163803010E-03
0
0.0
 -1.1407996218300525E+00 -2.3170985309886123E+00 3.8420614944644871E-01
 8.6715905568122992E-03 -5.8378279291253828E-03 -1.5061379808741350E-03
0
0.0
 -1.1407996218300525E+00 -2.3170985309886123E+00 3.8420614944644871E-01
 8.8958163221185740E-03 -6.1095532695017501E-03 -1.5939085222680903E-03
0
0.0
 -1.1407996218300525E+00 -2.3170985309886123E+00 3.8420614944644871E-01
 9.0340398990142404E-03 -5.9811724085973295E-03 -1.6219413128015633E-03
0
0.0
 -1.1407996218300525E+00 -2.3170985309886123E+00 3.8420614944644871E-01
 8.8317437395002852E-03 -6.0479977742985093E-03 -1.4471836268956512E-03
0
0.0
 -1.1407996218300525E+00 -2.3170985309886123E+00 3.8420614944644871E-01
 8.9885383537797736E-03 -6.0931959518263036E-03 -1.4597391277806203E-03
0
0.0
 -1.1407996218300525E+00 -2.3170985309886123E+00 3.8420614944644871E-01
 8.5142436903871098E-03 -5.7753275777780765E-03 -1.7231195032725612E-03
0
0.0
 -1.1407996218300525E+00 -2.3170985309886123E+00 3.8420614944644871E-01
 8.8223729580413929E-03 -5.8217303090079917E-03 -1.8912115895263878E-03
0
0.0
 -1.1407996218300525E+00 -2.3170985309886123E+00 3.8420614944644871E-01
 8.9485566790848282E-03 -6.0235623396833922E-03 -1.7661089337208545E-03
0
0.0
 -1.1407996218300525E+00 -2.3170985309886123E+00 3.8420614944644871E-01
 8.6569268985534058E-03 -5.9653233333884521E-03 -1.5695429644239701E-03
0
0.0
 -1.1407996218300525E+00 -2.3170985309886123E+00 3.8420614944644871E-01
 9.0020954899890180E-03 -5.8735230089220795E-03 -1.8051359561038829E-03
0
0.0
 -1.1407996218300525E+00 -2.3170985309886123E+00 3.8420614944644871E-01
 8.9413912438866781E-03 -5.7938422192328250E-03 -1.6766296447946502E-03
0
0.0
 -1.1407996218300525E+00 -2.3170985309886123E+00 3.8420614944644871E-01
 8.7819773842294432E-03 -5.9309062529877103E-03 -1.6629284909391248E-03
0
0.0
 -1.1407996218300525E+00 -2.3170985309886123E+00 3.8420614944644871E-01
 8.7046957364587934E-03 -5.7406389360892254E-03 -1.4801777314836012E-03
0
0.0
 -1.1407996218300525E+00 -2.3170985309886123E+00 3.8420614944644871E-01
 8.7909139240450618E-03 -5.8628547607872360E-03 -1.6133330148977527E-03
0
0.0
 -1.1407996218300525E+00 -2.3170985309886123E+00 3.8420614944644871E-01
 8.8692532527343999E-03 -5.6692708323098249E-03 -1.6412754143602640E-03
0
0.0
 -1.1407996218300525E+00 -2.3170985309886123E+00 3.8420614944644871E-01
 8.7409977954883439E-03 -5.7140848115717346E-03 -1.8936829761021052E-03
0
0.0
 -1.1407996218300525E+00 -2.3170985309886123E+00 3.8420614944644871E-01
 8.8421095359234800E-03 -6.0852382585632877E-03 -1.3328211309231162E-03
0
0.0
 -1.1407996218300525E+00 -2.3170985309886123E+00 3.8420614944644871E-01
 8.8633213536372206E-03 -5.9362683429800634E-03 -1.9224494338600116E-03
0
0.0
 -1.1407996218300525E+00 -2.3170985309886123E+00 3.8420614944644871E-01
 8.8716322147728687E-03 -6.0201818357777321E-03 -1.7494615453840577E-03
0
0.0
 -1.1407996218300525E+00 -2.3170985309886123E+00 3.8420614944644871E-01
 8.9351967896335489E-03 -5.9303007413675553E-03 -1.5934720778193999E-03
0
0.0
 -1.1407996218300525E+00 -2.3170985309886123E+00 3.8420614944644871E-01
 8.7164497936634572E-03 -6.1122488202375660E-03 -1.6351400293181399E-03
0
0.0
 -1.1407996218300525E+00 -2.3170985309886123E+00 3.8420614944644871E-01
 8.8677090710948571E-03 -6.0647506623240774E-03 -1.5544147466389833E-03
0
0.0
 -1.1407996218300525E+00 -2.3170985309886123E+00 3.8420614944644871E-01
 8.7533511451966250E-03 -6.0624180302367653E-03 -1.6354992140175969E-03
0
0.0
 -1.1407996218300525E+00 -2.3170985309886123E+00 3.8420614944644871E-01
 8.7170836637938797E-03 -6.0853415949662622E-03 -1.5486432416721614E-03
0
0.0
 -1.1407996218300525E+00 -2.3170985309886123E+00 3.8420614944644871E-01
 8.7874518445473244E-03 -5.9573832539787513E-03 -1.7186503244440579E-03
0
0.0
 -1.1407996218300525E+00 -2.3170985309886123E+00 3.8420614944644871E-01
 8.8567659583390478E-03 -6.0181067425085768E-03 -1.8203679336564018E-03
0
0.0
 -1.1407996218300525E+00 -2.3170985309886123E+00 3.8420614944644871E-01
 8.7356066285629811E-03 -5.8835571022743290E-03 -1.5093941034199779E-03
0
0.0
 -1.1407996218300525E+00 -2.3170985309886123E+00 3.8420614944644871E-01
 8.5944201474449245E-03 -5.7688928533724702E-03 -1.7969189867845909E-03
0
0.0
 -1.1407996218300525E+00 -2.3170985309886123E+00 3.8420614944644871E-01
 8.5830404294815442E-03 -6.0349344856377085E-03 -1.6925564179754112E-03
0
0.0
 -1.1407996218300525E+00 -2.3170985309886123E+00 3.8420614944644871E-01
 8.9114911031884150E-03 -5.8825385845038538E-03 -1.8194543797140504E-03
0
0.0
 -1.1407996218300525E+00 -2.3170985309886123E+00 3.8420614944644871E-01
 8.5973773724304543E-03 -5.8349677816111386E-03 -1.8395813385686348E-03
0
0.0
 -1.1407996218300525E+00 -2.3170985309886123E+00 3.8420614944644871E-01
 8.6351798790709096E-03 -5.6870099586561595E-03 -1.6684517907410287E-03
0
0.0
 -1.1407996218300525E+00 -2.3170985309886123E+00 3.8420614944644871E-01
 8.6933226707016278E-03 -6.0396875588492310E-03 -1.5843637325837529E-03
0
0.0
 -1.1407996218300525E+00 -2.3170985309886123E+00 3.8420614944644871E-01
 8.6729324446594720E-03 -5.9886530974426842E-03 -1.5700364707039267E-03
0
0.0
 -1.1407996218300525E+00 -2.3170985309886123E+00 3.8420614944644871E-01
 9.0508290779419479E-03 -5.8846517266484422E-03 -1.4846130277392545E-03
0
0.0
 -1.1407996218300525E+00 -2.3170985309886123E+00 3.8420614944644871E-01
 8.7334835366327506E-03 -6.0354183485306885E-03 -1.5860789143355024E-03
0
0.0
 -1.1407996218300525E+00 -2.3170985309886123E+00 3.8420614944644871E-01
 8.7462715663925734E-03 -5.8713573897701586E-03 -1.4423264757424353E-03
0
0.0
 -1.1407996218300525E+00 -2.3170985309886123E+00 3.8420614944644871E-01
 8.8300248518660678E-03 -5.9267493845169428E-03 -1.5827537948073359E-03
0
0.0
 -1.1407996218300525E+00 -2.3170985309886123E+00 3.8420614944644871E-01
 8.6245083630939502E-03 -5.9148323740331847E-03 -1.6627632475913661E-03
0
0.0
 -1.1407996218300525E+00 -2.3170985309886123E+00 3.8420614944644871E-01
 8.7858372405812298E-03 -6.0671161492869856E-03 -1.7906758801239521E-03
0
0.0
 -1.1407996218300525E+00 -2.3170985309886123E+00 3.8420614944644871E-01
 8.7969388140977378E-03 -5.7401323602622950E-03 -1.6017032407013672E-03
0
0.0
 -1.1407996218300525E+00 -2.3170985309886123E+00 3.8420614944644871E-01
 8.6558499595642928E-03 -5.9280929112154618E-03 -1.7429572717599594E-03
0
0.0
 -1.1407996218300525E+00 -2.3170985309886123E+00 3.8420614944644871E-01
 8.7403589941773396E-03 -5.8909468927433629E-03 -1.6076310945094755E-03
0
0.0
 -1.1407996218300525E+00 -2.3170985309886123E+00 3.8420614944644871E-01
 8.9918027004440241E-03 -5.8896067548775176E-03 -1.6035856014100314E-03
0
0.0
 -1.1407996218300525E+00 -2.3170985309886123E+00 3.8420614944644871E-01
 8.7020434902973631E-03 -5.8481858454187130E-03 -1.4383815873035093E-03
0
0.0
 -1.1407996218300525E+00 -2.3170985309886123E+00 3.8420614944644871E-01
 8.9404568633818637E-03 -5.9616576672455734E-03 -1.8704638919775269E-03
0
0.0
