20
-1
1
 -0.68090605   0.05033869  -0.73063874  2.30594733e-04
 -0.01695614  -0.01129753  -0.99979241  2.62597903e-04
 -0.67935194   0.12015321  -0.72390894  2.15772587e-04
  0.26110641   0.11061073  -0.95895188  2.76011616e-04
 -0.28785788  -0.86071021  -0.41989972  4.76620155e-04
  0.87178601  -0.44595666  -0.20276047  4.06454357e-04
 -0.73545149  -0.47211490  -0.48602328  1.64809631e-04
 -0.90239068   0.31197085   0.29726291  2.19913251e-04
  0.86457188  -0.44662630  -0.23030506  1.86970454e-04
  0.21369677  -0.93511919   0.28264073  3.38943756e-04
 -0.34296466  -0.25581025  -0.90384532  4.29999656e-04
  0.40354873  -0.07073294  -0.91221997  1.49918004e-04
  0.87032095   0.35833699   0.33784027  2.26402258e-04
 -0.00145184   0.17707489   0.98419631  1.61412743e-04
 -0.97437810  -0.13942873   0.17648496  3.78331075e-04
  0.34899248   0.18719074  -0.91823955  1.88715714e-04
 -0.18208036   0.95481991   0.23487374  2.78350110e-04
 -0.03708803  -0.27875207  -0.95964669  1.64854265e-04
 -0.38087534  -0.89844505   0.21847303  2.13083820e-04
 -0.81126967  -0.47250716   0.34435231  2.27526374e-04
