20
 -1.1407996218300525E+00 -2.3170985309886123E+00 3.8420614944644871E-01
 8.8207451578717847E-03 -6.2262446127622313E-03 -1.5244259435015502E-03
0
0.0
 -1.1407996218300525E+00 -2.3170985309886123E+00 3.8420614944644871E-01
 8.9173065104925769E-03 -5.9008221896546887E-03 -1.8360916623035930E-03
0
0.0
 -1.1407996218300525E+00 -2.3170985309886123E+00 3.8420614944644871E-01
 8.7009614362897111E-03 -5.7136887669297148E-03 -1.6865838719468272E-03
0
0.0
 -1.1407996218300525E+00 -2.3170985309886123E+00 3.8420614944644871E-01
 8.6963556930303703E-03 -6.0378705031986094E-03 -1.5468587048252131E-03
0
0.0
 -1.1407996218300525E+00 -2.3170985309886123E+00 3.8420614944644871E-01
 8.6113732308188261E-03 -5.7024052419863188E-03 -1.6844874766062546E-03
0
0.0
 -1.1407996218300525E+00 -2.3170985309886123E+00 3.8420614944644871E-01
 8.6979522744555244E-03 -5.7500687947902021E-03 -1.5884313323074532E-03
0
0.0
 -1.1407996218300525E+00 -2.3170985309886123E+00 3.8420614944644871E-01
 8.6159903790164263E-03 -5.6984284782180877E-03 -1.8106984565610992E-03
0
0.0
 -1.1407996218300525E+00 -2.3170985309886123E+00 3.8420614944644871E-01
 8.7439849407149831E-03 -5.9657509521488872E-03 -1.6110931474232744E-03
0
0.0
 -1.1407996218300525E+00 -2.3170985309886123E+00 3.8420614944644871E-01
 8.9441785054866600E-03 -5.8818161685742568E-03 -1.4209560524599326E-03
0
0.0
 -1.1407996218300525E+00 -2.3170985309886123E+00 3.8420614944644871E-01
 8.5187793265863766E-03 -5.8242599040631985E-03 -1.4445556490736485E-03
0
0.0
 -1.1407996218300525E+00 -2.3170985309886123E+00 3.8420614944644871E-01
 8.7465835190507664E-03 -5.9496615682807777E-03 -1.6606043423528242E-03
0
0.0
 -1.1407996218300525E+00 -2.3170985309886123E+00 3.8420614944644871E-01
 8.7628586694841418E-03 -5.8175774407607118E-03 -1.6513200915435771E-03
0
0.0
 -1.1407996218300525E+00 -2.3170985309886123E+00 3.8420614944644871E-01
 8.8513271654316102E-03 -5.6891252426042637E-03 -1.6423230812120057E-03
0
0.0
 -1.1407996218300525E+00 -2.3170985309886123E+00 3.8420614944644871E-01
 8.9876209286086448E-03 -5.9132280873732852E-03 -1.8097824392929313E-03
0
0.0
 -1.1407996218300525E+00 -2.3170985309886123E+00 3.8420614944644871E-01
 8.8491882854776875E-03 -5.5896374123068195E-03 -1.5261111210152229E-03
0
0.0
 -1.1407996218300525E+00 -2.3170985309886123E+00 3.8420614944644871E-01
 8.7768519928652072E-03 -5.6951308552235401E-03 -1.4900131889075199E-03
0
0.0
 -1.1407996218300525E+00 -2.3170985309886123E+00 3.8420614944644871E-01
 8.8276778828507291E-03 -5.8699413631633710E-03 -1.6648364528823027E-03
0
0.0
 -1.1407996218300525E+00 -2.3170985309886123E+00 3.8420614944644871E-01
 8.7117698445282801E-03 -5.9733105718948343E-03 -1.6691779002996276E-03
0
0.0
 -1.1407996218300525E+00 -2.3170985309886123E+00 3.8420614944644871E-01
 8.5613387054482674E-03 -5.9105104705880910E-03 -1.6119829794205033E-03
0
0.0
 -1.1407996218300525E+00 -2.3170985309886123E+00 3.8420614944644871E-01
 8.7213673153111512E-03 -5.7027565618827372E-03 -1.4652617909206936E-03
0
0.0
