20
-1
1
 -0.25240408  -0.96683893   0.03891860  1.92849756e-04
  0.15440138   0.23926329   0.95859965  2.44744176e-04
  0.09929406   0.87936751   0.46567529  1.54420247e-04
  0.50437258   0.78498786  -0.35972539  1.97943505e-04
  0.14975623  -0.38805155   0.90938939  2.12100052e-04
 -0.29005334   0.05348115   0.95551495  1.77835289e-04
  0.17002079   0.51617701   0.83943685  2.04059005e-04
 -0.70098342  -0.19045099  -0.68727772  2.21985531e-04
  0.83858309   0.54373362  -0.03364750  1.46907695e-04
 -0.69147183   0.41684031   0.59000921  2.89546322e-04
 -0.21523966   0.62854626  -0.74739647  2.09211604e-04
  0.96574853   0.24867710   0.07409102  4.28587357e-04
  0.40268911   0.85710871   0.32125711  1.53076185e-04
  0.50044307   0.80822870  -0.31035963  2.63632010e-04
 -0.76840636  -0.63652055   0.06628163  2.23645962e-04
  0.92217692   0.37109259  -0.10899551  1.62466338e-04
  0.39037936  -0.54488853  -0.74209194  1.64416085e-04
 -0.62460844  -0.61567271  -0.48042837  1.59358999e-04
  0.16203864   0.63576732   0.75468099  3.87974287e-04
  0.60975430   0.09797263  -0.78651196  1.67451944e-04
