20
 -1.1407996218300525E+00 -2.3170985309886123E+00 3.8420614944644871E-01
 8.7853587566595354E-03 -5.9036357000590914E-03 -1.5766929768666045E-03
0
0.0
 -1.1407996218300525E+00 -2.3170985309886123E+00 3.8420614944644871E-01
 8.7596546851824962E-03 -6.1018515241891324E-03 -1.7662132703170378E-03
0
0.0
 -1.1407996218300525E+00 -2.3170985309886123E+00 3.8420614944644871E-01
 8.5985042017489265E-03 -6.0488107643320603E-03 -1.7648872889443924E-03
0
0.0
 -1.1407996218300525E+00 -2.3170985309886123E+00 3.8420614944644871E-01
 8.8774869574194618E-03 -6.0328522515447599E-03 -1.5548054682731534E-03
0
0.0
 -1.1407996218300525E+00 -2.3170985309886123E+00 3.8420614944644871E-01
 8.8529057110177424E-03 -5.9322771153990754E-03 -1.6050116730081227E-03
0
0.0
 -1.1407996218300525E+00 -2.3170985309886123E+00 3.8420614944644871E-01
 8.9214128075904564E-03 -5.7868236123180651E-03 -1.7822829897123271E-03
0
0.0
 -1.1407996218300525E+00 -2.3170985309886123E+00 3.8420614944644871E-01
 8.7284317568970971E-03 -5.7948569761775088E-03 -1.6680140514447543E-03
0
0.0
 -1.1407996218300525E+00 -2.3170985309886123E+00 3.8420614944644871E-01
 8.6931039435902500E-03 -5.8012648700475865E-03 -1.8179826239773380E-03
0
0.0
 -1.1407996218300525E+00 -2.3170985309886123E+00 3.8420614944644871E-01
 8.8052721111154027E-03 -5.8764235001002099E-03 -1.6477076980307888E-03
0
0.0
 -1.1407996218300525E+00 -2.3170985309886123E+00 3.8420614944644871E-01
 8.7467124046916277E-03 -5.8252250160152827E-03 -1.5357793706725043E-03
0
0.0
 -1.1407996218300525E+00 -2.3170985309886123E+00 3.8420614944644871E-01
 8.8425717598321161E-03 -6.1584581675414697E-03 -1.5521913247720908E-03
0
0.0
 -1.1407996218300525E+00 -2.3170985309886123E+00 3.8420614944644871E-01
 8.6701886338244449E-03 -5.7078332755999966E-03 -1.5258044116122289E-03
0
0.0
 -1.1407996218300525E+00 -2.3170985309886123E+00 3.8420614944644871E-01
 8.7415138150874067E-03 -6.0606023637780025E-03 -1.5311632525118182E-03
0
0.0
 -1.1407996218300525E+00 -2.3170985309886123E+00 3.8420614944644871E-01
 8.9697296371917777E-03 -5.8087573120387112E-03 -1.7243559476138900E-03
0
0.0
 -1.1407996218300525E+00 -2.3170985309886123E+00 3.8420614944644871E-01
 9.1151535575396004E-03 -5.9118032099680085E-03 -1.5631593037857836E-03
0
0.0
 -1.1407996218300525E+00 -2.3170985309886123E+00 3.8420614944644871E-01
 8.9564970679075120E-03 -5.9715292553469248E-03 -1.6735859884035047E-03
0
0.0
 -1.1407996218300525E+00 -2.3170985309886123E+00 3.8420614944644871E-01
 8.7212418042300448E-03 -6.0649649776045042E-03 -1.4089640747175123E-03
0
0.0
 -1.1407996218300525E+00 -2.3170985309886123E+00 3.8420614944644871E-01
 8.6205704689617958E-03 -5.8199701439337944E-03 -1.5483034148009456E-03
0
0.0
 -1.1407996218300525E+00 -2.3170985309886123E+00 3.8420614944644871E-01
 8.7568260371583134E-03 -5.9379084161011895E-03 -1.6110137136433422E-03
0
0.0
 -1.1407996218300525E+00 -2.3170985309886123E+00 3.8420614944644871E-01
 8.9537347196109902E-03 -5.7608524905849090E-03 -1.5705195855182025E-03
0
0.0
