20
-1
1
 -0.50895809   0.23013002  -0.82945876  1.52963874e-04
  0.56476363   0.81367993   0.13772077  1.45571314e-04
  0.31028285   0.75340133   0.57975080  6.19190084e-04
 -0.82784660  -0.36040819  -0.42985572  3.38381466e-04
  0.21612345  -0.62721742  -0.74825728  2.51147980e-04
 -0.52478144   0.78376732  -0.33213437  3.30634148e-04
  0.56676786   0.32911977   0.75528429  2.33796413e-04
  0.46295192   0.58375718   0.66701055  5.78405840e-04
  0.67377403  -0.02095406   0.73864030  2.17227119e-04
  0.58440250   0.74967155  -0.31059021  2.13164184e-04
 -0.37243477  -0.49654223   0.78405239  3.04077101e-04
 -0.70906099  -0.51665367  -0.47989738  1.47309582e-04
  0.94297586   0.12419368   0.30882431  1.61653593e-04
  0.51490509   0.41237258   0.75154615  3.59020458e-04
  0.66283456  -0.73594668   0.13795951  3.01708528e-04
  0.73615889   0.35389017  -0.57691579  1.49588510e-04
  0.72735709  -0.29137100  -0.62133292  3.62565849e-04
  0.12958129   0.21581821  -0.96779708  2.86558479e-04
 -0.30234568   0.77890013  -0.54945581  3.50944247e-04
 -0.42716492   0.32834191   0.84244983  2.13780004e-04
