20
 -1.1407996218300525E+00 -2.3170985309886123E+00 3.8420614944644871E-01
 8.5657796864474986E-03 -5.7548731505921860E-03 -1.7040496002816087E-03
0
0.0
 -1.1407996218300525E+00 -2.3170985309886123E+00 3.8420614944644871E-01
 8.5435785404698854E-03 -6.1068638500165985E-03 -1.5556871584307599E-03
0
0.0
 -1.1407996218300525E+00 -2.3170985309886123E+00 3.8420614944644871E-01
 8.8616700774069371E-03 -5.8198743192816932E-03 -1.4795888569361661E-03
0
0.0
 -1.1407996218300525E+00 -2.3170985309886123E+00 3.8420614944644871E-01
 8.8040344570391883E-03 -5.8522155767361164E-03 -1.6168099933940219E-03
0
0.0
 -1.1407996218300525E+00 -2.3170985309886123E+00 3.8420614944644871E-01
 8.8693540773229496E-03 -5.8474908018189969E-03 -1.6379877360290229E-03
0
0.0
 -1.1407996218300525E+00 -2.3170985309886123E+00 3.8420614944644871E-01
 8.8584534958786303E-03 -5.6483205613203089E-03 -1.6182939555858464E-03
0
0.0
 -1.1407996218300525E+00 -2.3170985309886123E+00 3.8420614944644871E-01
 8.8143415010263244E-03 -6.0368765939576305E-03 -1.5785669931072748E-03
0
0.0
 -1.1407996218300525E+00 -2.3170985309886123E+00 3.8420614944644871E-01
 8.7565665156041639E-03 -5.8851595537429873E-03 -1.7210359735377457E-03
0
0.0
 -1.1407996218300525E+00 -2.3170985309886123E+00 3.8420614944644871E-01
 8.7310069254628760E-03 -6.1002207121861668E-03 -1.6800865589505923E-03
0
0.0
 -1.1407996218300525E+00 -2.3170985309886123E+00 3.8420614944644871E-01
 8.6676886845122782E-03 -5.8692016265383057E-03 -1.4379986278272310E-03
0
0.0
 -1.1407996218300525E+00 -2.3170985309886123E+00 3.8420614944644871E-01
 8.9559875847303582E-03 -5.9225358022480116E-03 -1.5930580595830738E-03
0
0.0
 -1.1407996218300525E+00 -2.3170985309886123E+00 3.8420614944644871E-01
 8.8704121225352678E-03 -5.9940018429096523E-03 -1.5162302258117809E-03
0
0.0
 -1.1407996218300525E+00 -2.3170985309886123E+00 3.8420614944644871E-01
 8.8667650988910451E-03 -5.7754988095674951E-03 -1.8506241036649817E-03
0
0.0
 -1.1407996218300525E+00 -2.3170985309886123E+00 3.8420614944644871E-01
 8.8639555300826407E-03 -5.8271288158536624E-03 -1.7436524285134106E-03
0
0.0
 -1.1407996218300525E+00 -2.3170985309886123E+00 3.8420614944644871E-01
 8.8256951542606647E-03 -6.0771719946821961E-03 -1.8706210858251511E-03
0
0.0
 -1.1407996218300525E+00 -2.3170985309886123E+00 3.8420614944644871E-01
 8.8915501134998690E-03 -5.7689974181634610E-03 -1.7684528511312154E-03
0
0.0
 -1.1407996218300525E+00 -2.3170985309886123E+00 3.8420614944644871E-01
 8.8129153472035256E-03 -5.9058618569064539E-03 -1.6046828081112529E-03
0
0.0
 -1.1407996218300525E+00 -2.3170985309886123E+00 3.8420614944644871E-01
 8.6677811238335001E-03 -5.8013239517955449E-03 -1.6274888661633872E-03
0
0.0
 -1.1407996218300525E+00 -2.3170985309886123E+00 3.8420614944644871E-01
 8.7981997212787291E-03 -5.8186522294185168E-03 -1.6075253312687685E-03
0
0.0
 -1.1407996218300525E+00 -2.3170985309886123E+00 3.8420614944644871E-01
 8.7382976337783431E-03 -5.8136082658556921E-03 -1.5566767930239431E-03
0
0.0
