20
-1
1
  0.08573382   0.85206857  -0.51636118  2.46019571e-04
 -0.97094118   0.21981002  -0.09464031  5.03340445e-04
  0.52082095  -0.76018018  -0.38842197  2.66359970e-04
  0.14969918  -0.12881924   0.98030391  3.57277272e-04
 -0.47578087  -0.84779505  -0.23425653  6.29478824e-04
  0.22522177  -0.88215753  -0.41361002  1.99720473e-04
  0.81191196  -0.52884370  -0.24723129  1.82693743e-04
 -0.23176148   0.83679937   0.49603773  2.27078950e-04
 -0.73654149   0.48185397   0.47468241  2.44525922e-04
 -0.72690017   0.65877458   0.19399022  2.04149259e-04
 -0.99861736  -0.01493654   0.05040110  4.18426875e-04
  0.62551516   0.05806009   0.77804872  6.30244777e-04
 -0.74716675   0.00305404  -0.66462961  1.85468719e-04
  0.69338529  -0.57719667   0.43134771  2.33784142e-04
 -0.93145503   0.28502509   0.22616860  6.94456106e-04
 -0.10606236  -0.52363987  -0.84531181  6.22298604e-04
 -0.77536663   0.08230668  -0.62612474  1.62660862e-04
  0.98825300  -0.04470422  -0.14614223  4.28057590e-04
 -0.19205639  -0.06686510  -0.97910337  1.54988831e-04
 -0.69705904  -0.63256778  -0.33758954  1.77611540e-04
