20
 -1.1407996218300525E+00 -2.3170985309886123E+00 3.8420614944644871E-01
 8.6051643028543286E-03 -5.8495755954195462E-03 -1.5203158284293008E-03
0
0.0
 -1.1407996218300525E+00 -2.3170985309886123E+00 3.8420614944644871E-01
 8.6894977266079899E-03 -6.0145184523620393E-03 -1.6681587479022218E-03
0
0.0
 -1.1407996218300525E+00 -2.3170985309886123E+00 3.8420614944644871E-01
 8.8917384227864635E-03 -5.9770939740782522E-03 -1.3775808544038632E-03
0
0.0
 -1.1407996218300525E+00 -2.3170985309886123E+00 3.8420614944644871E-01
 8.6176860132866889E-03 -5.9740827710462697E-03 -1.5518833083704988E-03
0
0.0
 -1.1407996218300525E+00 -2.3170985309886123E+00 3.8420614944644871E-01
 8.6175402272450873E-03 -6.0252331805122350E-03 -1.5530527671553072E-03
0
0.0
 -1.1407996218300525E+00 -2.3170985309886123E+00 3.8420614944644871E-01
 8.7207997151395687E-03 -5.9392733745584131E-03 -1.5246548551289744E-03
0
0.0
 -1.1407996218300525E+00 -2.3170985309886123E+00 3.8420614944644871E-01
 8.7794461518941047E-03 -6.0937667666573526E-03 -1.6231300166011545E-03
0
0.0
 -1.1407996218300525E+00 -2.3170985309886123E+00 3.8420614944644871E-01
 8.7948299877663380E-03 -5.9216929924053629E-03 -1.6194636057290037E-03
0
0.0
 -1.1407996218300525E+00 -2.3170985309886123E+00 3.8420614944644871E-01
 8.8682671220471979E-03 -5.9159521889657228E-03 -1.9002384202824226E-03
0
0.0
 -1.1407996218300525E+00 -2.3170985309886123E+00 3.8420614944644871E-01
 8.6459126806829757E-03 -5.8324171095019660E-03 -1.6204211472578077E-03
0
0.0
 -1.1407996218300525E+00 -2.3170985309886123E+00 3.8420614944644871E-01
 8.6694007227058733E-03 -5.8025381790742939E-03 -1.4817978081140513E-03
0
0.0
 -1.1407996218300525E+00 -2.3170985309886123E+00 3.8420614944644871E-01
 8.7976682555035816E-03 -5.9619193306187689E-03 -1.6283284468915252E-03
0
0.0
 -1.1407996218300525E+00 -2.3170985309886123E+00 3.8420614944644871E-01
 9.0535038038358825E-03 -5.7131490730046915E-03 -1.5554157354034852E-03
0
0.0
 -1.1407996218300525E+00 -2.3170985309886123E+00 3.8420614944644871E-01
 8.8663600835527656E-03 -5.8389340712314448E-03 -1.6568660299966557E-03
0
0.0
 -1.1407996218300525E+00 -2.3170985309886123E+00 3.8420614944644871E-01
 8.7064223608542355E-03 -5.9965885270850507E-03 -1.4782138413029890E-03
0
0.0
 -1.1407996218300525E+00 -2.3170985309886123E+00 3.8420614944644871E-01
 8.9048160732740269E-03 -5.9987622821590213E-03 -1.7675376268414711E-03
0
0.0
 -1.1407996218300525E+00 -2.3170985309886123E+00 3.8420614944644871E-01
 8.7568119831936582E-03 -5.9514324832293060E-03 -1.6465026362120995E-03
0
0.0
 -1.1407996218300525E+00 -2.3170985309886123E+00 3.8420614944644871E-01
 8.6871583008081132E-03 -5.8075386650167128E-03 -1.6435002125462308E-03
0
0.0
 -1.1407996218300525E+00 -2.3170985309886123E+00 3.8420614944644871E-01
 8.6342498559015771E-03 -6.0407824996094785E-03 -1.6757599677368509E-03
0
0.0
 -1.1407996218300525E+00 -2.3170985309886123E+00 3.8420614944644871E-01
 8.6691064692916431E-03 -6.0366796320893987E-03 -1.6563617088530885E-03
0
0.0
