20
-1
1
  0.74880931  -0.13259917   0.64938593  1.63346829e-04
  0.34812362   0.87891192  -0.32607328  7.89383465e-04
 -0.59277663   0.65906225   0.46287453  2.78368280e-04
 -0.92021864  -0.38328157  -0.07932778  1.59531010e-04
  0.89089971   0.23371037   0.38945752  3.87524026e-04
  0.69143452   0.10107293   0.71533389  2.55869180e-04
  0.64613049   0.34241108   0.68210706  2.93718481e-04
 -0.83290678  -0.24664400   0.49541198  1.65355276e-04
  0.44903709   0.50090064  -0.73990827  1.65946251e-04
  0.84886215  -0.46199367   0.25689472  1.98497880e-04
 -0.49019285   0.62946120   0.60290096  1.63277092e-04
 -0.20639621   0.31837742  -0.92522237  2.98401557e-04
 -0.81764435   0.07762213   0.57046693  4.82479903e-04
  0.84834834   0.14449487   0.50933910  1.98615447e-04
 -0.58123003   0.28624031   0.76173364  1.56740193e-04
  0.62731820  -0.58339114   0.51587465  2.03178952e-04
  0.27340057  -0.84533234   0.45898297  1.55737047e-04
 -0.62022313  -0.76662547  -0.16615850  2.18316927e-04
  0.96076287  -0.13730144  -0.24100419  2.78256674e-04
 -0.66492788   0.25552856  -0.70183763  3.95167479e-04
