20
 -1.1407996218300525E+00 -2.3170985309886123E+00 3.8420614944644871E-01
 8.8389495712722400E-03 -5.8686668528941475E-03 -1.7012620432773418E-03
0
0.0
 -1.1407996218300525E+00 -2.3170985309886123E+00 3.8420614944644871E-01
 8.7203569109039654E-03 -5.9032051428696717E-03 -1.5693004066160067E-03
0
0.0
 -1.1407996218300525E+00 -2.3170985309886123E+00 3.8420614944644871E-01
 9.0127364265308336E-03 -5.9066306445849899E-03 -1.7017497238606537E-03
0
0.0
 -1.1407996218300525E+00 -2.3170985309886123E+00 3.8420614944644871E-01
 8.8225492230807646E-03 -5.9021245430000528E-03 -1.6855740651043609E-03
0
0.0
 -1.1407996218300525E+00 -2.3170985309886123E+00 3.8420614944644871E-01
 8.8215843516956868E-03 -5.8411468816881229E-03 -1.6179838878069058E-03
0
0.0
 -1.1407996218300525E+00 -2.3170985309886123E+00 3.8420614944644871E-01
 8.7994276208832704E-03 -5.5686495731321313E-03 -1.6266631531270995E-03
0
0.0
 -1.1407996218300525E+00 -2.3170985309886123E+00 3.8420614944644871E-01
 9.0902070317583090E-03 -6.0221251504439651E-03 -1.5639855841679490E-03
0
0.0
 -1.1407996218300525E+00 -2.3170985309886123E+00 3.8420614944644871E-01
 8.7159723638097278E-03 -5.9230234366894532E-03 -1.6360510460401998E-03
0
0.0
 -1.1407996218300525E+00 -2.3170985309886123E+00 3.8420614944644871E-01
 8.6824428571867559E-03 -6.0117589123092029E-03 -1.5337982649466584E-03
0
0.0
 -1.1407996218300525E+00 -2.3170985309886123E+00 3.8420614944644871E-01
 8.9398056285503909E-03 -5.9197761573653810E-03 -1.5139624720342038E-03
0
0.0
 -1.1407996218300525E+00 -2.3170985309886123E+00 3.8420614944644871E-01
 8.5108721282272023E-03 -6.0060693437593779E-03 -1.4874761791542060E-03
0
0.0
 -1.1407996218300525E+00 -2.3170985309886123E+00 3.8420614944644871E-01
 8.9740944385260455E-03 -5.7825758555758800E-03 -1.3695060285883642E-03
0
0.0
 -1.1407996218300525E+00 -2.3170985309886123E+00 3.8420614944644871E-01
 8.8512124684660392E-03 -6.0586009814297846E-03 -1.6281172175954958E-03
0
0.0
 -1.1407996218300525E+00 -2.3170985309886123E+00 3.8420614944644871E-01
 8.7833417014287520E-03 -5.8882440630561453E-03 -1.6773762794071790E-03
0
0.0
 -1.1407996218300525E+00 -2.3170985309886123E+00 3.8420614944644871E-01
 8.6755173875213074E-03 -6.0135659421462831E-03 -1.6279604804797353E-03
0
0.0
 -1.1407996218300525E+00 -2.3170985309886123E+00 3.8420614944644871E-01
 8.7777349536980239E-03 -6.0291142924056382E-03 -1.7801703436988020E-03
0
0.0
 -1.1407996218300525E+00 -2.3170985309886123E+00 3.8420614944644871E-01
 8.8081752428466366E-03 -6.0692789364547688E-03 -1.3633933625256576E-03
0
0.0
 -1.1407996218300525E+00 -2.3170985309886123E+00 3.8420614944644871E-01
 8.8228476978388700E-03 -5.8492521639689271E-03 -1.6040475912989455E-03
0
0.0
 -1.1407996218300525E+00 -2.3170985309886123E+00 3.8420614944644871E-01
 8.9161639572680213E-03 -6.1266555485534396E-03 -1.7872177714990814E-03
0
0.0
 -1.1407996218300525E+00 -2.3170985309886123E+00 3.8420614944644871E-01
 8.9573516629091812E-03 -5.8958630456470091E-03 -1.5331768720481492E-03
0
0.0
