50
-1
1
  0.23090622  -0.76122248  -0.60598898  7.58890501e-04
  0.83361724  -0.27596435   0.47846209  1.83052118e-04
 -0.37758432   0.00000929   0.92597521  6.88974827e-04
  0.50991135  -0.47713254  -0.71577577  1.74079752e-04
  0.64585714  -0.27095958   0.71375728  6.05223953e-04
 -0.19488691  -0.75352037   0.62787431  2.59185597e-04
  0.00261338  -0.78077468   0.62480723  3.03470265e-04
  0.73211999  -0.38734756   0.56032329  1.52489879e-04
  0.27991287  -0.88795562  -0.36494329  2.00538599e-04
 -0.78406232   0.11038932   0.61078677  1.73982665e-04
  0.76042143   0.37967548   0.52688308  8.38041068e-04
 -0.02085459  -0.68058186   0.73237519  3.65369832e-04
  0.72254227   0.68603896   0.08534170  2.26267240e-04
 -0.50860545  -0.84523084   0.16402842  2.40817982e-04
 -0.02584577   0.98637828  -0.16244967  1.55738470e-04
 -0.73482809  -0.24576530  -0.63216066  1.56690483e-04
  0.90966313  -0.24466700  -0.33563530  2.16196548e-04
 -0.80341448  -0.59484983   0.02605482  1.53878276e-04
  0.75079184  -0.46625017  -0.46789144  1.90046965e-04
  0.19522150  -0.80336742   0.56257387  6.24769358e-04
 -0.70196441  -0.05542392   0.71005222  2.87993125e-04
  0.67162996  -0.70187755   0.23723638  7.25548195e-04
  0.34607512   0.12075488   0.93040328  3.86352280e-04
 -0.54753590   0.35050255   0.75983709  4.22262250e-04
  0.55483153   0.82579903   0.10108383  6.96776939e-04
  0.18664305  -0.33845471   0.92228671  5.79843047e-04
 -0.63395295  -0.69797115  -0.33307646  2.16746049e-04
 -0.35721520  -0.39146145  -0.84803021  7.72129507e-04
  0.48216411   0.57497742  -0.66099828  2.19846420e-04
  0.65564323  -0.09499628   0.74907120  2.39105560e-04
  0.52403433   0.75776483  -0.38881934  5.09998995e-04
  0.22275527   0.02693123   0.97450233  3.32443444e-04
  0.60170863   0.79701469  -0.05209898  1.79341981e-04
  0.83370631  -0.45154490  -0.31786945  2.21238515e-04
 -0.58914801  -0.14798574   0.79435813  2.03370184e-04
 -0.04466226   0.68371750  -0.72837879  3.82370979e-04
 -0.27610427  -0.43121082   0.85896662  2.01448400e-04
 -0.44880886  -0.76170710   0.46730386  1.80503850e-04
 -0.16349368   0.75975911   0.62931384  2.27999683e-04
  0.95898278  -0.13520346  -0.24914262  2.79207221e-04
 -0.44600653  -0.81482276  -0.37032693  1.74290560e-04
  0.67584128  -0.11224924   0.72844950  2.01332518e-04
  0.24385357  -0.05427582  -0.96829209  2.27670646e-04
 -0.38725582  -0.91878739  -0.07656794  1.85707518e-04
  0.61183162   0.42886139  -0.66463522  5.05524296e-04
  0.07883609   0.43687283  -0.89606194  2.41612203e-04
 -0.89523276  -0.03356692   0.44433273  1.48311727e-04
 -0.59751201  -0.38673947  -0.70243290  1.50143718e-04
 -0.46274286  -0.86979810  -0.17123174  4.30638815e-04
 -0.23608791   0.95115619   0.19890804  1.47166538e-04
