20
-1
1
 -0.25064518   0.84925560  -0.46469552  1.63602551e-04
  0.16936960  -0.60982097  -0.77423014  8.68974246e-04
 -0.84757402  -0.10164203   0.52085236  1.50659927e-04
  0.23660844   0.95059632   0.20095540  2.03773024e-04
 -0.65097072   0.15545408   0.74301491  7.47501046e-04
 -0.76768655   0.45637888  -0.44986184  1.65938675e-04
  0.99231787  -0.12253465  -0.01704440  1.74109073e-04
  0.54962414   0.44608795   0.70634187  3.33247148e-04
 -0.55498653   0.41754988   0.71947345  2.19404442e-04
 -0.50285018   0.86067481   0.07987847  5.73089902e-04
  0.56629777  -0.79512774   0.21697629  2.45527350e-04
  0.90223670  -0.37219141   0.21781297  6.53563000e-04
 -0.30326546   0.92336525  -0.23542872  4.15422369e-04
 -0.81439724  -0.15717182  -0.55861808  2.43628519e-04
 -0.17996741   0.51449195  -0.83839714  4.73169270e-04
 -0.59914442   0.49486522  -0.62939207  5.40072110e-04
  0.87840145   0.09570927  -0.46824207  1.70860819e-04
  0.73845670   0.14639210   0.65821809  2.22543488e-04
  0.55712409  -0.77276426   0.30405288  1.54513869e-04
  0.04540032   0.99888622   0.01285060  1.59612414e-04
