20
 -1.1407996218300525E+00 -2.3170985309886123E+00 3.8420614944644871E-01
 8.7103149436721181E-03 -6.0863034922410755E-03 -1.5869219161788960E-03
0
0.0
 -1.1407996218300525E+00 -2.3170985309886123E+00 3.8420614944644871E-01
 8.8793860402880277E-03 -5.7682323426759734E-03 -1.4390916897245073E-03
0
0.0
 -1.1407996218300525E+00 -2.3170985309886123E+00 3.8420614944644871E-01
 8.7117925209019911E-03 -5.9663038383769816E-03 -1.4979263157995771E-03
0
0.0
 -1.1407996218300525E+00 -2.3170985309886123E+00 3.8420614944644871E-01
 8.5140976371903248E-03 -6.0073389589374382E-03 -1.5397622944871524E-03
0
0.0
 -1.1407996218300525E+00 -2.3170985309886123E+00 3.8420614944644871E-01
 8.7627176012372542E-03 -6.0155971687815774E-03 -1.6010563498864926E-03
0
0.0
 -1.1407996218300525E+00 -2.3170985309886123E+00 3.8420614944644871E-01
 8.8515472321046822E-03 -5.9285603837002515E-03 -1.7002941162263569E-03
0
0.0
 -1.1407996218300525E+00 -2.3170985309886123E+00 3.8420614944644871E-01
 8.9337423887783148E-03 -5.8208866185795972E-03 -1.5946186480334792E-03
0
0.0
 -1.1407996218300525E+00 -2.3170985309886123E+00 3.8420614944644871E-01
 8.6341454868360361E-03 -6.0828318622335341E-03 -1.4412270275714599E-03
0
0.0
 -1.1407996218300525E+00 -2.3170985309886123E+00 3.8420614944644871E-01
 8.7141928624588916E-03 -5.9899969095933711E-03 -1.7267636908870755E-03
0
0.0
 -1.1407996218300525E+00 -2.3170985309886123E+00 3.8420614944644871E-01
 8.4861008410703417E-03 -5.9769262144495411E-03 -1.7650418782963482E-03
0
0.0
 -1.1407996218300525E+00 -2.3170985309886123E+00 3.8420614944644871E-01
 8.8537254773676678E-03 -5.8004629526123112E-03 -1.3365605443014935E-03
0
0.0
 -1.1407996218300525E+00 -2.3170985309886123E+00 3.8420614944644871E-01
 8.8781300228904930E-03 -5.9053015123599990E-03 -1.4574870908931514E-03
0
0.0
 -1.1407996218300525E+00 -2.3170985309886123E+00 3.8420614944644871E-01
 8.7414846887474487E-03 -5.8019234018892394E-03 -1.7727538420241101E-03
0
0.0
 -1.1407996218300525E+00 -2.3170985309886123E+00 3.8420614944644871E-01
 8.7903509026250794E-03 -5.9033362972127469E-03 -1.6790300673767357E-03
0
0.0
 -1.1407996218300525E+00 -2.3170985309886123E+00 3.8420614944644871E-01
 8.7556469757803009E-03 -6.0115306254762309E-03 -1.5122039420901504E-03
0
0.0
 -1.1407996218300525E+00 -2.3170985309886123E+00 3.8420614944644871E-01
 8.7963868433492964E-03 -5.8429142875675534E-03 -1.6607896091008286E-03
0
0.0
 -1.1407996218300525E+00 -2.3170985309886123E+00 3.8420614944644871E-01
 8.6661005760443506E-03 -6.0171873193588460E-03 -1.7190401753896249E-03
0
0.0
 -1.1407996218300525E+00 -2.3170985309886123E+00 3.8420614944644871E-01
 8.8803168979423776E-03 -5.7408770625095766E-03 -1.6128125530408162E-03
0
0.0
 -1.1407996218300525E+00 -2.3170985309886123E+00 3.8420614944644871E-01
 8.5675605026002757E-03 -5.6811297669320309E-03 -1.6545845582366580E-03
0
0.0
 -1.1407996218300525E+00 -2.3170985309886123E+00 3.8420614944644871E-01
 8.7999570425663434E-03 -5.9252722634687734E-03 -1.6081142061605241E-03
0
0.0
