50
-1
1
  0.93639953  -0.25633129  -0.23968768  1.87323922e-04
 -0.48558357  -0.86831656   0.10116795  2.04529783e-04
 -0.85160862  -0.51808368  -0.07969986  2.51274922e-04
 -0.73484414   0.66862251  -0.11378938  3.28350391e-04
 -0.34366322  -0.84060545  -0.41866224  2.74960504e-04
 -0.73636505  -0.26963276   0.62053581  3.93207411e-04
  0.71368802   0.65231879  -0.25520502  2.64816363e-04
 -0.87508422  -0.01753847   0.48365278  1.97549523e-04
 -0.87330748  -0.12203656  -0.47163665  8.29244428e-04
  0.36844370   0.35345937  -0.85983470  3.94651886e-04
  0.71308263  -0.61972823  -0.32779580  1.55665119e-04
  0.02014780  -0.92723713   0.37393231  5.03469457e-04
 -0.85050327  -0.40824438  -0.33163341  3.35885313e-04
 -0.31553586   0.78926740  -0.52677707  2.19092792e-04
 -0.64814382  -0.63451148  -0.42107573  1.59470496e-04
 -0.54936682   0.73444701   0.39847671  1.45628881e-04
 -0.59035963  -0.59268018  -0.54791031  2.83240193e-04
 -0.92888310   0.11506634   0.35204534  2.27770810e-04
 -0.38073220   0.54084155  -0.75002228  2.03167099e-04
 -0.87762713   0.02081470  -0.47889181  6.45021598e-04
  0.57862675  -0.34639291   0.73837865  4.20087067e-04
  0.87830791  -0.03140426  -0.47706287  2.12050310e-04
 -0.82307358   0.22150378  -0.52295885  2.71045813e-04
 -0.72561021  -0.17206405  -0.66624604  1.94344408e-04
 -0.19959277   0.89998216  -0.38754980  4.48027631e-04
  0.23030995   0.81765703   0.52763085  2.51584252e-04
  0.91511573   0.29612617   0.27362837  3.00764239e-04
 -0.06376442   0.50951622   0.85809517  2.40042672e-04
  0.01215168  -0.67593618  -0.73685997  1.66612998e-04
  0.38923971  -0.92096549   0.01774838  6.61681421e-04
  0.20604760  -0.93173128   0.29903379  1.96514701e-04
 -0.14283465   0.52035525   0.84191964  2.98362612e-04
 -0.76481250  -0.58796549   0.26335989  6.92258459e-04
  0.62958831  -0.56349412  -0.53487656  2.69767693e-04
  0.45087360   0.47962633  -0.75277592  1.85675583e-04
  0.41920763  -0.23945673   0.87574279  4.31558955e-04
 -0.45525378   0.78509230   0.41996915  2.38280779e-04
  0.61593445  -0.40650188   0.67481921  1.86909763e-04
 -0.07248386  -0.89810175   0.43377338  1.48759416e-04
  0.85565516  -0.45594205  -0.24488996  2.18691735e-04
 -0.18377491   0.41226753  -0.89233529  5.56693829e-04
  0.70877839  -0.66686175   0.23006216  1.59587249e-04
 -0.47304001   0.72066617  -0.50682682  2.14758829e-04
  0.09435140   0.10960071   0.98948749  5.84148066e-04
 -0.10617140   0.98952085   0.09785767  1.73483862e-04
  0.82184188   0.38677391  -0.41830834  2.16383830e-04
 -0.83298749   0.43915124  -0.33656801  1.98896379e-04
 -0.13011927   0.98140042  -0.14114602  4.71290428e-04
  0.25515805  -0.14007388  -0.95669937  2.08858051e-04
 -0.36621852   0.40459616   0.83796536  1.86900116e-04
