20
-1
1
  0.07278441   0.79055130   0.60805515  1.51145374e-04
 -0.04981886  -0.03662815  -0.99808640  5.40565047e-04
  0.97191803  -0.21424297   0.09734113  1.48054124e-04
 -0.27044965  -0.02114465   0.96250189  1.69495097e-04
 -0.88771484   0.15370247   0.43397916  4.52853243e-04
 -0.83102963  -0.43965779   0.34072097  1.55047626e-04
 -0.17388756  -0.15161660  -0.97302391  3.17012431e-04
 -0.07770453   0.98046714   0.18068260  1.51019074e-04
  0.47207565   0.71737760  -0.51236115  2.83923501e-04
  0.89143531  -0.11738576  -0.43767987  3.66257310e-04
  0.86444349   0.40146551  -0.30259361  4.67713679e-04
  0.10490448   0.84442486   0.52530153  2.01277152e-04
  0.15281365  -0.06585349   0.98605847  1.69821574e-04
  0.72743642   0.57836595   0.36922768  2.07855551e-04
  0.91246540  -0.39668626  -0.10023424  1.50472859e-04
 -0.73064506  -0.07990950   0.67806509  6.16830853e-04
  0.47200938   0.10967171   0.87474526  6.73506384e-04
  0.51218036  -0.79134890   0.33382360  2.26156035e-04
  0.70015937  -0.57281345   0.42621780  1.71120573e-04
 -0.94460169   0.20717172   0.25457323  1.72321390e-04
