50
-1
1
  0.65710570  -0.70364437   0.27036401  5.35917348e-04
  0.21014404   0.67602210  -0.70628153  4.24793690e-04
 -0.56319646  -0.68928668  -0.45573415  2.25959386e-04
  0.96822019  -0.13965519  -0.20747554  2.62058334e-04
  0.72247387   0.47197000   0.50524828  6.64798504e-04
  0.54998241   0.83410517  -0.04228372  1.60128390e-04
 -0.14248605   0.98096680   0.13191615  4.59974526e-04
  0.10512999  -0.67329418  -0.73186244  4.42332703e-04
 -0.54320854  -0.07474615   0.83626401  4.99025926e-04
  0.90852081   0.36132266  -0.20984725  1.97847977e-04
 -0.97968939  -0.06127121   0.19093071  1.59101252e-04
  0.32688237   0.54519956   0.77194906  1.66157660e-04
  0.98201641   0.14635628  -0.11926276  1.74484146e-04
 -0.68681865  -0.61290637   0.39067369  1.59652290e-04
 -0.71483297  -0.15633467   0.68159613  1.97125849e-04
  0.67221269   0.51217419  -0.53460986  2.85125738e-04
 -0.38931521  -0.65149475   0.65114381  4.08029962e-04
 -0.05433280  -0.47385577  -0.87892471  1.54993707e-04
  0.44449610  -0.43567543   0.78269415  1.67958782e-04
  0.73368224  -0.33992987  -0.58835198  2.03125408e-04
  0.70911733  -0.53597061   0.45813549  1.59878792e-04
 -0.45419784   0.77744498  -0.43506738  1.97621650e-04
  0.29643517  -0.53520559   0.79100011  1.65197515e-04
 -0.49303116   0.05576480  -0.86822265  3.43774363e-04
  0.48128340  -0.87568148  -0.03934765  2.53612051e-04
  0.90123432  -0.22222191   0.37201361  1.93406340e-04
 -0.76635776   0.44936168   0.45909679  2.51234865e-04
 -0.88165511   0.09271965   0.46269572  3.82009870e-04
 -0.11871545   0.99288580  -0.00918886  3.32003545e-04
  0.84184751  -0.17944334   0.50901164  8.52395625e-04
  0.29785420  -0.83070903   0.47032476  5.60012088e-04
  0.54522759  -0.42265725  -0.72393903  1.61550159e-04
  0.44602218  -0.88777517   0.11366385  2.10964728e-04
  0.55515236   0.16875333   0.81444961  4.75895071e-04
  0.80423709   0.28231080  -0.52297544  1.71098850e-04
  0.41941392  -0.85253846   0.31188161  2.03631464e-04
  0.61957067  -0.78379846   0.04233397  3.69980375e-04
  0.51753989   0.76672350  -0.37985199  1.83660726e-04
  0.85992090  -0.47522607  -0.18626923  3.16431386e-04
 -0.18567281  -0.33291666  -0.92449559  3.43959846e-04
 -0.85870502   0.41170019  -0.30516985  2.34333781e-04
 -0.03829491   0.47449506  -0.87942477  5.45630273e-04
 -0.81001588   0.09104511  -0.57929704  2.56486767e-04
 -0.94170337  -0.20004880  -0.27050923  1.66855451e-04
  0.67945934   0.73086557   0.06457968  2.62276172e-04
 -0.13803528   0.44796888   0.88332901  1.62469578e-04
 -0.00494149  -0.88572964   0.46417517  1.69622854e-04
 -0.29338486  -0.77761420   0.55609485  4.78750116e-04
  0.78188414   0.43213739   0.44934893  1.73655939e-04
  0.96886769  -0.12957566   0.21096337  6.67444836e-04
