50
 -1.1407996218300525E+00 -2.3170985309886123E+00 3.8420614944644871E-01
 8.7909215170864988E-03 -5.9093351274288296E-03 -1.4720660752940758E-03
0
0.0
 -1.1407996218300525E+00 -2.3170985309886123E+00 3.8420614944644871E-01
 8.7098319114197447E-03 -6.0632903278833340E-03 -1.6475878016058204E-03
0
0.0
 -1.1407996218300525E+00 -2.3170985309886123E+00 3.8420614944644871E-01
 8.5266309129273226E-03 -5.7893014532325515E-03 -1.5004518734077139E-03
0
0.0
 -1.1407996218300525E+00 -2.3170985309886123E+00 3.8420614944644871E-01
 8.8086887388385635E-03 -6.0649952474622982E-03 -1.7721304594847736E-03
0
0.0
 -1.1407996218300525E+00 -2.3170985309886123E+00 3.8420614944644871E-01
 8.7705312785555743E-03 -5.7814931421314259E-03 -1.6269741822274014E-03
0
0.0
 -1.1407996218300525E+00 -2.3170985309886123E+00 3.8420614944644871E-01
 8.8752910856534622E-03 -6.1242271644072442E-03 -1.5194258256774572E-03
0
0.0
 -1.1407996218300525E+00 -2.3170985309886123E+00 3.8420614944644871E-01
 8.7667650507357690E-03 -6.0437340477790527E-03 -1.6892361921339728E-03
0
0.0
 -1.1407996218300525E+00 -2.3170985309886123E+00 3.8420614944644871E-01
 8.9691249878523383E-03 -6.0111130380996634E-03 -1.4904963839202216E-03
0
0.0
 -1.1407996218300525E+00 -2.3170985309886123E+00 3.8420614944644871E-01
 8.8159160337277307E-03 -5.8919874064944809E-03 -1.5989413462203668E-03
0
0.0
 -1.1407996218300525E+00 -2.3170985309886123E+00 3.8420614944644871E-01
 8.7460463006622663E-03 -5.7154785124068916E-03 -1.6741583722754505E-03
0
0.0
 -1.1407996218300525E+00 -2.3170985309886123E+00 3.8420614944644871E-01
 8.6198438984331147E-03 -5.8944090800335932E-03 -1.7950528523991516E-03
0
0.0
 -1.1407996218300525E+00 -2.3170985309886123E+00 3.8420614944644871E-01
 8.8631970893568238E-03 -5.8864232598524052E-03 -1.7453280191824815E-03
0
0.0
 -1.1407996218300525E+00 -2.3170985309886123E+00 3.8420614944644871E-01
 8.8020293282709116E-03 -5.9367090841587157E-03 -1.5954705939554177E-03
0
0.0
 -1.1407996218300525E+00 -2.3170985309886123E+00 3.8420614944644871E-01
 8.7034223065197407E-03 -5.8629037366918560E-03 -1.7387614895550004E-03
0
0.0
 -1.1407996218300525E+00 -2.3170985309886123E+00 3.8420614944644871E-01
 8.9591243872986712E-03 -6.0370334393383294E-03 -1.6253306208029493E-03
0
0.0
 -1.1407996218300525E+00 -2.3170985309886123E+00 3.8420614944644871E-01
 8.8502359701501145E-03 -5.8580093227410595E-03 -1.6655380441969977E-03
0
0.0
 -1.1407996218300525E+00 -2.3170985309886123E+00 3.8420614944644871E-01
 8.8285598920427432E-03 -5.9239672575422562E-03 -1.6348062557009471E-03
0
0.0
 -1.1407996218300525E+00 -2.3170985309886123E+00 3.8420614944644871E-01
 8.5561949332356706E-03 -5.8994217479823637E-03 -1.7245428083252920E-03
0
0.0
 -1.1407996218300525E+00 -2.3170985309886123E+00 3.8420614944644871E-01
 8.7989374945975536E-03 -6.0213289361536453E-03 -1.8839395033273289E-03
0
0.0
 -1.1407996218300525E+00 -2.3170985309886123E+00 3.8420614944644871E-01
 8.6230086128078493E-03 -5.8100264869767326E-03 -1.5552449799430168E-03
0
0.0
 -1.1407996218300525E+00 -2.3170985309886123E+00 3.8420614944644871E-01
 8.7368691319042822E-03 -5.7332922164609786E-03 -1.8115125494060345E-03
0
0.0
 -1.1407996218300525E+00 -2.3170985309886123E+00 3.8420614944644871E-01
 8.9000412113319841E-03 -5.8018881651358727E-03 -1.6539102156428319E-03
0
0.0
 -1.1407996218300525E+00 -2.3170985309886123E+00 3.8420614944644871E-01
 8.5683831066556276E-03 -5.9961462240115740E-03 -1.3802834236949619E-03
0
0.0
 -1.1407996218300525E+00 -2.3170985309886123E+00 3.8420614944644871E-01
 8.5749288646034504E-03 -6.0078460519832995E-03 -1.7109590015995687E-03
0
0.0
 -1.1407996218300525E+00 -2.3170985309886123E+00 3.8420614944644871E-01
 8.5952722163108453E-03 -5.9112706158036075E-03 -1.7287849282735771E-03
0
0.0
 -1.1407996218300525E+00 -2.3170985309886123E+00 3.8420614944644871E-01
 8.7910885012251697E-03 -5.8897406175043463E-03 -1.5198664747981643E-03
0
0.0
 -1.1407996218300525E+00 -2.3170985309886123E+00 3.8420614944644871E-01
 8.7978260319429829E-03 -5.9761173432958167E-03 -1.6162086267652233E-03
0
0.0
 -1.1407996218300525E+00 -2.3170985309886123E+00 3.8420614944644871E-01
 8.7058493823518306E-03 -6.0108703389222563E-03 -1.4350501551230110E-03
0
0.0
 -1.1407996218300525E+00 -2.3170985309886123E+00 3.8420614944644871E-01
 8.8107942464407049E-03 -5.9035927330529049E-03 -1.5707646453232119E-03
0
0.0
 -1.1407996218300525E+00 -2.3170985309886123E+00 3.8420614944644871E-01
 8.8270045464928799E-03 -5.9667740212412460E-03 -1.5733576711953726E-03
0
0.0
 -1.1407996218300525E+00 -2.3170985309886123E+00 3.8420614944644871E-01
 8.9189849308654433E-03 -5.8775885382061207E-03 -1.6744254048529964E-03
0
0.0
 -1.1407996218300525E+00 -2.3170985309886123E+00 3.8420614944644871E-01
 8.8394520065183200E-03 -5.6491057006081624E-03 -1.6414889323045757E-03
0
0.0
 -1.1407996218300525E+00 -2.3170985309886123E+00 3.8420614944644871E-01
 9.0911858708930659E-03 -5.7996148113863234E-03 -1.5642937050025809E-03
0
0.0
 -1.1407996218300525E+00 -2.3170985309886123E+00 3.8420614944644871E-01
 8.9321113851647919E-03 -6.0453725631470119E-03 -1.6231773741646443E-03
0
0.0
 -1.1407996218300525E+00 -2.3170985309886123E+00 3.8420614944644871E-01
 8.9247176708144929E-03 -5.9322305821353175E-03 -1.8388015165130768E-03
0
0.0
 -1.1407996218300525E+00 -2.3170985309886123E+00 3.8420614944644871E-01
 8.8756572050671424E-03 -5.7655709809895797E-03 -1.5769995476063816E-03
0
0.0
 -1.1407996218300525E+00 -2.3170985309886123E+00 3.8420614944644871E-01
 8.8125936022548368E-03 -5.9488062411400576E-03 -1.8489421545931607E-03
0
0.0
 -1.1407996218300525E+00 -2.3170985309886123E+00 3.8420614944644871E-01
 8.8594302316693848E-03 -6.0452471169733218E-03 -1.7702390748309939E-03
0
0.0
 -1.1407996218300525E+00 -2.3170985309886123E+00 3.8420614944644871E-01
 8.9264757761205772E-03 -5.9249291653635334E-03 -1.4996705188198233E-03
0
0.0
 -1.1407996218300525E+00 -2.3170985309886123E+00 3.8420614944644871E-01
 8.6261057802248207E-03 -5.9340461038466874E-03 -1.5211757933369717E-03
0
0.0
 -1.1407996218300525E+00 -2.3170985309886123E+00 3.8420614944644871E-01
 8.7574692795232383E-03 -5.7153775807194671E-03 -1.5546530897946552E-03
0
0.0
 -1.1407996218300525E+00 -2.3170985309886123E+00 3.8420614944644871E-01
 8.7907004153646804E-03 -5.9453664111325825E-03 -1.6026849988458273E-03
0
0.0
 -1.1407996218300525E+00 -2.3170985309886123E+00 3.8420614944644871E-01
 8.7877197416787282E-03 -5.6724791170093183E-03 -1.6733333894011972E-03
0
0.0
 -1.1407996218300525E+00 -2.3170985309886123E+00 3.8420614944644871E-01
 8.9744866161986497E-03 -5.9066170907356415E-03 -1.3687402397808939E-03
0
0.0
 -1.1407996218300525E+00 -2.3170985309886123E+00 3.8420614944644871E-01
 8.6224435071060729E-03 -5.6717621040077420E-03 -1.5100322799379161E-03
0
0.0
 -1.1407996218300525E+00 -2.3170985309886123E+00 3.8420614944644871E-01
 8.7714533756014963E-03 -6.0747664853921151E-03 -1.6786432525524647E-03
0
0.0
 -1.1407996218300525E+00 -2.3170985309886123E+00 3.8420614944644871E-01
 8.8120078423280755E-03 -5.9669878719951731E-03 -1.6258552757732248E-03
0
0.0
 -1.1407996218300525E+00 -2.3170985309886123E+00 3.8420614944644871E-01
 8.8313841270263333E-03 -5.9342800485160602E-03 -1.6791958145470970E-03
0
0.0
 -1.1407996218300525E+00 -2.3170985309886123E+00 3.8420614944644871E-01
 8.8105771289340978E-03 -5.7638693779063057E-03 -1.5357999266082248E-03
0
0.0
 -1.1407996218300525E+00 -2.3170985309886123E+00 3.8420614944644871E-01
 8.5639679174667957E-03 -5.8437332116722321E-03 -1.4120464154365314E-03
0
0.0
