20
 -1.1407996218300525E+00 -2.3170985309886123E+00 3.8420614944644871E-01
 8.8878878072505552E-03 -5.6765528128557572E-03 -1.8167779952382693E-03
0
0.0
 -1.1407996218300525E+00 -2.3170985309886123E+00 3.8420614944644871E-01
 8.6405417957283025E-03 -5.9756868867665942E-03 -1.6975814283170722E-03
0
0.0
 -1.1407996218300525E+00 -2.3170985309886123E+00 3.8420614944644871E-01
 8.7540607498702606E-03 -5.6978606033839417E-03 -1.6287370249891998E-03
0
0.0
 -1.1407996218300525E+00 -2.3170985309886123E+00 3.8420614944644871E-01
 8.9029853910551193E-03 -6.0841070353787026E-03 -1.4963749257674444E-03
0
0.0
 -1.1407996218300525E+00 -2.3170985309886123E+00 3.8420614944644871E-01
 8.7718554466895502E-03 -6.2258625956884495E-03 -1.6422626513919833E-03
0
0.0
 -1.1407996218300525E+00 -2.3170985309886123E+00 3.8420614944644871E-01
 8.8667966876540497E-03 -5.8300028842964962E-03 -1.4742871310029358E-03
0
0.0
 -1.1407996218300525E+00 -2.3170985309886123E+00 3.8420614944644871E-01
 8.4999025633397882E-03 -5.8275287106905847E-03 -1.7992799979450007E-03
0
0.0
 -1.1407996218300525E+00 -2.3170985309886123E+00 3.8420614944644871E-01
 8.7952598275753604E-03 -5.9274383071584386E-03 -1.5608168475009427E-03
0
0.0
 -1.1407996218300525E+00 -2.3170985309886123E+00 3.8420614944644871E-01
 8.6993060404889494E-03 -5.9432558104451378E-03 -1.6264605929200823E-03
0
0.0
 -1.1407996218300525E+00 -2.3170985309886123E+00 3.8420614944644871E-01
 8.6329328581996080E-03 -5.9480168607758694E-03 -1.5144522865026323E-03
0
0.0
 -1.1407996218300525E+00 -2.3170985309886123E+00 3.8420614944644871E-01
 8.8299558915145189E-03 -6.0207339400544131E-03 -1.4500853727054076E-03
0
0.0
 -1.1407996218300525E+00 -2.3170985309886123E+00 3.8420614944644871E-01
 8.8617807863369188E-03 -5.9488225958466397E-03 -1.5768295685777574E-03
0
0.0
 -1.1407996218300525E+00 -2.3170985309886123E+00 3.8420614944644871E-01
 8.8586518651959222E-03 -5.6495084641263295E-03 -1.5454090781834471E-03
0
0.0
 -1.1407996218300525E+00 -2.3170985309886123E+00 3.8420614944644871E-01
 8.9673000810934558E-03 -5.8010450873168537E-03 -1.7314016807020943E-03
0
0.0
 -1.1407996218300525E+00 -2.3170985309886123E+00 3.8420614944644871E-01
 8.7016788050150173E-03 -5.7571561996724941E-03 -1.3362348644419709E-03
0
0.0
 -1.1407996218300525E+00 -2.3170985309886123E+00 3.8420614944644871E-01
 8.7035165126460676E-03 -5.7042809061473940E-03 -1.4461752135397628E-03
0
0.0
 -1.1407996218300525E+00 -2.3170985309886123E+00 3.8420614944644871E-01
 8.8976384873536481E-03 -5.9427223021340939E-03 -1.6060629873887241E-03
0
0.0
 -1.1407996218300525E+00 -2.3170985309886123E+00 3.8420614944644871E-01
 8.8907011900827785E-03 -5.9156033565300869E-03 -1.9365500790471659E-03
0
0.0
 -1.1407996218300525E+00 -2.3170985309886123E+00 3.8420614944644871E-01
 8.8168855309211109E-03 -5.6787012691515365E-03 -1.6893080641667533E-03
0
0.0
 -1.1407996218300525E+00 -2.3170985309886123E+00 3.8420614944644871E-01
 8.4971742955254597E-03 -5.7806393273021062E-03 -1.7439880808597615E-03
0
0.0
