400
-1
1
  0.93639953  -0.25633129  -0.23968768  1.87323922e-04
 -0.48558357  -0.86831656   0.10116795  2.04529783e-04
 -0.85160862  -0.51808368  -0.07969986  2.51274922e-04
 -0.73484414   0.66862251  -0.11378938  3.28350391e-04
 -0.34366322  -0.84060545  -0.41866224  2.74960504e-04
 -0.73636505  -0.26963276   0.62053581  3.93207411e-04
  0.71368802   0.65231879  -0.25520502  2.64816363e-04
 -0.87508422  -0.01753847   0.48365278  1.97549523e-04
 -0.87330748  -0.12203656  -0.47163665  8.29244428e-04
  0.36844370   0.35345937  -0.85983470  3.94651886e-04
  0.71308263  -0.61972823  -0.32779580  1.55665119e-04
  0.02014780  -0.92723713   0.37393231  5.03469457e-04
 -0.85050327  -0.40824438  -0.33163341  3.35885313e-04
 -0.31553586   0.78926740  -0.52677707  2.19092792e-04
 -0.64814382  -0.63451148  -0.42107573  1.59470496e-04
 -0.54936682   0.73444701   0.39847671  1.45628881e-04
 -0.59035963  -0.59268018  -0.54791031  2.83240193e-04
 -0.92888310   0.11506634   0.35204534  2.27770810e-04
 -0.38073220   0.54084155  -0.75002228  2.03167099e-04
 -0.87762713   0.02081470  -0.47889181  6.45021598e-04
  0.57862675  -0.34639291   0.73837865  4.20087067e-04
  0.87830791  -0.03140426  -0.47706287  2.12050310e-04
 -0.82307358   0.22150378  -0.52295885  2.71045813e-04
 -0.72561021  -0.17206405  -0.66624604  1.94344408e-04
 -0.19959277   0.89998216  -0.38754980  4.48027631e-04
  0.23030995   0.81765703   0.52763085  2.51584252e-04
  0.91511573   0.29612617   0.27362837  3.00764239e-04
 -0.06376442   0.50951622   0.85809517  2.40042672e-04
  0.01215168  -0.67593618  -0.73685997  1.66612998e-04
  0.38923971  -0.92096549   0.01774838  6.61681421e-04
  0.20604760  -0.93173128   0.29903379  1.96514701e-04
 -0.14283465   0.52035525   0.84191964  2.98362612e-04
 -0.76481250  -0.58796549   0.26335989  6.92258459e-04
  0.62958831  -0.56349412  -0.53487656  2.69767693e-04
  0.45087360   0.47962633  -0.75277592  1.85675583e-04
  0.41920763  -0.23945673   0.87574279  4.31558955e-04
 -0.45525378   0.78509230   0.41996915  2.38280779e-04
  0.61593445  -0.40650188   0.67481921  1.86909763e-04
 -0.07248386  -0.89810175   0.43377338  1.48759416e-04
  0.85565516  -0.45594205  -0.24488996  2.18691735e-04
 -0.18377491   0.41226753  -0.89233529  5.56693829e-04
  0.70877839  -0.66686175   0.23006216  1.59587249e-04
 -0.47304001   0.72066617  -0.50682682  2.14758829e-04
  0.09435140   0.10960071   0.98948749  5.84148066e-04
 -0.10617140   0.98952085   0.09785767  1.73483862e-04
  0.82184188   0.38677391  -0.41830834  2.16383830e-04
 -0.83298749   0.43915124  -0.33656801  1.98896379e-04
 -0.13011927   0.98140042  -0.14114602  4.71290428e-04
  0.25515805  -0.14007388  -0.95669937  2.08858051e-04
 -0.36621852   0.40459616   0.83796536  1.86900116e-04
 -0.56135855   0.00750415   0.82753868  4.86302052e-04
  0.31777629   0.41406341   0.85297698  1.81594916e-04
 -0.68380158  -0.39981413   0.61038026  1.57976425e-04
  0.85934222   0.35974016   0.36348034  2.80432491e-04
  0.04164983   0.22851246   0.97264965  1.58139741e-04
 -0.90258579  -0.01586916  -0.43021746  2.17859991e-04
  0.80189533   0.31681737  -0.50654776  6.89171504e-04
  0.03409026  -0.48139413  -0.87584105  3.02715707e-04
 -0.78375567  -0.41335641  -0.46353373  2.89372707e-04
  0.23388403  -0.96248390   0.13756092  1.94038680e-04
 -0.15915850  -0.96044594   0.22849981  1.54369892e-04
  0.01720855   0.87195998   0.48927462  2.20780607e-04
  0.11294398  -0.64746186  -0.75368216  1.54866371e-04
 -0.33668263  -0.31193802  -0.88844779  1.60034977e-04
 -0.81562658   0.34841421  -0.46190998  1.62790219e-04
 -0.61289448  -0.78884956  -0.04557112  1.83505822e-04
  0.68491245   0.09099156  -0.72292149  3.58745527e-04
  0.73212171  -0.64813705   0.20956185  2.46144779e-04
  0.31781464   0.93815223  -0.13734717  8.58291017e-04
 -0.42022356   0.23313227   0.87696152  1.57987324e-04
  0.86678083   0.48563745   0.11334574  1.79163219e-04
  0.08352463   0.55217670   0.82953272  1.81938205e-04
  0.01818823   0.58097930   0.81371508  1.92506604e-04
 -0.76011215  -0.33417179  -0.55727797  3.60862326e-04
  0.97921431   0.01898797   0.20193760  2.05382168e-04
 -0.85104507  -0.51365918  -0.10897953  2.24422918e-04
 -0.60372329   0.30310104  -0.73732486  1.51188265e-04
 -0.01230661   0.67794822  -0.73500664  2.59988632e-04
 -0.22756550   0.81765154  -0.52882880  6.31154738e-04
  0.01260072   0.81647736  -0.57723994  2.80251851e-04
  0.48197962  -0.02095197   0.87593188  1.51719774e-04
  0.13061913   0.92509611  -0.35656113  3.25815059e-04
 -0.73069557  -0.67850320   0.07561341  2.47692913e-04
 -0.44939145   0.79116569  -0.41485441  1.79391786e-04
  0.95466462   0.17524414   0.24063450  2.99253012e-04
  0.18021432   0.90364078   0.38853075  4.40338180e-04
 -0.61381413  -0.70447996  -0.35628670  5.11959252e-04
 -0.87265380  -0.48358067  -0.06800795  3.67355465e-04
 -0.68096808  -0.69837579  -0.22034909  3.62361240e-04
  0.18424674  -0.23392523   0.95463717  2.86947920e-04
  0.85532378   0.25738493   0.44963789  2.65217347e-04
  0.47044802   0.83949927   0.27188166  2.82996795e-04
 -0.12116465  -0.63166386  -0.76571529  3.76834212e-04
 -0.14822385  -0.89649801   0.41751767  3.17808170e-04
  0.08326700  -0.70058654   0.70869253  6.15069753e-04
 -0.72129072  -0.22774391  -0.65411956  1.93945133e-04
  0.70437625   0.67524580   0.21885431  3.00923162e-04
  0.87235609  -0.27342402   0.40525813  2.76844058e-04
  0.37970789  -0.22610758   0.89704920  1.49956525e-04
  0.41447170  -0.34031271   0.84403819  2.70959295e-04
 -0.06883679   0.99129198   0.11225733  2.96413040e-04
 -0.05110514   0.35734470   0.93257334  2.45135341e-04
  0.14515177  -0.92874552   0.34111981  5.67291197e-04
  0.45674813   0.67766345   0.57632750  1.95226213e-04
 -0.61971361   0.74179983  -0.25629681  2.35825770e-04
  0.77561956  -0.61058054   0.16001784  1.57289498e-04
 -0.74315371   0.33043275   0.58183912  2.05635574e-04
  0.00998924   0.37659185  -0.92632542  3.78915338e-04
 -0.53733251  -0.63344201   0.55679889  1.61792345e-04
 -0.04471609   0.98921138  -0.13950382  6.21975902e-04
 -0.55611397   0.30306858  -0.77387770  4.72707207e-04
 -0.94992545   0.29626240   0.09934903  1.72751330e-04
  0.63112901  -0.57176148  -0.52418029  4.16340522e-04
 -0.19111711   0.87085228  -0.45286924  3.04286575e-04
 -0.44844798   0.29552261  -0.84354063  2.41051653e-04
  0.48662422   0.85852294  -0.16166393  3.02539303e-04
  0.26522978  -0.72312413   0.63776536  2.20356091e-04
 -0.25103393  -0.89156237   0.37695956  5.65330798e-04
 -0.41444533  -0.34811274   0.84086420  2.38159585e-04
 -0.28419265   0.95700741  -0.05806337  3.38263201e-04
 -0.58546014  -0.65233096  -0.48135304  1.70503949e-04
  0.37420087  -0.35146640   0.85816378  2.55710984e-04
  0.21180222   0.59934299  -0.77196360  1.91683417e-04
  0.38753433  -0.34186033  -0.85612421  1.84420005e-04
 -0.75423038   0.24284429   0.61005179  2.28852842e-04
  0.47156559   0.10876836  -0.87509733  2.14886484e-04
  0.56879164   0.68167200   0.46021664  7.76550712e-04
 -0.57640052  -0.01011887  -0.81710467  1.84928716e-04
 -0.53025297  -0.76436907   0.36684017  1.49914080e-04
  0.13870036  -0.98333735   0.11751535  1.56748397e-04
 -0.93091773   0.30733700   0.19732245  1.97763453e-04
  0.32162194  -0.94476865   0.06302005  3.52780868e-04
 -0.44911990  -0.59407111  -0.66736110  6.92687670e-04
 -0.77050652   0.05599864  -0.63496760  1.61269799e-04
 -0.56955950  -0.27385130   0.77498867  1.87929999e-04
 -0.77241820   0.26949561  -0.57510194  6.97478285e-04
  0.91630348  -0.22469157   0.33151415  5.74693030e-04
 -0.00101370   0.99917087  -0.04070078  1.88233945e-04
 -0.18998864   0.50204944  -0.84371244  6.56135884e-04
  0.86852114   0.10044604   0.48536752  3.42892196e-04
 -0.14896531  -0.08130118  -0.98549452  4.11888458e-04
  0.12744242   0.98709605   0.09695266  6.31556551e-04
  0.05338666  -0.98629959   0.15608649  2.87863517e-04
  0.08044702  -0.10836310   0.99085101  6.57678130e-04
 -0.85466466  -0.47774428   0.20324549  2.71861661e-04
  0.88397946   0.44445404  -0.14505491  2.71802197e-04
  0.24699080   0.77240304   0.58514023  2.10200539e-04
  0.55828516  -0.21175326   0.80217095  2.62212225e-04
  0.55678750   0.61942176   0.55344771  7.15138413e-04
  0.35278885  -0.62020714   0.70063052  2.73837814e-04
  0.67433726  -0.00525902   0.73840477  2.94973034e-04
 -0.67308192   0.33975414   0.65690779  5.38438599e-04
 -0.85170283   0.20389607   0.48273044  1.80433368e-04
  0.19489367  -0.70401329  -0.68292148  4.94750239e-04
 -0.01877849   0.97810478   0.20726410  3.10221484e-04
  0.60306380   0.01639495  -0.79752445  1.61365023e-04
 -0.61537056   0.76416407   0.19331927  2.91367342e-04
 -0.12424043  -0.10635489  -0.98653584  6.68956668e-04
 -0.88179382  -0.40239555   0.24600302  1.93542777e-04
  0.62472842  -0.77651102   0.08212817  2.25705798e-04
  0.92536950  -0.34062152  -0.16633781  1.92736590e-04
  0.17372410  -0.83610599   0.52033326  2.32229336e-04
 -0.89121886   0.20218054   0.40601968  3.44855565e-04
 -0.38152857   0.73209218   0.56433766  1.62070913e-04
 -0.86420581   0.30457540  -0.40047739  1.71415014e-04
 -0.06866853   0.56855324  -0.81977548  2.04804107e-04
  0.45768499  -0.64128112   0.61585954  1.51263377e-04
  0.97251946   0.00911702   0.23264303  5.54981807e-04
  0.10650892  -0.93747209  -0.33136374  4.77794535e-04
  0.27111031  -0.46956210   0.84024439  1.96357961e-04
 -0.92353572   0.37037530  -0.09951838  3.70647988e-04
  0.56462951   0.62877513  -0.53463572  1.68477982e-04
 -0.66994151  -0.18366153   0.71933776  1.49761548e-04
 -0.33592984   0.83599776   0.43388810  1.70786586e-04
 -0.30214661  -0.45555760   0.83736175  2.27466108e-04
  0.13447710   0.91079120   0.39035279  5.70085222e-04
  0.84385390   0.46297370  -0.27123044  6.09453881e-04
 -0.22033777  -0.91453157  -0.33923926  1.65735389e-04
 -0.63652232   0.60082970  -0.48357317  4.13285637e-04
 -0.98412960  -0.17223128   0.04272372  1.53059867e-04
 -0.84148366   0.01015177  -0.54018718  3.39340370e-04
 -0.57423308  -0.81828207  -0.02590019  2.38844996e-04
 -0.10637953   0.97702588   0.18467219  4.91772550e-04
  0.33178967   0.87048200  -0.36356115  2.43210841e-04
 -0.24759562   0.29314834   0.92345030  1.65971194e-04
 -0.98320646   0.17970981  -0.03177182  1.85538603e-04
 -0.48922808  -0.79388654   0.36110948  2.69964583e-04
 -0.51537427  -0.65866669  -0.54822218  1.85143185e-04
 -0.14979997  -0.48094084  -0.86386103  1.94879325e-04
 -0.31614169  -0.80298922  -0.50523534  6.32377871e-04
  0.33866484  -0.43168588  -0.83603435  3.43439215e-04
  0.15730349  -0.49686282  -0.85345355  8.32703113e-04
  0.95917818   0.25585528  -0.12047947  3.84636495e-04
  0.03003922  -0.91205553   0.40896499  4.93878591e-04
 -0.37179179   0.89069470   0.26159858  1.50748812e-04
  0.53590051  -0.60569204   0.58817326  1.47087647e-04
  0.68099847   0.00245848  -0.73228071  4.30521075e-04
 -0.92212651  -0.07584313   0.37938176  2.83600560e-04
 -0.00881965  -0.85545279  -0.51780569  2.17095419e-04
  0.24754212   0.09144556  -0.96455202  2.95907401e-04
  0.73672113  -0.55498673  -0.38630521  2.22499984e-04
  0.75909163  -0.60754580  -0.23381189  3.40257724e-04
  0.01453607   0.99877521   0.04729459  1.92270528e-04
  0.25289336  -0.71680493  -0.64979661  1.59638589e-04
 -0.57577981  -0.81601278   0.05099769  2.15251922e-04
  0.40324137  -0.84488257  -0.35152503  4.34437993e-04
 -0.50881270  -0.03423050   0.86019644  2.88127296e-04
  0.36843331  -0.08416094  -0.92583683  6.01328460e-04
 -0.58004334   0.65878696  -0.47911321  2.78381357e-04
 -0.75296448  -0.21839619  -0.62076372  1.65948567e-04
 -0.08582758   0.94125937  -0.32659521  2.18756569e-04
 -0.30225493   0.13701987  -0.94332789  4.53263705e-04
 -0.30131125   0.81501891  -0.49493000  1.89045677e-04
 -0.80940837   0.00447784  -0.58722912  8.12261336e-04
  0.83205343  -0.53812193  -0.13458038  1.46945097e-04
  0.39093813  -0.68893121   0.61036150  2.01526925e-04
  0.57467317   0.07459699  -0.81497609  3.32029113e-04
 -0.94716563   0.15483821  -0.28089571  2.05860360e-04
 -0.63449187  -0.10508727   0.76575239  2.36485841e-04
  0.63859875  -0.39649183   0.65953458  1.56212469e-04
  0.11805583   0.62507871  -0.77158242  8.24035487e-04
 -0.88820209  -0.45567990  -0.05876113  1.46988559e-04
  0.45553428   0.46556625  -0.75877308  2.37854925e-04
 -0.58132654  -0.34524019   0.73679622  1.98260600e-04
 -0.73847363   0.36873918  -0.56452468  7.54201861e-04
  0.56898011   0.55945436  -0.60272087  4.78172185e-04
 -0.93608075   0.33051526   0.12046779  3.16299001e-04
  0.61085176   0.31988945  -0.72424503  2.16465538e-04
  0.81685301   0.45316993   0.35691480  1.78116082e-04
  0.59177920  -0.39469820  -0.70285896  2.43858008e-04
 -0.60101347  -0.12814761   0.78889860  3.10107893e-04
 -0.86927766  -0.07287897   0.48892230  7.59907775e-04
 -0.83068066  -0.19196236  -0.52260894  1.97382787e-04
  0.25036043  -0.96137679   0.11434298  2.72097882e-04
  0.05196631  -0.74326626  -0.66697434  1.52580597e-04
  0.62788587  -0.72549761  -0.28180232  1.58989456e-04
  0.63642967   0.20200191   0.74441420  2.11170100e-04
 -0.79415822  -0.51571618  -0.32148024  3.83364131e-04
 -0.18874596  -0.51096430  -0.83862414  3.19457281e-04
 -0.79000641  -0.45542099   0.41046508  3.80180604e-04
  0.58029900   0.53755434   0.61179114  4.86293598e-04
 -0.93331997  -0.35834099  -0.02248474  1.97566993e-04
 -0.87752778   0.44276232  -0.18413724  2.02262132e-04
 -0.65162552  -0.33628892   0.67992201  4.15261101e-04
  0.97775140   0.17494224   0.11574721  2.05864182e-04
 -0.42007996  -0.55394670   0.71880170  5.80645324e-04
 -0.89078015  -0.07913376  -0.44749141  2.23095467e-04
  0.36444331   0.46095779  -0.80913472  1.93231457e-04
  0.58122571   0.19406836  -0.79026207  1.59955169e-04
 -0.54086479   0.69275460   0.47702865  4.34218820e-04
  0.12844445   0.98726002  -0.09391314  7.22217184e-04
  0.75430417   0.65082407  -0.08633221  1.89509279e-04
 -0.58653423   0.03010947   0.80936458  1.92680893e-04
  0.12953167  -0.98721230  -0.09291625  1.91387623e-04
  0.74933801  -0.03577297   0.66122072  1.81906240e-04
  0.52441285  -0.84894164  -0.06549239  1.77427315e-04
  0.05547728  -0.90011153   0.43211283  8.55980570e-04
 -0.14715917   0.83863191   0.52444323  2.91055758e-04
 -0.74483840  -0.18430684  -0.64128523  2.13204914e-04
  0.32489479   0.75721002   0.56663600  4.15222420e-04
  0.54845440  -0.69510758  -0.46478299  2.21634072e-04
 -0.65114201   0.01146252  -0.75886935  3.02317154e-04
 -0.63478828  -0.47510836   0.60935694  2.55487865e-04
 -0.30317350  -0.81995794  -0.48554589  4.00847477e-04
  0.13970384   0.21939642   0.96558171  2.71761731e-04
 -0.37797224  -0.91216888   0.15838220  3.61804519e-04
  0.36621966  -0.88106275   0.29935195  2.20797000e-04
 -0.38863243   0.82596858  -0.40833901  4.01629705e-04
  0.03953848   0.83380163  -0.55064648  3.98679976e-04
 -0.34158167   0.86648746   0.36403494  1.50386183e-04
  0.63041813   0.77622272  -0.00716030  3.20134799e-04
  0.53803474   0.49438832   0.68271429  5.52837599e-04
  0.74754504  -0.65678634  -0.09903596  7.94912222e-04
  0.56574619   0.81303032   0.13752435  2.63015452e-04
  0.18730944  -0.95197020  -0.24221459  4.10318268e-04
  0.26500397  -0.12682094  -0.95587099  5.14954567e-04
  0.10894776  -0.91769619  -0.38205247  1.70581479e-04
 -0.63002880  -0.73864792   0.23971431  1.47753447e-04
 -0.83022898   0.43635880  -0.34685852  1.69296509e-04
  0.53268158   0.23385791  -0.81336389  2.73980925e-04
  0.26719673   0.02238735  -0.96338192  5.80676793e-04
 -0.47337400   0.55748095   0.68200591  1.85606465e-04
  0.99787661   0.05326346   0.03748713  1.59988655e-04
 -0.11801272   0.92141468   0.37022693  4.72592424e-04
 -0.33417065  -0.35170534   0.87443315  1.53098501e-04
  0.24251296  -0.64344635  -0.72606078  5.83832652e-04
  0.55383820   0.03142163   0.83203121  7.28320853e-04
  0.09325415   0.14031285   0.98570582  4.10911093e-04
  0.39901823   0.21096372  -0.89234453  2.29894556e-04
 -0.02670465  -0.33443767   0.94203944  3.03620620e-04
 -0.51251206  -0.28806794   0.80891795  2.19879333e-04
  0.79874257   0.57396224   0.18049282  3.92171108e-04
  0.80896886  -0.58742292  -0.02244309  5.05840619e-04
 -0.03201241   0.09473026  -0.99498813  4.15459032e-04
 -0.30139620  -0.87745955   0.37312875  2.08809012e-04
  0.22439962  -0.89933648   0.37528483  5.26060527e-04
 -0.22298721  -0.85110038  -0.47529448  2.07216345e-04
 -0.39410595   0.77207228  -0.49858288  3.76101338e-04
 -0.50453747  -0.69960730  -0.50595610  1.54696723e-04
  0.46057683   0.50878849  -0.72732610  4.47354540e-04
 -0.59610594  -0.28379584   0.75107765  1.61384538e-04
  0.89096057   0.34100610  -0.29984014  1.58157307e-04
  0.40206838  -0.66501094  -0.62936593  1.56981778e-04
 -0.06376666   0.72680489   0.68387752  2.77005742e-04
  0.36979999   0.91696711  -0.14973070  3.86516151e-04
 -0.45147012  -0.27418135  -0.84911679  3.44255855e-04
  0.70266419  -0.54146757  -0.46160146  4.05536105e-04
  0.03933755   0.03601979  -0.99857655  2.55809501e-04
 -0.68373233   0.20512384   0.70031015  2.68689133e-04
  0.67727957  -0.33342479  -0.65583557  2.49813479e-04
  0.18471744   0.52862256  -0.82851533  2.69068812e-04
 -0.43502628   0.86452519  -0.25169093  5.28847027e-04
 -0.94555330   0.04353457   0.32254255  2.23673735e-04
 -0.89073716  -0.43223786   0.14056225  5.58207518e-04
 -0.30383684   0.78988286  -0.53269902  5.94695848e-04
 -0.83419992   0.55087065   0.02553477  2.07926376e-04
  0.19770961   0.55167149   0.81028975  1.78866597e-04
  0.96157066  -0.25213905   0.10866350  2.25866474e-04
  0.96436852   0.24234156   0.10613161  5.15846010e-04
  0.15425457  -0.33499857   0.92950604  4.39916285e-04
 -0.70908791  -0.53425140  -0.46018449  1.98551100e-04
  0.66191596   0.72766298  -0.17992736  1.53908031e-04
  0.56468425  -0.80218769  -0.19397578  1.70546815e-04
  0.70396911  -0.26691636   0.65816650  1.90868877e-04
  0.79748058  -0.21569897  -0.56347020  4.29348483e-04
 -0.35676418   0.67272252  -0.64820038  2.29960706e-04
  0.99091104  -0.04592010   0.12643837  1.83302839e-04
 -0.38858149  -0.48483550   0.78354257  1.45555174e-04
 -0.61390314   0.76254352   0.20408408  2.33957392e-04
 -0.24312686   0.95348872   0.17818131  4.14938453e-04
  0.12266687   0.18179322   0.97565571  3.58174905e-04
  0.24278788  -0.73142231  -0.63724049  2.10649579e-04
 -0.17224183   0.54517112   0.82043964  2.86564512e-04
 -0.72062862   0.35291552   0.59677888  3.10895242e-04
  0.84552587  -0.29044929   0.44802368  1.56509684e-04
  0.95843373   0.25160627   0.13453280  3.12705581e-04
  0.82834930  -0.28007285  -0.48517691  2.92672321e-04
 -0.80567732   0.43249091  -0.40476620  1.59140976e-04
  0.74580908  -0.59899993  -0.29149254  4.72810554e-04
  0.68842869   0.70758430   0.15934364  1.79097581e-04
 -0.58561941  -0.75017334   0.30706654  2.17231595e-04
 -0.98274159  -0.13769795  -0.12352425  2.29662721e-04
  0.47657482  -0.80341688  -0.35692822  4.42712588e-04
  0.93235615  -0.30360128  -0.19631164  1.62489131e-04
 -0.13652995  -0.21867967  -0.96619810  1.57884131e-04
 -0.49574407  -0.85390971  -0.15835412  2.05553094e-04
  0.53043760   0.71799164  -0.45069275  2.78861736e-04
 -0.69682037   0.43487300  -0.57037430  1.60545528e-04
 -0.88373291   0.45319182   0.11676178  4.11603402e-04
 -0.40540046   0.57028609   0.71443981  3.37447826e-04
 -0.30854909  -0.27997094  -0.90907301  4.11460019e-04
  0.07118526   0.94551454   0.31770255  1.62285127e-04
  0.74007809  -0.28446610  -0.60939598  2.35948715e-04
  0.78072323   0.26904643  -0.56399047  3.64134682e-04
  0.80351201  -0.55940595   0.20355203  3.08693199e-04
 -0.28756646  -0.08530681   0.95395402  2.14932163e-04
  0.83027681  -0.47586712  -0.29015668  1.91570448e-04
 -0.97976937  -0.11086831  -0.16661390  2.75418861e-04
 -0.75604430   0.65006635  -0.07622831  4.45091907e-04
  0.09334454  -0.08114202   0.99232191  3.16409104e-04
  0.26355084   0.94501561  -0.19361418  2.02257770e-04
 -0.43241982   0.82620609   0.36110470  1.67283953e-04
 -0.94113040   0.32758888  -0.08342118  4.03530693e-04
 -0.44239539  -0.87126572   0.21256141  1.53421274e-04
  0.63886209  -0.46647314   0.61176633  1.60309303e-04
  0.68135113  -0.27964284   0.67643220  6.08784764e-04
 -0.68290479  -0.11616453   0.72121207  5.71347458e-04
  0.08256621  -0.55749764   0.82606247  7.75101865e-04
  0.08826760   0.98610211  -0.14075319  2.21888173e-04
  0.11632054   0.95343352  -0.27826976  2.91144010e-04
  0.89459933   0.21635975  -0.39099935  2.80655525e-04
  0.47217586  -0.86920847  -0.14671942  1.61772835e-04
  0.31417496   0.94847932   0.04100085  1.74380863e-04
  0.25193386  -0.92728911   0.27688309  7.74598240e-04
 -0.37498726  -0.85185652   0.36568433  5.65117532e-04
  0.97316524   0.22994962   0.00851961  1.89676739e-04
 -0.93620502   0.09758731  -0.33763424  2.28611306e-04
 -0.12755344   0.58216418  -0.80300373  3.31742312e-04
  0.52336088  -0.68892996   0.50146675  5.17331188e-04
  0.63421566   0.74654316  -0.20110648  6.10293991e-04
  0.50912738  -0.74646431  -0.42846277  7.59109364e-04
  0.11048767  -0.31175830  -0.94371565  1.83787210e-04
  0.15888095  -0.91348086   0.37457919  3.30449009e-04
  0.51108825  -0.82552465   0.23936970  1.57923795e-04
  0.46957050   0.88080789  -0.06067136  2.36736276e-04
 -0.64916540  -0.71672833   0.25472491  3.39748255e-04
 -0.08619129   0.23869103  -0.96726297  7.74340653e-04
 -0.59996726   0.02776647  -0.79954256  3.67854040e-04
  0.04888377   0.41252928   0.90963178  5.35741628e-04
  0.70933282   0.26101266  -0.65476663  1.64362928e-04
 -0.54945614   0.25642242   0.79520154  1.82785578e-04
 -0.97711777  -0.12789641   0.16995111  1.67135536e-04
 -0.50220172  -0.65559644  -0.56390313  1.74692582e-04
 -0.14056644  -0.44431810  -0.88477257  1.64327953e-04
  0.86218500   0.43377104   0.26168628  1.86255333e-04
  0.10752202  -0.87803903  -0.46635446  5.31224739e-04
  0.20313908   0.93715822  -0.28367057  1.49450582e-04
  0.82166398  -0.18679834  -0.53849297  2.25605018e-04
 -0.42268340   0.61496244  -0.66570259  1.49909092e-04
 -0.52077803  -0.81078303   0.26724731  3.77925753e-04
