400
 -1.1407996218300525E+00 -2.3170985309886123E+00 3.8420614944644871E-01
 8.7962190315885886E-03 -5.8990268650665730E-03 -1.6031040757009817E-03
0
0.0
 -1.1407996218300525E+00 -2.3170985309886123E+00 3.8420614944644871E-01
 8.8109751287278101E-03 -5.9465440058710959E-03 -1.6235467707761129E-03
0
0.0
 -1.1407996218300525E+00 -2.3170985309886123E+00 3.8420614944644871E-01
 8.8988828299394942E-03 -5.6689775707762938E-03 -1.7949589864345579E-03
0
0.0
 -1.1407996218300525E+00 -2.3170985309886123E+00 3.8420614944644871E-01
 8.8579801387534685E-03 -5.8720255062919237E-03 -1.5750258397107455E-03
0
0.0
 -1.1407996218300525E+00 -2.3170985309886123E+00 3.8420614944644871E-01
 8.7780530733795499E-03 -5.7350783312425891E-03 -1.5900435332899274E-03
0
0.0
 -1.1407996218300525E+00 -2.3170985309886123E+00 3.8420614944644871E-01
 8.7540204661115308E-03 -5.9743746924909111E-03 -1.7517003220942067E-03
0
0.0
 -1.1407996218300525E+00 -2.3170985309886123E+00 3.8420614944644871E-01
 8.7987282050071298E-03 -5.9398431380662774E-03 -1.7267143888103043E-03
0
0.0
 -1.1407996218300525E+00 -2.3170985309886123E+00 3.8420614944644871E-01
 8.9982585125068272E-03 -6.0065042439253315E-03 -1.4987258825745311E-03
0
0.0
 -1.1407996218300525E+00 -2.3170985309886123E+00 3.8420614944644871E-01
 8.8527180109419720E-03 -6.0751140404602970E-03 -1.5993199392265671E-03
0
0.0
 -1.1407996218300525E+00 -2.3170985309886123E+00 3.8420614944644871E-01
 8.8458382423642415E-03 -6.0252913882654921E-03 -1.6771842550930116E-03
0
0.0
 -1.1407996218300525E+00 -2.3170985309886123E+00 3.8420614944644871E-01
 8.7311328775149123E-03 -6.0135918786272920E-03 -1.5528351671871968E-03
0
0.0
 -1.1407996218300525E+00 -2.3170985309886123E+00 3.8420614944644871E-01
 8.8979194864545995E-03 -5.9835834757880780E-03 -1.5622273425867830E-03
0
0.0
 -1.1407996218300525E+00 -2.3170985309886123E+00 3.8420614944644871E-01
 8.9233888264882277E-03 -6.0388573220521036E-03 -1.7266186736768442E-03
0
0.0
 -1.1407996218300525E+00 -2.3170985309886123E+00 3.8420614944644871E-01
 8.7179888062223990E-03 -5.8744465493607836E-03 -1.5840984178356740E-03
0
0.0
 -1.1407996218300525E+00 -2.3170985309886123E+00 3.8420614944644871E-01
 8.6098331216864204E-03 -6.0372773005420693E-03 -1.7902184653507552E-03
0
0.0
 -1.1407996218300525E+00 -2.3170985309886123E+00 3.8420614944644871E-01
 8.6775266926810563E-03 -5.8875881395090059E-03 -1.5555216433863080E-03
0
0.0
 -1.1407996218300525E+00 -2.3170985309886123E+00 3.8420614944644871E-01
 8.7536270428721225E-03 -5.9364489611851397E-03 -1.4793169539920501E-03
0
0.0
 -1.1407996218300525E+00 -2.3170985309886123E+00 3.8420614944644871E-01
 8.9244680242454230E-03 -6.1255877913902450E-03 -1.4864582787138417E-03
0
0.0
 -1.1407996218300525E+00 -2.3170985309886123E+00 3.8420614944644871E-01
 8.9267628631270989E-03 -5.9718045836815396E-03 -1.7961891824609354E-03
0
0.0
 -1.1407996218300525E+00 -2.3170985309886123E+00 3.8420614944644871E-01
 8.6924571357753101E-03 -5.9958240628421944E-03 -1.6933640923348947E-03
0
0.0
 -1.1407996218300525E+00 -2.3170985309886123E+00 3.8420614944644871E-01
 9.0012384102498930E-03 -5.9182353292735234E-03 -1.3903603930321992E-03
0
0.0
 -1.1407996218300525E+00 -2.3170985309886123E+00 3.8420614944644871E-01
 8.7643487749434305E-03 -5.9709155978437522E-03 -1.6123122420567450E-03
0
0.0
 -1.1407996218300525E+00 -2.3170985309886123E+00 3.8420614944644871E-01
 8.6935402579482041E-03 -5.8363614843080034E-03 -1.3990039901453310E-03
0
0.0
 -1.1407996218300525E+00 -2.3170985309886123E+00 3.8420614944644871E-01
 8.8864733923464112E-03 -5.9539211992512163E-03 -1.5209632198228543E-03
0
0.0
 -1.1407996218300525E+00 -2.3170985309886123E+00 3.8420614944644871E-01
 8.7887314928250509E-03 -5.9223201506371373E-03 -1.6482355262486532E-03
0
0.0
 -1.1407996218300525E+00 -2.3170985309886123E+00 3.8420614944644871E-01
 8.6418781964102565E-03 -5.8944237044333669E-03 -1.5818822275533142E-03
0
0.0
 -1.1407996218300525E+00 -2.3170985309886123E+00 3.8420614944644871E-01
 8.6428497811316951E-03 -5.9453603818724991E-03 -1.3958524098194680E-03
0
0.0
 -1.1407996218300525E+00 -2.3170985309886123E+00 3.8420614944644871E-01
 8.7666489412058460E-03 -6.1878132897877402E-03 -1.6071703330798658E-03
0
0.0
 -1.1407996218300525E+00 -2.3170985309886123E+00 3.8420614944644871E-01
 8.9225955475013344E-03 -5.8290903796650532E-03 -1.7182032654621110E-03
0
0.0
 -1.1407996218300525E+00 -2.3170985309886123E+00 3.8420614944644871E-01
 8.6984696794213390E-03 -6.1343342296447095E-03 -1.3951198903339307E-03
0
0.0
 -1.1407996218300525E+00 -2.3170985309886123E+00 3.8420614944644871E-01
 8.8177426196982076E-03 -5.8495777436889836E-03 -1.6516498276021906E-03
0
0.0
 -1.1407996218300525E+00 -2.3170985309886123E+00 3.8420614944644871E-01
 8.7859885434195852E-03 -5.9188083440684398E-03 -1.5616276692987747E-03
0
0.0
 -1.1407996218300525E+00 -2.3170985309886123E+00 3.8420614944644871E-01
 8.8311553301853030E-03 -5.9007514404708430E-03 -1.6661507904342033E-03
0
0.0
 -1.1407996218300525E+00 -2.3170985309886123E+00 3.8420614944644871E-01
 8.7063688700827688E-03 -5.7206005209281688E-03 -1.7245024710578890E-03
0
0.0
 -1.1407996218300525E+00 -2.3170985309886123E+00 3.8420614944644871E-01
 8.7190266924319030E-03 -5.8806461909950963E-03 -1.4256159757962648E-03
0
0.0
 -1.1407996218300525E+00 -2.3170985309886123E+00 3.8420614944644871E-01
 8.8757476068551215E-03 -6.1877922469447035E-03 -1.6914079370871952E-03
0
0.0
 -1.1407996218300525E+00 -2.3170985309886123E+00 3.8420614944644871E-01
 8.7912585796660440E-03 -5.9137003944455457E-03 -1.7141424222533335E-03
0
0.0
 -1.1407996218300525E+00 -2.3170985309886123E+00 3.8420614944644871E-01
 8.8322080346697005E-03 -6.0159976021561022E-03 -1.6912815871853153E-03
0
0.0
 -1.1407996218300525E+00 -2.3170985309886123E+00 3.8420614944644871E-01
 8.6326821147435819E-03 -6.1963434540822935E-03 -1.5571992690686549E-03
0
0.0
 -1.1407996218300525E+00 -2.3170985309886123E+00 3.8420614944644871E-01
 8.5618462976230769E-03 -5.9868512413183373E-03 -1.4839121070366027E-03
0
0.0
 -1.1407996218300525E+00 -2.3170985309886123E+00 3.8420614944644871E-01
 8.7581427676348082E-03 -5.7931366567783357E-03 -1.4960385051002000E-03
0
0.0
 -1.1407996218300525E+00 -2.3170985309886123E+00 3.8420614944644871E-01
 8.8021945843400201E-03 -5.9401228189451356E-03 -1.6761802787025480E-03
0
0.0
 -1.1407996218300525E+00 -2.3170985309886123E+00 3.8420614944644871E-01
 8.7868536186931408E-03 -5.9019132775767619E-03 -1.6280246993166988E-03
0
0.0
 -1.1407996218300525E+00 -2.3170985309886123E+00 3.8420614944644871E-01
 8.9238436826540278E-03 -6.1759782333589098E-03 -1.7292120969667393E-03
0
0.0
 -1.1407996218300525E+00 -2.3170985309886123E+00 3.8420614944644871E-01
 8.5453460929544710E-03 -5.8912577777076834E-03 -1.7377576761639637E-03
0
0.0
 -1.1407996218300525E+00 -2.3170985309886123E+00 3.8420614944644871E-01
 8.7999737884959586E-03 -5.7649904775983647E-03 -1.5600835851545904E-03
0
0.0
 -1.1407996218300525E+00 -2.3170985309886123E+00 3.8420614944644871E-01
 8.8010989399306249E-03 -5.6231200482455748E-03 -1.6801856600673283E-03
0
0.0
 -1.1407996218300525E+00 -2.3170985309886123E+00 3.8420614944644871E-01
 8.8574383417925617E-03 -5.9320978567348600E-03 -1.8661639595454252E-03
0
0.0
 -1.1407996218300525E+00 -2.3170985309886123E+00 3.8420614944644871E-01
 8.6679719921638181E-03 -5.8298346037545827E-03 -1.5882543810492920E-03
0
0.0
 -1.1407996218300525E+00 -2.3170985309886123E+00 3.8420614944644871E-01
 8.7767066726060980E-03 -5.9321232785248222E-03 -1.6410220069931248E-03
0
0.0
 -1.1407996218300525E+00 -2.3170985309886123E+00 3.8420614944644871E-01
 9.0162039618820761E-03 -5.7641841795555843E-03 -1.4332878195228496E-03
0
0.0
 -1.1407996218300525E+00 -2.3170985309886123E+00 3.8420614944644871E-01
 8.9103104385617679E-03 -5.8630552326416532E-03 -1.5713212136506415E-03
0
0.0
 -1.1407996218300525E+00 -2.3170985309886123E+00 3.8420614944644871E-01
 9.0731709695889094E-03 -5.7821510875990219E-03 -1.7088993931924030E-03
0
0.0
 -1.1407996218300525E+00 -2.3170985309886123E+00 3.8420614944644871E-01
 8.6038862393454530E-03 -5.9900903333717616E-03 -1.5589573558861159E-03
0
0.0
 -1.1407996218300525E+00 -2.3170985309886123E+00 3.8420614944644871E-01
 8.7462307772166424E-03 -6.0596885776241860E-03 -1.8433257225711499E-03
0
0.0
 -1.1407996218300525E+00 -2.3170985309886123E+00 3.8420614944644871E-01
 8.9380708430401266E-03 -6.0389049619151902E-03 -1.8088643662509968E-03
0
0.0
 -1.1407996218300525E+00 -2.3170985309886123E+00 3.8420614944644871E-01
 8.6862945780067716E-03 -5.8562472760327342E-03 -1.5266529384302477E-03
0
0.0
 -1.1407996218300525E+00 -2.3170985309886123E+00 3.8420614944644871E-01
 8.7837704313225747E-03 -5.9059510045606995E-03 -1.6247721222866047E-03
0
0.0
 -1.1407996218300525E+00 -2.3170985309886123E+00 3.8420614944644871E-01
 8.5861353790310218E-03 -6.0174145873382826E-03 -1.6194881798200428E-03
0
0.0
 -1.1407996218300525E+00 -2.3170985309886123E+00 3.8420614944644871E-01
 8.9409135096036822E-03 -5.9916595562284911E-03 -1.6235979140244744E-03
0
0.0
 -1.1407996218300525E+00 -2.3170985309886123E+00 3.8420614944644871E-01
 8.8157954524060653E-03 -5.9064356175924379E-03 -1.6409180683529595E-03
0
0.0
 -1.1407996218300525E+00 -2.3170985309886123E+00 3.8420614944644871E-01
 8.5202815941460269E-03 -5.7998930109569562E-03 -1.6501950511239832E-03
0
0.0
 -1.1407996218300525E+00 -2.3170985309886123E+00 3.8420614944644871E-01
 8.8782541263826946E-03 -5.8479557994347876E-03 -1.6000139402332447E-03
0
0.0
 -1.1407996218300525E+00 -2.3170985309886123E+00 3.8420614944644871E-01
 8.6562192971342284E-03 -5.8041480271743924E-03 -1.7804644107069891E-03
0
0.0
 -1.1407996218300525E+00 -2.3170985309886123E+00 3.8420614944644871E-01
 8.7760191340933574E-03 -6.2465026505793639E-03 -1.7080123241284373E-03
0
0.0
 -1.1407996218300525E+00 -2.3170985309886123E+00 3.8420614944644871E-01
 8.7861550782428657E-03 -6.0110811435866206E-03 -1.3792061846739970E-03
0
0.0
 -1.1407996218300525E+00 -2.3170985309886123E+00 3.8420614944644871E-01
 8.7975678939803941E-03 -5.8719322856376852E-03 -1.7786718838951256E-03
0
0.0
 -1.1407996218300525E+00 -2.3170985309886123E+00 3.8420614944644871E-01
 8.4913729659707848E-03 -5.9774441011133522E-03 -1.5819368192584425E-03
0
0.0
 -1.1407996218300525E+00 -2.3170985309886123E+00 3.8420614944644871E-01
 8.8423455014977666E-03 -5.8644127417841274E-03 -1.5555563466522373E-03
0
0.0
 -1.1407996218300525E+00 -2.3170985309886123E+00 3.8420614944644871E-01
 8.8304408386464181E-03 -6.0147816901457811E-03 -1.6674846733551255E-03
0
0.0
 -1.1407996218300525E+00 -2.3170985309886123E+00 3.8420614944644871E-01
 8.7001777436434349E-03 -5.6623579306402340E-03 -1.7106744908091992E-03
0
0.0
 -1.1407996218300525E+00 -2.3170985309886123E+00 3.8420614944644871E-01
 8.8857544887227767E-03 -6.0822524481295714E-03 -1.6362796198643563E-03
0
0.0
 -1.1407996218300525E+00 -2.3170985309886123E+00 3.8420614944644871E-01
 8.9319258289655735E-03 -5.7963925086539133E-03 -1.6790000118008029E-03
0
0.0
 -1.1407996218300525E+00 -2.3170985309886123E+00 3.8420614944644871E-01
 8.8125096005840179E-03 -5.8594275440195728E-03 -1.3650256693999994E-03
0
0.0
 -1.1407996218300525E+00 -2.3170985309886123E+00 3.8420614944644871E-01
 8.8479024586028947E-03 -5.8703851586886652E-03 -1.6160987775761658E-03
0
0.0
 -1.1407996218300525E+00 -2.3170985309886123E+00 3.8420614944644871E-01
 8.8963875100586138E-03 -5.9228077015794633E-03 -1.6342732925176933E-03
0
0.0
 -1.1407996218300525E+00 -2.3170985309886123E+00 3.8420614944644871E-01
 8.9018004537589328E-03 -6.0972398949342820E-03 -1.5188821711083443E-03
0
0.0
 -1.1407996218300525E+00 -2.3170985309886123E+00 3.8420614944644871E-01
 8.7602096299692171E-03 -5.9505900233788366E-03 -1.6120070130996942E-03
0
0.0
 -1.1407996218300525E+00 -2.3170985309886123E+00 3.8420614944644871E-01
 8.9550750666840383E-03 -5.9824623532649980E-03 -1.7558022089941519E-03
0
0.0
 -1.1407996218300525E+00 -2.3170985309886123E+00 3.8420614944644871E-01
 8.7539291805794305E-03 -5.8970553297504405E-03 -1.6140863541581243E-03
0
0.0
 -1.1407996218300525E+00 -2.3170985309886123E+00 3.8420614944644871E-01
 8.7623885287467160E-03 -5.9841047654481134E-03 -1.4694027067642084E-03
0
0.0
 -1.1407996218300525E+00 -2.3170985309886123E+00 3.8420614944644871E-01
 8.8385163387594157E-03 -5.8912361804249955E-03 -1.6226843827388537E-03
0
0.0
 -1.1407996218300525E+00 -2.3170985309886123E+00 3.8420614944644871E-01
 8.7539674662594699E-03 -6.0480711576004912E-03 -1.7307865076779342E-03
0
0.0
 -1.1407996218300525E+00 -2.3170985309886123E+00 3.8420614944644871E-01
 8.6164182606552082E-03 -5.8623312286465593E-03 -1.6852396780239213E-03
0
0.0
 -1.1407996218300525E+00 -2.3170985309886123E+00 3.8420614944644871E-01
 8.7665086436469510E-03 -5.8497813614146518E-03 -1.4820111095184803E-03
0
0.0
 -1.1407996218300525E+00 -2.3170985309886123E+00 3.8420614944644871E-01
 8.8041911205678398E-03 -5.9314485930438438E-03 -1.6839980132202545E-03
0
0.0
 -1.1407996218300525E+00 -2.3170985309886123E+00 3.8420614944644871E-01
 8.8850682698283813E-03 -5.8802468676389056E-03 -1.7731954682007806E-03
0
0.0
 -1.1407996218300525E+00 -2.3170985309886123E+00 3.8420614944644871E-01
 8.6727070264590207E-03 -5.7913863438560443E-03 -1.7684504955506658E-03
0
0.0
 -1.1407996218300525E+00 -2.3170985309886123E+00 3.8420614944644871E-01
 8.6798090833026149E-03 -5.8623370780387556E-03 -1.4877416357513553E-03
0
0.0
 -1.1407996218300525E+00 -2.3170985309886123E+00 3.8420614944644871E-01
 9.0398557977486270E-03 -5.8313574071290394E-03 -1.7726695013777867E-03
0
0.0
 -1.1407996218300525E+00 -2.3170985309886123E+00 3.8420614944644871E-01
 8.8331617938723107E-03 -5.8547456710606720E-03 -1.9381686025191460E-03
0
0.0
 -1.1407996218300525E+00 -2.3170985309886123E+00 3.8420614944644871E-01
 8.7760655129778438E-03 -5.9335016982802547E-03 -1.6725499850784662E-03
0
0.0
 -1.1407996218300525E+00 -2.3170985309886123E+00 3.8420614944644871E-01
 8.7500991337136416E-03 -5.9565706421670188E-03 -1.6502320647663890E-03
0
0.0
 -1.1407996218300525E+00 -2.3170985309886123E+00 3.8420614944644871E-01
 8.7352157027296828E-03 -5.7522275139116064E-03 -1.6515819850857697E-03
0
0.0
 -1.1407996218300525E+00 -2.3170985309886123E+00 3.8420614944644871E-01
 8.6658072465546580E-03 -6.0000441874426685E-03 -1.6362358100771106E-03
0
0.0
 -1.1407996218300525E+00 -2.3170985309886123E+00 3.8420614944644871E-01
 8.8497868218834434E-03 -5.8570917969236799E-03 -1.3120728374637241E-03
0
0.0
 -1.1407996218300525E+00 -2.3170985309886123E+00 3.8420614944644871E-01
 8.8537122761966468E-03 -5.9916439706765518E-03 -1.6920087913475498E-03
0
0.0
 -1.1407996218300525E+00 -2.3170985309886123E+00 3.8420614944644871E-01
 8.9124319629299009E-03 -5.9191991203612678E-03 -1.4991116995414380E-03
0
0.0
 -1.1407996218300525E+00 -2.3170985309886123E+00 3.8420614944644871E-01
 8.7806217831626534E-03 -5.7844687750330803E-03 -1.5729840175731260E-03
0
0.0
 -1.1407996218300525E+00 -2.3170985309886123E+00 3.8420614944644871E-01
 8.9211841079453753E-03 -6.1720139846533585E-03 -1.7316064058054269E-03
0
0.0
 -1.1407996218300525E+00 -2.3170985309886123E+00 3.8420614944644871E-01
 8.6749209286586873E-03 -5.9210207452694875E-03 -1.6086237245724532E-03
0
0.0
 -1.1407996218300525E+00 -2.3170985309886123E+00 3.8420614944644871E-01
 8.7981593334120079E-03 -5.9031631058415928E-03 -1.6914824322772927E-03
0
0.0
 -1.1407996218300525E+00 -2.3170985309886123E+00 3.8420614944644871E-01
 8.8290356050303911E-03 -5.8876190287573908E-03 -1.4288188959205121E-03
0
0.0
 -1.1407996218300525E+00 -2.3170985309886123E+00 3.8420614944644871E-01
 8.7343431278827655E-03 -5.8612211621273764E-03 -1.5923846224969319E-03
0
0.0
 -1.1407996218300525E+00 -2.3170985309886123E+00 3.8420614944644871E-01
 8.7628714055557836E-03 -6.0117643937267840E-03 -1.5681502692434241E-03
0
0.0
 -1.1407996218300525E+00 -2.3170985309886123E+00 3.8420614944644871E-01
 8.7542156664611580E-03 -6.1528024467460002E-03 -1.6749865115879984E-03
0
0.0
 -1.1407996218300525E+00 -2.3170985309886123E+00 3.8420614944644871E-01
 8.9053974796722644E-03 -5.8618333736427074E-03 -1.8866118378442847E-03
0
0.0
 -1.1407996218300525E+00 -2.3170985309886123E+00 3.8420614944644871E-01
 8.7003970674226182E-03 -6.0157309954118453E-03 -1.6123485559085111E-03
0
0.0
 -1.1407996218300525E+00 -2.3170985309886123E+00 3.8420614944644871E-01
 8.7040766217475838E-03 -5.9850854631376136E-03 -1.8373891846725820E-03
0
0.0
 -1.1407996218300525E+00 -2.3170985309886123E+00 3.8420614944644871E-01
 8.7167843733146361E-03 -5.7150545918645997E-03 -1.7529810667695110E-03
0
0.0
 -1.1407996218300525E+00 -2.3170985309886123E+00 3.8420614944644871E-01
 9.0730486062852514E-03 -5.8499391838134135E-03 -1.7467444554703144E-03
0
0.0
 -1.1407996218300525E+00 -2.3170985309886123E+00 3.8420614944644871E-01
 8.7531222094651712E-03 -5.8834047689816050E-03 -1.4821812294198622E-03
0
0.0
 -1.1407996218300525E+00 -2.3170985309886123E+00 3.8420614944644871E-01
 8.6943232291740793E-03 -5.9519684471205326E-03 -1.5756167513752372E-03
0
0.0
 -1.1407996218300525E+00 -2.3170985309886123E+00 3.8420614944644871E-01
 8.8304469676131203E-03 -5.9202275878093595E-03 -1.5811742890238230E-03
0
0.0
 -1.1407996218300525E+00 -2.3170985309886123E+00 3.8420614944644871E-01
 8.5549342896296347E-03 -5.8741170649905389E-03 -1.3717154242435662E-03
0
0.0
 -1.1407996218300525E+00 -2.3170985309886123E+00 3.8420614944644871E-01
 8.7347421720001036E-03 -6.0041996820767553E-03 -1.5753246120441685E-03
0
0.0
 -1.1407996218300525E+00 -2.3170985309886123E+00 3.8420614944644871E-01
 8.9375427173235041E-03 -5.7290734305672913E-03 -1.7739944654284784E-03
0
0.0
 -1.1407996218300525E+00 -2.3170985309886123E+00 3.8420614944644871E-01
 8.9661224518318566E-03 -5.8803604522804703E-03 -1.6999369432446484E-03
0
0.0
 -1.1407996218300525E+00 -2.3170985309886123E+00 3.8420614944644871E-01
 8.4860868762530184E-03 -5.9809214840224247E-03 -1.7306518138240957E-03
0
0.0
 -1.1407996218300525E+00 -2.3170985309886123E+00 3.8420614944644871E-01
 8.8351436573146942E-03 -5.8138030289025134E-03 -1.8394480964515408E-03
0
0.0
 -1.1407996218300525E+00 -2.3170985309886123E+00 3.8420614944644871E-01
 8.9327401929511496E-03 -6.0191550436852793E-03 -1.6992253616140173E-03
0
0.0
 -1.1407996218300525E+00 -2.3170985309886123E+00 3.8420614944644871E-01
 8.7876176119538445E-03 -6.0341913327729996E-03 -1.8653256433415390E-03
0
0.0
 -1.1407996218300525E+00 -2.3170985309886123E+00 3.8420614944644871E-01
 8.9272848024248702E-03 -5.7074104411201036E-03 -1.7231980499328140E-03
0
0.0
 -1.1407996218300525E+00 -2.3170985309886123E+00 3.8420614944644871E-01
 8.8227128601007631E-03 -5.7694129019645367E-03 -1.6620886416384756E-03
0
0.0
 -1.1407996218300525E+00 -2.3170985309886123E+00 3.8420614944644871E-01
 8.8225333283196775E-03 -5.9001707300977025E-03 -1.6766847270267547E-03
0
0.0
 -1.1407996218300525E+00 -2.3170985309886123E+00 3.8420614944644871E-01
 8.7310919306033234E-03 -5.9726475712626641E-03 -1.7325011953668666E-03
0
0.0
 -1.1407996218300525E+00 -2.3170985309886123E+00 3.8420614944644871E-01
 8.8989362732305802E-03 -5.7364463347521185E-03 -1.8357582571767192E-03
0
0.0
 -1.1407996218300525E+00 -2.3170985309886123E+00 3.8420614944644871E-01
 8.9332726350350583E-03 -5.7328148061921583E-03 -1.3916138283644834E-03
0
0.0
 -1.1407996218300525E+00 -2.3170985309886123E+00 3.8420614944644871E-01
 8.5067166255268674E-03 -5.9704559988637430E-03 -1.6614985304537165E-03
0
0.0
 -1.1407996218300525E+00 -2.3170985309886123E+00 3.8420614944644871E-01
 8.8554332597757784E-03 -5.7213116637604483E-03 -1.6188633741209719E-03
0
0.0
 -1.1407996218300525E+00 -2.3170985309886123E+00 3.8420614944644871E-01
 8.8499239216582141E-03 -5.9525883560123871E-03 -1.6206494197007150E-03
0
0.0
 -1.1407996218300525E+00 -2.3170985309886123E+00 3.8420614944644871E-01
 8.8828774020959234E-03 -6.0443980522139019E-03 -1.8085439118951706E-03
0
0.0
 -1.1407996218300525E+00 -2.3170985309886123E+00 3.8420614944644871E-01
 8.7655651935543439E-03 -5.9281400546022578E-03 -1.6215244327108429E-03
0
0.0
 -1.1407996218300525E+00 -2.3170985309886123E+00 3.8420614944644871E-01
 8.6965896468736217E-03 -6.0443027348893695E-03 -1.3609834863327970E-03
0
0.0
 -1.1407996218300525E+00 -2.3170985309886123E+00 3.8420614944644871E-01
 9.0302890971532008E-03 -5.8687900704841034E-03 -1.8507958435608229E-03
0
0.0
 -1.1407996218300525E+00 -2.3170985309886123E+00 3.8420614944644871E-01
 8.8135835431661837E-03 -5.9488918949059518E-03 -1.6725851563162398E-03
0
0.0
 -1.1407996218300525E+00 -2.3170985309886123E+00 3.8420614944644871E-01
 8.8843937571739511E-03 -5.9317763831264973E-03 -1.8437883878878692E-03
0
0.0
 -1.1407996218300525E+00 -2.3170985309886123E+00 3.8420614944644871E-01
 8.7793570596755889E-03 -5.9346797957971088E-03 -1.6141919251974638E-03
0
0.0
 -1.1407996218300525E+00 -2.3170985309886123E+00 3.8420614944644871E-01
 8.7865859725693128E-03 -6.0007942521194280E-03 -1.6639093746935499E-03
0
0.0
 -1.1407996218300525E+00 -2.3170985309886123E+00 3.8420614944644871E-01
 8.5824102449407573E-03 -6.0327336980598601E-03 -1.5959861647818006E-03
0
0.0
 -1.1407996218300525E+00 -2.3170985309886123E+00 3.8420614944644871E-01
 9.0640019069273287E-03 -5.8739043642373895E-03 -1.6671128195523790E-03
0
0.0
 -1.1407996218300525E+00 -2.3170985309886123E+00 3.8420614944644871E-01
 8.7903192279546582E-03 -5.7677368445354258E-03 -1.6285139440122645E-03
0
0.0
 -1.1407996218300525E+00 -2.3170985309886123E+00 3.8420614944644871E-01
 8.9315510589344053E-03 -5.8203428956344009E-03 -1.5877891020633090E-03
0
0.0
 -1.1407996218300525E+00 -2.3170985309886123E+00 3.8420614944644871E-01
 8.6086239781049644E-03 -5.9202892283051079E-03 -1.4745084568308596E-03
0
0.0
 -1.1407996218300525E+00 -2.3170985309886123E+00 3.8420614944644871E-01
 8.7742986342297033E-03 -5.9103993996016662E-03 -1.5780188083164550E-03
0
0.0
 -1.1407996218300525E+00 -2.3170985309886123E+00 3.8420614944644871E-01
 9.0008711003246988E-03 -6.0612168002999196E-03 -1.5647399122940104E-03
0
0.0
 -1.1407996218300525E+00 -2.3170985309886123E+00 3.8420614944644871E-01
 8.8048731471040767E-03 -5.9420600362012849E-03 -1.6402213313363142E-03
0
0.0
 -1.1407996218300525E+00 -2.3170985309886123E+00 3.8420614944644871E-01
 8.8061528611987541E-03 -5.7613779874578453E-03 -1.3263297283983280E-03
0
0.0
 -1.1407996218300525E+00 -2.3170985309886123E+00 3.8420614944644871E-01
 8.5749007687040517E-03 -5.9448725060986182E-03 -1.5330619508651679E-03
0
0.0
 -1.1407996218300525E+00 -2.3170985309886123E+00 3.8420614944644871E-01
 8.6660495291502136E-03 -5.8434431119574418E-03 -1.5710449180253133E-03
0
0.0
 -1.1407996218300525E+00 -2.3170985309886123E+00 3.8420614944644871E-01
 8.8084614694620127E-03 -5.9984827139791573E-03 -1.5702561341774458E-03
0
0.0
 -1.1407996218300525E+00 -2.3170985309886123E+00 3.8420614944644871E-01
 8.5252166014113256E-03 -5.9285104771467992E-03 -1.8344634629811438E-03
0
0.0
 -1.1407996218300525E+00 -2.3170985309886123E+00 3.8420614944644871E-01
 8.8243944978819346E-03 -5.8054696632536809E-03 -1.6633377877318895E-03
0
0.0
 -1.1407996218300525E+00 -2.3170985309886123E+00 3.8420614944644871E-01
 8.9086588547482200E-03 -5.6569981342024294E-03 -1.4613174999365177E-03
0
0.0
 -1.1407996218300525E+00 -2.3170985309886123E+00 3.8420614944644871E-01
 8.8197417191194557E-03 -5.9510158755769673E-03 -1.6599895623242277E-03
0
0.0
 -1.1407996218300525E+00 -2.3170985309886123E+00 3.8420614944644871E-01
 8.7870762380626369E-03 -5.9067435050887363E-03 -1.6608923536088876E-03
0
0.0
 -1.1407996218300525E+00 -2.3170985309886123E+00 3.8420614944644871E-01
 8.8960009139411947E-03 -6.0232153503292918E-03 -1.4840141157206311E-03
0
0.0
 -1.1407996218300525E+00 -2.3170985309886123E+00 3.8420614944644871E-01
 8.7696455130547597E-03 -5.9245830144478984E-03 -1.6386472301015815E-03
0
0.0
 -1.1407996218300525E+00 -2.3170985309886123E+00 3.8420614944644871E-01
 8.9135486298670130E-03 -6.0544469745398722E-03 -1.5511515265891924E-03
0
0.0
 -1.1407996218300525E+00 -2.3170985309886123E+00 3.8420614944644871E-01
 9.1107993654299460E-03 -5.8456419345311872E-03 -1.5685026647244975E-03
0
0.0
 -1.1407996218300525E+00 -2.3170985309886123E+00 3.8420614944644871E-01
 8.6642830262540216E-03 -5.8405646928709589E-03 -1.6617962465060444E-03
0
0.0
 -1.1407996218300525E+00 -2.3170985309886123E+00 3.8420614944644871E-01
 8.7168700612044545E-03 -6.1509072085883373E-03 -1.5365746149644103E-03
0
0.0
 -1.1407996218300525E+00 -2.3170985309886123E+00 3.8420614944644871E-01
 8.8215116700812481E-03 -5.8335066758488886E-03 -1.6622240851989795E-03
0
0.0
 -1.1407996218300525E+00 -2.3170985309886123E+00 3.8420614944644871E-01
 8.6151686737040555E-03 -6.1244468142187918E-03 -1.6380372569059335E-03
0
0.0
 -1.1407996218300525E+00 -2.3170985309886123E+00 3.8420614944644871E-01
 8.8077450061473193E-03 -5.9864895685584792E-03 -1.5677699410453737E-03
0
0.0
 -1.1407996218300525E+00 -2.3170985309886123E+00 3.8420614944644871E-01
 8.8601125699795426E-03 -5.8760946709577070E-03 -1.5855919224736803E-03
0
0.0
 -1.1407996218300525E+00 -2.3170985309886123E+00 3.8420614944644871E-01
 8.7901558990966921E-03 -5.8536411477891782E-03 -1.6090622960169738E-03
0
0.0
 -1.1407996218300525E+00 -2.3170985309886123E+00 3.8420614944644871E-01
 8.8548938134008961E-03 -5.9529273831044234E-03 -1.5391279388446196E-03
0
0.0
 -1.1407996218300525E+00 -2.3170985309886123E+00 3.8420614944644871E-01
 8.8013269741409120E-03 -5.6765281655179797E-03 -1.6550874174244368E-03
0
0.0
 -1.1407996218300525E+00 -2.3170985309886123E+00 3.8420614944644871E-01
 8.9122987956614681E-03 -5.7922569132814019E-03 -1.4768440561205233E-03
0
0.0
 -1.1407996218300525E+00 -2.3170985309886123E+00 3.8420614944644871E-01
 8.6406849050205559E-03 -5.9920982345868798E-03 -1.6357063837487338E-03
0
0.0
 -1.1407996218300525E+00 -2.3170985309886123E+00 3.8420614944644871E-01
 8.8047083876765814E-03 -5.9369573489188171E-03 -1.6527136851397339E-03
0
0.0
 -1.1407996218300525E+00 -2.3170985309886123E+00 3.8420614944644871E-01
 8.5088286698280606E-03 -6.1128081824517039E-03 -1.6107087180361951E-03
0
0.0
 -1.1407996218300525E+00 -2.3170985309886123E+00 3.8420614944644871E-01
 8.6413680741983436E-03 -5.8082959277632549E-03 -1.7002451908604522E-03
0
0.0
 -1.1407996218300525E+00 -2.3170985309886123E+00 3.8420614944644871E-01
 8.8474596233757835E-03 -5.9172711387219194E-03 -1.6811772352021612E-03
0
0.0
 -1.1407996218300525E+00 -2.3170985309886123E+00 3.8420614944644871E-01
 8.7538226318411346E-03 -5.9423358906011917E-03 -1.6328405679492813E-03
0
0.0
 -1.1407996218300525E+00 -2.3170985309886123E+00 3.8420614944644871E-01
 8.7693710849310168E-03 -5.8699350307665887E-03 -1.5007459066075637E-03
0
0.0
 -1.1407996218300525E+00 -2.3170985309886123E+00 3.8420614944644871E-01
 8.7031892751651112E-03 -5.9654193158138191E-03 -1.7055135370552467E-03
0
0.0
 -1.1407996218300525E+00 -2.3170985309886123E+00 3.8420614944644871E-01
 8.6994199736749999E-03 -5.8650749962844582E-03 -1.7750227043389565E-03
0
0.0
 -1.1407996218300525E+00 -2.3170985309886123E+00 3.8420614944644871E-01
 8.7133391168900919E-03 -5.9321103874087388E-03 -1.7271930520497607E-03
0
0.0
 -1.1407996218300525E+00 -2.3170985309886123E+00 3.8420614944644871E-01
 8.7236001096456239E-03 -5.9348062485873928E-03 -1.6317620077196879E-03
0
0.0
 -1.1407996218300525E+00 -2.3170985309886123E+00 3.8420614944644871E-01
 8.6397835066319550E-03 -5.7110343549526396E-03 -1.5685323493051506E-03
0
0.0
 -1.1407996218300525E+00 -2.3170985309886123E+00 3.8420614944644871E-01
 8.6867450386294461E-03 -5.9970465928325511E-03 -1.8730161189155802E-03
0
0.0
 -1.1407996218300525E+00 -2.3170985309886123E+00 3.8420614944644871E-01
 8.8783374874020111E-03 -5.8052159183804566E-03 -1.7899500657975933E-03
0
0.0
 -1.1407996218300525E+00 -2.3170985309886123E+00 3.8420614944644871E-01
 9.0128878039607372E-03 -6.1464688832266103E-03 -1.6632972780955867E-03
0
0.0
 -1.1407996218300525E+00 -2.3170985309886123E+00 3.8420614944644871E-01
 8.7620958122415996E-03 -5.9094702955867868E-03 -1.2836181164628522E-03
0
0.0
 -1.1407996218300525E+00 -2.3170985309886123E+00 3.8420614944644871E-01
 8.7122911368952231E-03 -5.9980521795128840E-03 -1.5504968239391859E-03
0
0.0
 -1.1407996218300525E+00 -2.3170985309886123E+00 3.8420614944644871E-01
 8.7746111843730774E-03 -5.9264421436944015E-03 -1.6317252381442928E-03
0
0.0
 -1.1407996218300525E+00 -2.3170985309886123E+00 3.8420614944644871E-01
 8.7188951183280461E-03 -5.7432930300552873E-03 -1.8721374778685443E-03
0
0.0
 -1.1407996218300525E+00 -2.3170985309886123E+00 3.8420614944644871E-01
 8.8568618219105680E-03 -5.7556612964400266E-03 -1.7557449895060277E-03
0
0.0
 -1.1407996218300525E+00 -2.3170985309886123E+00 3.8420614944644871E-01
 9.0903473108864923E-03 -6.0013286169313404E-03 -1.6317539467421616E-03
0
0.0
 -1.1407996218300525E+00 -2.3170985309886123E+00 3.8420614944644871E-01
 8.5167016087493910E-03 -5.9682029930585257E-03 -1.4661410227270514E-03
0
0.0
 -1.1407996218300525E+00 -2.3170985309886123E+00 3.8420614944644871E-01
 8.7188788241461777E-03 -6.0853334741100985E-03 -1.7004783845927212E-03
0
0.0
 -1.1407996218300525E+00 -2.3170985309886123E+00 3.8420614944644871E-01
 8.5391650670668760E-03 -5.7735697498401311E-03 -1.4893926681975012E-03
0
0.0
 -1.1407996218300525E+00 -2.3170985309886123E+00 3.8420614944644871E-01
 8.5710489509030711E-03 -6.0454830087937859E-03 -1.6667291436277569E-03
0
0.0
 -1.1407996218300525E+00 -2.3170985309886123E+00 3.8420614944644871E-01
 8.7279437354552993E-03 -5.9622441282409736E-03 -1.6868149318800148E-03
0
0.0
 -1.1407996218300525E+00 -2.3170985309886123E+00 3.8420614944644871E-01
 8.6711610030146408E-03 -5.7476162951820972E-03 -1.7285658611312623E-03
0
0.0
 -1.1407996218300525E+00 -2.3170985309886123E+00 3.8420614944644871E-01
 8.6422214779214752E-03 -5.9377816995892585E-03 -1.7602359816158741E-03
0
0.0
 -1.1407996218300525E+00 -2.3170985309886123E+00 3.8420614944644871E-01
 8.9622989280385111E-03 -5.9929116652837691E-03 -1.9018526398906356E-03
0
0.0
 -1.1407996218300525E+00 -2.3170985309886123E+00 3.8420614944644871E-01
 8.7618137073131527E-03 -6.0752976155595230E-03 -1.7150332007842542E-03
0
0.0
 -1.1407996218300525E+00 -2.3170985309886123E+00 3.8420614944644871E-01
 8.8023289568732333E-03 -5.9373365466803569E-03 -1.4699716556607393E-03
0
0.0
 -1.1407996218300525E+00 -2.3170985309886123E+00 3.8420614944644871E-01
 8.4753319971434468E-03 -5.9493671190306652E-03 -1.4762048810648598E-03
0
0.0
 -1.1407996218300525E+00 -2.3170985309886123E+00 3.8420614944644871E-01
 8.8275726953761062E-03 -5.9341316764385523E-03 -1.7709268575519775E-03
0
0.0
 -1.1407996218300525E+00 -2.3170985309886123E+00 3.8420614944644871E-01
 8.7981634475308001E-03 -5.7593178769868728E-03 -1.9330765091922671E-03
0
0.0
 -1.1407996218300525E+00 -2.3170985309886123E+00 3.8420614944644871E-01
 8.7210242172925008E-03 -6.1922855594611177E-03 -1.6425936868910828E-03
0
0.0
 -1.1407996218300525E+00 -2.3170985309886123E+00 3.8420614944644871E-01
 8.6561189585576941E-03 -5.8012189280833727E-03 -1.7441416184406872E-03
0
0.0
 -1.1407996218300525E+00 -2.3170985309886123E+00 3.8420614944644871E-01
 8.7152471803873411E-03 -5.8546404230620814E-03 -1.8859924371829894E-03
0
0.0
 -1.1407996218300525E+00 -2.3170985309886123E+00 3.8420614944644871E-01
 8.7602350268256614E-03 -5.8349420482307866E-03 -1.5530632551330676E-03
0
0.0
 -1.1407996218300525E+00 -2.3170985309886123E+00 3.8420614944644871E-01
 8.5723320276033209E-03 -5.8770503191036922E-03 -1.7022070565721743E-03
0
0.0
 -1.1407996218300525E+00 -2.3170985309886123E+00 3.8420614944644871E-01
 8.8216123342081589E-03 -5.9405947687446855E-03 -1.6732113905329935E-03
0
0.0
 -1.1407996218300525E+00 -2.3170985309886123E+00 3.8420614944644871E-01
 8.8225706135998342E-03 -5.8696118841284478E-03 -1.6551763039580536E-03
0
0.0
 -1.1407996218300525E+00 -2.3170985309886123E+00 3.8420614944644871E-01
 8.8538414721846728E-03 -5.9076713567870528E-03 -1.4738959943610883E-03
0
0.0
 -1.1407996218300525E+00 -2.3170985309886123E+00 3.8420614944644871E-01
 8.8461322018900720E-03 -5.8817568689700558E-03 -1.7426467416892389E-03
0
0.0
 -1.1407996218300525E+00 -2.3170985309886123E+00 3.8420614944644871E-01
 9.0226411729570754E-03 -5.8643836683786371E-03 -1.4096859325583994E-03
0
0.0
 -1.1407996218300525E+00 -2.3170985309886123E+00 3.8420614944644871E-01
 8.8463722469629483E-03 -5.9435902578399702E-03 -1.6570767199650623E-03
0
0.0
 -1.1407996218300525E+00 -2.3170985309886123E+00 3.8420614944644871E-01
 8.6756750883041980E-03 -5.8309451269266876E-03 -1.5033186843841008E-03
0
0.0
 -1.1407996218300525E+00 -2.3170985309886123E+00 3.8420614944644871E-01
 9.0445968413098727E-03 -6.0870872444691009E-03 -1.5891851914555538E-03
0
0.0
 -1.1407996218300525E+00 -2.3170985309886123E+00 3.8420614944644871E-01
 8.8184796458504119E-03 -5.8781600237267605E-03 -1.5188336102760147E-03
0
0.0
 -1.1407996218300525E+00 -2.3170985309886123E+00 3.8420614944644871E-01
 8.6317258735443374E-03 -5.8708237125314868E-03 -1.7174364728541735E-03
0
0.0
 -1.1407996218300525E+00 -2.3170985309886123E+00 3.8420614944644871E-01
 8.6512505183504989E-03 -6.1401683683761530E-03 -1.4332325948010457E-03
0
0.0
 -1.1407996218300525E+00 -2.3170985309886123E+00 3.8420614944644871E-01
 8.6677783386066784E-03 -6.0877114628789444E-03 -1.5637906236399188E-03
0
0.0
 -1.1407996218300525E+00 -2.3170985309886123E+00 3.8420614944644871E-01
 8.7670237282766045E-03 -5.7590548594510576E-03 -1.7700062827594716E-03
0
0.0
 -1.1407996218300525E+00 -2.3170985309886123E+00 3.8420614944644871E-01
 9.0096423410404320E-03 -6.0944426226887160E-03 -1.5317475140207482E-03
0
0.0
 -1.1407996218300525E+00 -2.3170985309886123E+00 3.8420614944644871E-01
 8.9309291723246448E-03 -5.8606480655391006E-03 -1.5643841318125444E-03
0
0.0
 -1.1407996218300525E+00 -2.3170985309886123E+00 3.8420614944644871E-01
 8.8683467482565895E-03 -6.0294936371824417E-03 -1.5497503202679145E-03
0
0.0
 -1.1407996218300525E+00 -2.3170985309886123E+00 3.8420614944644871E-01
 8.9880635967822149E-03 -5.9269282916458270E-03 -1.6994424105414888E-03
0
0.0
 -1.1407996218300525E+00 -2.3170985309886123E+00 3.8420614944644871E-01
 8.8665733444081764E-03 -5.6301187920230157E-03 -1.5834201918120524E-03
0
0.0
 -1.1407996218300525E+00 -2.3170985309886123E+00 3.8420614944644871E-01
 8.8878869712538926E-03 -5.6107569414293830E-03 -1.5316803698831331E-03
0
0.0
 -1.1407996218300525E+00 -2.3170985309886123E+00 3.8420614944644871E-01
 8.6784594874336242E-03 -5.7152776551646946E-03 -1.5858888405004474E-03
0
0.0
 -1.1407996218300525E+00 -2.3170985309886123E+00 3.8420614944644871E-01
 8.7960279517383354E-03 -5.7073734118800101E-03 -1.7724847797193624E-03
0
0.0
 -1.1407996218300525E+00 -2.3170985309886123E+00 3.8420614944644871E-01
 8.7410706155030046E-03 -6.1095893678131561E-03 -1.4711139840433466E-03
0
0.0
 -1.1407996218300525E+00 -2.3170985309886123E+00 3.8420614944644871E-01
 8.9129561307171451E-03 -6.0950951223085062E-03 -1.7113438329297086E-03
0
0.0
 -1.1407996218300525E+00 -2.3170985309886123E+00 3.8420614944644871E-01
 8.6479263496814091E-03 -6.2052142980086765E-03 -1.5444682735898884E-03
0
0.0
 -1.1407996218300525E+00 -2.3170985309886123E+00 3.8420614944644871E-01
 9.0767656390336945E-03 -5.8685193309983633E-03 -1.6322028896287965E-03
0
0.0
 -1.1407996218300525E+00 -2.3170985309886123E+00 3.8420614944644871E-01
 8.9478828934231071E-03 -5.6820360738054120E-03 -1.4919788120371330E-03
0
0.0
 -1.1407996218300525E+00 -2.3170985309886123E+00 3.8420614944644871E-01
 8.9890106568531417E-03 -5.8290921068347374E-03 -1.4879102866723014E-03
0
0.0
 -1.1407996218300525E+00 -2.3170985309886123E+00 3.8420614944644871E-01
 8.7416551541855472E-03 -5.9342221743657261E-03 -1.6751693814448321E-03
0
0.0
 -1.1407996218300525E+00 -2.3170985309886123E+00 3.8420614944644871E-01
 8.6167420673456448E-03 -5.9008117815062180E-03 -1.5886271036553874E-03
0
0.0
 -1.1407996218300525E+00 -2.3170985309886123E+00 3.8420614944644871E-01
 8.8360853174926229E-03 -5.9413210137484931E-03 -1.8965423750577251E-03
0
0.0
 -1.1407996218300525E+00 -2.3170985309886123E+00 3.8420614944644871E-01
 8.6777679650480513E-03 -6.0080356824955636E-03 -1.7206968248774026E-03
0
0.0
 -1.1407996218300525E+00 -2.3170985309886123E+00 3.8420614944644871E-01
 8.8540046839406771E-03 -5.8504841756560960E-03 -1.7886682186603700E-03
0
0.0
 -1.1407996218300525E+00 -2.3170985309886123E+00 3.8420614944644871E-01
 8.8646136325774161E-03 -6.0003659663902271E-03 -1.5531907365605414E-03
0
0.0
 -1.1407996218300525E+00 -2.3170985309886123E+00 3.8420614944644871E-01
 8.6349305443625957E-03 -5.9914264977698117E-03 -1.7486321808691779E-03
0
0.0
 -1.1407996218300525E+00 -2.3170985309886123E+00 3.8420614944644871E-01
 9.0361248444647373E-03 -6.0869932436907600E-03 -1.6082220683454941E-03
0
0.0
 -1.1407996218300525E+00 -2.3170985309886123E+00 3.8420614944644871E-01
 9.0557044894850683E-03 -5.8786238544985816E-03 -1.5153021978728486E-03
0
0.0
 -1.1407996218300525E+00 -2.3170985309886123E+00 3.8420614944644871E-01
 8.9233991579586551E-03 -5.7571191811483366E-03 -1.6555286885874098E-03
0
0.0
 -1.1407996218300525E+00 -2.3170985309886123E+00 3.8420614944644871E-01
 8.7206981625511278E-03 -5.6198178749035403E-03 -1.5718053344172720E-03
0
0.0
 -1.1407996218300525E+00 -2.3170985309886123E+00 3.8420614944644871E-01
 8.8070797529765758E-03 -6.0832208212978373E-03 -1.7414680100572160E-03
0
0.0
 -1.1407996218300525E+00 -2.3170985309886123E+00 3.8420614944644871E-01
 8.8857425067271224E-03 -5.7503019918028093E-03 -1.9128575968446076E-03
0
0.0
 -1.1407996218300525E+00 -2.3170985309886123E+00 3.8420614944644871E-01
 8.7666709454193546E-03 -5.9341930784103042E-03 -1.5764600535481197E-03
0
0.0
 -1.1407996218300525E+00 -2.3170985309886123E+00 3.8420614944644871E-01
 9.0572963740149608E-03 -5.8960036534596496E-03 -1.7069990965111353E-03
0
0.0
 -1.1407996218300525E+00 -2.3170985309886123E+00 3.8420614944644871E-01
 8.6396197651448826E-03 -6.0068117715935876E-03 -1.5511349732466255E-03
0
0.0
 -1.1407996218300525E+00 -2.3170985309886123E+00 3.8420614944644871E-01
 8.7145128984483945E-03 -5.9084568989207940E-03 -1.6601300566834269E-03
0
0.0
 -1.1407996218300525E+00 -2.3170985309886123E+00 3.8420614944644871E-01
 8.9526924744420273E-03 -5.8655454897475383E-03 -1.7965819221640237E-03
0
0.0
 -1.1407996218300525E+00 -2.3170985309886123E+00 3.8420614944644871E-01
 8.6242245372953850E-03 -5.9985729413362093E-03 -1.4959911365177809E-03
0
0.0
 -1.1407996218300525E+00 -2.3170985309886123E+00 3.8420614944644871E-01
 9.0143291591435193E-03 -5.8397049682173859E-03 -1.6778795874144521E-03
0
0.0
 -1.1407996218300525E+00 -2.3170985309886123E+00 3.8420614944644871E-01
 9.0734243692538376E-03 -5.8343588284693543E-03 -1.5071898329511817E-03
0
0.0
 -1.1407996218300525E+00 -2.3170985309886123E+00 3.8420614944644871E-01
 8.6435336810492501E-03 -5.6628017237855058E-03 -1.5174103062638986E-03
0
0.0
 -1.1407996218300525E+00 -2.3170985309886123E+00 3.8420614944644871E-01
 8.8679570906068979E-03 -5.6485985394486675E-03 -1.5810369061983892E-03
0
0.0
 -1.1407996218300525E+00 -2.3170985309886123E+00 3.8420614944644871E-01
 8.7660728419299457E-03 -5.9538262116468482E-03 -1.7050077388793884E-03
0
0.0
 -1.1407996218300525E+00 -2.3170985309886123E+00 3.8420614944644871E-01
 9.0696025039142137E-03 -5.7885757694542362E-03 -1.4880888242581472E-03
0
0.0
 -1.1407996218300525E+00 -2.3170985309886123E+00 3.8420614944644871E-01
 8.8688340656057577E-03 -6.0775268029115304E-03 -1.6978821722592344E-03
0
0.0
 -1.1407996218300525E+00 -2.3170985309886123E+00 3.8420614944644871E-01
 8.7825310144038510E-03 -6.1388113172641109E-03 -1.6171951424906470E-03
0
0.0
 -1.1407996218300525E+00 -2.3170985309886123E+00 3.8420614944644871E-01
 8.8021759790256789E-03 -5.8639964269828941E-03 -1.5889141995682845E-03
0
0.0
 -1.1407996218300525E+00 -2.3170985309886123E+00 3.8420614944644871E-01
 8.7894960915646716E-03 -6.0272182523602750E-03 -1.6105652169903799E-03
0
0.0
 -1.1407996218300525E+00 -2.3170985309886123E+00 3.8420614944644871E-01
 8.9822979396629327E-03 -6.1001361657964936E-03 -1.5287445954445963E-03
0
0.0
 -1.1407996218300525E+00 -2.3170985309886123E+00 3.8420614944644871E-01
 8.8319543232119740E-03 -5.8255727476328222E-03 -1.6625388971811263E-03
0
0.0
 -1.1407996218300525E+00 -2.3170985309886123E+00 3.8420614944644871E-01
 8.8588506665199674E-03 -5.9284127270092628E-03 -1.5753747792213578E-03
0
0.0
 -1.1407996218300525E+00 -2.3170985309886123E+00 3.8420614944644871E-01
 8.7376477116900605E-03 -5.9744919832807235E-03 -1.6908697229378821E-03
0
0.0
 -1.1407996218300525E+00 -2.3170985309886123E+00 3.8420614944644871E-01
 8.9746362599096297E-03 -5.9224327610534824E-03 -1.7615736610758583E-03
0
0.0
 -1.1407996218300525E+00 -2.3170985309886123E+00 3.8420614944644871E-01
 8.9304683315178449E-03 -6.0580755089828259E-03 -1.5131041362272237E-03
0
0.0
 -1.1407996218300525E+00 -2.3170985309886123E+00 3.8420614944644871E-01
 8.7023578431153093E-03 -5.8385453295544260E-03 -1.6220332510705150E-03
0
0.0
 -1.1407996218300525E+00 -2.3170985309886123E+00 3.8420614944644871E-01
 8.7189901320646884E-03 -5.8952375107681572E-03 -1.5921512833273410E-03
0
0.0
 -1.1407996218300525E+00 -2.3170985309886123E+00 3.8420614944644871E-01
 8.9667963049519309E-03 -5.6960315365504983E-03 -1.5313085422612245E-03
0
0.0
 -1.1407996218300525E+00 -2.3170985309886123E+00 3.8420614944644871E-01
 8.7884734572210976E-03 -5.9053923660504683E-03 -1.6371658634277998E-03
0
0.0
 -1.1407996218300525E+00 -2.3170985309886123E+00 3.8420614944644871E-01
 8.8041030523681382E-03 -6.0619004758875076E-03 -1.4008463395560216E-03
0
0.0
 -1.1407996218300525E+00 -2.3170985309886123E+00 3.8420614944644871E-01
 8.7405103988483761E-03 -6.0204843885584176E-03 -1.8051138569686695E-03
0
0.0
 -1.1407996218300525E+00 -2.3170985309886123E+00 3.8420614944644871E-01
 8.9498192008243566E-03 -5.9488518665786905E-03 -1.7342073922730940E-03
0
0.0
 -1.1407996218300525E+00 -2.3170985309886123E+00 3.8420614944644871E-01
 8.7258458732016961E-03 -5.9343817247647090E-03 -1.5902662140977414E-03
0
0.0
 -1.1407996218300525E+00 -2.3170985309886123E+00 3.8420614944644871E-01
 8.7027215369183310E-03 -5.8037395376099692E-03 -1.6954588571005517E-03
0
0.0
 -1.1407996218300525E+00 -2.3170985309886123E+00 3.8420614944644871E-01
 8.6712129812179569E-03 -5.8849839102468032E-03 -1.8382366170404351E-03
0
0.0
 -1.1407996218300525E+00 -2.3170985309886123E+00 3.8420614944644871E-01
 8.6661702988680405E-03 -6.0522094086950962E-03 -1.5648513193948239E-03
0
0.0
 -1.1407996218300525E+00 -2.3170985309886123E+00 3.8420614944644871E-01
 8.8872594339941408E-03 -5.8896828926656647E-03 -1.6446352479363286E-03
0
0.0
 -1.1407996218300525E+00 -2.3170985309886123E+00 3.8420614944644871E-01
 8.5363129901007487E-03 -5.8204387479512615E-03 -1.8413711760380074E-03
0
0.0
 -1.1407996218300525E+00 -2.3170985309886123E+00 3.8420614944644871E-01
 9.0209725492246436E-03 -5.8874720481505022E-03 -1.5599681502694988E-03
0
0.0
 -1.1407996218300525E+00 -2.3170985309886123E+00 3.8420614944644871E-01
 8.9777642178849593E-03 -5.9379297960811843E-03 -1.5194442152428832E-03
0
0.0
 -1.1407996218300525E+00 -2.3170985309886123E+00 3.8420614944644871E-01
 8.8724808037755325E-03 -5.9652770562750729E-03 -1.5682004896282881E-03
0
0.0
 -1.1407996218300525E+00 -2.3170985309886123E+00 3.8420614944644871E-01
 8.9645378370398973E-03 -6.0433192310240923E-03 -1.6390451384141835E-03
0
0.0
 -1.1407996218300525E+00 -2.3170985309886123E+00 3.8420614944644871E-01
 8.7153159933830941E-03 -5.6777647849449260E-03 -1.8610272184325630E-03
0
0.0
 -1.1407996218300525E+00 -2.3170985309886123E+00 3.8420614944644871E-01
 8.8270472720574870E-03 -5.9361000234139163E-03 -1.3290843347163201E-03
0
0.0
 -1.1407996218300525E+00 -2.3170985309886123E+00 3.8420614944644871E-01
 8.8925100532887373E-03 -5.9079611529287996E-03 -1.6149978889689889E-03
0
0.0
 -1.1407996218300525E+00 -2.3170985309886123E+00 3.8420614944644871E-01
 8.7575353947149243E-03 -5.8833740806544478E-03 -1.6127077592600506E-03
0
0.0
 -1.1407996218300525E+00 -2.3170985309886123E+00 3.8420614944644871E-01
 8.7398993280571411E-03 -6.2030743097303666E-03 -1.7370619019561454E-03
0
0.0
 -1.1407996218300525E+00 -2.3170985309886123E+00 3.8420614944644871E-01
 8.7720258221318965E-03 -5.9756638514567679E-03 -1.6802949214432289E-03
0
0.0
 -1.1407996218300525E+00 -2.3170985309886123E+00 3.8420614944644871E-01
 8.6437175883603088E-03 -5.9409756646560665E-03 -1.6300405186534825E-03
0
0.0
 -1.1407996218300525E+00 -2.3170985309886123E+00 3.8420614944644871E-01
 8.9683385740224175E-03 -6.0818315197456452E-03 -1.6196943677573023E-03
0
0.0
 -1.1407996218300525E+00 -2.3170985309886123E+00 3.8420614944644871E-01
 8.8306246888726382E-03 -6.0781220497469158E-03 -1.7589182254812074E-03
0
0.0
 -1.1407996218300525E+00 -2.3170985309886123E+00 3.8420614944644871E-01
 8.9183232489098395E-03 -5.9366555863622945E-03 -1.7634580669048719E-03
0
0.0
 -1.1407996218300525E+00 -2.3170985309886123E+00 3.8420614944644871E-01
 8.6615551580350638E-03 -5.8922046813722501E-03 -1.5394122370289550E-03
0
0.0
 -1.1407996218300525E+00 -2.3170985309886123E+00 3.8420614944644871E-01
 8.7843772097084688E-03 -6.1315551222756179E-03 -1.4594515967265059E-03
0
0.0
 -1.1407996218300525E+00 -2.3170985309886123E+00 3.8420614944644871E-01
 8.7401657082358565E-03 -6.1011653089082830E-03 -1.4839351798864799E-03
0
0.0
 -1.1407996218300525E+00 -2.3170985309886123E+00 3.8420614944644871E-01
 8.7829618358110130E-03 -5.6692387559844999E-03 -1.5903653152664482E-03
0
0.0
 -1.1407996218300525E+00 -2.3170985309886123E+00 3.8420614944644871E-01
 8.8234242822110721E-03 -5.8637415143854418E-03 -1.4896944469834016E-03
0
0.0
 -1.1407996218300525E+00 -2.3170985309886123E+00 3.8420614944644871E-01
 8.7672424842975844E-03 -5.9879042102921644E-03 -1.4640318562427418E-03
0
0.0
 -1.1407996218300525E+00 -2.3170985309886123E+00 3.8420614944644871E-01
 8.5277360001204915E-03 -5.7331831859167405E-03 -1.6684207915060648E-03
0
0.0
 -1.1407996218300525E+00 -2.3170985309886123E+00 3.8420614944644871E-01
 8.8874333454517333E-03 -5.9394514669369345E-03 -1.7356033167592261E-03
0
0.0
 -1.1407996218300525E+00 -2.3170985309886123E+00 3.8420614944644871E-01
 8.7011899717674614E-03 -5.7500156149824979E-03 -1.5924782121293762E-03
0
0.0
 -1.1407996218300525E+00 -2.3170985309886123E+00 3.8420614944644871E-01
 8.6439096246475906E-03 -5.9756690195476988E-03 -1.7177756862952994E-03
0
0.0
 -1.1407996218300525E+00 -2.3170985309886123E+00 3.8420614944644871E-01
 8.7501559749626288E-03 -5.9495400213584650E-03 -1.8168133787435945E-03
0
0.0
 -1.1407996218300525E+00 -2.3170985309886123E+00 3.8420614944644871E-01
 8.6251855955546443E-03 -6.0943798441537760E-03 -1.5634714563765989E-03
0
0.0
 -1.1407996218300525E+00 -2.3170985309886123E+00 3.8420614944644871E-01
 8.7947474424903121E-03 -5.6983058758492402E-03 -1.6395642364793075E-03
0
0.0
 -1.1407996218300525E+00 -2.3170985309886123E+00 3.8420614944644871E-01
 8.6414729379344305E-03 -5.6897369102813008E-03 -1.4848290107596805E-03
0
0.0
 -1.1407996218300525E+00 -2.3170985309886123E+00 3.8420614944644871E-01
 8.6053638442465698E-03 -6.0953846358423654E-03 -1.8225844430116544E-03
0
0.0
 -1.1407996218300525E+00 -2.3170985309886123E+00 3.8420614944644871E-01
 8.7702829623652924E-03 -6.0294964158545093E-03 -1.4730582987537502E-03
0
0.0
 -1.1407996218300525E+00 -2.3170985309886123E+00 3.8420614944644871E-01
 8.7976265582348830E-03 -6.0718140674307581E-03 -1.6544496626507816E-03
0
0.0
 -1.1407996218300525E+00 -2.3170985309886123E+00 3.8420614944644871E-01
 8.9044383686640652E-03 -6.0622598275579453E-03 -1.7977036565370453E-03
0
0.0
 -1.1407996218300525E+00 -2.3170985309886123E+00 3.8420614944644871E-01
 8.7393145826851447E-03 -5.7082286419132058E-03 -1.7013221673583814E-03
0
0.0
 -1.1407996218300525E+00 -2.3170985309886123E+00 3.8420614944644871E-01
 8.6106696602361362E-03 -6.0509668485962216E-03 -1.5600040405022199E-03
0
0.0
 -1.1407996218300525E+00 -2.3170985309886123E+00 3.8420614944644871E-01
 8.4868825011337017E-03 -5.8093246885968092E-03 -1.7438379535024589E-03
0
0.0
 -1.1407996218300525E+00 -2.3170985309886123E+00 3.8420614944644871E-01
 8.9182106317670321E-03 -5.9631211209823344E-03 -1.4355358324265777E-03
0
0.0
 -1.1407996218300525E+00 -2.3170985309886123E+00 3.8420614944644871E-01
 8.5970091924030771E-03 -5.8536398441269375E-03 -1.5564598419632516E-03
0
0.0
 -1.1407996218300525E+00 -2.3170985309886123E+00 3.8420614944644871E-01
 8.7132650566347138E-03 -5.8267983607745997E-03 -1.7088459460028668E-03
0
0.0
 -1.1407996218300525E+00 -2.3170985309886123E+00 3.8420614944644871E-01
 8.8450910454151831E-03 -6.0981199453821518E-03 -1.6731737197642389E-03
0
0.0
 -1.1407996218300525E+00 -2.3170985309886123E+00 3.8420614944644871E-01
 8.7949960398523968E-03 -6.0700408720904186E-03 -1.5100994761524705E-03
0
0.0
 -1.1407996218300525E+00 -2.3170985309886123E+00 3.8420614944644871E-01
 8.7546990036049075E-03 -5.8778906748148804E-03 -1.2911049271721034E-03
0
0.0
 -1.1407996218300525E+00 -2.3170985309886123E+00 3.8420614944644871E-01
 8.8225734552796076E-03 -5.8338184167431827E-03 -1.9373668538400827E-03
0
0.0
 -1.1407996218300525E+00 -2.3170985309886123E+00 3.8420614944644871E-01
 8.7902618501878999E-03 -6.0296217655101958E-03 -1.5615754057859066E-03
0
0.0
 -1.1407996218300525E+00 -2.3170985309886123E+00 3.8420614944644871E-01
 8.8112744006560925E-03 -6.0600005710175556E-03 -1.6067798173611996E-03
0
0.0
 -1.1407996218300525E+00 -2.3170985309886123E+00 3.8420614944644871E-01
 8.5192210019340766E-03 -5.9461740266065297E-03 -1.6543263848190326E-03
0
0.0
 -1.1407996218300525E+00 -2.3170985309886123E+00 3.8420614944644871E-01
 8.8029965091829688E-03 -6.1889866552222884E-03 -1.7125111504514093E-03
0
0.0
 -1.1407996218300525E+00 -2.3170985309886123E+00 3.8420614944644871E-01
 8.8087932456233694E-03 -6.0301940592904727E-03 -1.6655195060740714E-03
0
0.0
 -1.1407996218300525E+00 -2.3170985309886123E+00 3.8420614944644871E-01
 8.7718047868574050E-03 -5.8455480729666344E-03 -1.6412936909097637E-03
0
0.0
 -1.1407996218300525E+00 -2.3170985309886123E+00 3.8420614944644871E-01
 8.7850800700404949E-03 -6.0838087152440407E-03 -1.3635858029480989E-03
0
0.0
 -1.1407996218300525E+00 -2.3170985309886123E+00 3.8420614944644871E-01
 8.7538836164711784E-03 -5.7932622347050969E-03 -1.4574239258592812E-03
0
0.0
 -1.1407996218300525E+00 -2.3170985309886123E+00 3.8420614944644871E-01
 8.8255856432304224E-03 -5.8327981220367116E-03 -1.7236745724002875E-03
0
0.0
 -1.1407996218300525E+00 -2.3170985309886123E+00 3.8420614944644871E-01
 8.6161633856500133E-03 -5.8224072952656296E-03 -1.7775038661771974E-03
0
0.0
 -1.1407996218300525E+00 -2.3170985309886123E+00 3.8420614944644871E-01
 8.8264283283383104E-03 -5.7006924423337602E-03 -1.5945806272662344E-03
0
0.0
 -1.1407996218300525E+00 -2.3170985309886123E+00 3.8420614944644871E-01
 8.6918218085529405E-03 -5.9266443912993731E-03 -1.5754594293814249E-03
0
0.0
 -1.1407996218300525E+00 -2.3170985309886123E+00 3.8420614944644871E-01
 8.8598964895723106E-03 -5.8798361263680335E-03 -1.4497603529729751E-03
0
0.0
 -1.1407996218300525E+00 -2.3170985309886123E+00 3.8420614944644871E-01
 8.7429226034161124E-03 -5.9697409659520053E-03 -1.5319009430380917E-03
0
0.0
 -1.1407996218300525E+00 -2.3170985309886123E+00 3.8420614944644871E-01
 8.6236935881932528E-03 -5.8932519963265191E-03 -1.5604214226925095E-03
0
0.0
 -1.1407996218300525E+00 -2.3170985309886123E+00 3.8420614944644871E-01
 9.0827474511512539E-03 -6.0342835292518148E-03 -1.5645480120096531E-03
0
0.0
 -1.1407996218300525E+00 -2.3170985309886123E+00 3.8420614944644871E-01
 8.7167719533854954E-03 -6.1690791422468723E-03 -1.7084590039328031E-03
0
0.0
 -1.1407996218300525E+00 -2.3170985309886123E+00 3.8420614944644871E-01
 8.9094456471617914E-03 -5.9976479104399084E-03 -1.5984753269698768E-03
0
0.0
 -1.1407996218300525E+00 -2.3170985309886123E+00 3.8420614944644871E-01
 8.9823403451646956E-03 -5.8129490499222499E-03 -1.6126869909197960E-03
0
0.0
 -1.1407996218300525E+00 -2.3170985309886123E+00 3.8420614944644871E-01
 8.6942788642514271E-03 -5.8703639558847108E-03 -1.5076690009095479E-03
0
0.0
 -1.1407996218300525E+00 -2.3170985309886123E+00 3.8420614944644871E-01
 8.7693096474295313E-03 -5.8371736179306374E-03 -1.6383285269641363E-03
0
0.0
 -1.1407996218300525E+00 -2.3170985309886123E+00 3.8420614944644871E-01
 8.6820073386337758E-03 -5.9865535129762608E-03 -1.4225726101460890E-03
0
0.0
 -1.1407996218300525E+00 -2.3170985309886123E+00 3.8420614944644871E-01
 8.9458969214295248E-03 -6.0783065424955063E-03 -1.6042557167572165E-03
0
0.0
 -1.1407996218300525E+00 -2.3170985309886123E+00 3.8420614944644871E-01
 8.7391447392402410E-03 -5.8381595826171835E-03 -1.4347687915166349E-03
0
0.0
 -1.1407996218300525E+00 -2.3170985309886123E+00 3.8420614944644871E-01
 8.8561396857771302E-03 -5.7262620742791065E-03 -1.4918354027474027E-03
0
0.0
 -1.1407996218300525E+00 -2.3170985309886123E+00 3.8420614944644871E-01
 8.8409686892585142E-03 -5.9282513111126615E-03 -1.5958409217773598E-03
0
0.0
 -1.1407996218300525E+00 -2.3170985309886123E+00 3.8420614944644871E-01
 8.8406048104379444E-03 -5.8495457399311860E-03 -1.8557475800334625E-03
0
0.0
 -1.1407996218300525E+00 -2.3170985309886123E+00 3.8420614944644871E-01
 8.8320372611939736E-03 -6.1836944557221128E-03 -1.5721999724528483E-03
0
0.0
 -1.1407996218300525E+00 -2.3170985309886123E+00 3.8420614944644871E-01
 8.8082918060583774E-03 -5.9042409779010100E-03 -1.7493308154890035E-03
0
0.0
 -1.1407996218300525E+00 -2.3170985309886123E+00 3.8420614944644871E-01
 8.7839133918691196E-03 -5.8758571807278883E-03 -1.7526914959549850E-03
0
0.0
 -1.1407996218300525E+00 -2.3170985309886123E+00 3.8420614944644871E-01
 8.7368869516339497E-03 -5.9157595062748541E-03 -1.7131943162868759E-03
0
0.0
 -1.1407996218300525E+00 -2.3170985309886123E+00 3.8420614944644871E-01
 8.7079815214190330E-03 -5.9196111471739041E-03 -1.4115304026657983E-03
0
0.0
 -1.1407996218300525E+00 -2.3170985309886123E+00 3.8420614944644871E-01
 8.7778792285824643E-03 -5.7756205007320352E-03 -1.6043083908422928E-03
0
0.0
 -1.1407996218300525E+00 -2.3170985309886123E+00 3.8420614944644871E-01
 8.7901734544436755E-03 -5.6986008303935975E-03 -1.6719640791355984E-03
0
0.0
 -1.1407996218300525E+00 -2.3170985309886123E+00 3.8420614944644871E-01
 8.4651833508292522E-03 -5.8817897219478688E-03 -1.7206425030662632E-03
0
0.0
 -1.1407996218300525E+00 -2.3170985309886123E+00 3.8420614944644871E-01
 8.7698195456852330E-03 -5.9809876621090483E-03 -1.6414681041492529E-03
0
0.0
 -1.1407996218300525E+00 -2.3170985309886123E+00 3.8420614944644871E-01
 8.5624259820494004E-03 -5.7981315374416378E-03 -1.5200826903994527E-03
0
0.0
 -1.1407996218300525E+00 -2.3170985309886123E+00 3.8420614944644871E-01
 8.8335437424278442E-03 -6.2066171988844820E-03 -1.7056377652188860E-03
0
0.0
 -1.1407996218300525E+00 -2.3170985309886123E+00 3.8420614944644871E-01
 8.8483913594700290E-03 -6.1090070592164803E-03 -1.5466555108935890E-03
0
0.0
 -1.1407996218300525E+00 -2.3170985309886123E+00 3.8420614944644871E-01
 8.8317033758555080E-03 -6.1042501944674806E-03 -1.6917740284875570E-03
0
0.0
 -1.1407996218300525E+00 -2.3170985309886123E+00 3.8420614944644871E-01
 8.6273644426216201E-03 -5.7415249751328864E-03 -1.6582131827602683E-03
0
0.0
 -1.1407996218300525E+00 -2.3170985309886123E+00 3.8420614944644871E-01
 8.6112623079991086E-03 -5.9795761074988574E-03 -1.4633059318519526E-03
0
0.0
 -1.1407996218300525E+00 -2.3170985309886123E+00 3.8420614944644871E-01
 9.0658345481664983E-03 -5.9933919401537975E-03 -1.5656314466008837E-03
0
0.0
 -1.1407996218300525E+00 -2.3170985309886123E+00 3.8420614944644871E-01
 8.7184281748671887E-03 -5.9065331107892114E-03 -1.6121053986237789E-03
0
0.0
 -1.1407996218300525E+00 -2.3170985309886123E+00 3.8420614944644871E-01
 8.7846149725837944E-03 -5.9972483932537344E-03 -1.6109335360595994E-03
0
0.0
 -1.1407996218300525E+00 -2.3170985309886123E+00 3.8420614944644871E-01
 8.9552941795585962E-03 -5.8162151241128281E-03 -1.5568456068892958E-03
0
0.0
 -1.1407996218300525E+00 -2.3170985309886123E+00 3.8420614944644871E-01
 8.6272747209464110E-03 -5.9098510665962379E-03 -1.6244017843314571E-03
0
0.0
 -1.1407996218300525E+00 -2.3170985309886123E+00 3.8420614944644871E-01
 8.8524276828235490E-03 -6.0099598924780581E-03 -1.6388147742802540E-03
0
0.0
 -1.1407996218300525E+00 -2.3170985309886123E+00 3.8420614944644871E-01
 8.6737958494760500E-03 -5.9253375371729859E-03 -1.5611540908230714E-03
0
0.0
 -1.1407996218300525E+00 -2.3170985309886123E+00 3.8420614944644871E-01
 8.7293478535690142E-03 -5.9450178506845449E-03 -1.6329029544494378E-03
0
0.0
 -1.1407996218300525E+00 -2.3170985309886123E+00 3.8420614944644871E-01
 8.8664625214897371E-03 -5.8410086064021533E-03 -1.6190385955422329E-03
0
0.0
 -1.1407996218300525E+00 -2.3170985309886123E+00 3.8420614944644871E-01
 8.6783890536993938E-03 -5.9092345952395488E-03 -1.5917762974552387E-03
0
0.0
 -1.1407996218300525E+00 -2.3170985309886123E+00 3.8420614944644871E-01
 8.8675829282861916E-03 -5.9628412664053084E-03 -1.5523476603218815E-03
0
0.0
 -1.1407996218300525E+00 -2.3170985309886123E+00 3.8420614944644871E-01
 8.8318481172375528E-03 -5.8427116046970992E-03 -1.7888979408595103E-03
0
0.0
 -1.1407996218300525E+00 -2.3170985309886123E+00 3.8420614944644871E-01
 8.7063437407765825E-03 -6.0015802772108362E-03 -1.3053074131690824E-03
0
0.0
 -1.1407996218300525E+00 -2.3170985309886123E+00 3.8420614944644871E-01
 8.7896188117968198E-03 -5.9522303964518698E-03 -1.6157067119569885E-03
0
0.0
 -1.1407996218300525E+00 -2.3170985309886123E+00 3.8420614944644871E-01
 8.6471457441454659E-03 -5.8462405555430612E-03 -1.6603451407883093E-03
0
0.0
 -1.1407996218300525E+00 -2.3170985309886123E+00 3.8420614944644871E-01
 8.8045454039549133E-03 -6.0475077751918904E-03 -1.6557357592384470E-03
0
0.0
 -1.1407996218300525E+00 -2.3170985309886123E+00 3.8420614944644871E-01
 8.6181953595043624E-03 -5.6400662738041113E-03 -1.5861105258962412E-03
0
0.0
 -1.1407996218300525E+00 -2.3170985309886123E+00 3.8420614944644871E-01
 8.7205461011324002E-03 -5.9334112856625288E-03 -1.4364058992499726E-03
0
0.0
 -1.1407996218300525E+00 -2.3170985309886123E+00 3.8420614944644871E-01
 8.9627086025702105E-03 -6.0580895589872437E-03 -1.5171069547566954E-03
0
0.0
 -1.1407996218300525E+00 -2.3170985309886123E+00 3.8420614944644871E-01
 8.9001783728557375E-03 -6.0189471063894721E-03 -1.7501656618799145E-03
0
0.0
 -1.1407996218300525E+00 -2.3170985309886123E+00 3.8420614944644871E-01
 8.7724833713097514E-03 -5.8658747402275833E-03 -1.6590017188916201E-03
0
0.0
 -1.1407996218300525E+00 -2.3170985309886123E+00 3.8420614944644871E-01
 8.6143527234545658E-03 -6.0729370457201165E-03 -1.3911872744840112E-03
0
0.0
 -1.1407996218300525E+00 -2.3170985309886123E+00 3.8420614944644871E-01
 8.8009741907861538E-03 -5.9335375316031547E-03 -1.5711863415327331E-03
0
0.0
 -1.1407996218300525E+00 -2.3170985309886123E+00 3.8420614944644871E-01
 8.9478759389880931E-03 -5.8551430770632309E-03 -1.5130064493816626E-03
0
0.0
 -1.1407996218300525E+00 -2.3170985309886123E+00 3.8420614944644871E-01
 8.8832404138673143E-03 -5.9479462534999051E-03 -1.4975823101240791E-03
0
0.0
 -1.1407996218300525E+00 -2.3170985309886123E+00 3.8420614944644871E-01
 8.8313650242413406E-03 -6.1159917055940601E-03 -1.8190911843106645E-03
0
0.0
 -1.1407996218300525E+00 -2.3170985309886123E+00 3.8420614944644871E-01
 8.7855560883566310E-03 -6.1276162708820596E-03 -1.6210608005502516E-03
0
0.0
 -1.1407996218300525E+00 -2.3170985309886123E+00 3.8420614944644871E-01
 8.6704040642800878E-03 -5.8439871758037068E-03 -1.9339705792577300E-03
0
0.0
 -1.1407996218300525E+00 -2.3170985309886123E+00 3.8420614944644871E-01
 8.6108100634656078E-03 -6.0568849663312652E-03 -1.5905393569959098E-03
0
0.0
 -1.1407996218300525E+00 -2.3170985309886123E+00 3.8420614944644871E-01
 8.7446836047340958E-03 -5.8638301567588685E-03 -1.4406446336854028E-03
0
0.0
 -1.1407996218300525E+00 -2.3170985309886123E+00 3.8420614944644871E-01
 8.5667954369257528E-03 -5.9082533699238169E-03 -1.6041576663675425E-03
0
0.0
 -1.1407996218300525E+00 -2.3170985309886123E+00 3.8420614944644871E-01
 8.8477010740429206E-03 -5.9681730348707133E-03 -1.5660528508659737E-03
0
0.0
