400
    528.00 3540.0 2000.0 0.0010  680.0 0.10 0.90
   1927.00 3540.0 2000.0 0.0010  680.0 0.10 0.90
   2087.00 3540.0 2000.0 0.0010  680.0 0.10 0.90
   4351.00 3540.0 2000.0 0.0010  680.0 0.10 0.90
   3332.00 3540.0 2000.0 0.0010  680.0 0.10 0.90
    439.00 3540.0 2000.0 0.0010  680.0 0.10 0.90
   1670.00 3540.0 2000.0 0.0010  680.0 0.10 0.90
    665.00 3540.0 2000.0 0.0010  680.0 0.10 0.90
   1919.00 3540.0 2000.0 0.0010  680.0 0.10 0.90
    553.00 3540.0 2000.0 0.0010  680.0 0.10 0.90
   1039.00 3540.0 2000.0 0.0010  680.0 0.10 0.90
   3698.00 3540.0 2000.0 0.0010  680.0 0.10 0.90
    499.00 3540.0 2000.0 0.0010  680.0 0.10 0.90
   1670.00 3540.0 2000.0 0.0010  680.0 0.10 0.90
    607.00 3540.0 2000.0 0.0010  680.0 0.10 0.90
   2897.00 3540.0 2000.0 0.0010  680.0 0.10 0.90
   2075.00 3540.0 2000.0 0.0010  680.0 0.10 0.90
   1714.00 3540.0 2000.0 0.0010  680.0 0.10 0.90
    460.00 3540.0 2000.0 0.0010  680.0 0.10 0.90
   1054.00 3540.0 2000.0 0.0010  680.0 0.10 0.90
    799.00 3540.0 2000.0 0.0010  680.0 0.10 0.90
   1595.00 3540.0 2000.0 0.0010  680.0 0.10 0.90
    961.00 3540.0 2000.0 0.0010  680.0 0.10 0.90
    696.00 3540.0 2000.0 0.0010  680.0 0.10 0.90
   2409.00 3540.0 2000.0 0.0010  680.0 0.10 0.90
   1831.00 3540.0 2000.0 0.0010  680.0 0.10 0.90
    876.00 3540.0 2000.0 0.0010  680.0 0.10 0.90
   3489.00 3540.0 2000.0 0.0010  680.0 0.10 0.90
   1234.00 3540.0 2000.0 0.0010  680.0 0.10 0.90
   1822.00 3540.0 2000.0 0.0010  680.0 0.10 0.90
   1670.00 3540.0 2000.0 0.0010  680.0 0.10 0.90
   1438.00 3540.0 2000.0 0.0010  680.0 0.10 0.90
    665.00 3540.0 2000.0 0.0010  680.0 0.10 0.90
    763.00 3540.0 2000.0 0.0010  680.0 0.10 0.90
   1155.00 3540.0 2000.0 0.0010  680.0 0.10 0.90
   1210.00 3540.0 2000.0 0.0010  680.0 0.10 0.90
    635.00 3540.0 2000.0 0.0010  680.0 0.10 0.90
   2273.00 3540.0 2000.0 0.0010  680.0 0.10 0.90
    640.00 3540.0 2000.0 0.0010  680.0 0.10 0.90
    343.00 3540.0 2000.0 0.0010  680.0 0.10 0.90
   1210.00 3540.0 2000.0 0.0010  680.0 0.10 0.90
    528.00 3540.0 2000.0 0.0010  680.0 0.10 0.90
    665.00 3540.0 2000.0 0.0010  680.0 0.10 0.90
   1054.00 3540.0 2000.0 0.0010  680.0 0.10 0.90
    729.00 3540.0 2000.0 0.0010  680.0 0.10 0.90
    661.00 3540.0 2000.0 0.0010  680.0 0.10 0.90
   1738.00 3540.0 2000.0 0.0010  680.0 0.10 0.90
    696.00 3540.0 2000.0 0.0010  680.0 0.10 0.90
   6552.00 3540.0 2000.0 0.0010  680.0 0.10 0.90
    876.00 3540.0 2000.0 0.0010  680.0 0.10 0.90
    528.00 3540.0 2000.0 0.0010  680.0 0.10 0.90
   5043.00 3540.0 2000.0 0.0010  680.0 0.10 0.90
    397.00 3540.0 2000.0 0.0010  680.0 0.10 0.90
   1670.00 3540.0 2000.0 0.0010  680.0 0.10 0.90
   1588.00 3540.0 2000.0 0.0010  680.0 0.10 0.90
   1103.00 3540.0 2000.0 0.0010  680.0 0.10 0.90
    635.00 3540.0 2000.0 0.0010  680.0 0.10 0.90
   1030.00 3540.0 2000.0 0.0010  680.0 0.10 0.90
    535.00 3540.0 2000.0 0.0010  680.0 0.10 0.90
   1514.00 3540.0 2000.0 0.0010  680.0 0.10 0.90
   1356.00 3540.0 2000.0 0.0010  680.0 0.10 0.90
    607.00 3540.0 2000.0 0.0010  680.0 0.10 0.90
    504.00 3540.0 2000.0 0.0010  680.0 0.10 0.90
   1103.00 3540.0 2000.0 0.0010  680.0 0.10 0.90
   1054.00 3540.0 2000.0 0.0010  680.0 0.10 0.90
   1006.00 3540.0 2000.0 0.0010  680.0 0.10 0.90
    729.00 3540.0 2000.0 0.0010  680.0 0.10 0.90
   1889.00 3540.0 2000.0 0.0010  680.0 0.10 0.90
   2122.00 3540.0 2000.0 0.0010  680.0 0.10 0.90
   3182.00 3540.0 2000.0 0.0010  680.0 0.10 0.90
   1927.00 3540.0 2000.0 0.0010  680.0 0.10 0.90
    607.00 3540.0 2000.0 0.0010  680.0 0.10 0.90
    696.00 3540.0 2000.0 0.0010  680.0 0.10 0.90
    607.00 3540.0 2000.0 0.0010  680.0 0.10 0.90
    460.00 3540.0 2000.0 0.0010  680.0 0.10 0.90
    917.00 3540.0 2000.0 0.0010  680.0 0.10 0.90
   2325.00 3540.0 2000.0 0.0010  680.0 0.10 0.90
   1110.00 3540.0 2000.0 0.0010  680.0 0.10 0.90
    951.00 3540.0 2000.0 0.0010  680.0 0.10 0.90
    481.00 3540.0 2000.0 0.0010  680.0 0.10 0.90
    635.00 3540.0 2000.0 0.0010  680.0 0.10 0.90
   1831.00 3540.0 2000.0 0.0010  680.0 0.10 0.90
    696.00 3540.0 2000.0 0.0010  680.0 0.10 0.90
   3719.00 3540.0 2000.0 0.0010  680.0 0.10 0.90
   1635.00 3540.0 2000.0 0.0010  680.0 0.10 0.90
   1327.00 3540.0 2000.0 0.0010  680.0 0.10 0.90
    917.00 3540.0 2000.0 0.0010  680.0 0.10 0.90
    607.00 3540.0 2000.0 0.0010  680.0 0.10 0.90
    439.00 3540.0 2000.0 0.0010  680.0 0.10 0.90
   2630.00 3540.0 2000.0 0.0010  680.0 0.10 0.90
   2429.00 3540.0 2000.0 0.0010  680.0 0.10 0.90
   2615.00 3540.0 2000.0 0.0010  680.0 0.10 0.90
   1006.00 3540.0 2000.0 0.0010  680.0 0.10 0.90
    984.00 3540.0 2000.0 0.0010  680.0 0.10 0.90
    917.00 3540.0 2000.0 0.0010  680.0 0.10 0.90
   1720.00 3540.0 2000.0 0.0010  680.0 0.10 0.90
   4224.00 3540.0 2000.0 0.0010  680.0 0.10 0.90
   1347.00 3540.0 2000.0 0.0010  680.0 0.10 0.90
   1745.00 3540.0 2000.0 0.0010  680.0 0.10 0.90
    763.00 3540.0 2000.0 0.0010  680.0 0.10 0.90
    469.00 3540.0 2000.0 0.0010  680.0 0.10 0.90
   1327.00 3540.0 2000.0 0.0010  680.0 0.10 0.90
    961.00 3540.0 2000.0 0.0010  680.0 0.10 0.90
   3106.00 3540.0 2000.0 0.0010  680.0 0.10 0.90
    607.00 3540.0 2000.0 0.0010  680.0 0.10 0.90
   2225.00 3540.0 2000.0 0.0010  680.0 0.10 0.90
    799.00 3540.0 2000.0 0.0010  680.0 0.10 0.90
    665.00 3540.0 2000.0 0.0010  680.0 0.10 0.90
    607.00 3540.0 2000.0 0.0010  680.0 0.10 0.90
    665.00 3540.0 2000.0 0.0010  680.0 0.10 0.90
   1377.00 3540.0 2000.0 0.0010  680.0 0.10 0.90
   1923.00 3540.0 2000.0 0.0010  680.0 0.10 0.90
    987.00 3540.0 2000.0 0.0010  680.0 0.10 0.90
   4788.00 3540.0 2000.0 0.0010  680.0 0.10 0.90
    467.00 3540.0 2000.0 0.0010  680.0 0.10 0.90
    876.00 3540.0 2000.0 0.0010  680.0 0.10 0.90
    643.00 3540.0 2000.0 0.0010  680.0 0.10 0.90
   1414.00 3540.0 2000.0 0.0010  680.0 0.10 0.90
    729.00 3540.0 2000.0 0.0010  680.0 0.10 0.90
    618.00 3540.0 2000.0 0.0010  680.0 0.10 0.90
   1935.00 3540.0 2000.0 0.0010  680.0 0.10 0.90
    419.00 3540.0 2000.0 0.0010  680.0 0.10 0.90
    690.00 3540.0 2000.0 0.0010  680.0 0.10 0.90
    917.00 3540.0 2000.0 0.0010  680.0 0.10 0.90
    295.00 3540.0 2000.0 0.0010  680.0 0.10 0.90
   1786.00 3540.0 2000.0 0.0010  680.0 0.10 0.90
    481.00 3540.0 2000.0 0.0010  680.0 0.10 0.90
   2734.00 3540.0 2000.0 0.0010  680.0 0.10 0.90
    696.00 3540.0 2000.0 0.0010  680.0 0.10 0.90
    513.00 3540.0 2000.0 0.0010  680.0 0.10 0.90
    635.00 3540.0 2000.0 0.0010  680.0 0.10 0.90
    579.00 3540.0 2000.0 0.0010  680.0 0.10 0.90
   2365.00 3540.0 2000.0 0.0010  680.0 0.10 0.90
    553.00 3540.0 2000.0 0.0010  680.0 0.10 0.90
    876.00 3540.0 2000.0 0.0010  680.0 0.10 0.90
    607.00 3540.0 2000.0 0.0010  680.0 0.10 0.90
   3088.00 3540.0 2000.0 0.0010  680.0 0.10 0.90
    607.00 3540.0 2000.0 0.0010  680.0 0.10 0.90
    961.00 3540.0 2000.0 0.0010  680.0 0.10 0.90
    837.00 3540.0 2000.0 0.0010  680.0 0.10 0.90
   1067.00 3540.0 2000.0 0.0010  680.0 0.10 0.90
    358.00 3540.0 2000.0 0.0010  680.0 0.10 0.90
   1335.00 3540.0 2000.0 0.0010  680.0 0.10 0.90
   1006.00 3540.0 2000.0 0.0010  680.0 0.10 0.90
    763.00 3540.0 2000.0 0.0010  680.0 0.10 0.90
   2913.00 3540.0 2000.0 0.0010  680.0 0.10 0.90
   1054.00 3540.0 2000.0 0.0010  680.0 0.10 0.90
   1155.00 3540.0 2000.0 0.0010  680.0 0.10 0.90
    635.00 3540.0 2000.0 0.0010  680.0 0.10 0.90
   2502.00 3540.0 2000.0 0.0010  680.0 0.10 0.90
   1054.00 3540.0 2000.0 0.0010  680.0 0.10 0.90
    763.00 3540.0 2000.0 0.0010  680.0 0.10 0.90
    763.00 3540.0 2000.0 0.0010  680.0 0.10 0.90
    635.00 3540.0 2000.0 0.0010  680.0 0.10 0.90
    917.00 3540.0 2000.0 0.0010  680.0 0.10 0.90
    357.00 3540.0 2000.0 0.0010  680.0 0.10 0.90
    553.00 3540.0 2000.0 0.0010  680.0 0.10 0.90
   2068.00 3540.0 2000.0 0.0010  680.0 0.10 0.90
    665.00 3540.0 2000.0 0.0010  680.0 0.10 0.90
    349.00 3540.0 2000.0 0.0010  680.0 0.10 0.90
    528.00 3540.0 2000.0 0.0010  680.0 0.10 0.90
    961.00 3540.0 2000.0 0.0010  680.0 0.10 0.90
    696.00 3540.0 2000.0 0.0010  680.0 0.10 0.90
   2438.00 3540.0 2000.0 0.0010  680.0 0.10 0.90
    460.00 3540.0 2000.0 0.0010  680.0 0.10 0.90
   2067.00 3540.0 2000.0 0.0010  680.0 0.10 0.90
    696.00 3540.0 2000.0 0.0010  680.0 0.10 0.90
    876.00 3540.0 2000.0 0.0010  680.0 0.10 0.90
    729.00 3540.0 2000.0 0.0010  680.0 0.10 0.90
   1831.00 3540.0 2000.0 0.0010  680.0 0.10 0.90
    799.00 3540.0 2000.0 0.0010  680.0 0.10 0.90
    329.00 3540.0 2000.0 0.0010  680.0 0.10 0.90
    477.00 3540.0 2000.0 0.0010  680.0 0.10 0.90
    763.00 3540.0 2000.0 0.0010  680.0 0.10 0.90
    917.00 3540.0 2000.0 0.0010  680.0 0.10 0.90
    700.00 3540.0 2000.0 0.0010  680.0 0.10 0.90
    326.00 3540.0 2000.0 0.0010  680.0 0.10 0.90
    917.00 3540.0 2000.0 0.0010  680.0 0.10 0.90
    729.00 3540.0 2000.0 0.0010  680.0 0.10 0.90
    419.00 3540.0 2000.0 0.0010  680.0 0.10 0.90
    696.00 3540.0 2000.0 0.0010  680.0 0.10 0.90
   2527.00 3540.0 2000.0 0.0010  680.0 0.10 0.90
   1054.00 3540.0 2000.0 0.0010  680.0 0.10 0.90
    763.00 3540.0 2000.0 0.0010  680.0 0.10 0.90
    799.00 3540.0 2000.0 0.0010  680.0 0.10 0.90
    837.00 3540.0 2000.0 0.0010  680.0 0.10 0.90
    665.00 3540.0 2000.0 0.0010  680.0 0.10 0.90
    473.00 3540.0 2000.0 0.0010  680.0 0.10 0.90
   1595.00 3540.0 2000.0 0.0010  680.0 0.10 0.90
    799.00 3540.0 2000.0 0.0010  680.0 0.10 0.90
    481.00 3540.0 2000.0 0.0010  680.0 0.10 0.90
   1327.00 3540.0 2000.0 0.0010  680.0 0.10 0.90
    607.00 3540.0 2000.0 0.0010  680.0 0.10 0.90
   5024.00 3540.0 2000.0 0.0010  680.0 0.10 0.90
    729.00 3540.0 2000.0 0.0010  680.0 0.10 0.90
    579.00 3540.0 2000.0 0.0010  680.0 0.10 0.90
    528.00 3540.0 2000.0 0.0010  680.0 0.10 0.90
    696.00 3540.0 2000.0 0.0010  680.0 0.10 0.90
   1748.00 3540.0 2000.0 0.0010  680.0 0.10 0.90
    729.00 3540.0 2000.0 0.0010  680.0 0.10 0.90
   1808.00 3540.0 2000.0 0.0010  680.0 0.10 0.90
    799.00 3540.0 2000.0 0.0010  680.0 0.10 0.90
    635.00 3540.0 2000.0 0.0010  680.0 0.10 0.90
    488.00 3540.0 2000.0 0.0010  680.0 0.10 0.90
   1103.00 3540.0 2000.0 0.0010  680.0 0.10 0.90
    876.00 3540.0 2000.0 0.0010  680.0 0.10 0.90
    799.00 3540.0 2000.0 0.0010  680.0 0.10 0.90
   1852.00 3540.0 2000.0 0.0010  680.0 0.10 0.90
   2290.00 3540.0 2000.0 0.0010  680.0 0.10 0.90
   2537.00 3540.0 2000.0 0.0010  680.0 0.10 0.90
   1487.00 3540.0 2000.0 0.0010  680.0 0.10 0.90
    799.00 3540.0 2000.0 0.0010  680.0 0.10 0.90
    799.00 3540.0 2000.0 0.0010  680.0 0.10 0.90
   1911.00 3540.0 2000.0 0.0010  680.0 0.10 0.90
   1327.00 3540.0 2000.0 0.0010  680.0 0.10 0.90
    665.00 3540.0 2000.0 0.0010  680.0 0.10 0.90
    635.00 3540.0 2000.0 0.0010  680.0 0.10 0.90
    665.00 3540.0 2000.0 0.0010  680.0 0.10 0.90
    763.00 3540.0 2000.0 0.0010  680.0 0.10 0.90
    553.00 3540.0 2000.0 0.0010  680.0 0.10 0.90
    528.00 3540.0 2000.0 0.0010  680.0 0.10 0.90
    460.00 3540.0 2000.0 0.0010  680.0 0.10 0.90
    917.00 3540.0 2000.0 0.0010  680.0 0.10 0.90
   1155.00 3540.0 2000.0 0.0010  680.0 0.10 0.90
   2494.00 3540.0 2000.0 0.0010  680.0 0.10 0.90
   2029.00 3540.0 2000.0 0.0010  680.0 0.10 0.90
    665.00 3540.0 2000.0 0.0010  680.0 0.10 0.90
    837.00 3540.0 2000.0 0.0010  680.0 0.10 0.90
   1260.00 3540.0 2000.0 0.0010  680.0 0.10 0.90
    635.00 3540.0 2000.0 0.0010  680.0 0.10 0.90
    665.00 3540.0 2000.0 0.0010  680.0 0.10 0.90
    799.00 3540.0 2000.0 0.0010  680.0 0.10 0.90
    696.00 3540.0 2000.0 0.0010  680.0 0.10 0.90
    837.00 3540.0 2000.0 0.0010  680.0 0.10 0.90
    423.00 3540.0 2000.0 0.0010  680.0 0.10 0.90
   1831.00 3540.0 2000.0 0.0010  680.0 0.10 0.90
   3721.00 3540.0 2000.0 0.0010  680.0 0.10 0.90
    481.00 3540.0 2000.0 0.0010  680.0 0.10 0.90
   1450.00 3540.0 2000.0 0.0010  680.0 0.10 0.90
   1699.00 3540.0 2000.0 0.0010  680.0 0.10 0.90
   2647.00 3540.0 2000.0 0.0010  680.0 0.10 0.90
    759.00 3540.0 2000.0 0.0010  680.0 0.10 0.90
    528.00 3540.0 2000.0 0.0010  680.0 0.10 0.90
    799.00 3540.0 2000.0 0.0010  680.0 0.10 0.90
    917.00 3540.0 2000.0 0.0010  680.0 0.10 0.90
    439.00 3540.0 2000.0 0.0010  680.0 0.10 0.90
    917.00 3540.0 2000.0 0.0010  680.0 0.10 0.90
    460.00 3540.0 2000.0 0.0010  680.0 0.10 0.90
   1327.00 3540.0 2000.0 0.0010  680.0 0.10 0.90
    696.00 3540.0 2000.0 0.0010  680.0 0.10 0.90
    378.00 3540.0 2000.0 0.0010  680.0 0.10 0.90
    876.00 3540.0 2000.0 0.0010  680.0 0.10 0.90
    799.00 3540.0 2000.0 0.0010  680.0 0.10 0.90
    799.00 3540.0 2000.0 0.0010  680.0 0.10 0.90
    917.00 3540.0 2000.0 0.0010  680.0 0.10 0.90
   2647.00 3540.0 2000.0 0.0010  680.0 0.10 0.90
   1523.00 3540.0 2000.0 0.0010  680.0 0.10 0.90
   1210.00 3540.0 2000.0 0.0010  680.0 0.10 0.90
    528.00 3540.0 2000.0 0.0010  680.0 0.10 0.90
    607.00 3540.0 2000.0 0.0010  680.0 0.10 0.90
    961.00 3540.0 2000.0 0.0010  680.0 0.10 0.90
    729.00 3540.0 2000.0 0.0010  680.0 0.10 0.90
   4654.00 3540.0 2000.0 0.0010  680.0 0.10 0.90
   3182.00 3540.0 2000.0 0.0010  680.0 0.10 0.90
    917.00 3540.0 2000.0 0.0010  680.0 0.10 0.90
   1155.00 3540.0 2000.0 0.0010  680.0 0.10 0.90
    439.00 3540.0 2000.0 0.0010  680.0 0.10 0.90
    579.00 3540.0 2000.0 0.0010  680.0 0.10 0.90
   1863.00 3540.0 2000.0 0.0010  680.0 0.10 0.90
   1389.00 3540.0 2000.0 0.0010  680.0 0.10 0.90
   2930.00 3540.0 2000.0 0.0010  680.0 0.10 0.90
    665.00 3540.0 2000.0 0.0010  680.0 0.10 0.90
   3325.00 3540.0 2000.0 0.0010  680.0 0.10 0.90
   2405.00 3540.0 2000.0 0.0010  680.0 0.10 0.90
   1054.00 3540.0 2000.0 0.0010  680.0 0.10 0.90
    618.00 3540.0 2000.0 0.0010  680.0 0.10 0.90
   4527.00 3540.0 2000.0 0.0010  680.0 0.10 0.90
    553.00 3540.0 2000.0 0.0010  680.0 0.10 0.90
   1834.00 3540.0 2000.0 0.0010  680.0 0.10 0.90
    665.00 3540.0 2000.0 0.0010  680.0 0.10 0.90
   1610.00 3540.0 2000.0 0.0010  680.0 0.10 0.90
    504.00 3540.0 2000.0 0.0010  680.0 0.10 0.90
    763.00 3540.0 2000.0 0.0010  680.0 0.10 0.90
    876.00 3540.0 2000.0 0.0010  680.0 0.10 0.90
    917.00 3540.0 2000.0 0.0010  680.0 0.10 0.90
    579.00 3540.0 2000.0 0.0010  680.0 0.10 0.90
    763.00 3540.0 2000.0 0.0010  680.0 0.10 0.90
   1327.00 3540.0 2000.0 0.0010  680.0 0.10 0.90
   1847.00 3540.0 2000.0 0.0010  680.0 0.10 0.90
    799.00 3540.0 2000.0 0.0010  680.0 0.10 0.90
   2201.00 3540.0 2000.0 0.0010  680.0 0.10 0.90
    635.00 3540.0 2000.0 0.0010  680.0 0.10 0.90
    460.00 3540.0 2000.0 0.0010  680.0 0.10 0.90
    635.00 3540.0 2000.0 0.0010  680.0 0.10 0.90
    799.00 3540.0 2000.0 0.0010  680.0 0.10 0.90
    516.00 3540.0 2000.0 0.0010  680.0 0.10 0.90
   1601.00 3540.0 2000.0 0.0010  680.0 0.10 0.90
   1103.00 3540.0 2000.0 0.0010  680.0 0.10 0.90
    729.00 3540.0 2000.0 0.0010  680.0 0.10 0.90
   2462.00 3540.0 2000.0 0.0010  680.0 0.10 0.90
   1266.00 3540.0 2000.0 0.0010  680.0 0.10 0.90
   1296.00 3540.0 2000.0 0.0010  680.0 0.10 0.90
   1266.00 3540.0 2000.0 0.0010  680.0 0.10 0.90
   1210.00 3540.0 2000.0 0.0010  680.0 0.10 0.90
    729.00 3540.0 2000.0 0.0010  680.0 0.10 0.90
   1690.00 3540.0 2000.0 0.0010  680.0 0.10 0.90
    696.00 3540.0 2000.0 0.0010  680.0 0.10 0.90
   3850.00 3540.0 2000.0 0.0010  680.0 0.10 0.90
   1298.00 3540.0 2000.0 0.0010  680.0 0.10 0.90
    917.00 3540.0 2000.0 0.0010  680.0 0.10 0.90
    763.00 3540.0 2000.0 0.0010  680.0 0.10 0.90
    763.00 3540.0 2000.0 0.0010  680.0 0.10 0.90
    460.00 3540.0 2000.0 0.0010  680.0 0.10 0.90
    509.00 3540.0 2000.0 0.0010  680.0 0.10 0.90
    876.00 3540.0 2000.0 0.0010  680.0 0.10 0.90
   2354.00 3540.0 2000.0 0.0010  680.0 0.10 0.90
    665.00 3540.0 2000.0 0.0010  680.0 0.10 0.90
    774.00 3540.0 2000.0 0.0010  680.0 0.10 0.90
   1670.00 3540.0 2000.0 0.0010  680.0 0.10 0.90
   1595.00 3540.0 2000.0 0.0010  680.0 0.10 0.90
    696.00 3540.0 2000.0 0.0010  680.0 0.10 0.90
    849.00 3540.0 2000.0 0.0010  680.0 0.10 0.90
    649.00 3540.0 2000.0 0.0010  680.0 0.10 0.90
   2062.00 3540.0 2000.0 0.0010  680.0 0.10 0.90
    635.00 3540.0 2000.0 0.0010  680.0 0.10 0.90
   2478.00 3540.0 2000.0 0.0010  680.0 0.10 0.90
   1380.00 3540.0 2000.0 0.0010  680.0 0.10 0.90
   2078.00 3540.0 2000.0 0.0010  680.0 0.10 0.90
   1155.00 3540.0 2000.0 0.0010  680.0 0.10 0.90
   1575.00 3540.0 2000.0 0.0010  680.0 0.10 0.90
   1363.00 3540.0 2000.0 0.0010  680.0 0.10 0.90
    454.00 3540.0 2000.0 0.0010  680.0 0.10 0.90
    665.00 3540.0 2000.0 0.0010  680.0 0.10 0.90
   1688.00 3540.0 2000.0 0.0010  680.0 0.10 0.90
   2042.00 3540.0 2000.0 0.0010  680.0 0.10 0.90
   1006.00 3540.0 2000.0 0.0010  680.0 0.10 0.90
    528.00 3540.0 2000.0 0.0010  680.0 0.10 0.90
   2197.00 3540.0 2000.0 0.0010  680.0 0.10 0.90
    665.00 3540.0 2000.0 0.0010  680.0 0.10 0.90
    799.00 3540.0 2000.0 0.0010  680.0 0.10 0.90
   2092.00 3540.0 2000.0 0.0010  680.0 0.10 0.90
   3893.00 3540.0 2000.0 0.0010  680.0 0.10 0.90
   1724.00 3540.0 2000.0 0.0010  680.0 0.10 0.90
    665.00 3540.0 2000.0 0.0010  680.0 0.10 0.90
    961.00 3540.0 2000.0 0.0010  680.0 0.10 0.90
   2281.00 3540.0 2000.0 0.0010  680.0 0.10 0.90
   1688.00 3540.0 2000.0 0.0010  680.0 0.10 0.90
    504.00 3540.0 2000.0 0.0010  680.0 0.10 0.90
    481.00 3540.0 2000.0 0.0010  680.0 0.10 0.90
   1523.00 3540.0 2000.0 0.0010  680.0 0.10 0.90
   1054.00 3540.0 2000.0 0.0010  680.0 0.10 0.90
    808.00 3540.0 2000.0 0.0010  680.0 0.10 0.90
   1222.00 3540.0 2000.0 0.0010  680.0 0.10 0.90
    577.00 3540.0 2000.0 0.0010  680.0 0.10 0.90
    626.00 3540.0 2000.0 0.0010  680.0 0.10 0.90
   1103.00 3540.0 2000.0 0.0010  680.0 0.10 0.90
    419.00 3540.0 2000.0 0.0010  680.0 0.10 0.90
    607.00 3540.0 2000.0 0.0010  680.0 0.10 0.90
   1006.00 3540.0 2000.0 0.0010  680.0 0.10 0.90
    607.00 3540.0 2000.0 0.0010  680.0 0.10 0.90
    332.00 3540.0 2000.0 0.0010  680.0 0.10 0.90
    763.00 3540.0 2000.0 0.0010  680.0 0.10 0.90
    574.00 3540.0 2000.0 0.0010  680.0 0.10 0.90
    763.00 3540.0 2000.0 0.0010  680.0 0.10 0.90
   2623.00 3540.0 2000.0 0.0010  680.0 0.10 0.90
   1750.00 3540.0 2000.0 0.0010  680.0 0.10 0.90
    665.00 3540.0 2000.0 0.0010  680.0 0.10 0.90
   1327.00 3540.0 2000.0 0.0010  680.0 0.10 0.90
    729.00 3540.0 2000.0 0.0010  680.0 0.10 0.90
   1327.00 3540.0 2000.0 0.0010  680.0 0.10 0.90
    579.00 3540.0 2000.0 0.0010  680.0 0.10 0.90
    528.00 3540.0 2000.0 0.0010  680.0 0.10 0.90
   1103.00 3540.0 2000.0 0.0010  680.0 0.10 0.90
    665.00 3540.0 2000.0 0.0010  680.0 0.10 0.90
    665.00 3540.0 2000.0 0.0010  680.0 0.10 0.90
   1861.00 3540.0 2000.0 0.0010  680.0 0.10 0.90
   1556.00 3540.0 2000.0 0.0010  680.0 0.10 0.90
   1523.00 3540.0 2000.0 0.0010  680.0 0.10 0.90
   1103.00 3540.0 2000.0 0.0010  680.0 0.10 0.90
    665.00 3540.0 2000.0 0.0010  680.0 0.10 0.90
    528.00 3540.0 2000.0 0.0010  680.0 0.10 0.90
    481.00 3540.0 2000.0 0.0010  680.0 0.10 0.90
    729.00 3540.0 2000.0 0.0010  680.0 0.10 0.90
    607.00 3540.0 2000.0 0.0010  680.0 0.10 0.90
   1566.00 3540.0 2000.0 0.0010  680.0 0.10 0.90
   2647.00 3540.0 2000.0 0.0010  680.0 0.10 0.90
   1462.00 3540.0 2000.0 0.0010  680.0 0.10 0.90
   1533.00 3540.0 2000.0 0.0010  680.0 0.10 0.90
    665.00 3540.0 2000.0 0.0010  680.0 0.10 0.90
   1143.00 3540.0 2000.0 0.0010  680.0 0.10 0.90
    733.00 3540.0 2000.0 0.0010  680.0 0.10 0.90
    335.00 3540.0 2000.0 0.0010  680.0 0.10 0.90
   3186.00 3540.0 2000.0 0.0010  680.0 0.10 0.90
    607.00 3540.0 2000.0 0.0010  680.0 0.10 0.90
    799.00 3540.0 2000.0 0.0010  680.0 0.10 0.90
    665.00 3540.0 2000.0 0.0010  680.0 0.10 0.90
   1103.00 3540.0 2000.0 0.0010  680.0 0.10 0.90
   2203.00 3540.0 2000.0 0.0010  680.0 0.10 0.90
   2197.00 3540.0 2000.0 0.0010  680.0 0.10 0.90
   1054.00 3540.0 2000.0 0.0010  680.0 0.10 0.90
