20
 -1.1407996218300525E+00 -2.3170985309886123E+00 3.8420614944644871E-01
 8.7394433580138750E-03 -5.8201891333044585E-03 -1.4504738074308748E-03
0
0.0
 -1.1407996218300525E+00 -2.3170985309886123E+00 3.8420614944644871E-01
 8.8404149571873290E-03 -6.0339907290318535E-03 -1.6800477813038762E-03
0
0.0
 -1.1407996218300525E+00 -2.3170985309886123E+00 3.8420614944644871E-01
 8.6666323002618471E-03 -5.7911963938166592E-03 -1.8813039139940221E-03
0
0.0
 -1.1407996218300525E+00 -2.3170985309886123E+00 3.8420614944644871E-01
 8.9875868365080387E-03 -5.8566323983752127E-03 -1.5468183487181686E-03
0
0.0
 -1.1407996218300525E+00 -2.3170985309886123E+00 3.8420614944644871E-01
 8.5518357124810002E-03 -5.9872946701066210E-03 -1.4257725345787674E-03
0
0.0
 -1.1407996218300525E+00 -2.3170985309886123E+00 3.8420614944644871E-01
 8.7981696218417185E-03 -5.9448286105434492E-03 -1.5936841842899979E-03
0
0.0
 -1.1407996218300525E+00 -2.3170985309886123E+00 3.8420614944644871E-01
 8.8291244825938458E-03 -6.1552631508602820E-03 -1.6202123066813760E-03
0
0.0
 -1.1407996218300525E+00 -2.3170985309886123E+00 3.8420614944644871E-01
 8.9122818001239057E-03 -5.9215085414986287E-03 -1.5655936626274253E-03
0
0.0
 -1.1407996218300525E+00 -2.3170985309886123E+00 3.8420614944644871E-01
 8.7465125241349556E-03 -6.0019218850752990E-03 -1.3121524177493412E-03
0
0.0
 -1.1407996218300525E+00 -2.3170985309886123E+00 3.8420614944644871E-01
 8.7829184378975626E-03 -5.9690941105096313E-03 -1.4920834780349117E-03
0
0.0
 -1.1407996218300525E+00 -2.3170985309886123E+00 3.8420614944644871E-01
 8.7207196626848272E-03 -5.8076250352750618E-03 -1.5361181712478709E-03
0
0.0
 -1.1407996218300525E+00 -2.3170985309886123E+00 3.8420614944644871E-01
 8.8091182103144962E-03 -6.1034502306442943E-03 -1.3688922092020591E-03
0
0.0
 -1.1407996218300525E+00 -2.3170985309886123E+00 3.8420614944644871E-01
 8.7037262413626939E-03 -5.6577860186489380E-03 -1.7930007252889753E-03
0
0.0
 -1.1407996218300525E+00 -2.3170985309886123E+00 3.8420614944644871E-01
 8.7556553743443986E-03 -5.9122215793164625E-03 -1.7613707865509526E-03
0
0.0
 -1.1407996218300525E+00 -2.3170985309886123E+00 3.8420614944644871E-01
 8.6787394103975471E-03 -6.0017922884873769E-03 -1.5964391058342423E-03
0
0.0
 -1.1407996218300525E+00 -2.3170985309886123E+00 3.8420614944644871E-01
 8.9067072979205700E-03 -5.8315706864924622E-03 -1.5207246842507802E-03
0
0.0
 -1.1407996218300525E+00 -2.3170985309886123E+00 3.8420614944644871E-01
 8.8272815096098935E-03 -5.9450887574704009E-03 -1.8891964896092079E-03
0
0.0
 -1.1407996218300525E+00 -2.3170985309886123E+00 3.8420614944644871E-01
 8.8970286923699005E-03 -5.8033051425136067E-03 -1.6584546602052340E-03
0
0.0
 -1.1407996218300525E+00 -2.3170985309886123E+00 3.8420614944644871E-01
 8.7748682472564982E-03 -5.9493034552126935E-03 -1.6314239916143292E-03
0
0.0
 -1.1407996218300525E+00 -2.3170985309886123E+00 3.8420614944644871E-01
 8.7849317628541802E-03 -5.8890181037145025E-03 -1.6253587337534607E-03
0
0.0
