20
-1
1
 -0.11579842   0.58312871  -0.80408434  5.06243474e-04
 -0.23058909  -0.55876345  -0.79662543  1.64581812e-04
  0.63476245   0.76778983   0.08703680  7.17117223e-04
 -0.27362680   0.47429366  -0.83676394  1.51912120e-04
  0.58745220  -0.02808791   0.80877128  4.32165741e-04
 -0.86096151  -0.47934405   0.17021913  3.77707237e-04
  0.36030789   0.30931388  -0.88005860  3.81178832e-04
 -0.05059579   0.14585002   0.98801206  1.52856021e-04
  0.93141356   0.24735044   0.26699541  1.73270434e-04
 -0.71592858   0.07007765  -0.69464768  2.36424759e-04
  0.65298167   0.49836878  -0.57030124  1.55898852e-04
  0.42748492  -0.88087151  -0.20327819  2.64890790e-04
 -0.36788958  -0.65862561  -0.65640655  4.94971757e-04
 -0.26236106   0.43211301   0.86281227  3.62743529e-04
  0.42131726  -0.16925722  -0.89097910  1.76614753e-04
 -0.46955286  -0.03613487   0.88216460  2.81550357e-04
  0.24331046   0.33558699   0.91004472  2.70826627e-04
  0.95817769   0.25256379   0.13456244  5.26718329e-04
  0.50293271  -0.74458486  -0.43892149  4.54709721e-04
  0.15798175  -0.73959928  -0.65424359  1.93381365e-04
