20
 -1.1407996218300525E+00 -2.3170985309886123E+00 3.8420614944644871E-01
 8.6248837983399929E-03 -6.0058661826606612E-03 -1.4638727544199798E-03
0
0.0
 -1.1407996218300525E+00 -2.3170985309886123E+00 3.8420614944644871E-01
 8.5822579592317160E-03 -5.8045935444229523E-03 -1.6883605026114658E-03
0
0.0
 -1.1407996218300525E+00 -2.3170985309886123E+00 3.8420614944644871E-01
 9.0613243002228682E-03 -5.8262182561019359E-03 -1.4782543076803049E-03
0
0.0
 -1.1407996218300525E+00 -2.3170985309886123E+00 3.8420614944644871E-01
 8.8633571352157124E-03 -5.9345931013870760E-03 -1.5899933265610580E-03
0
0.0
 -1.1407996218300525E+00 -2.3170985309886123E+00 3.8420614944644871E-01
 8.9122290258054244E-03 -5.9485953556318331E-03 -1.6245109048130333E-03
0
0.0
 -1.1407996218300525E+00 -2.3170985309886123E+00 3.8420614944644871E-01
 8.6547073003871988E-03 -5.8248132701883186E-03 -1.5663894026600913E-03
0
0.0
 -1.1407996218300525E+00 -2.3170985309886123E+00 3.8420614944644871E-01
 8.7580369404024905E-03 -5.8969909553005352E-03 -1.6732964929987463E-03
0
0.0
 -1.1407996218300525E+00 -2.3170985309886123E+00 3.8420614944644871E-01
 8.6714480192750815E-03 -5.8766712316323947E-03 -1.9192325916486332E-03
0
0.0
 -1.1407996218300525E+00 -2.3170985309886123E+00 3.8420614944644871E-01
 8.8580609312888386E-03 -5.8198699338582295E-03 -1.5431318336760842E-03
0
0.0
 -1.1407996218300525E+00 -2.3170985309886123E+00 3.8420614944644871E-01
 8.5886507904946504E-03 -5.8300131754403526E-03 -1.3704794986272983E-03
0
0.0
 -1.1407996218300525E+00 -2.3170985309886123E+00 3.8420614944644871E-01
 8.7160812070291634E-03 -5.9434698175027893E-03 -1.5571090787473872E-03
0
0.0
 -1.1407996218300525E+00 -2.3170985309886123E+00 3.8420614944644871E-01
 8.8115980780183682E-03 -5.9573866179634194E-03 -1.7176906638230189E-03
0
0.0
 -1.1407996218300525E+00 -2.3170985309886123E+00 3.8420614944644871E-01
 8.7773923501069454E-03 -5.9447774194379601E-03 -1.8143054175410317E-03
0
0.0
 -1.1407996218300525E+00 -2.3170985309886123E+00 3.8420614944644871E-01
 8.6849487059133448E-03 -5.9059982530555938E-03 -1.7342098904503901E-03
0
0.0
 -1.1407996218300525E+00 -2.3170985309886123E+00 3.8420614944644871E-01
 9.0898387713768194E-03 -5.9697548624988257E-03 -1.5563378710202963E-03
0
0.0
 -1.1407996218300525E+00 -2.3170985309886123E+00 3.8420614944644871E-01
 8.8581138280288199E-03 -5.9785228573419023E-03 -1.6292742461590291E-03
0
0.0
 -1.1407996218300525E+00 -2.3170985309886123E+00 3.8420614944644871E-01
 8.7507526857277512E-03 -5.9979305415966090E-03 -1.6968476070102537E-03
0
0.0
 -1.1407996218300525E+00 -2.3170985309886123E+00 3.8420614944644871E-01
 8.7435633729760938E-03 -5.7144354361413205E-03 -1.6649097235561252E-03
0
0.0
 -1.1407996218300525E+00 -2.3170985309886123E+00 3.8420614944644871E-01
 8.8489520682212743E-03 -5.7976422078137510E-03 -1.5063847512759654E-03
0
0.0
 -1.1407996218300525E+00 -2.3170985309886123E+00 3.8420614944644871E-01
 8.6788051417396039E-03 -5.8966019828983638E-03 -1.3815211973720793E-03
0
0.0
