20
-1
1
 -0.23499002   0.95627981   0.17409372  3.00649941e-04
  0.60951315  -0.31954391  -0.72552423  1.95183006e-04
 -0.78976973  -0.58179438  -0.19436839  1.92407675e-04
  0.03324730  -0.55901969  -0.82848754  2.98262599e-04
 -0.19896573   0.59507658  -0.77865044  2.19445535e-04
 -0.64168579   0.70779203   0.29541459  1.79341515e-04
 -0.33740154  -0.81138182  -0.47730466  4.09987538e-04
  0.67807632   0.50711035   0.53202594  1.47703700e-04
  0.31860658   0.94757304  -0.02439634  2.97049552e-04
 -0.27906846   0.58815179  -0.75907725  2.94190937e-04
 -0.04656626   0.88896810   0.45559555  6.51148889e-04
 -0.78996232  -0.04683027   0.61136442  1.58760380e-04
  0.19843975   0.56356665  -0.80188172  3.63026455e-04
  0.37493758   0.79726048   0.47307244  1.69952532e-04
 -0.61491424  -0.24031295   0.75108599  2.30404785e-04
  0.28168185   0.68102055   0.67591889  1.58235438e-04
 -0.32296729   0.43611780   0.83993654  2.48836692e-04
 -0.12912559  -0.25760878   0.95758253  2.02099526e-04
 -0.91232946  -0.07477128  -0.40257201  1.62686638e-04
  0.39758021   0.55152432  -0.73331501  2.61935248e-04
