20
 -1.1407996218300525E+00 -2.3170985309886123E+00 3.8420614944644871E-01
 8.8021402356278262E-03 -5.8602982195899165E-03 -1.5664686025187507E-03
0
0.0
 -1.1407996218300525E+00 -2.3170985309886123E+00 3.8420614944644871E-01
 8.7538374219306488E-03 -5.9716503210489888E-03 -1.7789330805199383E-03
0
0.0
 -1.1407996218300525E+00 -2.3170985309886123E+00 3.8420614944644871E-01
 8.8333343634504312E-03 -6.0833063941305313E-03 -1.5348059224892911E-03
0
0.0
 -1.1407996218300525E+00 -2.3170985309886123E+00 3.8420614944644871E-01
 8.8409664636840118E-03 -5.8606241122840805E-03 -1.6850140362577799E-03
0
0.0
 -1.1407996218300525E+00 -2.3170985309886123E+00 3.8420614944644871E-01
 8.9395345436569813E-03 -5.9236937610290703E-03 -1.6757636500466569E-03
0
0.0
 -1.1407996218300525E+00 -2.3170985309886123E+00 3.8420614944644871E-01
 8.7487339466708492E-03 -5.9086333601744241E-03 -1.5924791037110642E-03
0
0.0
 -1.1407996218300525E+00 -2.3170985309886123E+00 3.8420614944644871E-01
 8.5727264253782753E-03 -5.8987140186675816E-03 -1.3786006396330330E-03
0
0.0
 -1.1407996218300525E+00 -2.3170985309886123E+00 3.8420614944644871E-01
 9.0354258763332869E-03 -5.9051417422100998E-03 -1.5966763944914256E-03
0
0.0
 -1.1407996218300525E+00 -2.3170985309886123E+00 3.8420614944644871E-01
 8.8365352136791815E-03 -5.6780996363783812E-03 -1.3905352397419347E-03
0
0.0
 -1.1407996218300525E+00 -2.3170985309886123E+00 3.8420614944644871E-01
 8.9494201666851392E-03 -5.9646806572436787E-03 -1.3573229403010417E-03
0
0.0
 -1.1407996218300525E+00 -2.3170985309886123E+00 3.8420614944644871E-01
 8.6575781871553441E-03 -5.8552478032649763E-03 -1.5009652817803997E-03
0
0.0
 -1.1407996218300525E+00 -2.3170985309886123E+00 3.8420614944644871E-01
 8.8024928478173618E-03 -5.8679502990263230E-03 -1.6597391905797589E-03
0
0.0
 -1.1407996218300525E+00 -2.3170985309886123E+00 3.8420614944644871E-01
 8.7992048486268265E-03 -6.0854072503002841E-03 -1.6358892904290696E-03
0
0.0
 -1.1407996218300525E+00 -2.3170985309886123E+00 3.8420614944644871E-01
 8.6730670279079776E-03 -6.0201798958985616E-03 -1.6621222954336370E-03
0
0.0
 -1.1407996218300525E+00 -2.3170985309886123E+00 3.8420614944644871E-01
 8.9803715818257013E-03 -5.9531601725884677E-03 -1.6613400493911833E-03
0
0.0
 -1.1407996218300525E+00 -2.3170985309886123E+00 3.8420614944644871E-01
 8.8247981501598429E-03 -6.0466109013962068E-03 -1.4981312314742211E-03
0
0.0
 -1.1407996218300525E+00 -2.3170985309886123E+00 3.8420614944644871E-01
 8.8429197840676991E-03 -6.2167627523143122E-03 -1.6396166262466396E-03
0
0.0
 -1.1407996218300525E+00 -2.3170985309886123E+00 3.8420614944644871E-01
 8.8199372012949043E-03 -5.6680385014454210E-03 -1.6310591425201656E-03
0
0.0
 -1.1407996218300525E+00 -2.3170985309886123E+00 3.8420614944644871E-01
 8.7229119417748767E-03 -5.8951811921696164E-03 -1.6097609029406624E-03
0
0.0
 -1.1407996218300525E+00 -2.3170985309886123E+00 3.8420614944644871E-01
 8.9699405500793562E-03 -5.9110634879727926E-03 -1.5396405152435662E-03
0
0.0
