20
 -1.1407996218300525E+00 -2.3170985309886123E+00 3.8420614944644871E-01
 8.7568887144350536E-03 -6.1015820914721089E-03 -1.6252200379545311E-03
0
0.0
 -1.1407996218300525E+00 -2.3170985309886123E+00 3.8420614944644871E-01
 8.7198734302029336E-03 -6.0641815106025811E-03 -1.6128282136347689E-03
0
0.0
 -1.1407996218300525E+00 -2.3170985309886123E+00 3.8420614944644871E-01
 8.8650902249483056E-03 -5.8960749453121127E-03 -1.6653966814289373E-03
0
0.0
 -1.1407996218300525E+00 -2.3170985309886123E+00 3.8420614944644871E-01
 8.8075213478676345E-03 -5.9246506572548921E-03 -1.5861343762287204E-03
0
0.0
 -1.1407996218300525E+00 -2.3170985309886123E+00 3.8420614944644871E-01
 8.6995889083517491E-03 -6.0762148872821635E-03 -1.5691265111949209E-03
0
0.0
 -1.1407996218300525E+00 -2.3170985309886123E+00 3.8420614944644871E-01
 8.8673952701348781E-03 -5.8098781346616430E-03 -1.6075825218458989E-03
0
0.0
 -1.1407996218300525E+00 -2.3170985309886123E+00 3.8420614944644871E-01
 8.7904735866417248E-03 -6.0891855129442760E-03 -1.5809873812866601E-03
0
0.0
 -1.1407996218300525E+00 -2.3170985309886123E+00 3.8420614944644871E-01
 8.8420051335640626E-03 -5.9777622250871982E-03 -1.5678759006414722E-03
0
0.0
 -1.1407996218300525E+00 -2.3170985309886123E+00 3.8420614944644871E-01
 9.0222789966464233E-03 -5.8268070017617607E-03 -1.6413390586393895E-03
0
0.0
 -1.1407996218300525E+00 -2.3170985309886123E+00 3.8420614944644871E-01
 8.9908649858492194E-03 -6.0391656952985279E-03 -1.7936784194342431E-03
0
0.0
 -1.1407996218300525E+00 -2.3170985309886123E+00 3.8420614944644871E-01
 8.8213491267567275E-03 -5.9545689392610079E-03 -1.6862694773687932E-03
0
0.0
 -1.1407996218300525E+00 -2.3170985309886123E+00 3.8420614944644871E-01
 8.8244969761599543E-03 -6.0181720503928796E-03 -1.6628620440727782E-03
0
0.0
 -1.1407996218300525E+00 -2.3170985309886123E+00 3.8420614944644871E-01
 8.8884815398079277E-03 -5.8198507897315949E-03 -1.6369182769658281E-03
0
0.0
 -1.1407996218300525E+00 -2.3170985309886123E+00 3.8420614944644871E-01
 8.6375653624579211E-03 -5.7936019943490343E-03 -1.6025622389790784E-03
0
0.0
 -1.1407996218300525E+00 -2.3170985309886123E+00 3.8420614944644871E-01
 8.9556931118373387E-03 -5.8026462599591469E-03 -1.6449415429475546E-03
0
0.0
 -1.1407996218300525E+00 -2.3170985309886123E+00 3.8420614944644871E-01
 8.4736836496846126E-03 -5.9171506325219215E-03 -1.4824489030487997E-03
0
0.0
 -1.1407996218300525E+00 -2.3170985309886123E+00 3.8420614944644871E-01
 8.6510887948403441E-03 -5.9391671412561235E-03 -1.5877265870075318E-03
0
0.0
 -1.1407996218300525E+00 -2.3170985309886123E+00 3.8420614944644871E-01
 8.7004854942068742E-03 -5.8208379225800182E-03 -1.6649741686186983E-03
0
0.0
 -1.1407996218300525E+00 -2.3170985309886123E+00 3.8420614944644871E-01
 8.7929635521352481E-03 -5.7048384285832950E-03 -1.6277814988683811E-03
0
0.0
 -1.1407996218300525E+00 -2.3170985309886123E+00 3.8420614944644871E-01
 8.8333669895444712E-03 -5.8776489245813777E-03 -1.6700230458326806E-03
0
0.0
