50
-1
1
  0.44830585   0.59226573  -0.66950965  3.38294916e-04
 -0.05584715  -0.92795459  -0.36848526  1.81725237e-04
  0.31603635  -0.67106968   0.67066125  3.24590527e-04
 -0.81508944   0.26884837  -0.51317615  3.91477476e-04
 -0.23876160   0.22810421  -0.94390750  2.38936323e-04
  0.11498365  -0.35745057   0.92682676  1.91504561e-04
  0.16851107  -0.82599549   0.53789913  2.26449722e-04
  0.08523144   0.81789065  -0.56902590  1.45912466e-04
 -0.33582593   0.57040892   0.74956961  6.60595403e-04
 -0.83109923   0.51523642   0.20929762  2.20834832e-04
 -0.88720322   0.23067588  -0.39957363  2.33416840e-04
 -0.83320214  -0.55223710  -0.02843210  2.01269870e-04
  0.16879078  -0.51425927  -0.84086091  2.09206247e-04
  0.68996859   0.50341054  -0.52011650  3.31851212e-04
 -0.47274732   0.73311709  -0.48892669  1.87045213e-04
 -0.78059362  -0.29556043   0.55074279  6.96457629e-04
  0.11583149  -0.56202260   0.81897110  2.12504535e-04
 -0.73150268  -0.65340962  -0.19483247  1.83035688e-04
  0.18023850   0.96674552  -0.18143094  1.63216503e-04
 -0.51537070   0.35038669   0.78206279  1.51084762e-04
 -0.64033771  -0.64877273   0.41117096  3.38107631e-04
  0.71221488   0.21243492   0.66904512  2.73900673e-04
 -0.03688825   0.76681610   0.64080600  2.27630005e-04
 -0.45176008   0.79655152   0.40176922  1.46624926e-04
 -0.73603014   0.64326304  -0.21088455  8.08819494e-04
 -0.01141627   0.79004093  -0.61294779  2.36924137e-04
  0.26662076  -0.73192631   0.62705442  8.10394690e-04
 -0.56127546   0.13619607   0.81634581  2.41611374e-04
 -0.00953129   0.35403536  -0.93518347  1.91687870e-04
 -0.01781543   0.80311291  -0.59556046  1.77072900e-04
  0.25160123   0.94339624  -0.21610266  4.85212305e-04
 -0.00060250   0.98613761   0.16592848  2.27259483e-04
 -0.90604861  -0.08452656   0.41464584  1.54908737e-04
 -0.66026754  -0.19785103   0.72450103  2.70149592e-04
  0.47214752   0.41493239  -0.77775821  2.22039830e-04
 -0.36497940  -0.86630560   0.34103466  2.77396903e-04
 -0.17103697   0.98351633  -0.05866838  1.61350529e-04
 -0.57258972   0.56063634  -0.59818719  4.02252211e-04
  0.56939906  -0.79972533  -0.19032630  2.99339306e-04
  0.93353535  -0.35820240   0.01424056  1.64016564e-04
  0.01690930   0.67827510  -0.73461348  5.68930946e-04
 -0.70903637  -0.66353845   0.23871353  2.44098964e-04
 -0.04128925   0.22942352   0.97245054  1.81886393e-04
  0.70519051  -0.36033750  -0.61062529  2.09976122e-04
  0.98507614  -0.16026488   0.06277070  3.20223375e-04
 -0.22905766  -0.23019570  -0.94580258  1.60060322e-04
 -0.49220041  -0.58321287   0.64622094  1.72409172e-04
 -0.40695334   0.66230386   0.62908074  1.51323480e-04
 -0.95222658  -0.29456857   0.08058470  2.35652614e-04
 -0.15963042  -0.74658392  -0.64585648  2.27784861e-04
