50
 -1.1407996218300525E+00 -2.3170985309886123E+00 3.8420614944644871E-01
 8.7772668933400848E-03 -5.7031184462692378E-03 -1.7843722272729184E-03
0
0.0
 -1.1407996218300525E+00 -2.3170985309886123E+00 3.8420614944644871E-01
 8.8627305013620206E-03 -5.9360830554175421E-03 -1.6155664682440439E-03
0
0.0
 -1.1407996218300525E+00 -2.3170985309886123E+00 3.8420614944644871E-01
 8.9077078571100903E-03 -5.6642516208877643E-03 -1.5945924656661453E-03
0
0.0
 -1.1407996218300525E+00 -2.3170985309886123E+00 3.8420614944644871E-01
 8.4833596654911476E-03 -5.7865108210713090E-03 -1.5667962698991762E-03
0
0.0
 -1.1407996218300525E+00 -2.3170985309886123E+00 3.8420614944644871E-01
 8.7687204258245742E-03 -5.8876202888416560E-03 -1.6347779838203770E-03
0
0.0
 -1.1407996218300525E+00 -2.3170985309886123E+00 3.8420614944644871E-01
 8.6684500356190401E-03 -5.8473122624094999E-03 -1.3384308269659970E-03
0
0.0
 -1.1407996218300525E+00 -2.3170985309886123E+00 3.8420614944644871E-01
 8.7164908514535209E-03 -5.7654734458010420E-03 -1.8271772419175673E-03
0
0.0
 -1.1407996218300525E+00 -2.3170985309886123E+00 3.8420614944644871E-01
 8.8162996382959401E-03 -5.8876464707143120E-03 -1.6062090213222293E-03
0
0.0
 -1.1407996218300525E+00 -2.3170985309886123E+00 3.8420614944644871E-01
 8.9283385795625950E-03 -6.1254998982650608E-03 -1.6180388240378493E-03
0
0.0
 -1.1407996218300525E+00 -2.3170985309886123E+00 3.8420614944644871E-01
 8.8660301306756461E-03 -5.7905738418689385E-03 -1.5349506024247906E-03
0
0.0
 -1.1407996218300525E+00 -2.3170985309886123E+00 3.8420614944644871E-01
 8.7625420102893162E-03 -5.9061967104283618E-03 -1.6160734443002700E-03
0
0.0
 -1.1407996218300525E+00 -2.3170985309886123E+00 3.8420614944644871E-01
 8.8320798766583445E-03 -5.8775161285509626E-03 -1.7403099346420985E-03
0
0.0
 -1.1407996218300525E+00 -2.3170985309886123E+00 3.8420614944644871E-01
 8.6407829547865619E-03 -5.8152175003900229E-03 -1.6650344124702011E-03
0
0.0
 -1.1407996218300525E+00 -2.3170985309886123E+00 3.8420614944644871E-01
 8.7469966661462978E-03 -5.8336781500347868E-03 -1.7027227139464920E-03
0
0.0
 -1.1407996218300525E+00 -2.3170985309886123E+00 3.8420614944644871E-01
 8.6952632598017027E-03 -5.8362874043024586E-03 -1.8022512735462177E-03
0
0.0
 -1.1407996218300525E+00 -2.3170985309886123E+00 3.8420614944644871E-01
 8.8328932648627581E-03 -6.1930642385170922E-03 -1.5085216178573290E-03
0
0.0
 -1.1407996218300525E+00 -2.3170985309886123E+00 3.8420614944644871E-01
 8.8606733948938862E-03 -5.9804702933562914E-03 -1.6269944468846127E-03
0
0.0
 -1.1407996218300525E+00 -2.3170985309886123E+00 3.8420614944644871E-01
 8.9526733305668772E-03 -5.8665369046622552E-03 -1.8207133352845981E-03
0
0.0
 -1.1407996218300525E+00 -2.3170985309886123E+00 3.8420614944644871E-01
 8.7708890502321609E-03 -5.9878100462864865E-03 -1.3963076854648629E-03
0
0.0
 -1.1407996218300525E+00 -2.3170985309886123E+00 3.8420614944644871E-01
 8.6852352998541184E-03 -5.7897031779877107E-03 -1.5819976645140058E-03
0
0.0
 -1.1407996218300525E+00 -2.3170985309886123E+00 3.8420614944644871E-01
 8.7549381411051678E-03 -6.1130115769322830E-03 -1.6137792422956365E-03
0
0.0
 -1.1407996218300525E+00 -2.3170985309886123E+00 3.8420614944644871E-01
 8.7942642704466976E-03 -6.2020629598242378E-03 -1.4567480174173426E-03
0
0.0
 -1.1407996218300525E+00 -2.3170985309886123E+00 3.8420614944644871E-01
 8.8156556323710413E-03 -5.8705866016188065E-03 -1.7392635694269210E-03
0
0.0
 -1.1407996218300525E+00 -2.3170985309886123E+00 3.8420614944644871E-01
 8.7982576639056304E-03 -6.1981188307828929E-03 -1.6254811435253171E-03
0
0.0
 -1.1407996218300525E+00 -2.3170985309886123E+00 3.8420614944644871E-01
 8.8631861666248167E-03 -5.7694151029160437E-03 -1.5789937588604965E-03
0
0.0
 -1.1407996218300525E+00 -2.3170985309886123E+00 3.8420614944644871E-01
 8.6699488200609222E-03 -5.9834500757893101E-03 -1.6371568611696487E-03
0
0.0
 -1.1407996218300525E+00 -2.3170985309886123E+00 3.8420614944644871E-01
 8.8325906228690215E-03 -6.0395980423795575E-03 -1.6981879778719445E-03
0
0.0
 -1.1407996218300525E+00 -2.3170985309886123E+00 3.8420614944644871E-01
 8.6497095697437819E-03 -5.8455301096729407E-03 -1.7027147022050295E-03
0
0.0
 -1.1407996218300525E+00 -2.3170985309886123E+00 3.8420614944644871E-01
 8.6235482206474881E-03 -6.0506095045542042E-03 -1.4553199771647157E-03
0
0.0
 -1.1407996218300525E+00 -2.3170985309886123E+00 3.8420614944644871E-01
 9.0222445857025928E-03 -5.9607202496846029E-03 -1.6691929790971494E-03
0
0.0
 -1.1407996218300525E+00 -2.3170985309886123E+00 3.8420614944644871E-01
 8.7533565046980181E-03 -6.1044228163290287E-03 -1.6498151825849918E-03
0
0.0
 -1.1407996218300525E+00 -2.3170985309886123E+00 3.8420614944644871E-01
 8.7271316482252156E-03 -5.7831492486648843E-03 -1.7451474112923856E-03
0
0.0
 -1.1407996218300525E+00 -2.3170985309886123E+00 3.8420614944644871E-01
 8.8007530846135103E-03 -5.9277619523517523E-03 -1.5369620936452118E-03
0
0.0
 -1.1407996218300525E+00 -2.3170985309886123E+00 3.8420614944644871E-01
 8.7797584979966131E-03 -5.8954463904237250E-03 -1.5917474726151470E-03
0
0.0
 -1.1407996218300525E+00 -2.3170985309886123E+00 3.8420614944644871E-01
 8.9655774210502456E-03 -6.0221574319949851E-03 -1.7493833775516659E-03
0
0.0
 -1.1407996218300525E+00 -2.3170985309886123E+00 3.8420614944644871E-01
 8.6188032917834095E-03 -5.8722939080171769E-03 -1.6899215997732910E-03
0
0.0
 -1.1407996218300525E+00 -2.3170985309886123E+00 3.8420614944644871E-01
 9.0781836605528295E-03 -5.8886373950540619E-03 -1.5936981597494159E-03
0
0.0
 -1.1407996218300525E+00 -2.3170985309886123E+00 3.8420614944644871E-01
 8.5764157048311869E-03 -6.1376994290884158E-03 -1.5952949610296972E-03
0
0.0
 -1.1407996218300525E+00 -2.3170985309886123E+00 3.8420614944644871E-01
 8.9432303731402651E-03 -5.8611488760408588E-03 -1.7213786389185368E-03
0
0.0
 -1.1407996218300525E+00 -2.3170985309886123E+00 3.8420614944644871E-01
 8.8598273288394997E-03 -5.9303741070239223E-03 -1.9154099047162172E-03
0
0.0
 -1.1407996218300525E+00 -2.3170985309886123E+00 3.8420614944644871E-01
 8.8375810803644136E-03 -5.8773347828430574E-03 -1.7445570611318308E-03
0
0.0
 -1.1407996218300525E+00 -2.3170985309886123E+00 3.8420614944644871E-01
 8.6589842509030707E-03 -5.9441397316161142E-03 -1.7168211098238443E-03
0
0.0
 -1.1407996218300525E+00 -2.3170985309886123E+00 3.8420614944644871E-01
 8.7651626562743473E-03 -5.8301724471336407E-03 -1.5478203172470443E-03
0
0.0
 -1.1407996218300525E+00 -2.3170985309886123E+00 3.8420614944644871E-01
 8.8303611958519632E-03 -5.8513451638539443E-03 -1.6777412518064964E-03
0
0.0
 -1.1407996218300525E+00 -2.3170985309886123E+00 3.8420614944644871E-01
 8.5667292893524295E-03 -5.9838860727519641E-03 -1.6320204303840078E-03
0
0.0
 -1.1407996218300525E+00 -2.3170985309886123E+00 3.8420614944644871E-01
 8.6165693708997685E-03 -5.9687929707128388E-03 -1.4036237953802258E-03
0
0.0
 -1.1407996218300525E+00 -2.3170985309886123E+00 3.8420614944644871E-01
 8.8232159869415915E-03 -6.1415348609874737E-03 -1.5846980493892028E-03
0
0.0
 -1.1407996218300525E+00 -2.3170985309886123E+00 3.8420614944644871E-01
 8.6104397981218214E-03 -5.9492834966048845E-03 -1.3838683949121545E-03
0
0.0
 -1.1407996218300525E+00 -2.3170985309886123E+00 3.8420614944644871E-01
 8.9096410917511581E-03 -5.9549602798180026E-03 -1.3644917600987622E-03
0
0.0
 -1.1407996218300525E+00 -2.3170985309886123E+00 3.8420614944644871E-01
 8.9235528051161851E-03 -6.0740616242095013E-03 -1.8501336912165546E-03
0
0.0
