20
-1
1
  0.45471076   0.88853783  -0.06114444  6.54960968e-04
  0.39605107  -0.76646742   0.50563944  2.85200638e-04
  0.58012968   0.41763566  -0.69930681  2.04408678e-04
  0.17722454  -0.05387294  -0.98269485  1.68739405e-04
  0.27135784  -0.14644261   0.95127256  2.44753467e-04
 -0.03589087   0.43987424  -0.89734191  2.27648686e-04
 -0.68269329   0.02119801  -0.73039751  3.56519482e-04
 -0.39730145  -0.67030534  -0.62677134  3.47923669e-04
  0.86364084   0.14245376  -0.48356118  1.91631630e-04
 -0.12160021   0.05182872  -0.99122509  1.50659116e-04
  0.06971226  -0.93860941  -0.33786474  2.55994944e-04
 -0.19753918   0.52782705   0.82606106  1.77973342e-04
 -0.71137219   0.14602495  -0.68747823  1.73248222e-04
  0.31089519  -0.92908884   0.20034498  3.17746649e-04
 -0.52159236   0.19411633  -0.83081903  2.21577054e-04
  0.99694342  -0.01897599   0.07578738  1.59773557e-04
  0.76632155  -0.60806105   0.20739584  4.87426961e-04
 -0.34021438   0.89410978  -0.29124198  6.88400698e-04
  0.66315365  -0.34112127   0.66623083  3.06623474e-04
  0.89809761   0.39512602   0.19312201  1.71919201e-04
