20
-1
1
 -0.24969704   0.94869647  -0.19397523  7.69397197e-04
  0.67126972   0.37034120  -0.64206259  1.80062559e-04
 -0.67260581   0.68187533  -0.28748472  1.79443929e-04
 -0.69278712   0.23955396  -0.68019108  1.72429381e-04
 -0.03019480   0.93559086   0.35179258  1.75030562e-04
 -0.68426195   0.69697586  -0.21449996  3.42443451e-04
 -0.48705735  -0.30550881  -0.81819283  3.84811847e-04
 -0.73169666   0.33476881  -0.59375907  1.45581117e-04
 -0.73145224   0.68188504  -0.00322664  1.49258577e-04
  0.81247552   0.35279871  -0.46412993  4.23378663e-04
  0.12644245  -0.11676582  -0.98507769  5.86680658e-04
  0.29777285  -0.33335078  -0.89454379  1.68595681e-04
 -0.57557428   0.74006445   0.34787765  2.02173183e-04
  0.27260513  -0.58848335  -0.76116607  2.23038059e-04
  0.30327859   0.00497775  -0.95288893  1.86362596e-04
 -0.69014827   0.48931956  -0.53316202  1.61059761e-04
 -0.61223892  -0.10775814   0.78329541  1.87135719e-04
 -0.59250663  -0.02524527   0.80516990  1.60425188e-04
  0.33171593  -0.84363236  -0.42219542  4.78471406e-04
  0.97153899   0.23261206   0.04476192  6.46280857e-04
