20
 -1.1407996218300525E+00 -2.3170985309886123E+00 3.8420614944644871E-01
 8.9428195337512544E-03 -6.1947625592126410E-03 -1.7008470972300807E-03
0
0.0
 -1.1407996218300525E+00 -2.3170985309886123E+00 3.8420614944644871E-01
 8.7573563826273040E-03 -5.9038665589479433E-03 -1.6277781032175739E-03
0
0.0
 -1.1407996218300525E+00 -2.3170985309886123E+00 3.8420614944644871E-01
 8.9424513261987023E-03 -5.8462770144652237E-03 -1.6802289657710566E-03
0
0.0
 -1.1407996218300525E+00 -2.3170985309886123E+00 3.8420614944644871E-01
 8.7988214379350910E-03 -5.9255072459806647E-03 -1.6319546596875888E-03
0
0.0
 -1.1407996218300525E+00 -2.3170985309886123E+00 3.8420614944644871E-01
 8.8789617332959130E-03 -5.7259554935758673E-03 -1.6479339648143901E-03
0
0.0
 -1.1407996218300525E+00 -2.3170985309886123E+00 3.8420614944644871E-01
 8.7570388684596791E-03 -5.7619471529281518E-03 -1.8200691186907125E-03
0
0.0
 -1.1407996218300525E+00 -2.3170985309886123E+00 3.8420614944644871E-01
 8.7863233078830059E-03 -5.7251400101608159E-03 -1.5762872080049733E-03
0
0.0
 -1.1407996218300525E+00 -2.3170985309886123E+00 3.8420614944644871E-01
 8.7666556536058309E-03 -5.8153727412602017E-03 -1.5967126166446445E-03
0
0.0
 -1.1407996218300525E+00 -2.3170985309886123E+00 3.8420614944644871E-01
 8.6895621773243684E-03 -5.7758457008473905E-03 -1.3767976502872497E-03
0
0.0
 -1.1407996218300525E+00 -2.3170985309886123E+00 3.8420614944644871E-01
 8.5448310840764360E-03 -5.9084146757994102E-03 -1.7469683330279815E-03
0
0.0
 -1.1407996218300525E+00 -2.3170985309886123E+00 3.8420614944644871E-01
 8.7352929333282762E-03 -5.9604344737546854E-03 -1.6821198924647928E-03
0
0.0
 -1.1407996218300525E+00 -2.3170985309886123E+00 3.8420614944644871E-01
 8.5678859836030158E-03 -5.9578919186825891E-03 -1.5220877520027776E-03
0
0.0
 -1.1407996218300525E+00 -2.3170985309886123E+00 3.8420614944644871E-01
 8.7480116075906184E-03 -5.8619898925822552E-03 -1.5293087243289454E-03
0
0.0
 -1.1407996218300525E+00 -2.3170985309886123E+00 3.8420614944644871E-01
 8.8032581087903929E-03 -5.9544786436090376E-03 -1.5122939815385120E-03
0
0.0
 -1.1407996218300525E+00 -2.3170985309886123E+00 3.8420614944644871E-01
 8.6598487997630730E-03 -5.9820293965196893E-03 -1.6341869758371920E-03
0
0.0
 -1.1407996218300525E+00 -2.3170985309886123E+00 3.8420614944644871E-01
 8.7945123604652991E-03 -5.8282216095023130E-03 -1.7222125995839752E-03
0
0.0
 -1.1407996218300525E+00 -2.3170985309886123E+00 3.8420614944644871E-01
 9.0085549587090655E-03 -5.8795461569302694E-03 -1.7563130759289294E-03
0
0.0
 -1.1407996218300525E+00 -2.3170985309886123E+00 3.8420614944644871E-01
 8.6910253383657814E-03 -5.9359746415577992E-03 -1.5966547200545389E-03
0
0.0
 -1.1407996218300525E+00 -2.3170985309886123E+00 3.8420614944644871E-01
 8.6171524483760753E-03 -5.8881281010040856E-03 -1.5708425525165926E-03
0
0.0
 -1.1407996218300525E+00 -2.3170985309886123E+00 3.8420614944644871E-01
 9.0608588380126191E-03 -5.7461383575404552E-03 -1.5216556998473528E-03
0
0.0
