20
-1
1
 -0.34730334   0.86612857   0.35944636  2.68515537e-04
 -0.69431598   0.66811238   0.26749050  7.24827763e-04
 -0.05334627  -0.12384413   0.99086669  1.46919575e-04
  0.31261067  -0.05987346   0.94799248  1.97207467e-04
 -0.96702216  -0.05676821   0.24828515  1.86240802e-04
  0.44935518  -0.08326062  -0.88946478  8.46415793e-04
 -0.37579694  -0.37091777  -0.84923298  1.59448507e-04
  0.27966858  -0.84401395   0.45763079  5.18137469e-04
 -0.76013109   0.55986933  -0.32976818  2.99744435e-04
 -0.28698197   0.84861390  -0.44440499  1.47801841e-04
  0.20995621  -0.44908750   0.86846923  2.37418600e-04
  0.67113646   0.02505072  -0.74091046  2.66672051e-04
  0.59852080  -0.55148492   0.58106560  2.29998541e-04
  0.74054488   0.30458064   0.59901913  1.82351298e-04
 -0.35758954   0.71413461   0.60178193  6.90945835e-04
 -0.91489492   0.36592728  -0.17048319  1.69272573e-04
 -0.46697050   0.44493249   0.76418168  2.95256952e-04
  0.46509253   0.61666380   0.63514936  2.37554406e-04
  0.54131320   0.84054560  -0.02152008  7.05900627e-04
 -0.24601809  -0.88509776   0.39506589  1.93704773e-04
