20
 -1.1407996218300525E+00 -2.3170985309886123E+00 3.8420614944644871E-01
 8.7929312064366858E-03 -5.7570805078344259E-03 -1.4187844840831086E-03
0
0.0
 -1.1407996218300525E+00 -2.3170985309886123E+00 3.8420614944644871E-01
 8.6741578932184264E-03 -5.9300307633003112E-03 -1.6536290876301965E-03
0
0.0
 -1.1407996218300525E+00 -2.3170985309886123E+00 3.8420614944644871E-01
 8.8059673717526873E-03 -5.9116311970236618E-03 -1.6002066243577463E-03
0
0.0
 -1.1407996218300525E+00 -2.3170985309886123E+00 3.8420614944644871E-01
 8.8276431201228835E-03 -5.6543715597012836E-03 -1.4043943325522663E-03
0
0.0
 -1.1407996218300525E+00 -2.3170985309886123E+00 3.8420614944644871E-01
 8.7922146503403645E-03 -5.9284504707296645E-03 -1.7162721623168995E-03
0
0.0
 -1.1407996218300525E+00 -2.3170985309886123E+00 3.8420614944644871E-01
 8.8118541210466181E-03 -5.9807898157160809E-03 -1.7753341837258134E-03
0
0.0
 -1.1407996218300525E+00 -2.3170985309886123E+00 3.8420614944644871E-01
 8.7160152150668434E-03 -5.8984201293292597E-03 -1.6464637377205558E-03
0
0.0
 -1.1407996218300525E+00 -2.3170985309886123E+00 3.8420614944644871E-01
 8.8861402116982256E-03 -5.8584997883801204E-03 -1.3514008621877175E-03
0
0.0
 -1.1407996218300525E+00 -2.3170985309886123E+00 3.8420614944644871E-01
 8.7897180163550442E-03 -5.9774396195375291E-03 -1.5219277526948990E-03
0
0.0
 -1.1407996218300525E+00 -2.3170985309886123E+00 3.8420614944644871E-01
 8.7225579906743157E-03 -6.1034061380913253E-03 -1.4864045347928038E-03
0
0.0
 -1.1407996218300525E+00 -2.3170985309886123E+00 3.8420614944644871E-01
 8.7811265364378041E-03 -5.9376827612751155E-03 -1.6141492197520584E-03
0
0.0
 -1.1407996218300525E+00 -2.3170985309886123E+00 3.8420614944644871E-01
 8.9004569769571482E-03 -6.0504672570346578E-03 -1.5277466188769731E-03
0
0.0
 -1.1407996218300525E+00 -2.3170985309886123E+00 3.8420614944644871E-01
 8.8756948238958976E-03 -5.9385876977979327E-03 -1.5890518851529346E-03
0
0.0
 -1.1407996218300525E+00 -2.3170985309886123E+00 3.8420614944644871E-01
 8.8929770103968221E-03 -6.0114929461917146E-03 -1.5442188125556068E-03
0
0.0
 -1.1407996218300525E+00 -2.3170985309886123E+00 3.8420614944644871E-01
 8.9479889004616328E-03 -5.6726491818274031E-03 -1.6762174842180901E-03
0
0.0
 -1.1407996218300525E+00 -2.3170985309886123E+00 3.8420614944644871E-01
 8.6235500986947700E-03 -5.9869660808323181E-03 -1.8020652847028434E-03
0
0.0
 -1.1407996218300525E+00 -2.3170985309886123E+00 3.8420614944644871E-01
 8.6333973502982896E-03 -5.9205504236568788E-03 -1.5112031842165049E-03
0
0.0
 -1.1407996218300525E+00 -2.3170985309886123E+00 3.8420614944644871E-01
 8.7970927385525206E-03 -6.0848017073551162E-03 -1.7772370103823346E-03
0
0.0
 -1.1407996218300525E+00 -2.3170985309886123E+00 3.8420614944644871E-01
 8.7820100659432940E-03 -5.7300328339352545E-03 -1.7174624693967987E-03
0
0.0
 -1.1407996218300525E+00 -2.3170985309886123E+00 3.8420614944644871E-01
 8.8775165563682139E-03 -5.6928848684130659E-03 -1.8383241879331754E-03
0
0.0
