50
 -1.1407996218300525E+00 -2.3170985309886123E+00 3.8420614944644871E-01
 8.7474018947570169E-03 -6.0641162058151605E-03 -1.7961940345247274E-03
0
0.0
 -1.1407996218300525E+00 -2.3170985309886123E+00 3.8420614944644871E-01
 8.8268232690995544E-03 -5.8087895891522226E-03 -1.5621687073455340E-03
0
0.0
 -1.1407996218300525E+00 -2.3170985309886123E+00 3.8420614944644871E-01
 8.7879923813726536E-03 -6.0116870551114397E-03 -1.6463383782144955E-03
0
0.0
 -1.1407996218300525E+00 -2.3170985309886123E+00 3.8420614944644871E-01
 9.0238209566166367E-03 -5.7770415913261687E-03 -1.6486991646201203E-03
0
0.0
 -1.1407996218300525E+00 -2.3170985309886123E+00 3.8420614944644871E-01
 8.8089383991081221E-03 -5.9217092413191945E-03 -1.8419961807002849E-03
0
0.0
 -1.1407996218300525E+00 -2.3170985309886123E+00 3.8420614944644871E-01
 8.9338198328085903E-03 -6.0865273612418901E-03 -1.5108875564267140E-03
0
0.0
 -1.1407996218300525E+00 -2.3170985309886123E+00 3.8420614944644871E-01
 8.9924872915614386E-03 -5.7259950720416420E-03 -1.4954324157254960E-03
0
0.0
 -1.1407996218300525E+00 -2.3170985309886123E+00 3.8420614944644871E-01
 8.5547822250748532E-03 -5.9434429813461720E-03 -1.4059140045535666E-03
0
0.0
 -1.1407996218300525E+00 -2.3170985309886123E+00 3.8420614944644871E-01
 8.8591880548443257E-03 -5.7360539337995989E-03 -1.4455656706760000E-03
0
0.0
 -1.1407996218300525E+00 -2.3170985309886123E+00 3.8420614944644871E-01
 8.6582670765149583E-03 -5.7887763352303797E-03 -1.7715930632409651E-03
0
0.0
 -1.1407996218300525E+00 -2.3170985309886123E+00 3.8420614944644871E-01
 8.8240919908246854E-03 -6.0478574951128771E-03 -1.5932302628460294E-03
0
0.0
 -1.1407996218300525E+00 -2.3170985309886123E+00 3.8420614944644871E-01
 8.9040406663218157E-03 -6.0056264429178561E-03 -1.5374772042980127E-03
0
0.0
 -1.1407996218300525E+00 -2.3170985309886123E+00 3.8420614944644871E-01
 8.6777798827459892E-03 -5.8276520147659550E-03 -1.5589806440452433E-03
0
0.0
 -1.1407996218300525E+00 -2.3170985309886123E+00 3.8420614944644871E-01
 8.8413306649634295E-03 -5.8764742671768132E-03 -1.5098586650719394E-03
0
0.0
 -1.1407996218300525E+00 -2.3170985309886123E+00 3.8420614944644871E-01
 8.5587518768786477E-03 -5.8242973281798114E-03 -1.6334920812567267E-03
0
0.0
 -1.1407996218300525E+00 -2.3170985309886123E+00 3.8420614944644871E-01
 8.7123977025022285E-03 -5.8722100843338950E-03 -1.6895562509656641E-03
0
0.0
 -1.1407996218300525E+00 -2.3170985309886123E+00 3.8420614944644871E-01
 8.6924495927875687E-03 -6.2241227229419480E-03 -1.5723477973598942E-03
0
0.0
 -1.1407996218300525E+00 -2.3170985309886123E+00 3.8420614944644871E-01
 8.6942025005733985E-03 -5.8429297367836325E-03 -1.5648693331881596E-03
0
0.0
 -1.1407996218300525E+00 -2.3170985309886123E+00 3.8420614944644871E-01
 9.0194111667778552E-03 -5.8799489681042446E-03 -1.4176311855455355E-03
0
0.0
 -1.1407996218300525E+00 -2.3170985309886123E+00 3.8420614944644871E-01
 8.9014755131976396E-03 -5.9880614360316642E-03 -1.7609673865335714E-03
0
0.0
 -1.1407996218300525E+00 -2.3170985309886123E+00 3.8420614944644871E-01
 8.6100388880592776E-03 -5.7257450603843086E-03 -1.6245997287385320E-03
0
0.0
 -1.1407996218300525E+00 -2.3170985309886123E+00 3.8420614944644871E-01
 8.9145577880584397E-03 -5.9431885822247748E-03 -1.6279451155354282E-03
0
0.0
 -1.1407996218300525E+00 -2.3170985309886123E+00 3.8420614944644871E-01
 8.8322166833428358E-03 -5.6443049416515017E-03 -1.5799748652286494E-03
0
0.0
 -1.1407996218300525E+00 -2.3170985309886123E+00 3.8420614944644871E-01
 8.7357343670162197E-03 -6.0369787853825950E-03 -1.5444940109834236E-03
0
0.0
 -1.1407996218300525E+00 -2.3170985309886123E+00 3.8420614944644871E-01
 8.9316374677833495E-03 -5.9110648458715635E-03 -1.7388304332378354E-03
0
0.0
 -1.1407996218300525E+00 -2.3170985309886123E+00 3.8420614944644871E-01
 8.6999029930574963E-03 -6.1015094507258635E-03 -1.7079910275580275E-03
0
0.0
 -1.1407996218300525E+00 -2.3170985309886123E+00 3.8420614944644871E-01
 8.7364241897634788E-03 -5.7818940630106194E-03 -1.5367002879247470E-03
0
0.0
 -1.1407996218300525E+00 -2.3170985309886123E+00 3.8420614944644871E-01
 8.7625643037682194E-03 -6.0371189530386959E-03 -1.6216296525110219E-03
0
0.0
 -1.1407996218300525E+00 -2.3170985309886123E+00 3.8420614944644871E-01
 8.8859694487063833E-03 -6.1769259152551232E-03 -1.6932219988053270E-03
0
0.0
 -1.1407996218300525E+00 -2.3170985309886123E+00 3.8420614944644871E-01
 8.8809015829118890E-03 -6.1876852910550733E-03 -1.5284608813774952E-03
0
0.0
 -1.1407996218300525E+00 -2.3170985309886123E+00 3.8420614944644871E-01
 8.7903142377189422E-03 -5.6240279737358300E-03 -1.6531466787300028E-03
0
0.0
 -1.1407996218300525E+00 -2.3170985309886123E+00 3.8420614944644871E-01
 8.4964447925298305E-03 -5.9869046817309099E-03 -1.4853556481286138E-03
0
0.0
 -1.1407996218300525E+00 -2.3170985309886123E+00 3.8420614944644871E-01
 8.6497463477026790E-03 -6.0435412859076347E-03 -1.4501359692943670E-03
0
0.0
 -1.1407996218300525E+00 -2.3170985309886123E+00 3.8420614944644871E-01
 8.9244250848776567E-03 -5.7664690171742167E-03 -1.5087787628227782E-03
0
0.0
 -1.1407996218300525E+00 -2.3170985309886123E+00 3.8420614944644871E-01
 8.7836692653421242E-03 -5.9039858767726142E-03 -1.6232462166266212E-03
0
0.0
 -1.1407996218300525E+00 -2.3170985309886123E+00 3.8420614944644871E-01
 8.9581144103929415E-03 -6.0065554953619687E-03 -1.8867938495782798E-03
0
0.0
 -1.1407996218300525E+00 -2.3170985309886123E+00 3.8420614944644871E-01
 8.5263208338810341E-03 -6.0248551598193799E-03 -1.7869500981398637E-03
0
0.0
 -1.1407996218300525E+00 -2.3170985309886123E+00 3.8420614944644871E-01
 8.8613508955500252E-03 -5.8428481855557152E-03 -1.5042949673700335E-03
0
0.0
 -1.1407996218300525E+00 -2.3170985309886123E+00 3.8420614944644871E-01
 8.7146876338294130E-03 -6.1017493590054860E-03 -1.8882327493583346E-03
0
0.0
 -1.1407996218300525E+00 -2.3170985309886123E+00 3.8420614944644871E-01
 8.8288751146806174E-03 -5.9268797402202734E-03 -1.5248997777578134E-03
0
0.0
 -1.1407996218300525E+00 -2.3170985309886123E+00 3.8420614944644871E-01
 8.8435638378212382E-03 -5.9077833927993553E-03 -1.5554420049645958E-03
0
0.0
 -1.1407996218300525E+00 -2.3170985309886123E+00 3.8420614944644871E-01
 8.6103806497848205E-03 -5.8822592080650955E-03 -1.6433997426162578E-03
0
0.0
 -1.1407996218300525E+00 -2.3170985309886123E+00 3.8420614944644871E-01
 8.8058982802989086E-03 -6.0888136324589431E-03 -1.7087873463169747E-03
0
0.0
 -1.1407996218300525E+00 -2.3170985309886123E+00 3.8420614944644871E-01
 8.8179118426853116E-03 -5.8465855367854213E-03 -1.5735126229595908E-03
0
0.0
 -1.1407996218300525E+00 -2.3170985309886123E+00 3.8420614944644871E-01
 8.5489739005224861E-03 -5.9166286543489389E-03 -1.5495249229904129E-03
0
0.0
 -1.1407996218300525E+00 -2.3170985309886123E+00 3.8420614944644871E-01
 8.8659105637907167E-03 -6.0287601217122186E-03 -1.5029571631073615E-03
0
0.0
 -1.1407996218300525E+00 -2.3170985309886123E+00 3.8420614944644871E-01
 8.6636960425652103E-03 -6.1252572452841205E-03 -1.7689005902672016E-03
0
0.0
 -1.1407996218300525E+00 -2.3170985309886123E+00 3.8420614944644871E-01
 8.7287112026160438E-03 -5.8626524243279412E-03 -1.6211768976900692E-03
0
0.0
 -1.1407996218300525E+00 -2.3170985309886123E+00 3.8420614944644871E-01
 8.6453981647268731E-03 -5.8232354776676419E-03 -1.4630352952062315E-03
0
0.0
 -1.1407996218300525E+00 -2.3170985309886123E+00 3.8420614944644871E-01
 8.7965564862429579E-03 -6.1218888132440518E-03 -1.6250845006565446E-03
0
0.0
