50
 -1.1407996218300525E+00 -2.3170985309886123E+00 3.8420614944644871E-01
 8.7822752473595850E-03 -5.9372272605382028E-03 -1.6142342809383539E-03
0
0.0
 -1.1407996218300525E+00 -2.3170985309886123E+00 3.8420614944644871E-01
 8.8922703235601534E-03 -5.8870914802703917E-03 -1.6385809680255982E-03
0
0.0
 -1.1407996218300525E+00 -2.3170985309886123E+00 3.8420614944644871E-01
 8.7621812895213088E-03 -5.7531831635101414E-03 -1.8918950208007056E-03
0
0.0
 -1.1407996218300525E+00 -2.3170985309886123E+00 3.8420614944644871E-01
 8.5922255173237656E-03 -5.9880982987553658E-03 -1.5692118253839260E-03
0
0.0
 -1.1407996218300525E+00 -2.3170985309886123E+00 3.8420614944644871E-01
 8.6384761222970084E-03 -5.8776735150243530E-03 -1.6873270984730725E-03
0
0.0
 -1.1407996218300525E+00 -2.3170985309886123E+00 3.8420614944644871E-01
 8.8010505891634953E-03 -5.8897079130801645E-03 -1.4245524434179640E-03
0
0.0
 -1.1407996218300525E+00 -2.3170985309886123E+00 3.8420614944644871E-01
 8.8248800614334020E-03 -6.0319622300354743E-03 -1.6357418163631832E-03
0
0.0
 -1.1407996218300525E+00 -2.3170985309886123E+00 3.8420614944644871E-01
 8.8192677738315427E-03 -5.8662460349989329E-03 -1.6372528486492920E-03
0
0.0
 -1.1407996218300525E+00 -2.3170985309886123E+00 3.8420614944644871E-01
 8.6819340765952688E-03 -6.0079578728235829E-03 -1.5177267714685579E-03
0
0.0
 -1.1407996218300525E+00 -2.3170985309886123E+00 3.8420614944644871E-01
 8.6250935102993760E-03 -6.0858660443090587E-03 -1.6628709302032836E-03
0
0.0
 -1.1407996218300525E+00 -2.3170985309886123E+00 3.8420614944644871E-01
 8.8203995366310309E-03 -6.1515865534878195E-03 -1.7507283705088580E-03
0
0.0
 -1.1407996218300525E+00 -2.3170985309886123E+00 3.8420614944644871E-01
 8.6913728252277882E-03 -5.8175611280434766E-03 -1.6547897806357141E-03
0
0.0
 -1.1407996218300525E+00 -2.3170985309886123E+00 3.8420614944644871E-01
 8.6376629460331832E-03 -5.9467928364183497E-03 -1.6395631377398268E-03
0
0.0
 -1.1407996218300525E+00 -2.3170985309886123E+00 3.8420614944644871E-01
 8.9009060914682428E-03 -5.6653221160596684E-03 -1.6348047103537638E-03
0
0.0
 -1.1407996218300525E+00 -2.3170985309886123E+00 3.8420614944644871E-01
 8.7906223252002536E-03 -5.8373723360054999E-03 -1.6518430306287179E-03
0
0.0
 -1.1407996218300525E+00 -2.3170985309886123E+00 3.8420614944644871E-01
 8.7803478421077663E-03 -5.7218107660969427E-03 -1.7832801693568698E-03
0
0.0
 -1.1407996218300525E+00 -2.3170985309886123E+00 3.8420614944644871E-01
 8.8184642953405279E-03 -6.0115765458728177E-03 -1.6338840736576778E-03
0
0.0
 -1.1407996218300525E+00 -2.3170985309886123E+00 3.8420614944644871E-01
 8.8927963197734435E-03 -5.7152974653598334E-03 -1.8729732266299897E-03
0
0.0
 -1.1407996218300525E+00 -2.3170985309886123E+00 3.8420614944644871E-01
 8.8874214203660783E-03 -5.6588800598987351E-03 -1.8188536740064694E-03
0
0.0
 -1.1407996218300525E+00 -2.3170985309886123E+00 3.8420614944644871E-01
 9.0612266224290808E-03 -5.9612280656415918E-03 -1.7491247436471251E-03
0
0.0
 -1.1407996218300525E+00 -2.3170985309886123E+00 3.8420614944644871E-01
 8.9115115304294768E-03 -6.0862769639255365E-03 -1.8061981213833543E-03
0
0.0
 -1.1407996218300525E+00 -2.3170985309886123E+00 3.8420614944644871E-01
 8.5903834615616379E-03 -5.9720362108888203E-03 -1.7719325250888612E-03
0
0.0
 -1.1407996218300525E+00 -2.3170985309886123E+00 3.8420614944644871E-01
 8.8717165980506715E-03 -5.8479954565422458E-03 -1.5821068689952878E-03
0
0.0
 -1.1407996218300525E+00 -2.3170985309886123E+00 3.8420614944644871E-01
 8.6126196589209232E-03 -5.9375745044590381E-03 -1.4728377920807090E-03
0
0.0
 -1.1407996218300525E+00 -2.3170985309886123E+00 3.8420614944644871E-01
 8.8059304359762967E-03 -5.9898980245130821E-03 -1.9536817250812373E-03
0
0.0
 -1.1407996218300525E+00 -2.3170985309886123E+00 3.8420614944644871E-01
 9.0051145024253494E-03 -5.9336958954862044E-03 -1.6151248483791873E-03
0
0.0
 -1.1407996218300525E+00 -2.3170985309886123E+00 3.8420614944644871E-01
 8.9744492115827832E-03 -5.9676244819630454E-03 -1.9041772628418450E-03
0
0.0
 -1.1407996218300525E+00 -2.3170985309886123E+00 3.8420614944644871E-01
 8.6273939959507807E-03 -6.0933103308236751E-03 -1.7954554894523040E-03
0
0.0
 -1.1407996218300525E+00 -2.3170985309886123E+00 3.8420614944644871E-01
 8.8758264845411466E-03 -5.8521393315734962E-03 -1.5772659675739069E-03
0
0.0
 -1.1407996218300525E+00 -2.3170985309886123E+00 3.8420614944644871E-01
 8.7181893836284739E-03 -5.7902277460239364E-03 -1.6288714526515153E-03
0
0.0
 -1.1407996218300525E+00 -2.3170985309886123E+00 3.8420614944644871E-01
 8.7011675521620497E-03 -5.9085511989469524E-03 -1.6289234625679035E-03
0
0.0
 -1.1407996218300525E+00 -2.3170985309886123E+00 3.8420614944644871E-01
 8.6766782505301333E-03 -5.6883582888604435E-03 -1.3875378217862394E-03
0
0.0
 -1.1407996218300525E+00 -2.3170985309886123E+00 3.8420614944644871E-01
 8.7374507545378878E-03 -5.9531651610933130E-03 -1.6559198299112700E-03
0
0.0
 -1.1407996218300525E+00 -2.3170985309886123E+00 3.8420614944644871E-01
 8.7987211118538463E-03 -6.1494322211300854E-03 -1.7124691886215360E-03
0
0.0
 -1.1407996218300525E+00 -2.3170985309886123E+00 3.8420614944644871E-01
 8.5731458923635658E-03 -5.8843211334360969E-03 -1.6512187247984108E-03
0
0.0
 -1.1407996218300525E+00 -2.3170985309886123E+00 3.8420614944644871E-01
 8.4929729213698776E-03 -5.9377766297723251E-03 -1.4990394165788762E-03
0
0.0
 -1.1407996218300525E+00 -2.3170985309886123E+00 3.8420614944644871E-01
 8.7388925484774959E-03 -5.9362378237108725E-03 -1.5798788245741486E-03
0
0.0
 -1.1407996218300525E+00 -2.3170985309886123E+00 3.8420614944644871E-01
 8.7468882455032475E-03 -5.9525482785829902E-03 -1.8311763402800618E-03
0
0.0
 -1.1407996218300525E+00 -2.3170985309886123E+00 3.8420614944644871E-01
 8.7757208589612831E-03 -5.8437504636246040E-03 -1.5819487944757121E-03
0
0.0
 -1.1407996218300525E+00 -2.3170985309886123E+00 3.8420614944644871E-01
 8.7536811657764595E-03 -5.8589603451604036E-03 -1.7727797921702514E-03
0
0.0
 -1.1407996218300525E+00 -2.3170985309886123E+00 3.8420614944644871E-01
 8.5786740251068173E-03 -5.8972531004991219E-03 -1.5903036330033049E-03
0
0.0
 -1.1407996218300525E+00 -2.3170985309886123E+00 3.8420614944644871E-01
 8.7974600158030655E-03 -5.9154627388380522E-03 -1.6336164080216469E-03
0
0.0
 -1.1407996218300525E+00 -2.3170985309886123E+00 3.8420614944644871E-01
 8.5708469798899244E-03 -6.1140249683441809E-03 -1.5573229313234622E-03
0
0.0
 -1.1407996218300525E+00 -2.3170985309886123E+00 3.8420614944644871E-01
 8.8857705977253617E-03 -5.8383289033531287E-03 -1.7218671303296349E-03
0
0.0
 -1.1407996218300525E+00 -2.3170985309886123E+00 3.8420614944644871E-01
 8.7135765160718404E-03 -6.0330004640121900E-03 -1.5741837933991017E-03
0
0.0
 -1.1407996218300525E+00 -2.3170985309886123E+00 3.8420614944644871E-01
 8.7647166545130606E-03 -5.8743558137462400E-03 -1.6915479890332828E-03
0
0.0
 -1.1407996218300525E+00 -2.3170985309886123E+00 3.8420614944644871E-01
 8.7705460658734236E-03 -5.9427409066768640E-03 -1.6183658862911994E-03
0
0.0
 -1.1407996218300525E+00 -2.3170985309886123E+00 3.8420614944644871E-01
 8.8945482469857604E-03 -5.8556798852988558E-03 -1.3631842724230142E-03
0
0.0
 -1.1407996218300525E+00 -2.3170985309886123E+00 3.8420614944644871E-01
 8.9438180152359836E-03 -5.9355938748928416E-03 -1.5478893693103711E-03
0
0.0
 -1.1407996218300525E+00 -2.3170985309886123E+00 3.8420614944644871E-01
 8.7646342999473312E-03 -5.9215129352833580E-03 -1.6943409347998956E-03
0
0.0
