20
-1
1
 -0.48193182   0.73543184   0.47632104  1.66504180e-04
 -0.18011664  -0.91920916  -0.35016070  5.19328187e-04
  0.54336432  -0.83451938  -0.09128320  2.29771420e-04
 -0.58706793  -0.59910884   0.54444452  3.06595421e-04
  0.29593193   0.93090638  -0.21409719  2.27000273e-04
 -0.17514839  -0.73576268  -0.65419899  2.79508226e-04
  0.09712006   0.35999622  -0.92788491  4.19561374e-04
 -0.43688990   0.89950484  -0.00427339  7.35889516e-04
 -0.19273287   0.90862458   0.37047997  1.45537920e-04
  0.41412234  -0.82137452   0.39223282  6.49484966e-04
 -0.88967632   0.29658646   0.34714913  2.37334146e-04
 -0.23474943   0.11150645  -0.96563918  1.68114654e-04
 -0.51042513   0.85378528  -0.10255182  2.91651220e-04
  0.18915839   0.70046656  -0.68816111  1.57568507e-04
 -0.96275782   0.12007666   0.24223745  2.42541083e-04
 -0.88526284  -0.15143042  -0.43974825  6.15065783e-04
  0.58179776  -0.37852560  -0.71988175  1.80863014e-04
  0.32193007  -0.83937999  -0.43795235  1.91173722e-04
  0.04603449   0.12927010   0.99054029  2.37285067e-04
  0.70635182  -0.67735617   0.20556197  2.72537234e-04
