20
 -1.1407996218300525E+00 -2.3170985309886123E+00 3.8420614944644871E-01
 8.6414684008394964E-03 -5.8631866692805861E-03 -1.4795340827793357E-03
0
0.0
 -1.1407996218300525E+00 -2.3170985309886123E+00 3.8420614944644871E-01
 8.6855491740518761E-03 -5.9498879673354306E-03 -1.7883724505832869E-03
0
0.0
 -1.1407996218300525E+00 -2.3170985309886123E+00 3.8420614944644871E-01
 8.8595985793032943E-03 -5.9498325676776605E-03 -1.8003965956969739E-03
0
0.0
 -1.1407996218300525E+00 -2.3170985309886123E+00 3.8420614944644871E-01
 8.7721294262858140E-03 -5.7435213291369188E-03 -1.7582400143260186E-03
0
0.0
 -1.1407996218300525E+00 -2.3170985309886123E+00 3.8420614944644871E-01
 8.8652796375891674E-03 -6.2025535548439576E-03 -1.4721177362526678E-03
0
0.0
 -1.1407996218300525E+00 -2.3170985309886123E+00 3.8420614944644871E-01
 8.6935484272489261E-03 -5.9631617376781016E-03 -1.7822937808219747E-03
0
0.0
 -1.1407996218300525E+00 -2.3170985309886123E+00 3.8420614944644871E-01
 8.8551426681126779E-03 -5.9421266545267625E-03 -1.3839883873114479E-03
0
0.0
 -1.1407996218300525E+00 -2.3170985309886123E+00 3.8420614944644871E-01
 8.6421692413347628E-03 -5.9715140411352339E-03 -1.6767859776882234E-03
0
0.0
 -1.1407996218300525E+00 -2.3170985309886123E+00 3.8420614944644871E-01
 8.8387269656745055E-03 -5.8919911419471806E-03 -1.6561350951736751E-03
0
0.0
 -1.1407996218300525E+00 -2.3170985309886123E+00 3.8420614944644871E-01
 8.6450863882679366E-03 -6.0416171207404541E-03 -1.5267051526508901E-03
0
0.0
 -1.1407996218300525E+00 -2.3170985309886123E+00 3.8420614944644871E-01
 8.6263662777979668E-03 -6.1224668765366445E-03 -1.7895947294404783E-03
0
0.0
 -1.1407996218300525E+00 -2.3170985309886123E+00 3.8420614944644871E-01
 8.7169998644951556E-03 -5.8863828937807394E-03 -1.5885338926882443E-03
0
0.0
 -1.1407996218300525E+00 -2.3170985309886123E+00 3.8420614944644871E-01
 8.7198956175561972E-03 -5.9623759615432129E-03 -1.6364730497832247E-03
0
0.0
 -1.1407996218300525E+00 -2.3170985309886123E+00 3.8420614944644871E-01
 8.7614230525119557E-03 -5.9432264552028756E-03 -1.5486675958834911E-03
0
0.0
 -1.1407996218300525E+00 -2.3170985309886123E+00 3.8420614944644871E-01
 8.8941981459712324E-03 -6.0581580057643891E-03 -1.5398147491332943E-03
0
0.0
 -1.1407996218300525E+00 -2.3170985309886123E+00 3.8420614944644871E-01
 8.6941770386053420E-03 -5.8661203922545941E-03 -1.5889275673233825E-03
0
0.0
 -1.1407996218300525E+00 -2.3170985309886123E+00 3.8420614944644871E-01
 8.8776031679724757E-03 -5.6361778223498801E-03 -1.5617261937952600E-03
0
0.0
 -1.1407996218300525E+00 -2.3170985309886123E+00 3.8420614944644871E-01
 8.6875708240249181E-03 -5.9204696190074835E-03 -1.8830117689987529E-03
0
0.0
 -1.1407996218300525E+00 -2.3170985309886123E+00 3.8420614944644871E-01
 8.7825291213571108E-03 -6.0119508954170429E-03 -1.6721646303657310E-03
0
0.0
 -1.1407996218300525E+00 -2.3170985309886123E+00 3.8420614944644871E-01
 8.6952561189139171E-03 -6.0520916670919684E-03 -1.7587042496250780E-03
0
0.0
