50
-1
1
 -0.80997338   0.36990415   0.45509784  2.69061886e-04
 -0.28327128  -0.76736683   0.57524388  2.89964824e-04
  0.87673902  -0.26594703  -0.40075038  6.42864655e-04
  0.21645720   0.20827636  -0.95381719  4.51546603e-04
  0.85585466  -0.19032324   0.48092605  2.44348629e-04
  0.35848351   0.63722210  -0.68222985  5.49542242e-04
  0.24031745   0.84153035  -0.48381215  2.52523467e-04
  0.47091463  -0.15978429   0.86758768  1.92053167e-04
 -0.24254430  -0.50812461   0.82642704  4.86736147e-04
 -0.34774621  -0.60565697   0.71571797  2.04177990e-04
 -0.25064518   0.84925560  -0.46469552  1.63602551e-04
  0.16936960  -0.60982097  -0.77423014  8.68974246e-04
 -0.84757402  -0.10164203   0.52085236  1.50659927e-04
  0.23660844   0.95059632   0.20095540  2.03773024e-04
 -0.65097072   0.15545408   0.74301491  7.47501046e-04
 -0.76768655   0.45637888  -0.44986184  1.65938675e-04
  0.99231787  -0.12253465  -0.01704440  1.74109073e-04
  0.54962414   0.44608795   0.70634187  3.33247148e-04
 -0.55498653   0.41754988   0.71947345  2.19404442e-04
 -0.50285018   0.86067481   0.07987847  5.73089902e-04
  0.56629777  -0.79512774   0.21697629  2.45527350e-04
  0.90223670  -0.37219141   0.21781297  6.53563000e-04
 -0.30326546   0.92336525  -0.23542872  4.15422369e-04
 -0.81439724  -0.15717182  -0.55861808  2.43628519e-04
 -0.17996741   0.51449195  -0.83839714  4.73169270e-04
 -0.59914442   0.49486522  -0.62939207  5.40072110e-04
  0.87840145   0.09570927  -0.46824207  1.70860819e-04
  0.73845670   0.14639210   0.65821809  2.22543488e-04
  0.55712409  -0.77276426   0.30405288  1.54513869e-04
  0.04540032   0.99888622   0.01285060  1.59612414e-04
 -0.50756011   0.82205757  -0.25807767  2.43929107e-04
  0.28180302   0.72076477  -0.63331289  1.65153668e-04
 -0.39955667   0.31581815   0.86058896  5.19323673e-04
 -0.73613973  -0.49681083   0.45964910  1.49387487e-04
 -0.80237566  -0.57249138  -0.16866216  2.81314775e-04
  0.09610873  -0.09129340  -0.99117538  8.39475877e-04
  0.42588135  -0.48366832  -0.76465027  7.43298771e-04
 -0.67580129  -0.36077080   0.64275737  2.64583512e-04
 -0.68088275  -0.70838207  -0.18599333  3.96272303e-04
  0.49497888   0.56430186   0.66072636  2.02053982e-04
 -0.63481674  -0.06161238   0.77020233  2.50447636e-04
 -0.85879918  -0.34773747   0.37622149  5.17812865e-04
  0.49840013   0.86686414   0.01199476  3.77459234e-04
 -0.48524322  -0.41262797  -0.77089375  2.62922858e-04
 -0.87741574  -0.46267128  -0.12679469  1.66148168e-04
  0.39994379  -0.83631316   0.37500035  3.90648669e-04
  0.86895674  -0.33991111  -0.35968684  2.01072988e-04
  0.49348446  -0.73145406   0.47058267  3.85204599e-04
  0.23480538  -0.81142323  -0.53521844  1.47206671e-04
  0.84851507   0.28892093   0.44333608  1.64574159e-04
