50
 -1.1407996218300525E+00 -2.3170985309886123E+00 3.8420614944644871E-01
 8.9525451129015901E-03 -5.8386362766855125E-03 -1.5399950602013827E-03
0
0.0
 -1.1407996218300525E+00 -2.3170985309886123E+00 3.8420614944644871E-01
 9.0127191840567254E-03 -5.8229984181152102E-03 -1.7214815183785000E-03
0
0.0
 -1.1407996218300525E+00 -2.3170985309886123E+00 3.8420614944644871E-01
 8.7014613206644713E-03 -6.0382156443984751E-03 -1.3240512686454691E-03
0
0.0
 -1.1407996218300525E+00 -2.3170985309886123E+00 3.8420614944644871E-01
 8.6999712638336415E-03 -5.8816315900682746E-03 -1.6549054514856305E-03
0
0.0
 -1.1407996218300525E+00 -2.3170985309886123E+00 3.8420614944644871E-01
 8.6512306978215013E-03 -5.6751871358347583E-03 -1.7603682466856834E-03
0
0.0
 -1.1407996218300525E+00 -2.3170985309886123E+00 3.8420614944644871E-01
 8.7103213081129883E-03 -5.8642008173670568E-03 -1.5740832235729967E-03
0
0.0
 -1.1407996218300525E+00 -2.3170985309886123E+00 3.8420614944644871E-01
 8.9042368946667845E-03 -5.8599833247852335E-03 -1.6469686461268371E-03
0
0.0
 -1.1407996218300525E+00 -2.3170985309886123E+00 3.8420614944644871E-01
 8.7619886035147070E-03 -5.8810693135920994E-03 -1.7940956352934150E-03
0
0.0
 -1.1407996218300525E+00 -2.3170985309886123E+00 3.8420614944644871E-01
 8.7402108656357870E-03 -5.8051969084024499E-03 -1.7224990640475428E-03
0
0.0
 -1.1407996218300525E+00 -2.3170985309886123E+00 3.8420614944644871E-01
 8.7824922251659287E-03 -5.7198788833290621E-03 -1.6398226106680255E-03
0
0.0
 -1.1407996218300525E+00 -2.3170985309886123E+00 3.8420614944644871E-01
 8.7103149436721181E-03 -6.0863034922410755E-03 -1.5869219161788960E-03
0
0.0
 -1.1407996218300525E+00 -2.3170985309886123E+00 3.8420614944644871E-01
 8.8793860402880277E-03 -5.7682323426759734E-03 -1.4390916897245073E-03
0
0.0
 -1.1407996218300525E+00 -2.3170985309886123E+00 3.8420614944644871E-01
 8.7117925209019911E-03 -5.9663038383769816E-03 -1.4979263157995771E-03
0
0.0
 -1.1407996218300525E+00 -2.3170985309886123E+00 3.8420614944644871E-01
 8.5140976371903248E-03 -6.0073389589374382E-03 -1.5397622944871524E-03
0
0.0
 -1.1407996218300525E+00 -2.3170985309886123E+00 3.8420614944644871E-01
 8.7627176012372542E-03 -6.0155971687815774E-03 -1.6010563498864926E-03
0
0.0
 -1.1407996218300525E+00 -2.3170985309886123E+00 3.8420614944644871E-01
 8.8515472321046822E-03 -5.9285603837002515E-03 -1.7002941162263569E-03
0
0.0
 -1.1407996218300525E+00 -2.3170985309886123E+00 3.8420614944644871E-01
 8.9337423887783148E-03 -5.8208866185795972E-03 -1.5946186480334792E-03
0
0.0
 -1.1407996218300525E+00 -2.3170985309886123E+00 3.8420614944644871E-01
 8.6341454868360361E-03 -6.0828318622335341E-03 -1.4412270275714599E-03
0
0.0
 -1.1407996218300525E+00 -2.3170985309886123E+00 3.8420614944644871E-01
 8.7141928624588916E-03 -5.9899969095933711E-03 -1.7267636908870755E-03
0
0.0
 -1.1407996218300525E+00 -2.3170985309886123E+00 3.8420614944644871E-01
 8.4861008410703417E-03 -5.9769262144495411E-03 -1.7650418782963482E-03
0
0.0
 -1.1407996218300525E+00 -2.3170985309886123E+00 3.8420614944644871E-01
 8.8537254773676678E-03 -5.8004629526123112E-03 -1.3365605443014935E-03
0
0.0
 -1.1407996218300525E+00 -2.3170985309886123E+00 3.8420614944644871E-01
 8.8781300228904930E-03 -5.9053015123599990E-03 -1.4574870908931514E-03
0
0.0
 -1.1407996218300525E+00 -2.3170985309886123E+00 3.8420614944644871E-01
 8.7414846887474487E-03 -5.8019234018892394E-03 -1.7727538420241101E-03
0
0.0
 -1.1407996218300525E+00 -2.3170985309886123E+00 3.8420614944644871E-01
 8.7903509026250794E-03 -5.9033362972127469E-03 -1.6790300673767357E-03
0
0.0
 -1.1407996218300525E+00 -2.3170985309886123E+00 3.8420614944644871E-01
 8.7556469757803009E-03 -6.0115306254762309E-03 -1.5122039420901504E-03
0
0.0
 -1.1407996218300525E+00 -2.3170985309886123E+00 3.8420614944644871E-01
 8.7963868433492964E-03 -5.8429142875675534E-03 -1.6607896091008286E-03
0
0.0
 -1.1407996218300525E+00 -2.3170985309886123E+00 3.8420614944644871E-01
 8.6661005760443506E-03 -6.0171873193588460E-03 -1.7190401753896249E-03
0
0.0
 -1.1407996218300525E+00 -2.3170985309886123E+00 3.8420614944644871E-01
 8.8803168979423776E-03 -5.7408770625095766E-03 -1.6128125530408162E-03
0
0.0
 -1.1407996218300525E+00 -2.3170985309886123E+00 3.8420614944644871E-01
 8.5675605026002757E-03 -5.6811297669320309E-03 -1.6545845582366580E-03
0
0.0
 -1.1407996218300525E+00 -2.3170985309886123E+00 3.8420614944644871E-01
 8.7999570425663434E-03 -5.9252722634687734E-03 -1.6081142061605241E-03
0
0.0
 -1.1407996218300525E+00 -2.3170985309886123E+00 3.8420614944644871E-01
 8.9616018650763105E-03 -5.7181817681958369E-03 -1.8142355376969560E-03
0
0.0
 -1.1407996218300525E+00 -2.3170985309886123E+00 3.8420614944644871E-01
 8.8270702058838215E-03 -5.8008949164424020E-03 -1.6137798340525480E-03
0
0.0
 -1.1407996218300525E+00 -2.3170985309886123E+00 3.8420614944644871E-01
 8.8049996986274762E-03 -5.8465780224077916E-03 -1.5775512717622773E-03
0
0.0
 -1.1407996218300525E+00 -2.3170985309886123E+00 3.8420614944644871E-01
 8.8430044866089734E-03 -5.8120310307858310E-03 -1.5412663874120607E-03
0
0.0
 -1.1407996218300525E+00 -2.3170985309886123E+00 3.8420614944644871E-01
 8.7808245905953777E-03 -5.8239033154905990E-03 -1.7806532599361981E-03
0
0.0
 -1.1407996218300525E+00 -2.3170985309886123E+00 3.8420614944644871E-01
 8.5263816394472985E-03 -6.0546398028354133E-03 -1.5044668375092383E-03
0
0.0
 -1.1407996218300525E+00 -2.3170985309886123E+00 3.8420614944644871E-01
 9.0173884855205139E-03 -5.7624092011551746E-03 -1.5237079453935657E-03
0
0.0
 -1.1407996218300525E+00 -2.3170985309886123E+00 3.8420614944644871E-01
 8.7940329160396801E-03 -5.8892762512939090E-03 -1.6225386669264643E-03
0
0.0
 -1.1407996218300525E+00 -2.3170985309886123E+00 3.8420614944644871E-01
 8.5061021149354966E-03 -5.9320999531999735E-03 -1.7477913813647061E-03
0
0.0
 -1.1407996218300525E+00 -2.3170985309886123E+00 3.8420614944644871E-01
 8.8905835267460657E-03 -5.8366397904030375E-03 -1.6659913186803819E-03
0
0.0
 -1.1407996218300525E+00 -2.3170985309886123E+00 3.8420614944644871E-01
 8.8597719201133993E-03 -6.0186086978220666E-03 -1.5479956149081881E-03
0
0.0
 -1.1407996218300525E+00 -2.3170985309886123E+00 3.8420614944644871E-01
 8.7711043071425857E-03 -5.9650104052536524E-03 -1.6625970252654840E-03
0
0.0
 -1.1407996218300525E+00 -2.3170985309886123E+00 3.8420614944644871E-01
 8.7985072363624666E-03 -5.8368398817145390E-03 -1.6609534448532145E-03
0
0.0
 -1.1407996218300525E+00 -2.3170985309886123E+00 3.8420614944644871E-01
 8.7944252429488848E-03 -5.9970022948596553E-03 -1.8699721556910574E-03
0
0.0
 -1.1407996218300525E+00 -2.3170985309886123E+00 3.8420614944644871E-01
 8.7722023751199089E-03 -5.9222635485351319E-03 -1.7194397539158337E-03
0
0.0
 -1.1407996218300525E+00 -2.3170985309886123E+00 3.8420614944644871E-01
 8.9557567442201461E-03 -5.9241383906917817E-03 -1.6470566085169662E-03
0
0.0
 -1.1407996218300525E+00 -2.3170985309886123E+00 3.8420614944644871E-01
 8.5833501437373675E-03 -5.8379509494270445E-03 -1.6007523463252619E-03
0
0.0
 -1.1407996218300525E+00 -2.3170985309886123E+00 3.8420614944644871E-01
 8.7813091527705802E-03 -5.8885629668045947E-03 -1.6714857206398858E-03
0
0.0
 -1.1407996218300525E+00 -2.3170985309886123E+00 3.8420614944644871E-01
 8.6794654923616800E-03 -5.7591674347829674E-03 -1.5381987594173298E-03
0
0.0
 -1.1407996218300525E+00 -2.3170985309886123E+00 3.8420614944644871E-01
 8.8267418231450737E-03 -6.0650008110825025E-03 -1.5650935803313770E-03
0
0.0
