20
-1
1
  0.23090622  -0.76122248  -0.60598898  7.58890501e-04
  0.83361724  -0.27596435   0.47846209  1.83052118e-04
 -0.37758432   0.00000929   0.92597521  6.88974827e-04
  0.50991135  -0.47713254  -0.71577577  1.74079752e-04
  0.64585714  -0.27095958   0.71375728  6.05223953e-04
 -0.19488691  -0.75352037   0.62787431  2.59185597e-04
  0.00261338  -0.78077468   0.62480723  3.03470265e-04
  0.73211999  -0.38734756   0.56032329  1.52489879e-04
  0.27991287  -0.88795562  -0.36494329  2.00538599e-04
 -0.78406232   0.11038932   0.61078677  1.73982665e-04
  0.76042143   0.37967548   0.52688308  8.38041068e-04
 -0.02085459  -0.68058186   0.73237519  3.65369832e-04
  0.72254227   0.68603896   0.08534170  2.26267240e-04
 -0.50860545  -0.84523084   0.16402842  2.40817982e-04
 -0.02584577   0.98637828  -0.16244967  1.55738470e-04
 -0.73482809  -0.24576530  -0.63216066  1.56690483e-04
  0.90966313  -0.24466700  -0.33563530  2.16196548e-04
 -0.80341448  -0.59484983   0.02605482  1.53878276e-04
  0.75079184  -0.46625017  -0.46789144  1.90046965e-04
  0.19522150  -0.80336742   0.56257387  6.24769358e-04
