20
 -1.1407996218300525E+00 -2.3170985309886123E+00 3.8420614944644871E-01
 8.6480387747495929E-03 -5.7842010787771047E-03 -1.8867693388500755E-03
0
0.0
 -1.1407996218300525E+00 -2.3170985309886123E+00 3.8420614944644871E-01
 9.0182555771022976E-03 -5.8216689871197535E-03 -1.6128508230073939E-03
0
0.0
 -1.1407996218300525E+00 -2.3170985309886123E+00 3.8420614944644871E-01
 8.6300853452307216E-03 -5.6878362580983083E-03 -1.7665684622547319E-03
0
0.0
 -1.1407996218300525E+00 -2.3170985309886123E+00 3.8420614944644871E-01
 8.7544986975864672E-03 -5.8837026912096834E-03 -1.5419187248718984E-03
0
0.0
 -1.1407996218300525E+00 -2.3170985309886123E+00 3.8420614944644871E-01
 8.8685424915418230E-03 -5.6380643583317010E-03 -1.7473183794584372E-03
0
0.0
 -1.1407996218300525E+00 -2.3170985309886123E+00 3.8420614944644871E-01
 8.7347116570626378E-03 -5.9157939538214540E-03 -1.5539397944640337E-03
0
0.0
 -1.1407996218300525E+00 -2.3170985309886123E+00 3.8420614944644871E-01
 8.7539617411286075E-03 -6.1413067128662895E-03 -1.6596540959047477E-03
0
0.0
 -1.1407996218300525E+00 -2.3170985309886123E+00 3.8420614944644871E-01
 8.7406911808800471E-03 -5.9647507661917207E-03 -1.4731937257870900E-03
0
0.0
 -1.1407996218300525E+00 -2.3170985309886123E+00 3.8420614944644871E-01
 8.7360116974981583E-03 -6.0090764764741574E-03 -1.6376754984608567E-03
0
0.0
 -1.1407996218300525E+00 -2.3170985309886123E+00 3.8420614944644871E-01
 8.8397060816835567E-03 -5.9793888597911961E-03 -1.5853644545767347E-03
0
0.0
 -1.1407996218300525E+00 -2.3170985309886123E+00 3.8420614944644871E-01
 8.6605296190183888E-03 -5.8470026866272945E-03 -1.6822287194187674E-03
0
0.0
 -1.1407996218300525E+00 -2.3170985309886123E+00 3.8420614944644871E-01
 8.8923200948394492E-03 -5.7796359170398113E-03 -1.6453618298520817E-03
0
0.0
 -1.1407996218300525E+00 -2.3170985309886123E+00 3.8420614944644871E-01
 8.7007845887495140E-03 -5.9672538655452939E-03 -1.5224566850288957E-03
0
0.0
 -1.1407996218300525E+00 -2.3170985309886123E+00 3.8420614944644871E-01
 8.7835482312975926E-03 -5.7375170108112132E-03 -1.5626154084170817E-03
0
0.0
 -1.1407996218300525E+00 -2.3170985309886123E+00 3.8420614944644871E-01
 8.6151127175711373E-03 -5.9910947652517896E-03 -1.3682023591533622E-03
0
0.0
 -1.1407996218300525E+00 -2.3170985309886123E+00 3.8420614944644871E-01
 8.7289684411789355E-03 -6.0633035948115992E-03 -1.6846443811928322E-03
0
0.0
 -1.1407996218300525E+00 -2.3170985309886123E+00 3.8420614944644871E-01
 8.6170653937204921E-03 -5.9903332054096715E-03 -1.4536204708682225E-03
0
0.0
 -1.1407996218300525E+00 -2.3170985309886123E+00 3.8420614944644871E-01
 8.7151152061691276E-03 -5.9177343227201119E-03 -1.5993501429530791E-03
0
0.0
 -1.1407996218300525E+00 -2.3170985309886123E+00 3.8420614944644871E-01
 8.6989143652477733E-03 -6.1357076017379284E-03 -1.4842195531034510E-03
0
0.0
 -1.1407996218300525E+00 -2.3170985309886123E+00 3.8420614944644871E-01
 8.9475867274039882E-03 -5.8002472422345854E-03 -1.6794518339928589E-03
0
0.0
