20
-1
1
 -0.56078695   0.81245035  -0.15950683  1.63365602e-04
  0.10462907  -0.71038753   0.69599017  3.41591835e-04
  0.61969117  -0.54523974  -0.56453209  2.47601439e-04
 -0.29725623   0.86248287  -0.40958765  2.33239543e-04
 -0.95922685  -0.25810048  -0.11518676  1.51870327e-04
  0.75230708  -0.51742729  -0.40780273  3.27108072e-04
  0.84174512  -0.04889564   0.53765636  1.89985781e-04
  0.05814059  -0.57543564   0.81577785  1.60353574e-04
 -0.24353204   0.45254170   0.85784506  1.80414731e-04
 -0.66277370   0.16419133  -0.73059717  2.06461875e-04
 -0.73181351   0.58223812   0.35418606  2.83977924e-04
 -0.13401060  -0.44397499  -0.88596127  6.43929434e-04
  0.07165713  -0.90655074  -0.41596996  1.64723947e-04
  0.82107662  -0.46020384   0.33770639  1.89798557e-04
 -0.82510573  -0.51355708  -0.23549875  1.87036417e-04
  0.47570673   0.81320618  -0.33525932  2.26300004e-04
  0.57024271  -0.72242536   0.39105607  2.02603936e-04
 -0.68879916   0.34543889  -0.63735994  1.98766274e-04
 -0.16795838  -0.98288920   0.07562278  3.94819864e-04
  0.15530194   0.85938368  -0.48717656  3.71062372e-04
