20
 -1.1407996218300525E+00 -2.3170985309886123E+00 3.8420614944644871E-01
 8.5673991864176138E-03 -5.9097708490253179E-03 -1.7650240543227356E-03
0
0.0
 -1.1407996218300525E+00 -2.3170985309886123E+00 3.8420614944644871E-01
 8.9405123062473446E-03 -5.9600056162926801E-03 -1.6255839227706291E-03
0
0.0
 -1.1407996218300525E+00 -2.3170985309886123E+00 3.8420614944644871E-01
 8.8842635437378220E-03 -5.7898405769436388E-03 -1.7587761449716405E-03
0
0.0
 -1.1407996218300525E+00 -2.3170985309886123E+00 3.8420614944644871E-01
 8.7021616365622664E-03 -6.0815834803222748E-03 -1.6853052013136480E-03
0
0.0
 -1.1407996218300525E+00 -2.3170985309886123E+00 3.8420614944644871E-01
 8.8685631345132403E-03 -5.8466060873868173E-03 -1.6397492175656814E-03
0
0.0
 -1.1407996218300525E+00 -2.3170985309886123E+00 3.8420614944644871E-01
 8.7654438415842618E-03 -5.9236370420054415E-03 -1.6676737768605123E-03
0
0.0
 -1.1407996218300525E+00 -2.3170985309886123E+00 3.8420614944644871E-01
 9.0250139020104769E-03 -5.9104528127326859E-03 -1.6007510990921178E-03
0
0.0
 -1.1407996218300525E+00 -2.3170985309886123E+00 3.8420614944644871E-01
 8.8580930755150240E-03 -5.9904010834633606E-03 -1.7017870286832107E-03
0
0.0
 -1.1407996218300525E+00 -2.3170985309886123E+00 3.8420614944644871E-01
 9.0259583389588338E-03 -5.8750661860547133E-03 -1.7070111368105924E-03
0
0.0
 -1.1407996218300525E+00 -2.3170985309886123E+00 3.8420614944644871E-01
 8.8834128724685091E-03 -5.9177771864319384E-03 -1.5982692048471235E-03
0
0.0
 -1.1407996218300525E+00 -2.3170985309886123E+00 3.8420614944644871E-01
 8.9506040586807487E-03 -6.0009634971192414E-03 -1.7999628186121301E-03
0
0.0
 -1.1407996218300525E+00 -2.3170985309886123E+00 3.8420614944644871E-01
 8.8433049034280699E-03 -5.9419326899328275E-03 -1.5985245457963619E-03
0
0.0
 -1.1407996218300525E+00 -2.3170985309886123E+00 3.8420614944644871E-01
 8.6796196823954955E-03 -5.9465239438376465E-03 -1.7155132154203180E-03
0
0.0
 -1.1407996218300525E+00 -2.3170985309886123E+00 3.8420614944644871E-01
 8.6570151486886366E-03 -5.9955346758648106E-03 -1.5227102212510425E-03
0
0.0
 -1.1407996218300525E+00 -2.3170985309886123E+00 3.8420614944644871E-01
 8.7536476862439191E-03 -5.9730351634863631E-03 -1.5268740194402546E-03
0
0.0
 -1.1407996218300525E+00 -2.3170985309886123E+00 3.8420614944644871E-01
 8.7028234582227602E-03 -5.7257610561753155E-03 -1.6630558287450985E-03
0
0.0
 -1.1407996218300525E+00 -2.3170985309886123E+00 3.8420614944644871E-01
 8.8089778226064959E-03 -6.0097604341415164E-03 -1.7818573216278916E-03
0
0.0
 -1.1407996218300525E+00 -2.3170985309886123E+00 3.8420614944644871E-01
 8.7715734136498223E-03 -6.0338922598116556E-03 -1.4449307509236038E-03
0
0.0
 -1.1407996218300525E+00 -2.3170985309886123E+00 3.8420614944644871E-01
 8.8701935444676916E-03 -5.8185460283017142E-03 -1.6364546069317174E-03
0
0.0
 -1.1407996218300525E+00 -2.3170985309886123E+00 3.8420614944644871E-01
 8.7419866022214708E-03 -5.9105165619704495E-03 -1.6474096940588155E-03
0
0.0
