20
 -1.1407996218300525E+00 -2.3170985309886123E+00 3.8420614944644871E-01
 8.8694806091782728E-03 -6.0528170029804738E-03 -1.6849266415888701E-03
0
0.0
 -1.1407996218300525E+00 -2.3170985309886123E+00 3.8420614944644871E-01
 8.8619732482445156E-03 -5.9735617567403835E-03 -1.5023241976272741E-03
0
0.0
 -1.1407996218300525E+00 -2.3170985309886123E+00 3.8420614944644871E-01
 8.7066099282619470E-03 -5.9555780541675355E-03 -1.6474338287413097E-03
0
0.0
 -1.1407996218300525E+00 -2.3170985309886123E+00 3.8420614944644871E-01
 8.8213829607166460E-03 -5.9854513731558163E-03 -1.6763609819854979E-03
0
0.0
 -1.1407996218300525E+00 -2.3170985309886123E+00 3.8420614944644871E-01
 8.7987417066512971E-03 -5.7705697043753329E-03 -1.6851033530904779E-03
0
0.0
 -1.1407996218300525E+00 -2.3170985309886123E+00 3.8420614944644871E-01
 8.7002485060845552E-03 -6.0016859912852220E-03 -1.8524899915584540E-03
0
0.0
 -1.1407996218300525E+00 -2.3170985309886123E+00 3.8420614944644871E-01
 8.9064607621500043E-03 -5.9243516459944598E-03 -1.6499484382460252E-03
0
0.0
 -1.1407996218300525E+00 -2.3170985309886123E+00 3.8420614944644871E-01
 8.8645960124943586E-03 -5.8652504103612075E-03 -1.4393139577619394E-03
0
0.0
 -1.1407996218300525E+00 -2.3170985309886123E+00 3.8420614944644871E-01
 8.7675140438880882E-03 -5.8841121866000145E-03 -1.6124311989003653E-03
0
0.0
 -1.1407996218300525E+00 -2.3170985309886123E+00 3.8420614944644871E-01
 8.8155421758844207E-03 -5.7908251818430496E-03 -1.5002561635346641E-03
0
0.0
 -1.1407996218300525E+00 -2.3170985309886123E+00 3.8420614944644871E-01
 8.8491789310995404E-03 -5.8420561555140851E-03 -1.5572134645701731E-03
0
0.0
 -1.1407996218300525E+00 -2.3170985309886123E+00 3.8420614944644871E-01
 8.9140380141365452E-03 -5.7371236042409015E-03 -1.4692691653389511E-03
0
0.0
 -1.1407996218300525E+00 -2.3170985309886123E+00 3.8420614944644871E-01
 8.6217652913601409E-03 -5.7582443232542385E-03 -1.5708556684025884E-03
0
0.0
 -1.1407996218300525E+00 -2.3170985309886123E+00 3.8420614944644871E-01
 8.8754302414428884E-03 -6.0534171917259426E-03 -1.5220614973178929E-03
0
0.0
 -1.1407996218300525E+00 -2.3170985309886123E+00 3.8420614944644871E-01
 8.8646463537691809E-03 -6.0030902368496501E-03 -1.5079899001421016E-03
0
0.0
 -1.1407996218300525E+00 -2.3170985309886123E+00 3.8420614944644871E-01
 8.9151533072413039E-03 -5.9612804368800992E-03 -1.4509636098587264E-03
0
0.0
 -1.1407996218300525E+00 -2.3170985309886123E+00 3.8420614944644871E-01
 8.9359535082557760E-03 -5.9182454485685642E-03 -1.5992017845902135E-03
0
0.0
 -1.1407996218300525E+00 -2.3170985309886123E+00 3.8420614944644871E-01
 8.5489232821905868E-03 -5.9051950661069934E-03 -1.5950135123868467E-03
0
0.0
 -1.1407996218300525E+00 -2.3170985309886123E+00 3.8420614944644871E-01
 8.7803400775239779E-03 -5.9189104513448177E-03 -1.5765786053130451E-03
0
0.0
 -1.1407996218300525E+00 -2.3170985309886123E+00 3.8420614944644871E-01
 8.6917366518189012E-03 -5.8227559162575306E-03 -1.7615126539229206E-03
0
0.0
