50
-1
1
 -0.69679137  -0.43925148   0.56704490  3.36571545e-04
 -0.57928872  -0.73071352   0.36122338  3.14758253e-04
 -0.53574463   0.46353066  -0.70577406  2.69085412e-04
 -0.65765162   0.50916366  -0.55519971  7.62088528e-04
  0.96263015  -0.17949361  -0.20279360  1.84895420e-04
 -0.24146455  -0.11340962  -0.96375989  7.09491989e-04
  0.08226987   0.83447562   0.54486889  1.58609016e-04
 -0.73985728  -0.47485673   0.47657350  3.93102174e-04
  0.54727435   0.80012138  -0.24555359  2.19590785e-04
  0.46930936   0.48815249   0.73583685  2.14424065e-04
 -0.83672382  -0.36028539   0.41241689  4.24407354e-04
 -0.77177984   0.14569323   0.61897444  2.20530544e-04
 -0.77396039  -0.54030430   0.33023717  1.93955649e-04
  0.13047746   0.22641211   0.96525292  1.63797032e-04
 -0.96565519   0.25498707  -0.04991638  3.80779412e-04
  0.03475119  -0.04927324   0.99818060  3.45969629e-04
 -0.02345621   0.73856156   0.67377788  3.05286370e-04
 -0.30520095   0.92131447  -0.24089840  1.52208535e-04
 -0.47114685  -0.62575095   0.62165617  1.61807773e-04
  0.91446008  -0.08960936   0.39463011  4.43250127e-04
  0.33700701   0.85405258  -0.39625808  5.61553194e-04
 -0.62921310   0.60006708  -0.49397407  7.70092608e-04
 -0.97831717   0.20702316  -0.00607632  6.26095686e-04
 -0.97786455  -0.00429694   0.20919478  3.11217368e-04
 -0.92235397  -0.36921662   0.11376398  1.62007287e-04
 -0.89981739   0.42439522   0.10108091  1.73596120e-04
 -0.72974275   0.53060490  -0.43120061  2.04174300e-04
 -0.40213487  -0.04030237  -0.91469299  1.94439816e-04
  0.91449624   0.34792777  -0.20650154  3.17582276e-04
  0.03516254  -0.45079847  -0.89193292  3.17477631e-04
  0.16736492  -0.38992985   0.90550742  5.47223547e-04
 -0.48407406  -0.87202570   0.07241193  3.27709570e-04
 -0.46393784   0.23071805  -0.85529577  1.54973420e-04
 -0.10371543  -0.02190533   0.99436576  2.38871977e-04
 -0.25170283   0.36936723  -0.89454655  1.72162579e-04
 -0.79846431   0.58802397  -0.12916096  7.35292028e-04
 -0.13134690   0.03673977   0.99065543  1.90739768e-04
  0.57843685  -0.36189059  -0.73105815  1.49892014e-04
 -0.01606196  -0.90331075  -0.42868602  2.05247127e-04
  0.89351711   0.44656576   0.04697023  1.75954338e-04
  0.83472700  -0.44864571   0.31929275  2.20924400e-04
  0.27995485   0.90300603  -0.32589170  8.15510842e-04
  0.15860673  -0.41787446  -0.89455287  1.96588906e-04
  0.86014545   0.37074543  -0.35028221  1.86539971e-04
  0.91988219   0.29305155  -0.26064833  2.01281459e-04
 -0.91248527   0.26461155   0.31201180  4.55324461e-04
 -0.92816657  -0.20869245  -0.30814652  1.66582019e-04
 -0.12551758  -0.91802875   0.37612305  1.79165687e-04
 -0.35941399  -0.88112779   0.30730344  2.33275314e-04
  0.14083023  -0.98031783   0.13836112  8.52745914e-04
