50
 -1.1407996218300525E+00 -2.3170985309886123E+00 3.8420614944644871E-01
 8.6658396124538305E-03 -5.9571162558121971E-03 -1.7880106929807483E-03
0
0.0
 -1.1407996218300525E+00 -2.3170985309886123E+00 3.8420614944644871E-01
 8.7302488677841877E-03 -6.0640024675949191E-03 -1.8392560793667574E-03
0
0.0
 -1.1407996218300525E+00 -2.3170985309886123E+00 3.8420614944644871E-01
 8.7681518553117416E-03 -6.0197148271829192E-03 -1.3173006764774665E-03
0
0.0
 -1.1407996218300525E+00 -2.3170985309886123E+00 3.8420614944644871E-01
 8.8947267089697375E-03 -6.1868631885724466E-03 -1.6346479914588329E-03
0
0.0
 -1.1407996218300525E+00 -2.3170985309886123E+00 3.8420614944644871E-01
 9.0427142685964405E-03 -5.9097068143262972E-03 -1.4702193581923066E-03
0
0.0
 -1.1407996218300525E+00 -2.3170985309886123E+00 3.8420614944644871E-01
 8.6438138416634683E-03 -5.9324954473660508E-03 -1.6277273948979445E-03
0
0.0
 -1.1407996218300525E+00 -2.3170985309886123E+00 3.8420614944644871E-01
 8.8299304363313388E-03 -5.9892293187146601E-03 -1.6533600045246777E-03
0
0.0
 -1.1407996218300525E+00 -2.3170985309886123E+00 3.8420614944644871E-01
 8.8184610961600362E-03 -6.0576405058551256E-03 -1.5206378965121512E-03
0
0.0
 -1.1407996218300525E+00 -2.3170985309886123E+00 3.8420614944644871E-01
 8.7883436418391622E-03 -5.8966211718226450E-03 -1.6467679329625815E-03
0
0.0
 -1.1407996218300525E+00 -2.3170985309886123E+00 3.8420614944644871E-01
 8.8113874535772092E-03 -5.9986135612468145E-03 -1.7748033370218888E-03
0
0.0
 -1.1407996218300525E+00 -2.3170985309886123E+00 3.8420614944644871E-01
 8.7023681042901601E-03 -5.6057306570090615E-03 -1.5484989043025080E-03
0
0.0
 -1.1407996218300525E+00 -2.3170985309886123E+00 3.8420614944644871E-01
 8.6663241658156524E-03 -5.9136212916648372E-03 -1.5066550910079809E-03
0
0.0
 -1.1407996218300525E+00 -2.3170985309886123E+00 3.8420614944644871E-01
 8.8150324828889254E-03 -6.0258787660157709E-03 -1.5154731276289404E-03
0
0.0
 -1.1407996218300525E+00 -2.3170985309886123E+00 3.8420614944644871E-01
 8.5829663016229168E-03 -5.7258828087597673E-03 -1.6081960809151714E-03
0
0.0
 -1.1407996218300525E+00 -2.3170985309886123E+00 3.8420614944644871E-01
 8.7064666180777465E-03 -5.9201797372981290E-03 -1.5930457703208448E-03
0
0.0
 -1.1407996218300525E+00 -2.3170985309886123E+00 3.8420614944644871E-01
 8.6977037805458287E-03 -5.7093130176653368E-03 -1.7925043730823136E-03
0
0.0
 -1.1407996218300525E+00 -2.3170985309886123E+00 3.8420614944644871E-01
 8.8063341289917937E-03 -6.0818097544602405E-03 -1.5283014186646712E-03
0
0.0
 -1.1407996218300525E+00 -2.3170985309886123E+00 3.8420614944644871E-01
 8.6969863307537407E-03 -5.9087874097760104E-03 -1.6388244352394065E-03
0
0.0
 -1.1407996218300525E+00 -2.3170985309886123E+00 3.8420614944644871E-01
 8.6965502075831650E-03 -5.9119625715786817E-03 -1.7742780705896429E-03
0
0.0
 -1.1407996218300525E+00 -2.3170985309886123E+00 3.8420614944644871E-01
 8.8233190445760248E-03 -5.8939644901465377E-03 -1.3487573729065302E-03
0
0.0
 -1.1407996218300525E+00 -2.3170985309886123E+00 3.8420614944644871E-01
 8.7241792104156366E-03 -5.8929511047515039E-03 -1.7000210365837277E-03
0
0.0
 -1.1407996218300525E+00 -2.3170985309886123E+00 3.8420614944644871E-01
 8.6540254534551164E-03 -5.6784551611625293E-03 -1.7210230516939706E-03
0
0.0
 -1.1407996218300525E+00 -2.3170985309886123E+00 3.8420614944644871E-01
 8.8383776456820839E-03 -5.9083590107654980E-03 -1.8369459491132142E-03
0
0.0
 -1.1407996218300525E+00 -2.3170985309886123E+00 3.8420614944644871E-01
 8.6429232953613294E-03 -5.8391121883945886E-03 -1.6634817661840638E-03
0
0.0
 -1.1407996218300525E+00 -2.3170985309886123E+00 3.8420614944644871E-01
 8.9923424982569951E-03 -5.8142867754268088E-03 -1.6663287007765626E-03
0
0.0
 -1.1407996218300525E+00 -2.3170985309886123E+00 3.8420614944644871E-01
 8.6565303978848925E-03 -5.8040724655184306E-03 -1.6865703390465932E-03
0
0.0
 -1.1407996218300525E+00 -2.3170985309886123E+00 3.8420614944644871E-01
 8.7958824859638053E-03 -6.0267142752445865E-03 -1.7465439235059344E-03
0
0.0
 -1.1407996218300525E+00 -2.3170985309886123E+00 3.8420614944644871E-01
 8.7714149215026484E-03 -5.9341332975563054E-03 -1.6200471738904271E-03
0
0.0
 -1.1407996218300525E+00 -2.3170985309886123E+00 3.8420614944644871E-01
 8.8086192242168744E-03 -5.8161786691600451E-03 -1.6330506640093885E-03
0
0.0
 -1.1407996218300525E+00 -2.3170985309886123E+00 3.8420614944644871E-01
 9.0067100947972076E-03 -5.9916613665531504E-03 -1.7538669722043851E-03
0
0.0
 -1.1407996218300525E+00 -2.3170985309886123E+00 3.8420614944644871E-01
 8.7873840045765445E-03 -5.7249366163602353E-03 -1.6340224913390026E-03
0
0.0
 -1.1407996218300525E+00 -2.3170985309886123E+00 3.8420614944644871E-01
 8.7732593959429818E-03 -5.8144604297227891E-03 -1.7901092087502118E-03
0
0.0
 -1.1407996218300525E+00 -2.3170985309886123E+00 3.8420614944644871E-01
 8.8642115542007464E-03 -6.0534201038785554E-03 -1.7634158341620861E-03
0
0.0
 -1.1407996218300525E+00 -2.3170985309886123E+00 3.8420614944644871E-01
 8.5912783509259853E-03 -5.6463665280560233E-03 -1.7090031314983885E-03
0
0.0
 -1.1407996218300525E+00 -2.3170985309886123E+00 3.8420614944644871E-01
 8.6174569539180200E-03 -5.8413157794978176E-03 -1.7531143792973388E-03
0
0.0
 -1.1407996218300525E+00 -2.3170985309886123E+00 3.8420614944644871E-01
 9.0037078272676950E-03 -5.7384813810519601E-03 -1.5753492975318268E-03
0
0.0
 -1.1407996218300525E+00 -2.3170985309886123E+00 3.8420614944644871E-01
 8.7766423515588110E-03 -5.9050838120259345E-03 -1.6267140913936806E-03
0
0.0
 -1.1407996218300525E+00 -2.3170985309886123E+00 3.8420614944644871E-01
 8.8081354087964150E-03 -5.9019169755401843E-03 -1.6297587667400339E-03
0
0.0
 -1.1407996218300525E+00 -2.3170985309886123E+00 3.8420614944644871E-01
 8.6245404655515088E-03 -5.7679800908820040E-03 -1.5662679240887527E-03
0
0.0
 -1.1407996218300525E+00 -2.3170985309886123E+00 3.8420614944644871E-01
 8.5671570776245220E-03 -5.8400179707066829E-03 -1.4997900061019284E-03
0
0.0
 -1.1407996218300525E+00 -2.3170985309886123E+00 3.8420614944644871E-01
 8.4735741596193535E-03 -5.9765678183851204E-03 -1.5970827369649041E-03
0
0.0
 -1.1407996218300525E+00 -2.3170985309886123E+00 3.8420614944644871E-01
 8.8141103229314993E-03 -5.8695813156669219E-03 -1.5045796278060053E-03
0
0.0
 -1.1407996218300525E+00 -2.3170985309886123E+00 3.8420614944644871E-01
 8.7030491831547353E-03 -6.0217701873184013E-03 -1.5847002328802707E-03
0
0.0
 -1.1407996218300525E+00 -2.3170985309886123E+00 3.8420614944644871E-01
 8.8581596595487654E-03 -6.1006413708406719E-03 -1.4975351581763034E-03
0
0.0
 -1.1407996218300525E+00 -2.3170985309886123E+00 3.8420614944644871E-01
 8.7620199233793498E-03 -5.8999890454874034E-03 -1.6341663258689183E-03
0
0.0
 -1.1407996218300525E+00 -2.3170985309886123E+00 3.8420614944644871E-01
 8.6070557955597038E-03 -6.0313721176920533E-03 -1.4183889642859473E-03
0
0.0
 -1.1407996218300525E+00 -2.3170985309886123E+00 3.8420614944644871E-01
 8.8720448249726466E-03 -6.0294587438063287E-03 -1.6686972566465604E-03
0
0.0
 -1.1407996218300525E+00 -2.3170985309886123E+00 3.8420614944644871E-01
 8.7415249431279669E-03 -6.1709805758107441E-03 -1.4385011857244660E-03
0
0.0
 -1.1407996218300525E+00 -2.3170985309886123E+00 3.8420614944644871E-01
 8.8678963510008812E-03 -6.1982100515390395E-03 -1.6722426367910236E-03
0
0.0
 -1.1407996218300525E+00 -2.3170985309886123E+00 3.8420614944644871E-01
 8.5871051415935054E-03 -5.8540449626845060E-03 -1.6539189066390543E-03
0
0.0
