20
-1
1
 -0.36717499  -0.10958254  -0.92367429  3.92984032e-04
 -0.43875996  -0.82914539  -0.34642116  1.66570597e-04
  0.99255210  -0.12182071  -0.00023124  3.53677327e-04
 -0.21205861  -0.96100031  -0.17750929  1.59500230e-04
 -0.89697734  -0.16344195   0.41075342  2.59260337e-04
  0.14354715   0.98962607   0.00586981  1.94134255e-04
 -0.95307883  -0.05100086  -0.29839514  1.77095727e-04
  0.53165743   0.29449612  -0.79411108  3.68629635e-04
 -0.22050469  -0.97534417  -0.00902418  3.75323418e-04
 -0.77540885   0.44516250   0.44785205  1.54248389e-04
  0.66199141  -0.73998045   0.11914827  1.75938632e-04
  0.98846080   0.00385715   0.15142775  7.49219567e-04
  0.12496484  -0.97138842  -0.20196118  1.47818269e-04
 -0.30908817   0.66004935   0.68468924  1.69585145e-04
  0.02642794   0.95168076   0.30594983  3.16435208e-04
  0.97989685  -0.01100938   0.19920077  2.19631927e-04
  0.70464877  -0.69524365  -0.14179695  2.19460413e-04
 -0.82823347  -0.28717695  -0.48120548  1.75725802e-04
 -0.60761283  -0.71499768  -0.34581059  2.36376757e-04
  0.90287164  -0.22669363   0.36528455  2.37988114e-04
