20
 -1.1407996218300525E+00 -2.3170985309886123E+00 3.8420614944644871E-01
 8.9821461136241048E-03 -5.6840897455712452E-03 -1.6804251582885153E-03
0
0.0
 -1.1407996218300525E+00 -2.3170985309886123E+00 3.8420614944644871E-01
 8.7867862630197253E-03 -5.8497613697128560E-03 -1.5683056444676885E-03
0
0.0
 -1.1407996218300525E+00 -2.3170985309886123E+00 3.8420614944644871E-01
 8.8859776061583282E-03 -6.1505481822452602E-03 -1.7317468673909422E-03
0
0.0
 -1.1407996218300525E+00 -2.3170985309886123E+00 3.8420614944644871E-01
 8.5075164592372920E-03 -5.8716083663602897E-03 -1.7827665412154851E-03
0
0.0
 -1.1407996218300525E+00 -2.3170985309886123E+00 3.8420614944644871E-01
 8.9355272744694805E-03 -5.8720612319584468E-03 -1.8833413419519374E-03
0
0.0
 -1.1407996218300525E+00 -2.3170985309886123E+00 3.8420614944644871E-01
 8.9896090991370865E-03 -5.8922489459017537E-03 -1.6269722376875907E-03
0
0.0
 -1.1407996218300525E+00 -2.3170985309886123E+00 3.8420614944644871E-01
 8.7115625893234953E-03 -5.9265678192876019E-03 -1.5932402350483073E-03
0
0.0
 -1.1407996218300525E+00 -2.3170985309886123E+00 3.8420614944644871E-01
 9.0397315152596705E-03 -6.0087885467760413E-03 -1.4318594641198391E-03
0
0.0
 -1.1407996218300525E+00 -2.3170985309886123E+00 3.8420614944644871E-01
 8.6715334039052551E-03 -5.8666706793633694E-03 -1.7522530159066181E-03
0
0.0
 -1.1407996218300525E+00 -2.3170985309886123E+00 3.8420614944644871E-01
 8.8342680122222694E-03 -6.0540566370474169E-03 -1.6743155901582367E-03
0
0.0
 -1.1407996218300525E+00 -2.3170985309886123E+00 3.8420614944644871E-01
 8.7094897007424840E-03 -5.6771015407960767E-03 -1.6907549206099000E-03
0
0.0
 -1.1407996218300525E+00 -2.3170985309886123E+00 3.8420614944644871E-01
 8.8878875163789853E-03 -5.7559156250611429E-03 -1.6176718360433903E-03
0
0.0
 -1.1407996218300525E+00 -2.3170985309886123E+00 3.8420614944644871E-01
 8.9236579173218294E-03 -5.9393182149611434E-03 -1.6272229428651722E-03
0
0.0
 -1.1407996218300525E+00 -2.3170985309886123E+00 3.8420614944644871E-01
 8.7847400520043185E-03 -5.9186690494560318E-03 -1.6364658513908345E-03
0
0.0
 -1.1407996218300525E+00 -2.3170985309886123E+00 3.8420614944644871E-01
 8.8064949673871545E-03 -5.9678343777592492E-03 -1.7283037304307895E-03
0
0.0
 -1.1407996218300525E+00 -2.3170985309886123E+00 3.8420614944644871E-01
 8.8012003710916473E-03 -5.9393826914259902E-03 -1.5665277498302396E-03
0
0.0
 -1.1407996218300525E+00 -2.3170985309886123E+00 3.8420614944644871E-01
 8.8155034793491287E-03 -5.9059066662846852E-03 -1.6267446633301144E-03
0
0.0
 -1.1407996218300525E+00 -2.3170985309886123E+00 3.8420614944644871E-01
 8.8898974681273276E-03 -6.0095639451037191E-03 -1.7482339443981375E-03
0
0.0
 -1.1407996218300525E+00 -2.3170985309886123E+00 3.8420614944644871E-01
 8.7766570184604348E-03 -5.8976005513322015E-03 -1.6185377483732767E-03
0
0.0
 -1.1407996218300525E+00 -2.3170985309886123E+00 3.8420614944644871E-01
 8.4765315864397100E-03 -6.0618899631111134E-03 -1.6259650066509771E-03
0
0.0
