20
-1
1
  0.29349371   0.03697802  -0.95524555  2.43015650e-04
 -0.61652765   0.25766334   0.74397800  5.81993349e-04
  0.20036138  -0.75038097   0.62990771  3.49344725e-04
 -0.86828635   0.49600554  -0.00757130  1.59340092e-04
  0.40153759   0.84370360  -0.35627490  3.60241509e-04
  0.89576209  -0.24809573   0.36886148  2.40730431e-04
 -0.30342813   0.91213275  -0.27558160  3.80254524e-04
  0.27352657   0.01821530   0.96169196  4.06363213e-04
 -0.74304159  -0.12793872   0.65690249  2.19197558e-04
 -0.98871505  -0.01515097   0.14904024  3.71078568e-04
 -0.18192542  -0.59378227   0.78378936  6.13481411e-04
  0.79249909  -0.59260617   0.14409415  3.20890641e-04
 -0.30418973   0.44521826   0.84216940  3.36831807e-04
 -0.00737446  -0.97219350  -0.23406285  2.05074359e-04
 -0.22354690  -0.19001568   0.95599206  1.49331301e-04
 -0.97027784  -0.24132633   0.01795887  3.30091631e-04
  0.32094106   0.56387885  -0.76094512  2.64714092e-04
  0.77956380  -0.25133163   0.57368345  3.42570051e-04
 -0.37317803  -0.91522034  -0.15201933  4.41721441e-04
  0.79041219  -0.61219990   0.02144411  1.61856098e-04
