20
 -1.1407996218300525E+00 -2.3170985309886123E+00 3.8420614944644871E-01
 8.7393798081713270E-03 -5.7514818567080059E-03 -1.6277933543957885E-03
0
0.0
 -1.1407996218300525E+00 -2.3170985309886123E+00 3.8420614944644871E-01
 8.4912672258263440E-03 -5.9648923368107671E-03 -1.7351494375517349E-03
0
0.0
 -1.1407996218300525E+00 -2.3170985309886123E+00 3.8420614944644871E-01
 8.7401210356103116E-03 -6.0870799816166374E-03 -1.4504478461670532E-03
0
0.0
 -1.1407996218300525E+00 -2.3170985309886123E+00 3.8420614944644871E-01
 8.7045789957981880E-03 -6.0524824048933303E-03 -1.5229869276361884E-03
0
0.0
 -1.1407996218300525E+00 -2.3170985309886123E+00 3.8420614944644871E-01
 8.6870594078277928E-03 -6.0028730283583631E-03 -1.6700403772174123E-03
0
0.0
 -1.1407996218300525E+00 -2.3170985309886123E+00 3.8420614944644871E-01
 8.8473491035495847E-03 -6.1009481588063172E-03 -1.7374089688968085E-03
0
0.0
 -1.1407996218300525E+00 -2.3170985309886123E+00 3.8420614944644871E-01
 8.5524039076867106E-03 -5.8282681217860458E-03 -1.7280124064111523E-03
0
0.0
 -1.1407996218300525E+00 -2.3170985309886123E+00 3.8420614944644871E-01
 8.7451412833070043E-03 -6.2130228168098744E-03 -1.6398763183911561E-03
0
0.0
 -1.1407996218300525E+00 -2.3170985309886123E+00 3.8420614944644871E-01
 8.6218130106814356E-03 -5.8611387027202441E-03 -1.4789901879698963E-03
0
0.0
 -1.1407996218300525E+00 -2.3170985309886123E+00 3.8420614944644871E-01
 9.0016211406810688E-03 -5.9762095529810504E-03 -1.8428861996178489E-03
0
0.0
 -1.1407996218300525E+00 -2.3170985309886123E+00 3.8420614944644871E-01
 8.7778553908773975E-03 -5.7574228776139068E-03 -1.5674985302894767E-03
0
0.0
 -1.1407996218300525E+00 -2.3170985309886123E+00 3.8420614944644871E-01
 8.7890467449413725E-03 -5.7391152436435623E-03 -1.6117810044794943E-03
0
0.0
 -1.1407996218300525E+00 -2.3170985309886123E+00 3.8420614944644871E-01
 8.7755358447216009E-03 -5.8850491111570079E-03 -1.6351040743045160E-03
0
0.0
 -1.1407996218300525E+00 -2.3170985309886123E+00 3.8420614944644871E-01
 8.8722186354405416E-03 -5.9470934437290887E-03 -1.4908936572572832E-03
0
0.0
 -1.1407996218300525E+00 -2.3170985309886123E+00 3.8420614944644871E-01
 8.9845132922590134E-03 -5.6936861391205891E-03 -1.4803672203938436E-03
0
0.0
 -1.1407996218300525E+00 -2.3170985309886123E+00 3.8420614944644871E-01
 8.7502405433364620E-03 -6.0039163077260259E-03 -1.6357351314400768E-03
0
0.0
 -1.1407996218300525E+00 -2.3170985309886123E+00 3.8420614944644871E-01
 8.8215569415005784E-03 -5.9984251393454214E-03 -1.7578531989347296E-03
0
0.0
 -1.1407996218300525E+00 -2.3170985309886123E+00 3.8420614944644871E-01
 8.8130375986808368E-03 -5.8936239214321352E-03 -1.5098503135810943E-03
0
0.0
 -1.1407996218300525E+00 -2.3170985309886123E+00 3.8420614944644871E-01
 8.7893282608661194E-03 -5.7760424142982375E-03 -1.8885788084651489E-03
0
0.0
 -1.1407996218300525E+00 -2.3170985309886123E+00 3.8420614944644871E-01
 8.8116164642757858E-03 -5.8840603029961724E-03 -1.5035013910233610E-03
0
0.0
