20
-1
1
  0.29497031  -0.13739381   0.94557679  1.86076911e-04
  0.59183756  -0.54269090  -0.59599907  3.10904319e-04
  0.37091627   0.43696850   0.81943862  2.20000890e-04
  0.00614450  -0.99563709  -0.09310759  2.29363938e-04
 -0.73670929   0.24709444   0.62944719  1.63943367e-04
 -0.90794201  -0.40429979   0.11037654  1.64436774e-04
  0.72220909  -0.10304133  -0.68395652  1.58440944e-04
 -0.46585293  -0.56362522  -0.68213464  1.80545115e-04
  0.11307651  -0.37034776  -0.92198495  2.41127738e-04
  0.02651292  -0.14483772  -0.98910015  2.43367228e-04
 -0.54285552   0.33230791  -0.77128422  2.37475466e-04
  0.62502047  -0.78020881  -0.02497254  1.83586605e-04
 -0.58859687   0.34530295  -0.73097168  2.94963921e-04
 -0.06230739  -0.93758224  -0.34213643  2.67004804e-04
 -0.80706637   0.38019488   0.45176955  1.74444125e-04
  0.63719603  -0.50564999  -0.58163503  2.08703383e-04
  0.13063253  -0.89173836   0.43328726  1.65079825e-04
 -0.80624871  -0.26269688  -0.53005034  1.53819207e-04
 -0.57497372   0.11415576  -0.81016892  2.04279295e-04
  0.41814228  -0.15867682   0.89441528  2.02320532e-04
