20
 -1.1407996218300525E+00 -2.3170985309886123E+00 3.8420614944644871E-01
 8.5080727225394642E-03 -5.8228446378507702E-03 -1.5468980732035753E-03
0
0.0
 -1.1407996218300525E+00 -2.3170985309886123E+00 3.8420614944644871E-01
 8.7844429981908095E-03 -5.9513158413434112E-03 -1.7863268934508807E-03
0
0.0
 -1.1407996218300525E+00 -2.3170985309886123E+00 3.8420614944644871E-01
 8.8736378295927159E-03 -5.8854054857930393E-03 -1.6640135942190021E-03
0
0.0
 -1.1407996218300525E+00 -2.3170985309886123E+00 3.8420614944644871E-01
 8.7714210560477165E-03 -5.9848677875680295E-03 -1.5411145115066670E-03
0
0.0
 -1.1407996218300525E+00 -2.3170985309886123E+00 3.8420614944644871E-01
 8.7454012262982474E-03 -5.9287373006075648E-03 -1.6159458471745524E-03
0
0.0
 -1.1407996218300525E+00 -2.3170985309886123E+00 3.8420614944644871E-01
 8.6968157785657363E-03 -5.7779291957500787E-03 -1.8916986814698682E-03
0
0.0
 -1.1407996218300525E+00 -2.3170985309886123E+00 3.8420614944644871E-01
 8.8928912586420505E-03 -5.9339992669168451E-03 -1.4258411595391731E-03
0
0.0
 -1.1407996218300525E+00 -2.3170985309886123E+00 3.8420614944644871E-01
 8.8448749960766126E-03 -5.8542065748086224E-03 -1.4134209013068695E-03
0
0.0
 -1.1407996218300525E+00 -2.3170985309886123E+00 3.8420614944644871E-01
 8.8204103029017756E-03 -6.0854065297638212E-03 -1.5617529503757950E-03
0
0.0
 -1.1407996218300525E+00 -2.3170985309886123E+00 3.8420614944644871E-01
 8.7305986021495498E-03 -5.9431984153325151E-03 -1.7153433789815708E-03
0
0.0
 -1.1407996218300525E+00 -2.3170985309886123E+00 3.8420614944644871E-01
 8.8475463611023680E-03 -6.0110101091434198E-03 -1.6598369010941917E-03
0
0.0
 -1.1407996218300525E+00 -2.3170985309886123E+00 3.8420614944644871E-01
 8.7854440852998938E-03 -5.9080780497358680E-03 -1.6187309734541795E-03
0
0.0
 -1.1407996218300525E+00 -2.3170985309886123E+00 3.8420614944644871E-01
 8.8257644857862270E-03 -6.1728717095323833E-03 -1.5643782014500584E-03
0
0.0
 -1.1407996218300525E+00 -2.3170985309886123E+00 3.8420614944644871E-01
 8.7966428606070460E-03 -5.9165651968433510E-03 -1.5607498046652938E-03
0
0.0
 -1.1407996218300525E+00 -2.3170985309886123E+00 3.8420614944644871E-01
 8.7589594725771061E-03 -5.8929745567839397E-03 -1.5657135697133861E-03
0
0.0
 -1.1407996218300525E+00 -2.3170985309886123E+00 3.8420614944644871E-01
 8.7335215895284254E-03 -5.8827842933092773E-03 -1.7567740171241929E-03
0
0.0
 -1.1407996218300525E+00 -2.3170985309886123E+00 3.8420614944644871E-01
 8.8250706144514298E-03 -6.0630412231452583E-03 -1.6713429442213709E-03
0
0.0
 -1.1407996218300525E+00 -2.3170985309886123E+00 3.8420614944644871E-01
 8.8461240637675402E-03 -5.9236009801752667E-03 -1.7775402112185444E-03
0
0.0
 -1.1407996218300525E+00 -2.3170985309886123E+00 3.8420614944644871E-01
 8.6743996110949500E-03 -5.9432851675815454E-03 -1.7557545386256890E-03
0
0.0
 -1.1407996218300525E+00 -2.3170985309886123E+00 3.8420614944644871E-01
 8.7421788145805052E-03 -5.9417989727033223E-03 -1.6806785589314045E-03
0
0.0
