20
-1
1
 -0.63068892   0.67173116   0.38859843  4.12505962e-04
  0.73276669   0.53103159  -0.42550961  2.19969017e-04
  0.30008841  -0.12118032  -0.94618300  1.90475695e-04
 -0.34549126  -0.93569267  -0.07151934  2.33132066e-04
 -0.49115651   0.67452890   0.55115882  2.70261851e-04
 -0.17986259  -0.33718091   0.92409874  3.44097788e-04
 -0.74605333   0.57527972  -0.33534711  2.03575148e-04
  0.76841790   0.38298649   0.51269413  2.78181415e-04
 -0.11975766   0.11524519   0.98609160  1.74135722e-04
 -0.13667802  -0.05915594   0.98884766  6.70269716e-04
  0.04007502   0.41374319  -0.90951117  2.53244559e-04
 -0.49822583  -0.76270935   0.41236570  4.34509652e-04
  0.67343168  -0.73564139   0.07294872  1.56036230e-04
 -0.31922934   0.81384748   0.48553570  3.52957347e-04
  0.55463399   0.69176850   0.46242565  1.81561119e-04
 -0.24833246  -0.57981566  -0.77597989  4.49702652e-04
  0.17454812   0.56786530  -0.80440161  3.15221570e-04
 -0.74979808  -0.25587824  -0.61018781  7.06264519e-04
  0.31309027   0.84296087  -0.43748310  2.97724082e-04
  0.59924752  -0.70398574   0.38119087  5.38210529e-04
