20
-1
1
 -0.97111399   0.22637299   0.07545128  4.24503160e-04
  0.69972907   0.60137872  -0.38564605  4.35351173e-04
  0.30643028   0.82327073   0.47783448  3.14002650e-04
 -0.03414844   0.92483740  -0.37882669  2.92976986e-04
 -0.18787935  -0.19334020  -0.96297503  3.07639500e-04
 -0.67726141  -0.50540155   0.53468332  1.61502574e-04
  0.95487821  -0.10579763  -0.27751481  3.54169126e-04
  0.33255378   0.56889821  -0.75217206  4.42428737e-04
  0.28930247   0.36791095   0.88371127  1.84274285e-04
 -0.05976095   0.18797800  -0.98035346  1.75355506e-04
 -0.98493098  -0.04656706   0.16656074  7.66267581e-04
  0.18399484  -0.42298552  -0.88725935  1.57928534e-04
 -0.63873069   0.31613065   0.70148736  2.42798712e-04
  0.60870985   0.78959830  -0.07750390  2.05350919e-04
 -0.11263760  -0.20750431  -0.97172770  3.19043993e-04
 -0.18577412  -0.03297317   0.98203908  2.19600607e-04
 -0.64853052  -0.18868074   0.73743321  1.72700738e-04
  0.40738354  -0.90779485  -0.09973550  5.27904787e-04
  0.86711972   0.31547538   0.38545904  1.61826693e-04
  0.26260358   0.32330579   0.90912745  1.60850280e-04
