20
 -1.1407996218300525E+00 -2.3170985309886123E+00 3.8420614944644871E-01
 8.7356066285629811E-03 -5.8835571022743290E-03 -1.5093941034199779E-03
0
0.0
 -1.1407996218300525E+00 -2.3170985309886123E+00 3.8420614944644871E-01
 8.5944201474449245E-03 -5.7688928533724702E-03 -1.7969189867845909E-03
0
0.0
 -1.1407996218300525E+00 -2.3170985309886123E+00 3.8420614944644871E-01
 8.5830404294815442E-03 -6.0349344856377085E-03 -1.6925564179754112E-03
0
0.0
 -1.1407996218300525E+00 -2.3170985309886123E+00 3.8420614944644871E-01
 8.9114911031884150E-03 -5.8825385845038538E-03 -1.8194543797140504E-03
0
0.0
 -1.1407996218300525E+00 -2.3170985309886123E+00 3.8420614944644871E-01
 8.5973773724304543E-03 -5.8349677816111386E-03 -1.8395813385686348E-03
0
0.0
 -1.1407996218300525E+00 -2.3170985309886123E+00 3.8420614944644871E-01
 8.6351798790709096E-03 -5.6870099586561595E-03 -1.6684517907410287E-03
0
0.0
 -1.1407996218300525E+00 -2.3170985309886123E+00 3.8420614944644871E-01
 8.6933226707016278E-03 -6.0396875588492310E-03 -1.5843637325837529E-03
0
0.0
 -1.1407996218300525E+00 -2.3170985309886123E+00 3.8420614944644871E-01
 8.6729324446594720E-03 -5.9886530974426842E-03 -1.5700364707039267E-03
0
0.0
 -1.1407996218300525E+00 -2.3170985309886123E+00 3.8420614944644871E-01
 9.0508290779419479E-03 -5.8846517266484422E-03 -1.4846130277392545E-03
0
0.0
 -1.1407996218300525E+00 -2.3170985309886123E+00 3.8420614944644871E-01
 8.7334835366327506E-03 -6.0354183485306885E-03 -1.5860789143355024E-03
0
0.0
 -1.1407996218300525E+00 -2.3170985309886123E+00 3.8420614944644871E-01
 8.7462715663925734E-03 -5.8713573897701586E-03 -1.4423264757424353E-03
0
0.0
 -1.1407996218300525E+00 -2.3170985309886123E+00 3.8420614944644871E-01
 8.8300248518660678E-03 -5.9267493845169428E-03 -1.5827537948073359E-03
0
0.0
 -1.1407996218300525E+00 -2.3170985309886123E+00 3.8420614944644871E-01
 8.6245083630939502E-03 -5.9148323740331847E-03 -1.6627632475913661E-03
0
0.0
 -1.1407996218300525E+00 -2.3170985309886123E+00 3.8420614944644871E-01
 8.7858372405812298E-03 -6.0671161492869856E-03 -1.7906758801239521E-03
0
0.0
 -1.1407996218300525E+00 -2.3170985309886123E+00 3.8420614944644871E-01
 8.7969388140977378E-03 -5.7401323602622950E-03 -1.6017032407013672E-03
0
0.0
 -1.1407996218300525E+00 -2.3170985309886123E+00 3.8420614944644871E-01
 8.6558499595642928E-03 -5.9280929112154618E-03 -1.7429572717599594E-03
0
0.0
 -1.1407996218300525E+00 -2.3170985309886123E+00 3.8420614944644871E-01
 8.7403589941773396E-03 -5.8909468927433629E-03 -1.6076310945094755E-03
0
0.0
 -1.1407996218300525E+00 -2.3170985309886123E+00 3.8420614944644871E-01
 8.9918027004440241E-03 -5.8896067548775176E-03 -1.6035856014100314E-03
0
0.0
 -1.1407996218300525E+00 -2.3170985309886123E+00 3.8420614944644871E-01
 8.7020434902973631E-03 -5.8481858454187130E-03 -1.4383815873035093E-03
0
0.0
 -1.1407996218300525E+00 -2.3170985309886123E+00 3.8420614944644871E-01
 8.9404568633818637E-03 -5.9616576672455734E-03 -1.8704638919775269E-03
0
0.0
