50
 -1.1407996218300525E+00 -2.3170985309886123E+00 3.8420614944644871E-01
 8.7361070030041402E-03 -5.9899835127764194E-03 -1.5316828248263914E-03
0
0.0
 -1.1407996218300525E+00 -2.3170985309886123E+00 3.8420614944644871E-01
 8.7709289190561739E-03 -5.9013392154964855E-03 -1.6236487956279820E-03
0
0.0
 -1.1407996218300525E+00 -2.3170985309886123E+00 3.8420614944644871E-01
 8.9370177306532881E-03 -5.6726443674913309E-03 -1.5178783070790179E-03
0
0.0
 -1.1407996218300525E+00 -2.3170985309886123E+00 3.8420614944644871E-01
 8.8170729936892563E-03 -5.8379604308039556E-03 -1.4657659247167617E-03
0
0.0
 -1.1407996218300525E+00 -2.3170985309886123E+00 3.8420614944644871E-01
 8.7439943236191364E-03 -5.9191522560324838E-03 -1.6495346870435226E-03
0
0.0
 -1.1407996218300525E+00 -2.3170985309886123E+00 3.8420614944644871E-01
 8.7770329145704269E-03 -5.9313410888474248E-03 -1.7774171676280452E-03
0
0.0
 -1.1407996218300525E+00 -2.3170985309886123E+00 3.8420614944644871E-01
 8.4848014100939156E-03 -5.8681731606783855E-03 -1.7891363379353435E-03
0
0.0
 -1.1407996218300525E+00 -2.3170985309886123E+00 3.8420614944644871E-01
 8.7909388123335128E-03 -6.0658751169713710E-03 -1.5344306225925121E-03
0
0.0
 -1.1407996218300525E+00 -2.3170985309886123E+00 3.8420614944644871E-01
 8.7084902214904832E-03 -5.9061795493665185E-03 -1.5355508553085903E-03
0
0.0
 -1.1407996218300525E+00 -2.3170985309886123E+00 3.8420614944644871E-01
 8.6889632462179567E-03 -5.9622194605069402E-03 -1.7163889445842699E-03
0
0.0
 -1.1407996218300525E+00 -2.3170985309886123E+00 3.8420614944644871E-01
 8.7393798081713270E-03 -5.7514818567080059E-03 -1.6277933543957885E-03
0
0.0
 -1.1407996218300525E+00 -2.3170985309886123E+00 3.8420614944644871E-01
 8.4912672258263440E-03 -5.9648923368107671E-03 -1.7351494375517349E-03
0
0.0
 -1.1407996218300525E+00 -2.3170985309886123E+00 3.8420614944644871E-01
 8.7401210356103116E-03 -6.0870799816166374E-03 -1.4504478461670532E-03
0
0.0
 -1.1407996218300525E+00 -2.3170985309886123E+00 3.8420614944644871E-01
 8.7045789957981880E-03 -6.0524824048933303E-03 -1.5229869276361884E-03
0
0.0
 -1.1407996218300525E+00 -2.3170985309886123E+00 3.8420614944644871E-01
 8.6870594078277928E-03 -6.0028730283583631E-03 -1.6700403772174123E-03
0
0.0
 -1.1407996218300525E+00 -2.3170985309886123E+00 3.8420614944644871E-01
 8.8473491035495847E-03 -6.1009481588063172E-03 -1.7374089688968085E-03
0
0.0
 -1.1407996218300525E+00 -2.3170985309886123E+00 3.8420614944644871E-01
 8.5524039076867106E-03 -5.8282681217860458E-03 -1.7280124064111523E-03
0
0.0
 -1.1407996218300525E+00 -2.3170985309886123E+00 3.8420614944644871E-01
 8.7451412833070043E-03 -6.2130228168098744E-03 -1.6398763183911561E-03
0
0.0
 -1.1407996218300525E+00 -2.3170985309886123E+00 3.8420614944644871E-01
 8.6218130106814356E-03 -5.8611387027202441E-03 -1.4789901879698963E-03
0
0.0
 -1.1407996218300525E+00 -2.3170985309886123E+00 3.8420614944644871E-01
 9.0016211406810688E-03 -5.9762095529810504E-03 -1.8428861996178489E-03
0
0.0
 -1.1407996218300525E+00 -2.3170985309886123E+00 3.8420614944644871E-01
 8.7778553908773975E-03 -5.7574228776139068E-03 -1.5674985302894767E-03
0
0.0
 -1.1407996218300525E+00 -2.3170985309886123E+00 3.8420614944644871E-01
 8.7890467449413725E-03 -5.7391152436435623E-03 -1.6117810044794943E-03
0
0.0
 -1.1407996218300525E+00 -2.3170985309886123E+00 3.8420614944644871E-01
 8.7755358447216009E-03 -5.8850491111570079E-03 -1.6351040743045160E-03
0
0.0
 -1.1407996218300525E+00 -2.3170985309886123E+00 3.8420614944644871E-01
 8.8722186354405416E-03 -5.9470934437290887E-03 -1.4908936572572832E-03
0
0.0
 -1.1407996218300525E+00 -2.3170985309886123E+00 3.8420614944644871E-01
 8.9845132922590134E-03 -5.6936861391205891E-03 -1.4803672203938436E-03
0
0.0
 -1.1407996218300525E+00 -2.3170985309886123E+00 3.8420614944644871E-01
 8.7502405433364620E-03 -6.0039163077260259E-03 -1.6357351314400768E-03
0
0.0
 -1.1407996218300525E+00 -2.3170985309886123E+00 3.8420614944644871E-01
 8.8215569415005784E-03 -5.9984251393454214E-03 -1.7578531989347296E-03
0
0.0
 -1.1407996218300525E+00 -2.3170985309886123E+00 3.8420614944644871E-01
 8.8130375986808368E-03 -5.8936239214321352E-03 -1.5098503135810943E-03
0
0.0
 -1.1407996218300525E+00 -2.3170985309886123E+00 3.8420614944644871E-01
 8.7893282608661194E-03 -5.7760424142982375E-03 -1.8885788084651489E-03
0
0.0
 -1.1407996218300525E+00 -2.3170985309886123E+00 3.8420614944644871E-01
 8.8116164642757858E-03 -5.8840603029961724E-03 -1.5035013910233610E-03
0
0.0
 -1.1407996218300525E+00 -2.3170985309886123E+00 3.8420614944644871E-01
 8.9535170100236983E-03 -5.8121407389281742E-03 -1.6235474411367243E-03
0
0.0
 -1.1407996218300525E+00 -2.3170985309886123E+00 3.8420614944644871E-01
 8.6295834301999570E-03 -6.0663703942377845E-03 -1.8324909769891428E-03
0
0.0
 -1.1407996218300525E+00 -2.3170985309886123E+00 3.8420614944644871E-01
 9.0973274432498644E-03 -5.9388321882549097E-03 -1.7057920825689953E-03
0
0.0
 -1.1407996218300525E+00 -2.3170985309886123E+00 3.8420614944644871E-01
 8.8459852325304279E-03 -5.6506675536612885E-03 -1.5875855294977112E-03
0
0.0
 -1.1407996218300525E+00 -2.3170985309886123E+00 3.8420614944644871E-01
 8.6456756754926915E-03 -6.0231982289584204E-03 -1.5693495684089740E-03
0
0.0
 -1.1407996218300525E+00 -2.3170985309886123E+00 3.8420614944644871E-01
 8.7955456154796448E-03 -5.9680015035519628E-03 -1.6547873530054894E-03
0
0.0
 -1.1407996218300525E+00 -2.3170985309886123E+00 3.8420614944644871E-01
 8.8593253036145705E-03 -5.7956049075296532E-03 -1.5939882214477980E-03
0
0.0
 -1.1407996218300525E+00 -2.3170985309886123E+00 3.8420614944644871E-01
 8.8451298853023524E-03 -5.7804663108755247E-03 -1.7063218172156986E-03
0
0.0
 -1.1407996218300525E+00 -2.3170985309886123E+00 3.8420614944644871E-01
 8.7378458089674860E-03 -5.6591432015357362E-03 -1.5666054177696914E-03
0
0.0
 -1.1407996218300525E+00 -2.3170985309886123E+00 3.8420614944644871E-01
 8.8218224613448460E-03 -6.0178317215590074E-03 -1.7174932344383969E-03
0
0.0
 -1.1407996218300525E+00 -2.3170985309886123E+00 3.8420614944644871E-01
 8.7611398186054710E-03 -5.7619456945309745E-03 -1.4580651377672795E-03
0
0.0
 -1.1407996218300525E+00 -2.3170985309886123E+00 3.8420614944644871E-01
 8.8696136185739856E-03 -5.8877943111789897E-03 -1.6863351849223350E-03
0
0.0
 -1.1407996218300525E+00 -2.3170985309886123E+00 3.8420614944644871E-01
 8.8615529075151463E-03 -5.9707321742715029E-03 -1.6345380162539360E-03
0
0.0
 -1.1407996218300525E+00 -2.3170985309886123E+00 3.8420614944644871E-01
 8.7622466625476292E-03 -5.8907525899189513E-03 -1.5814951891879102E-03
0
0.0
 -1.1407996218300525E+00 -2.3170985309886123E+00 3.8420614944644871E-01
 8.8346351272989877E-03 -5.9144852250303075E-03 -1.6436818767813486E-03
0
0.0
 -1.1407996218300525E+00 -2.3170985309886123E+00 3.8420614944644871E-01
 8.4681282383726273E-03 -5.8808460632426875E-03 -1.6850978092375040E-03
0
0.0
 -1.1407996218300525E+00 -2.3170985309886123E+00 3.8420614944644871E-01
 8.7087930032799712E-03 -5.9329938709835788E-03 -1.5167752414276532E-03
0
0.0
 -1.1407996218300525E+00 -2.3170985309886123E+00 3.8420614944644871E-01
 8.5264605693095592E-03 -5.7893652925854562E-03 -1.7342128682539518E-03
0
0.0
 -1.1407996218300525E+00 -2.3170985309886123E+00 3.8420614944644871E-01
 8.8226394247043604E-03 -6.0278151162299794E-03 -1.7500219731031244E-03
0
0.0
 -1.1407996218300525E+00 -2.3170985309886123E+00 3.8420614944644871E-01
 8.7053181115094580E-03 -5.9660805789617383E-03 -1.4213135593169604E-03
0
0.0
