50
 -1.1407996218300525E+00 -2.3170985309886123E+00 3.8420614944644871E-01
 8.6769447340499760E-03 -5.7993709293144759E-03 -1.5578407068172081E-03
0
0.0
 -1.1407996218300525E+00 -2.3170985309886123E+00 3.8420614944644871E-01
 8.8394397859264690E-03 -5.7269225095631510E-03 -1.6486245475988131E-03
0
0.0
 -1.1407996218300525E+00 -2.3170985309886123E+00 3.8420614944644871E-01
 8.7804185873347936E-03 -5.9055521607359225E-03 -1.6190910798480969E-03
0
0.0
 -1.1407996218300525E+00 -2.3170985309886123E+00 3.8420614944644871E-01
 8.7732450242558723E-03 -5.9806389098394086E-03 -1.6301380168892183E-03
0
0.0
 -1.1407996218300525E+00 -2.3170985309886123E+00 3.8420614944644871E-01
 8.8290882041722595E-03 -5.8320414116221665E-03 -1.5697175363472008E-03
0
0.0
 -1.1407996218300525E+00 -2.3170985309886123E+00 3.8420614944644871E-01
 8.6596565591390857E-03 -6.0241470414436893E-03 -1.5164185523480864E-03
0
0.0
 -1.1407996218300525E+00 -2.3170985309886123E+00 3.8420614944644871E-01
 8.9274723511240696E-03 -5.7541193525683411E-03 -1.6890158301633791E-03
0
0.0
 -1.1407996218300525E+00 -2.3170985309886123E+00 3.8420614944644871E-01
 8.7375217412679843E-03 -5.8527091304757051E-03 -1.5917127492357051E-03
0
0.0
 -1.1407996218300525E+00 -2.3170985309886123E+00 3.8420614944644871E-01
 8.6548759616473948E-03 -6.0676771124305983E-03 -1.5745721043503068E-03
0
0.0
 -1.1407996218300525E+00 -2.3170985309886123E+00 3.8420614944644871E-01
 9.0040792467123917E-03 -5.8280850671367061E-03 -1.6904914530504632E-03
0
0.0
 -1.1407996218300525E+00 -2.3170985309886123E+00 3.8420614944644871E-01
 9.0286565817308314E-03 -5.9783669683278863E-03 -1.6722735080740530E-03
0
0.0
 -1.1407996218300525E+00 -2.3170985309886123E+00 3.8420614944644871E-01
 8.9846782587871508E-03 -5.6287089489745592E-03 -1.6349395167161644E-03
0
0.0
 -1.1407996218300525E+00 -2.3170985309886123E+00 3.8420614944644871E-01
 8.8873716477019908E-03 -6.1464370676118192E-03 -1.6437714935686135E-03
0
0.0
 -1.1407996218300525E+00 -2.3170985309886123E+00 3.8420614944644871E-01
 9.0780057451892542E-03 -5.8886261585101010E-03 -1.6799927469348371E-03
0
0.0
 -1.1407996218300525E+00 -2.3170985309886123E+00 3.8420614944644871E-01
 8.9156917921465045E-03 -5.8598934749560794E-03 -1.4962569790519175E-03
0
0.0
 -1.1407996218300525E+00 -2.3170985309886123E+00 3.8420614944644871E-01
 8.8780180228821125E-03 -5.8143549705451207E-03 -1.5165959960740699E-03
0
0.0
 -1.1407996218300525E+00 -2.3170985309886123E+00 3.8420614944644871E-01
 8.7832387835191407E-03 -5.6249791553733318E-03 -1.5846340022128067E-03
0
0.0
 -1.1407996218300525E+00 -2.3170985309886123E+00 3.8420614944644871E-01
 9.0416338305465815E-03 -6.0323563769008898E-03 -1.5445097284081995E-03
0
0.0
 -1.1407996218300525E+00 -2.3170985309886123E+00 3.8420614944644871E-01
 8.7820295950851394E-03 -5.8949112537510385E-03 -1.5934235627292244E-03
0
0.0
 -1.1407996218300525E+00 -2.3170985309886123E+00 3.8420614944644871E-01
 8.6689934070155322E-03 -5.9340839425872606E-03 -1.4916995752999134E-03
0
0.0
 -1.1407996218300525E+00 -2.3170985309886123E+00 3.8420614944644871E-01
 8.8251788343675138E-03 -5.8206936930551194E-03 -1.5349860376980878E-03
0
0.0
 -1.1407996218300525E+00 -2.3170985309886123E+00 3.8420614944644871E-01
 8.7614071736817171E-03 -6.0048661598176151E-03 -1.6498323740458626E-03
0
0.0
 -1.1407996218300525E+00 -2.3170985309886123E+00 3.8420614944644871E-01
 8.9417176074229904E-03 -5.7343205554693114E-03 -1.6469218501218750E-03
0
0.0
 -1.1407996218300525E+00 -2.3170985309886123E+00 3.8420614944644871E-01
 8.8285033568227186E-03 -5.6847308721354765E-03 -1.5946290413306513E-03
0
0.0
 -1.1407996218300525E+00 -2.3170985309886123E+00 3.8420614944644871E-01
 8.8148240300229049E-03 -5.9038336672473934E-03 -1.6118853109562119E-03
0
0.0
 -1.1407996218300525E+00 -2.3170985309886123E+00 3.8420614944644871E-01
 8.6893720283044099E-03 -6.0263016731663694E-03 -1.6788442288993249E-03
0
0.0
 -1.1407996218300525E+00 -2.3170985309886123E+00 3.8420614944644871E-01
 8.7531366042176602E-03 -5.9928450044753005E-03 -1.7097633317537406E-03
0
0.0
 -1.1407996218300525E+00 -2.3170985309886123E+00 3.8420614944644871E-01
 8.9804748039692180E-03 -5.7724534776392956E-03 -1.5834861264653586E-03
0
0.0
 -1.1407996218300525E+00 -2.3170985309886123E+00 3.8420614944644871E-01
 9.0973734384027609E-03 -5.9250951682644562E-03 -1.5650332487236339E-03
0
0.0
 -1.1407996218300525E+00 -2.3170985309886123E+00 3.8420614944644871E-01
 8.9287474797291634E-03 -5.9077685823427165E-03 -1.7614761465082833E-03
0
0.0
 -1.1407996218300525E+00 -2.3170985309886123E+00 3.8420614944644871E-01
 8.8132919075025323E-03 -5.8661304253479216E-03 -1.7181765046496676E-03
0
0.0
 -1.1407996218300525E+00 -2.3170985309886123E+00 3.8420614944644871E-01
 8.6489943783657937E-03 -6.1876390464448081E-03 -1.6369928512651765E-03
0
0.0
 -1.1407996218300525E+00 -2.3170985309886123E+00 3.8420614944644871E-01
 8.7967623463226004E-03 -5.9553043357363318E-03 -1.7607063749182405E-03
0
0.0
 -1.1407996218300525E+00 -2.3170985309886123E+00 3.8420614944644871E-01
 9.0814507608712666E-03 -5.8576772554139560E-03 -1.5359886344583876E-03
0
0.0
 -1.1407996218300525E+00 -2.3170985309886123E+00 3.8420614944644871E-01
 8.7664032281618894E-03 -6.0356893860524620E-03 -1.7789672154100472E-03
0
0.0
 -1.1407996218300525E+00 -2.3170985309886123E+00 3.8420614944644871E-01
 8.9099188649098444E-03 -6.2070327808059107E-03 -1.5128409150177349E-03
0
0.0
 -1.1407996218300525E+00 -2.3170985309886123E+00 3.8420614944644871E-01
 8.8786747788490630E-03 -5.9676012691708830E-03 -1.4527590183444023E-03
0
0.0
 -1.1407996218300525E+00 -2.3170985309886123E+00 3.8420614944644871E-01
 8.5334537426423815E-03 -5.9984382637421349E-03 -1.5710375698905290E-03
0
0.0
 -1.1407996218300525E+00 -2.3170985309886123E+00 3.8420614944644871E-01
 8.7860408076780028E-03 -5.8973216028663329E-03 -1.7393405409155851E-03
0
0.0
 -1.1407996218300525E+00 -2.3170985309886123E+00 3.8420614944644871E-01
 8.8751755943746596E-03 -5.9024897327361343E-03 -1.7856902590889577E-03
0
0.0
 -1.1407996218300525E+00 -2.3170985309886123E+00 3.8420614944644871E-01
 8.8750026751294384E-03 -5.9374886971029859E-03 -1.5015172412160180E-03
0
0.0
 -1.1407996218300525E+00 -2.3170985309886123E+00 3.8420614944644871E-01
 9.0217363983084546E-03 -5.8234872358821424E-03 -1.5740798314714303E-03
0
0.0
 -1.1407996218300525E+00 -2.3170985309886123E+00 3.8420614944644871E-01
 8.7050985324068336E-03 -6.0501177786345057E-03 -1.5874405246177423E-03
0
0.0
 -1.1407996218300525E+00 -2.3170985309886123E+00 3.8420614944644871E-01
 8.8163009342206305E-03 -5.8939729646580652E-03 -1.4781827689549021E-03
0
0.0
 -1.1407996218300525E+00 -2.3170985309886123E+00 3.8420614944644871E-01
 8.7876512876150642E-03 -5.8187470954548211E-03 -1.9443103478715498E-03
0
0.0
 -1.1407996218300525E+00 -2.3170985309886123E+00 3.8420614944644871E-01
 8.6497700941567234E-03 -5.9601528234263816E-03 -1.5631016999855347E-03
0
0.0
 -1.1407996218300525E+00 -2.3170985309886123E+00 3.8420614944644871E-01
 8.8123477794159501E-03 -5.6896576025552460E-03 -1.6921841331887207E-03
0
0.0
 -1.1407996218300525E+00 -2.3170985309886123E+00 3.8420614944644871E-01
 8.7266489418697645E-03 -5.8844317152630431E-03 -1.8008256576479992E-03
0
0.0
 -1.1407996218300525E+00 -2.3170985309886123E+00 3.8420614944644871E-01
 9.0519949237240546E-03 -5.8923790636185294E-03 -1.7653657721071407E-03
0
0.0
 -1.1407996218300525E+00 -2.3170985309886123E+00 3.8420614944644871E-01
 8.8198925274919904E-03 -5.9007523677602385E-03 -1.7638055294404579E-03
0
0.0
