20
-1
1
 -0.67277476  -0.29194528   0.67981033  4.16607339e-04
  0.60505984  -0.79324723  -0.06827459  1.77335192e-04
 -0.47634525  -0.68174913   0.55525969  1.52896430e-04
 -0.55647483  -0.70226031  -0.44403403  3.89821357e-04
 -0.27210405  -0.08166696   0.95879606  1.66099867e-04
 -0.59055926  -0.43873181  -0.67731393  4.88235448e-04
 -0.41252689  -0.00786479  -0.91091147  3.14060566e-04
 -0.58495612   0.73331593  -0.34651709  1.86149423e-04
  0.41483236  -0.64378901  -0.64300064  3.34218716e-04
 -0.46655421   0.19219062  -0.86335968  1.69775769e-04
 -0.91473575   0.28237923   0.28899910  1.91368233e-04
  0.90299849  -0.42660091  -0.05104302  2.81031530e-04
 -0.35993857   0.76775200  -0.53009536  6.47646818e-04
 -0.84634466   0.40090978   0.35067373  3.39847466e-04
  0.52866818  -0.68418211   0.50239904  1.50243320e-04
 -0.28713171  -0.90557018  -0.31224674  1.79929239e-04
 -0.09982562  -0.16126431  -0.98184962  6.76856037e-04
 -0.03864010  -0.94941660   0.31163289  1.69643373e-04
  0.20625278   0.95046551  -0.23254055  3.76267345e-04
  0.83252780  -0.25940695  -0.48949515  1.86637053e-04
