20
 -1.1407996218300525E+00 -2.3170985309886123E+00 3.8420614944644871E-01
 8.7092680780942369E-03 -6.0344568546059716E-03 -1.5335531246685719E-03
0
0.0
 -1.1407996218300525E+00 -2.3170985309886123E+00 3.8420614944644871E-01
 8.9880201801234329E-03 -6.0188026075758249E-03 -1.5397828044870553E-03
0
0.0
 -1.1407996218300525E+00 -2.3170985309886123E+00 3.8420614944644871E-01
 8.8295701483169214E-03 -5.8340352345728728E-03 -1.4410897005173167E-03
0
0.0
 -1.1407996218300525E+00 -2.3170985309886123E+00 3.8420614944644871E-01
 8.6133159023668807E-03 -5.8279896512745434E-03 -1.4621204240826290E-03
0
0.0
 -1.1407996218300525E+00 -2.3170985309886123E+00 3.8420614944644871E-01
 8.7211522196137432E-03 -6.0078158025302884E-03 -1.6071294858585703E-03
0
0.0
 -1.1407996218300525E+00 -2.3170985309886123E+00 3.8420614944644871E-01
 9.0243287392930555E-03 -5.8080546876556798E-03 -1.6693033026413861E-03
0
0.0
 -1.1407996218300525E+00 -2.3170985309886123E+00 3.8420614944644871E-01
 8.8354143930916736E-03 -5.7533195909775800E-03 -1.8718282771911384E-03
0
0.0
 -1.1407996218300525E+00 -2.3170985309886123E+00 3.8420614944644871E-01
 8.6552138470237499E-03 -5.7668135501942781E-03 -1.4939049383940245E-03
0
0.0
 -1.1407996218300525E+00 -2.3170985309886123E+00 3.8420614944644871E-01
 8.8087393423401019E-03 -5.9848916905422848E-03 -1.8278573827352404E-03
0
0.0
 -1.1407996218300525E+00 -2.3170985309886123E+00 3.8420614944644871E-01
 8.8335311160232920E-03 -5.6520986450532109E-03 -1.8170813736675285E-03
0
0.0
 -1.1407996218300525E+00 -2.3170985309886123E+00 3.8420614944644871E-01
 8.8199276259705046E-03 -5.8174402728451294E-03 -1.5957349588486551E-03
0
0.0
 -1.1407996218300525E+00 -2.3170985309886123E+00 3.8420614944644871E-01
 8.9141046837513203E-03 -5.7760898938912465E-03 -1.6320183607398835E-03
0
0.0
 -1.1407996218300525E+00 -2.3170985309886123E+00 3.8420614944644871E-01
 8.7607969625050283E-03 -6.2143240723887064E-03 -1.6314544598909620E-03
0
0.0
 -1.1407996218300525E+00 -2.3170985309886123E+00 3.8420614944644871E-01
 8.7431519778773288E-03 -5.7356725479848457E-03 -1.5355583247240211E-03
0
0.0
 -1.1407996218300525E+00 -2.3170985309886123E+00 3.8420614944644871E-01
 8.9597518157382480E-03 -6.0815063981309496E-03 -1.5815313705603634E-03
0
0.0
 -1.1407996218300525E+00 -2.3170985309886123E+00 3.8420614944644871E-01
 8.5352543082604562E-03 -5.9655748272952796E-03 -1.4896330533970079E-03
0
0.0
 -1.1407996218300525E+00 -2.3170985309886123E+00 3.8420614944644871E-01
 8.7469103583999227E-03 -5.9978377106252008E-03 -1.6634069202918257E-03
0
0.0
 -1.1407996218300525E+00 -2.3170985309886123E+00 3.8420614944644871E-01
 8.7011515917284777E-03 -5.8182635953350969E-03 -1.6216890188611856E-03
0
0.0
 -1.1407996218300525E+00 -2.3170985309886123E+00 3.8420614944644871E-01
 8.6684969507642377E-03 -5.9048402447817797E-03 -1.6002961892305823E-03
0
0.0
 -1.1407996218300525E+00 -2.3170985309886123E+00 3.8420614944644871E-01
 8.7841108085504726E-03 -5.9646055783697510E-03 -1.7586889352965008E-03
0
0.0
