20
-1
1
 -0.43082599  -0.84648246   0.31282008  5.55814990e-04
 -0.95313056   0.22964414  -0.19699163  1.62172154e-04
 -0.59993406  -0.21649119  -0.77020172  1.66327045e-04
  0.51346969   0.10389172  -0.85179539  4.63334820e-04
 -0.39213137   0.30584073   0.86757964  1.53318056e-04
 -0.22165966  -0.12044365  -0.96765713  2.62582657e-04
 -0.47167721   0.24302116  -0.84762098  7.89557710e-04
 -0.02059329  -0.75397880  -0.65657588  2.96124773e-04
  0.75492548   0.60698130  -0.24831678  3.95664812e-04
  0.29476300   0.56346844   0.77176297  2.24368672e-04
 -0.55677237  -0.38783976   0.73456439  1.85138737e-04
 -0.00627490   0.72220030   0.69165552  3.24415916e-04
  0.75011617  -0.10173787  -0.65343334  2.31167140e-04
  0.04072197  -0.95265051  -0.30132826  6.21451996e-04
 -0.96059122   0.22874069   0.15793101  1.60118127e-04
 -0.89000846  -0.42724531   0.15920550  5.14046374e-04
  0.85711677  -0.47766901   0.19282937  3.35121116e-04
 -0.49535293   0.86282900   0.10075511  2.28352878e-04
 -0.87714298   0.47862196   0.03925822  1.74581417e-04
  0.17860270  -0.97609981   0.12381536  1.78458994e-04
