20
 -1.1407996218300525E+00 -2.3170985309886123E+00 3.8420614944644871E-01
 8.7741726271202206E-03 -5.8605797089519599E-03 -1.6352394920115731E-03
0
0.0
 -1.1407996218300525E+00 -2.3170985309886123E+00 3.8420614944644871E-01
 8.7757815945160786E-03 -5.8105210692064617E-03 -1.6473932167932375E-03
0
0.0
 -1.1407996218300525E+00 -2.3170985309886123E+00 3.8420614944644871E-01
 8.8387650741763302E-03 -5.7696913410259084E-03 -1.5360092591791478E-03
0
0.0
 -1.1407996218300525E+00 -2.3170985309886123E+00 3.8420614944644871E-01
 8.8407175183704625E-03 -5.7398737569664951E-03 -1.4849835150141247E-03
0
0.0
 -1.1407996218300525E+00 -2.3170985309886123E+00 3.8420614944644871E-01
 8.6830086014098445E-03 -6.0790134381710232E-03 -1.5955462140384725E-03
0
0.0
 -1.1407996218300525E+00 -2.3170985309886123E+00 3.8420614944644871E-01
 8.9057302241672739E-03 -5.8155000792263992E-03 -1.7860810431828697E-03
0
0.0
 -1.1407996218300525E+00 -2.3170985309886123E+00 3.8420614944644871E-01
 8.8120125873206896E-03 -5.8690745496519491E-03 -1.6535922920913760E-03
0
0.0
 -1.1407996218300525E+00 -2.3170985309886123E+00 3.8420614944644871E-01
 8.8027521975906596E-03 -5.9095901793345604E-03 -1.6942435664279209E-03
0
0.0
 -1.1407996218300525E+00 -2.3170985309886123E+00 3.8420614944644871E-01
 8.6249968542203379E-03 -5.9485059627694906E-03 -1.4839110962731419E-03
0
0.0
 -1.1407996218300525E+00 -2.3170985309886123E+00 3.8420614944644871E-01
 8.6683472294651117E-03 -5.6745562752955371E-03 -1.6688798212764057E-03
0
0.0
 -1.1407996218300525E+00 -2.3170985309886123E+00 3.8420614944644871E-01
 8.7329352890894614E-03 -5.8937466349690826E-03 -1.3425309652742461E-03
0
0.0
 -1.1407996218300525E+00 -2.3170985309886123E+00 3.8420614944644871E-01
 8.7846058428936048E-03 -6.0468658046213750E-03 -1.7821118557563849E-03
0
0.0
 -1.1407996218300525E+00 -2.3170985309886123E+00 3.8420614944644871E-01
 8.7337560917689228E-03 -5.9853089484171200E-03 -1.4720405093179064E-03
0
0.0
 -1.1407996218300525E+00 -2.3170985309886123E+00 3.8420614944644871E-01
 8.8730480520065672E-03 -5.6026772347858309E-03 -1.6758526815799249E-03
0
0.0
 -1.1407996218300525E+00 -2.3170985309886123E+00 3.8420614944644871E-01
 8.6974977111833867E-03 -5.8820005545388472E-03 -1.5312914723829036E-03
0
0.0
 -1.1407996218300525E+00 -2.3170985309886123E+00 3.8420614944644871E-01
 8.5836479054041386E-03 -5.9612353633528362E-03 -1.6393250956145034E-03
0
0.0
 -1.1407996218300525E+00 -2.3170985309886123E+00 3.8420614944644871E-01
 8.6070979948315064E-03 -6.0455325410268780E-03 -1.7016029406452045E-03
0
0.0
 -1.1407996218300525E+00 -2.3170985309886123E+00 3.8420614944644871E-01
 8.7459656980414056E-03 -6.1605801598911061E-03 -1.7000010746930951E-03
0
0.0
 -1.1407996218300525E+00 -2.3170985309886123E+00 3.8420614944644871E-01
 8.6077799389346742E-03 -6.1945914513125777E-03 -1.5442516203881666E-03
0
0.0
 -1.1407996218300525E+00 -2.3170985309886123E+00 3.8420614944644871E-01
 8.6840476146397335E-03 -5.8572083770419576E-03 -1.4893406875822752E-03
0
0.0
