20
-1
1
  0.97664516  -0.20935787  -0.04830638  3.70074175e-04
 -0.48226549   0.58161424   0.65509150  2.35296556e-04
  0.60491544  -0.76088372   0.23480476  2.78710091e-04
  0.44273765  -0.38071703   0.81181150  2.20288137e-04
 -0.84289578  -0.51197401  -0.16555760  2.27613694e-04
  0.82547353  -0.41174327   0.38608410  1.65845846e-04
  0.02469939   0.27729094   0.96046847  3.72105769e-04
  0.67525204   0.73697738   0.02998367  1.78044660e-04
  0.97214065   0.06339987  -0.22566127  6.71750896e-04
  0.03828690   0.03453104   0.99866998  1.93907969e-04
 -0.61900153   0.23530516  -0.74931207  8.13925020e-04
  0.62723415   0.11627976  -0.77010151  2.27317949e-04
 -0.27036085  -0.29988769  -0.91486195  7.35216282e-04
 -0.64703592  -0.76076385   0.05082199  3.38019834e-04
  0.90809049  -0.33276942   0.25423646  4.68914300e-04
 -0.04571014  -0.37700802  -0.92508137  1.46749378e-04
  0.11460944  -0.99328520   0.01578589  8.40272617e-04
 -0.56361585   0.56685047  -0.60084750  1.80440495e-04
  0.20602385   0.96163490   0.18114221  5.11446482e-04
  0.80306428   0.15933445  -0.57419535  2.07157413e-04
