20
 -1.1407996218300525E+00 -2.3170985309886123E+00 3.8420614944644871E-01
 8.7772800575825188E-03 -5.8324433869935957E-03 -1.5433726366981795E-03
0
0.0
 -1.1407996218300525E+00 -2.3170985309886123E+00 3.8420614944644871E-01
 8.9507715919497858E-03 -5.6818868851103857E-03 -1.4685624316278722E-03
0
0.0
 -1.1407996218300525E+00 -2.3170985309886123E+00 3.8420614944644871E-01
 8.9731266758393963E-03 -5.9567680548846137E-03 -1.6813392676661035E-03
0
0.0
 -1.1407996218300525E+00 -2.3170985309886123E+00 3.8420614944644871E-01
 8.6009251301031493E-03 -5.7449968586395141E-03 -1.5499011434594433E-03
0
0.0
 -1.1407996218300525E+00 -2.3170985309886123E+00 3.8420614944644871E-01
 8.8301689742414091E-03 -5.9262786628445311E-03 -1.7943691643062926E-03
0
0.0
 -1.1407996218300525E+00 -2.3170985309886123E+00 3.8420614944644871E-01
 8.8776385947557396E-03 -5.9180351778720369E-03 -1.5482101715352883E-03
0
0.0
 -1.1407996218300525E+00 -2.3170985309886123E+00 3.8420614944644871E-01
 8.8763132418980453E-03 -5.9478064404746593E-03 -1.7578889472113575E-03
0
0.0
 -1.1407996218300525E+00 -2.3170985309886123E+00 3.8420614944644871E-01
 8.7837595036529079E-03 -5.7377936209123681E-03 -1.6464702609398218E-03
0
0.0
 -1.1407996218300525E+00 -2.3170985309886123E+00 3.8420614944644871E-01
 8.6671608647785822E-03 -5.6429913290425597E-03 -1.5338912745099899E-03
0
0.0
 -1.1407996218300525E+00 -2.3170985309886123E+00 3.8420614944644871E-01
 8.8461521603018616E-03 -5.7160197226896461E-03 -1.5720675096614609E-03
0
0.0
 -1.1407996218300525E+00 -2.3170985309886123E+00 3.8420614944644871E-01
 8.7467311303974313E-03 -5.8931105816172526E-03 -1.7579999672618712E-03
0
0.0
 -1.1407996218300525E+00 -2.3170985309886123E+00 3.8420614944644871E-01
 8.8527532703614360E-03 -5.8192089165780992E-03 -1.6917937681606092E-03
0
0.0
 -1.1407996218300525E+00 -2.3170985309886123E+00 3.8420614944644871E-01
 8.7366066028129186E-03 -5.7342727073884181E-03 -1.4602439754809909E-03
0
0.0
 -1.1407996218300525E+00 -2.3170985309886123E+00 3.8420614944644871E-01
 8.9469908648211229E-03 -5.9385844305090887E-03 -1.6707861544304845E-03
0
0.0
 -1.1407996218300525E+00 -2.3170985309886123E+00 3.8420614944644871E-01
 8.6865980603103472E-03 -5.8520681790844489E-03 -1.3185238372254960E-03
0
0.0
 -1.1407996218300525E+00 -2.3170985309886123E+00 3.8420614944644871E-01
 8.7070426588323601E-03 -6.0439182875059918E-03 -1.7133876609440385E-03
0
0.0
 -1.1407996218300525E+00 -2.3170985309886123E+00 3.8420614944644871E-01
 8.9006142302400660E-03 -5.9504914301779658E-03 -1.6407804972942428E-03
0
0.0
 -1.1407996218300525E+00 -2.3170985309886123E+00 3.8420614944644871E-01
 8.9529788886311291E-03 -6.1678716047449626E-03 -1.6976125920105871E-03
0
0.0
 -1.1407996218300525E+00 -2.3170985309886123E+00 3.8420614944644871E-01
 8.6209288555974348E-03 -5.7912490897689319E-03 -1.6834713920574655E-03
0
0.0
 -1.1407996218300525E+00 -2.3170985309886123E+00 3.8420614944644871E-01
 8.7963689295528485E-03 -5.8994812811329744E-03 -1.6820438004502632E-03
0
0.0
