20
-1
1
 -0.44434742   0.05031603  -0.89444042  2.87866328e-04
  0.69650635  -0.65838463  -0.28532191  3.68714569e-04
  0.81947834   0.20236682   0.53619299  1.97106958e-04
  0.52741522   0.79678262  -0.29490785  1.93119053e-04
  0.27105607  -0.96104795   0.05399492  3.85684058e-04
 -0.93283773   0.15655504  -0.32450622  7.75309193e-04
 -0.52864182   0.64001000   0.55760651  1.67746117e-04
 -0.38181240  -0.16680744  -0.90906247  4.15259099e-04
  0.32261744  -0.93598075   0.14091850  5.07787347e-04
 -0.31731019  -0.75644246  -0.57193448  2.97435934e-04
 -0.80552667  -0.03592764  -0.59146934  7.03760179e-04
 -0.70531716   0.69957323   0.11456439  1.99774929e-04
 -0.57812259  -0.63240712   0.51559239  5.58622728e-04
  0.77022319   0.63133158  -0.09042491  3.04219735e-04
 -0.57296547   0.81383443   0.09687148  1.95557282e-04
  0.17539126  -0.08245438  -0.98103985  2.19998307e-04
  0.04199146  -0.15232907   0.98743738  1.84133123e-04
 -0.41751443   0.60619324  -0.67691318  6.17914237e-04
  0.44165967   0.70586681   0.55379489  3.89690730e-04
  0.44267774  -0.88040826   0.17005210  1.99329071e-04
