20
 -1.1407996218300525E+00 -2.3170985309886123E+00 3.8420614944644871E-01
 8.9712734630113863E-03 -5.8314718676918910E-03 -1.5973816838310659E-03
0
0.0
 -1.1407996218300525E+00 -2.3170985309886123E+00 3.8420614944644871E-01
 8.8525231879399407E-03 -5.9114510583860146E-03 -1.5778050171292926E-03
0
0.0
 -1.1407996218300525E+00 -2.3170985309886123E+00 3.8420614944644871E-01
 8.7364413543982080E-03 -6.0311241603034889E-03 -1.7833015438233838E-03
0
0.0
 -1.1407996218300525E+00 -2.3170985309886123E+00 3.8420614944644871E-01
 8.7594412472131195E-03 -5.7767878646141271E-03 -1.5669695411527839E-03
0
0.0
 -1.1407996218300525E+00 -2.3170985309886123E+00 3.8420614944644871E-01
 8.7999745175267562E-03 -5.9740756519800495E-03 -1.6491229349894275E-03
0
0.0
 -1.1407996218300525E+00 -2.3170985309886123E+00 3.8420614944644871E-01
 8.7092928019618637E-03 -5.9936035250148538E-03 -1.5900604182891929E-03
0
0.0
 -1.1407996218300525E+00 -2.3170985309886123E+00 3.8420614944644871E-01
 8.6158652178305681E-03 -6.0284093059187350E-03 -1.6311985173048408E-03
0
0.0
 -1.1407996218300525E+00 -2.3170985309886123E+00 3.8420614944644871E-01
 8.7670724776049962E-03 -6.0184075887350962E-03 -1.6186594456213991E-03
0
0.0
 -1.1407996218300525E+00 -2.3170985309886123E+00 3.8420614944644871E-01
 8.7951638220151746E-03 -5.7779561544469560E-03 -1.6874850911439542E-03
0
0.0
 -1.1407996218300525E+00 -2.3170985309886123E+00 3.8420614944644871E-01
 8.7250032159272503E-03 -5.8651669464141101E-03 -1.6606659630911580E-03
0
0.0
 -1.1407996218300525E+00 -2.3170985309886123E+00 3.8420614944644871E-01
 8.7545722182631684E-03 -5.9101125221065823E-03 -1.4774293935043629E-03
0
0.0
 -1.1407996218300525E+00 -2.3170985309886123E+00 3.8420614944644871E-01
 8.9247608502988456E-03 -5.9062105920973367E-03 -1.5955982412429765E-03
0
0.0
 -1.1407996218300525E+00 -2.3170985309886123E+00 3.8420614944644871E-01
 8.8861703320546864E-03 -5.9176682290434978E-03 -1.7234058858026566E-03
0
0.0
 -1.1407996218300525E+00 -2.3170985309886123E+00 3.8420614944644871E-01
 8.8904662820310093E-03 -6.1180605805366099E-03 -1.6095264136816423E-03
0
0.0
 -1.1407996218300525E+00 -2.3170985309886123E+00 3.8420614944644871E-01
 8.7686774358848741E-03 -5.9000682901579823E-03 -1.6550783417847448E-03
0
0.0
 -1.1407996218300525E+00 -2.3170985309886123E+00 3.8420614944644871E-01
 8.7937324752024940E-03 -5.8561832231573468E-03 -1.5980387573607956E-03
0
0.0
 -1.1407996218300525E+00 -2.3170985309886123E+00 3.8420614944644871E-01
 8.9046995518719339E-03 -5.9031432977030805E-03 -1.3488500043414031E-03
0
0.0
 -1.1407996218300525E+00 -2.3170985309886123E+00 3.8420614944644871E-01
 8.7178721326684784E-03 -5.7533997004696079E-03 -1.7394099626976323E-03
0
0.0
 -1.1407996218300525E+00 -2.3170985309886123E+00 3.8420614944644871E-01
 8.6525620802646447E-03 -5.9558657528857081E-03 -1.6760199230360154E-03
0
0.0
 -1.1407996218300525E+00 -2.3170985309886123E+00 3.8420614944644871E-01
 8.7121555963386148E-03 -5.9496754068243353E-03 -1.4881983820109800E-03
0
0.0
