50
 -1.1407996218300525E+00 -2.3170985309886123E+00 3.8420614944644871E-01
 8.8523776475653900E-03 -5.8852293597351406E-03 -1.3601496716136188E-03
0
0.0
 -1.1407996218300525E+00 -2.3170985309886123E+00 3.8420614944644871E-01
 8.5262120100770156E-03 -5.7431297843108875E-03 -1.7730861347666127E-03
0
0.0
 -1.1407996218300525E+00 -2.3170985309886123E+00 3.8420614944644871E-01
 8.6083392799908547E-03 -5.8284281385149808E-03 -1.7671383539411640E-03
0
0.0
 -1.1407996218300525E+00 -2.3170985309886123E+00 3.8420614944644871E-01
 8.7641369547300473E-03 -6.0213097985447866E-03 -1.6008053120620384E-03
0
0.0
 -1.1407996218300525E+00 -2.3170985309886123E+00 3.8420614944644871E-01
 8.7662078926600186E-03 -5.9765543103373672E-03 -1.4770024777953519E-03
0
0.0
 -1.1407996218300525E+00 -2.3170985309886123E+00 3.8420614944644871E-01
 8.6714676610924971E-03 -6.0188049955014053E-03 -1.6648205019355827E-03
0
0.0
 -1.1407996218300525E+00 -2.3170985309886123E+00 3.8420614944644871E-01
 8.9766572818429161E-03 -5.8667186192103687E-03 -1.6883285458216240E-03
0
0.0
 -1.1407996218300525E+00 -2.3170985309886123E+00 3.8420614944644871E-01
 8.6663001306196835E-03 -5.7309453078774279E-03 -1.7186375054127150E-03
0
0.0
 -1.1407996218300525E+00 -2.3170985309886123E+00 3.8420614944644871E-01
 8.7670037162277791E-03 -6.0150429373889876E-03 -1.5765138822003506E-03
0
0.0
 -1.1407996218300525E+00 -2.3170985309886123E+00 3.8420614944644871E-01
 8.7976967561900835E-03 -5.8628377104412372E-03 -1.6389237875865932E-03
0
0.0
 -1.1407996218300525E+00 -2.3170985309886123E+00 3.8420614944644871E-01
 9.0293943799525638E-03 -5.7777667999556487E-03 -1.4514583086949534E-03
0
0.0
 -1.1407996218300525E+00 -2.3170985309886123E+00 3.8420614944644871E-01
 8.8880028959644943E-03 -5.8162464604642802E-03 -1.7649425451650902E-03
0
0.0
 -1.1407996218300525E+00 -2.3170985309886123E+00 3.8420614944644871E-01
 8.7895079071154836E-03 -5.8486275545652517E-03 -1.6115574019898019E-03
0
0.0
 -1.1407996218300525E+00 -2.3170985309886123E+00 3.8420614944644871E-01
 8.9953089017910885E-03 -5.7132661376686289E-03 -1.4657007808360780E-03
0
0.0
 -1.1407996218300525E+00 -2.3170985309886123E+00 3.8420614944644871E-01
 9.0246775243223842E-03 -6.0596815678649199E-03 -1.4530523023568536E-03
0
0.0
 -1.1407996218300525E+00 -2.3170985309886123E+00 3.8420614944644871E-01
 8.8299286027138726E-03 -5.9265730862224277E-03 -1.7284546492766608E-03
0
0.0
 -1.1407996218300525E+00 -2.3170985309886123E+00 3.8420614944644871E-01
 8.7637707770420112E-03 -5.9695012505191231E-03 -1.5526461360594543E-03
0
0.0
 -1.1407996218300525E+00 -2.3170985309886123E+00 3.8420614944644871E-01
 8.7689160009625615E-03 -5.8827948992368128E-03 -1.7503610392879511E-03
0
0.0
 -1.1407996218300525E+00 -2.3170985309886123E+00 3.8420614944644871E-01
 9.0689376499147739E-03 -6.0598699789993667E-03 -1.4993974892931433E-03
0
0.0
 -1.1407996218300525E+00 -2.3170985309886123E+00 3.8420614944644871E-01
 8.8820039465907011E-03 -5.6907952496089379E-03 -1.6046564076341882E-03
0
0.0
 -1.1407996218300525E+00 -2.3170985309886123E+00 3.8420614944644871E-01
 8.6882739233968727E-03 -6.1868728996608254E-03 -1.5445524655864314E-03
0
0.0
 -1.1407996218300525E+00 -2.3170985309886123E+00 3.8420614944644871E-01
 8.7097663664688386E-03 -5.8088281565176099E-03 -1.5458973904066706E-03
0
0.0
 -1.1407996218300525E+00 -2.3170985309886123E+00 3.8420614944644871E-01
 8.8549928245700658E-03 -5.8637633031823049E-03 -1.4232598428617338E-03
0
0.0
 -1.1407996218300525E+00 -2.3170985309886123E+00 3.8420614944644871E-01
 8.9103002337790459E-03 -6.0106217364962041E-03 -1.3438936037673687E-03
0
0.0
 -1.1407996218300525E+00 -2.3170985309886123E+00 3.8420614944644871E-01
 8.8739061930380586E-03 -6.0017610172044033E-03 -1.8073087673883405E-03
0
0.0
 -1.1407996218300525E+00 -2.3170985309886123E+00 3.8420614944644871E-01
 8.8417454399906618E-03 -5.8462381375937109E-03 -1.6748507733498636E-03
0
0.0
 -1.1407996218300525E+00 -2.3170985309886123E+00 3.8420614944644871E-01
 8.8663323486238271E-03 -6.0903604105404284E-03 -1.4600805550187986E-03
0
0.0
 -1.1407996218300525E+00 -2.3170985309886123E+00 3.8420614944644871E-01
 8.7810287036610962E-03 -5.9157753220279935E-03 -1.6240089698215513E-03
0
0.0
 -1.1407996218300525E+00 -2.3170985309886123E+00 3.8420614944644871E-01
 8.8745696742085819E-03 -5.9722172430770422E-03 -1.6384094702830635E-03
0
0.0
 -1.1407996218300525E+00 -2.3170985309886123E+00 3.8420614944644871E-01
 8.8661645389841847E-03 -5.8344908164854039E-03 -1.7929644198892171E-03
0
0.0
 -1.1407996218300525E+00 -2.3170985309886123E+00 3.8420614944644871E-01
 8.8367935642341966E-03 -5.9472087900267478E-03 -1.6701043592647039E-03
0
0.0
 -1.1407996218300525E+00 -2.3170985309886123E+00 3.8420614944644871E-01
 8.8755048205638679E-03 -6.1662629946795606E-03 -1.6775745716664809E-03
0
0.0
 -1.1407996218300525E+00 -2.3170985309886123E+00 3.8420614944644871E-01
 8.7818320108830877E-03 -5.8608208618538046E-03 -1.6016681603112813E-03
0
0.0
 -1.1407996218300525E+00 -2.3170985309886123E+00 3.8420614944644871E-01
 8.7756066314095878E-03 -6.2019108391109931E-03 -1.4731575624377445E-03
0
0.0
 -1.1407996218300525E+00 -2.3170985309886123E+00 3.8420614944644871E-01
 8.9874401115824284E-03 -6.0877840065053906E-03 -1.5665306789008622E-03
0
0.0
 -1.1407996218300525E+00 -2.3170985309886123E+00 3.8420614944644871E-01
 8.6801582264153538E-03 -5.8509684672680582E-03 -1.7842007939117138E-03
0
0.0
 -1.1407996218300525E+00 -2.3170985309886123E+00 3.8420614944644871E-01
 8.8566229563363311E-03 -5.8895556744854114E-03 -1.5788192107291138E-03
0
0.0
 -1.1407996218300525E+00 -2.3170985309886123E+00 3.8420614944644871E-01
 8.5562780111308502E-03 -6.0578405828398173E-03 -1.7428238146020543E-03
0
0.0
 -1.1407996218300525E+00 -2.3170985309886123E+00 3.8420614944644871E-01
 8.6702065758499092E-03 -5.9615795615269879E-03 -1.6683949872352060E-03
0
0.0
 -1.1407996218300525E+00 -2.3170985309886123E+00 3.8420614944644871E-01
 8.8556436232878656E-03 -5.7805351670015947E-03 -1.3572023509953669E-03
0
0.0
 -1.1407996218300525E+00 -2.3170985309886123E+00 3.8420614944644871E-01
 8.7216371818357452E-03 -5.9485000351280097E-03 -1.6091273385075925E-03
0
0.0
 -1.1407996218300525E+00 -2.3170985309886123E+00 3.8420614944644871E-01
 8.7611845840337016E-03 -5.6105514564034620E-03 -1.6542306260607217E-03
0
0.0
 -1.1407996218300525E+00 -2.3170985309886123E+00 3.8420614944644871E-01
 8.8601995711529158E-03 -6.0722894922620374E-03 -1.7882384206987369E-03
0
0.0
 -1.1407996218300525E+00 -2.3170985309886123E+00 3.8420614944644871E-01
 8.7469667802277558E-03 -5.8930850564833624E-03 -1.5703960651405099E-03
0
0.0
 -1.1407996218300525E+00 -2.3170985309886123E+00 3.8420614944644871E-01
 8.6650791538976178E-03 -5.8072357181353680E-03 -1.8589636756945033E-03
0
0.0
 -1.1407996218300525E+00 -2.3170985309886123E+00 3.8420614944644871E-01
 8.8041459897826389E-03 -5.8784452388039986E-03 -1.7006263521980392E-03
0
0.0
 -1.1407996218300525E+00 -2.3170985309886123E+00 3.8420614944644871E-01
 8.7043099043726535E-03 -5.8584274816292541E-03 -1.7341021125693791E-03
0
0.0
 -1.1407996218300525E+00 -2.3170985309886123E+00 3.8420614944644871E-01
 8.9547489973719266E-03 -5.9968156288015204E-03 -1.8630064550809885E-03
0
0.0
 -1.1407996218300525E+00 -2.3170985309886123E+00 3.8420614944644871E-01
 8.5734219629351547E-03 -5.8106448653883489E-03 -1.4615469856077146E-03
0
0.0
 -1.1407996218300525E+00 -2.3170985309886123E+00 3.8420614944644871E-01
 8.6653643483830291E-03 -5.9121567549278988E-03 -1.5474831129180242E-03
0
0.0
