20
-1
1
  0.11805583   0.62507871  -0.77158242  8.24035487e-04
 -0.88820209  -0.45567990  -0.05876113  1.46988559e-04
  0.45553428   0.46556625  -0.75877308  2.37854925e-04
 -0.58132654  -0.34524019   0.73679622  1.98260600e-04
 -0.73847363   0.36873918  -0.56452468  7.54201861e-04
  0.56898011   0.55945436  -0.60272087  4.78172185e-04
 -0.93608075   0.33051526   0.12046779  3.16299001e-04
  0.61085176   0.31988945  -0.72424503  2.16465538e-04
  0.81685301   0.45316993   0.35691480  1.78116082e-04
  0.59177920  -0.39469820  -0.70285896  2.43858008e-04
 -0.60101347  -0.12814761   0.78889860  3.10107893e-04
 -0.86927766  -0.07287897   0.48892230  7.59907775e-04
 -0.83068066  -0.19196236  -0.52260894  1.97382787e-04
  0.25036043  -0.96137679   0.11434298  2.72097882e-04
  0.05196631  -0.74326626  -0.66697434  1.52580597e-04
  0.62788587  -0.72549761  -0.28180232  1.58989456e-04
  0.63642967   0.20200191   0.74441420  2.11170100e-04
 -0.79415822  -0.51571618  -0.32148024  3.83364131e-04
 -0.18874596  -0.51096430  -0.83862414  3.19457281e-04
 -0.79000641  -0.45542099   0.41046508  3.80180604e-04
