20
-1
1
  0.69251662  -0.14200554   0.70728718  3.14144638e-04
  0.13115214   0.00574003  -0.99134564  2.10036323e-04
  0.21614828  -0.75812799   0.61524131  3.53247447e-04
 -0.88759926   0.27100783  -0.37245444  2.55190899e-04
 -0.97933211  -0.12423218   0.15960884  1.97540634e-04
  0.03027533   0.99952758  -0.00529386  4.92073272e-04
 -0.63168486  -0.53086140   0.56494284  7.09410076e-04
 -0.87797129  -0.46765867  -0.10228287  3.08241880e-04
 -0.35911786   0.04654402  -0.93213090  5.76900172e-04
  0.13711633  -0.60297495  -0.78588823  2.49965182e-04
  0.04692737   0.47476585  -0.87886018  1.49335655e-04
 -0.40473002  -0.91115492  -0.07739723  6.84125867e-04
 -0.20608510   0.90910010   0.36203031  1.57895272e-04
  0.43752642   0.78312110  -0.44191852  6.45097843e-04
 -0.98627220   0.04859390   0.15781567  1.75564817e-04
  0.05616251  -0.59390641  -0.80257146  7.57153613e-04
 -0.36013751   0.12289836  -0.92476860  2.18718374e-04
 -0.39083806  -0.14912491  -0.90829916  1.89983718e-04
  0.65171706   0.23083576   0.72248164  1.90537213e-04
 -0.93242722   0.12732578  -0.33818282  1.54162727e-04
