20
 -1.1407996218300525E+00 -2.3170985309886123E+00 3.8420614944644871E-01
 8.7396986391756887E-03 -5.8511521097602904E-03 -1.6335149877778129E-03
0
0.0
 -1.1407996218300525E+00 -2.3170985309886123E+00 3.8420614944644871E-01
 8.8395903962421481E-03 -5.8449410431762805E-03 -1.2991552144524707E-03
0
0.0
 -1.1407996218300525E+00 -2.3170985309886123E+00 3.8420614944644871E-01
 8.9494277083534725E-03 -5.6210748865760706E-03 -1.5848507012559071E-03
0
0.0
 -1.1407996218300525E+00 -2.3170985309886123E+00 3.8420614944644871E-01
 8.8326042270543952E-03 -6.1807631185703234E-03 -1.6058485534889166E-03
0
0.0
 -1.1407996218300525E+00 -2.3170985309886123E+00 3.8420614944644871E-01
 9.0658530200459306E-03 -5.8511185475303516E-03 -1.5582909472548726E-03
0
0.0
 -1.1407996218300525E+00 -2.3170985309886123E+00 3.8420614944644871E-01
 8.6830005628070681E-03 -5.8876399321213619E-03 -1.6444351311617148E-03
0
0.0
 -1.1407996218300525E+00 -2.3170985309886123E+00 3.8420614944644871E-01
 8.9175939529544876E-03 -5.8777460308711213E-03 -1.6311921964016173E-03
0
0.0
 -1.1407996218300525E+00 -2.3170985309886123E+00 3.8420614944644871E-01
 8.4663342631129800E-03 -5.9636823958571358E-03 -1.6397155918030726E-03
0
0.0
 -1.1407996218300525E+00 -2.3170985309886123E+00 3.8420614944644871E-01
 8.7045990655603752E-03 -5.7970194086371498E-03 -1.5297517019496590E-03
0
0.0
 -1.1407996218300525E+00 -2.3170985309886123E+00 3.8420614944644871E-01
 8.7590717489288861E-03 -6.0032853806561200E-03 -1.6151630681779797E-03
0
0.0
 -1.1407996218300525E+00 -2.3170985309886123E+00 3.8420614944644871E-01
 9.0304753480730960E-03 -5.9220121774822623E-03 -1.7437953532247362E-03
0
0.0
 -1.1407996218300525E+00 -2.3170985309886123E+00 3.8420614944644871E-01
 8.8140548322749607E-03 -5.6627390419224802E-03 -1.6586217285583485E-03
0
0.0
 -1.1407996218300525E+00 -2.3170985309886123E+00 3.8420614944644871E-01
 8.8884498445157938E-03 -5.9700297474918427E-03 -1.5813077652639962E-03
0
0.0
 -1.1407996218300525E+00 -2.3170985309886123E+00 3.8420614944644871E-01
 8.8589688450915974E-03 -6.0268525471307522E-03 -1.7396746703293017E-03
0
0.0
 -1.1407996218300525E+00 -2.3170985309886123E+00 3.8420614944644871E-01
 8.9809466183601930E-03 -5.7060508893797008E-03 -1.6797664698933400E-03
0
0.0
 -1.1407996218300525E+00 -2.3170985309886123E+00 3.8420614944644871E-01
 8.8279634208785311E-03 -5.8639703589807701E-03 -1.5603420395413695E-03
0
0.0
 -1.1407996218300525E+00 -2.3170985309886123E+00 3.8420614944644871E-01
 8.6710172629589286E-03 -5.9455725213760002E-03 -1.6075982546327121E-03
0
0.0
 -1.1407996218300525E+00 -2.3170985309886123E+00 3.8420614944644871E-01
 8.6334264560874920E-03 -5.9622033575803708E-03 -1.6472380927989255E-03
0
0.0
 -1.1407996218300525E+00 -2.3170985309886123E+00 3.8420614944644871E-01
 9.0141514195716116E-03 -5.8691257461922332E-03 -1.7351164760455457E-03
0
0.0
 -1.1407996218300525E+00 -2.3170985309886123E+00 3.8420614944644871E-01
 8.7781114581311961E-03 -5.8021535183277583E-03 -1.5826333481547656E-03
0
0.0
