50
-1
1
 -0.17865186   0.96861073  -0.17284898  1.62640937e-04
 -0.96207457  -0.05831657  -0.26648020  1.51924913e-04
  0.37128817   0.25866749  -0.89176018  1.57719075e-04
 -0.00593654   0.12314497  -0.99237094  3.26455180e-04
 -0.09905109  -0.18049714  -0.97857532  2.36231407e-04
  0.37826531  -0.83718422   0.39501636  1.64371658e-04
 -0.06277234   0.37468137   0.92502622  6.10230251e-04
 -0.37273820  -0.88866858   0.26708499  1.46718310e-04
  0.73106697   0.47729551   0.48757572  2.11833641e-04
  0.83692786   0.54713767  -0.01386104  2.55112234e-04
  0.66189853   0.57272006   0.48361355  1.81152082e-04
  0.67096021   0.06684686  -0.73847403  4.00672786e-04
  0.44178762  -0.72114874   0.53363677  8.65435683e-04
 -0.84628990   0.36775049  -0.38542571  1.99082833e-04
 -0.26165006  -0.02475192  -0.96484537  2.38292644e-04
 -0.77164547   0.14390557   0.61955989  3.34379757e-04
  0.44679903   0.85179715  -0.27351826  4.68367978e-04
 -0.75356208   0.13923236   0.64246287  1.46875978e-04
 -0.46795896   0.64729899  -0.60167967  2.24219463e-04
  0.38040997  -0.51512015  -0.76807518  1.89234840e-04
  0.29855203  -0.94928138  -0.09864862  1.81494499e-04
 -0.62972195   0.75519768  -0.18200750  1.92466316e-04
 -0.14007618  -0.82034136  -0.55445353  1.63575989e-04
 -0.77912091   0.46812859  -0.41692473  1.90961054e-04
  0.59014715  -0.20806819   0.78002178  2.56366413e-04
  0.64435403   0.76318286   0.04857783  4.97682023e-04
  0.14467689   0.66444212   0.73320206  4.71155616e-04
  0.56276486  -0.09121075   0.82156942  2.32959131e-04
 -0.25760661   0.94002414  -0.22359214  1.51783142e-04
 -0.11070772  -0.98184999   0.15399481  2.36540914e-04
  0.27299643   0.49596400   0.82431345  2.98222631e-04
  0.09004104  -0.11503048   0.98927276  3.17940054e-04
  0.10122609  -0.42820171   0.89799586  4.23064548e-04
  0.29071131  -0.50546765  -0.81239731  3.43453506e-04
 -0.85165230  -0.41294591   0.32274453  4.93051216e-04
 -0.00191168   0.99836889   0.05706059  1.78120919e-04
  0.99004464  -0.08547153  -0.11183129  4.14459350e-04
  0.98432770   0.08784280  -0.15291380  1.55029065e-04
  0.77537712  -0.18563823   0.60359653  3.27208345e-04
  0.65969613  -0.64848279  -0.37983034  1.74915366e-04
 -0.58742693   0.80875654  -0.02902530  1.74943177e-04
 -0.63986542  -0.75753055   0.12930470  4.62154341e-04
  0.19596458   0.77632335   0.59909928  1.61254134e-04
 -0.89018074  -0.26524347   0.37043777  7.84877435e-04
  0.99287897   0.02177505  -0.11712047  2.17221922e-04
  0.63626257   0.75127278   0.17538289  1.67252711e-04
  0.99012769  -0.04818853   0.13162455  2.39025101e-04
  0.95670531  -0.28663000   0.05057865  2.81502310e-04
  0.11102577  -0.94877288  -0.29580955  7.69224723e-04
  0.93525711   0.33129579  -0.12464843  3.52874483e-04
