50
 -1.1407996218300525E+00 -2.3170985309886123E+00 3.8420614944644871E-01
 8.6305051347718553E-03 -5.8123579325201286E-03 -1.5316587800228685E-03
0
0.0
 -1.1407996218300525E+00 -2.3170985309886123E+00 3.8420614944644871E-01
 8.7776130465666204E-03 -5.8882350073715143E-03 -1.4391210765420865E-03
0
0.0
 -1.1407996218300525E+00 -2.3170985309886123E+00 3.8420614944644871E-01
 8.7564744789370898E-03 -6.1357611904733073E-03 -1.6296546682914904E-03
0
0.0
 -1.1407996218300525E+00 -2.3170985309886123E+00 3.8420614944644871E-01
 8.6581874134236854E-03 -5.7792371602081527E-03 -1.6140117776200012E-03
0
0.0
 -1.1407996218300525E+00 -2.3170985309886123E+00 3.8420614944644871E-01
 8.6799223654524388E-03 -6.0248591582399372E-03 -1.6317577518717653E-03
0
0.0
 -1.1407996218300525E+00 -2.3170985309886123E+00 3.8420614944644871E-01
 8.8915432536957311E-03 -5.7287086313420228E-03 -1.8080007420884343E-03
0
0.0
 -1.1407996218300525E+00 -2.3170985309886123E+00 3.8420614944644871E-01
 8.7504241092621823E-03 -6.0841099935135933E-03 -1.6931001502690265E-03
0
0.0
 -1.1407996218300525E+00 -2.3170985309886123E+00 3.8420614944644871E-01
 8.9508969670479086E-03 -5.8851678404573142E-03 -1.8449115118844071E-03
0
0.0
 -1.1407996218300525E+00 -2.3170985309886123E+00 3.8420614944644871E-01
 8.7292019341001000E-03 -5.9036397780943325E-03 -1.7302804283170494E-03
0
0.0
 -1.1407996218300525E+00 -2.3170985309886123E+00 3.8420614944644871E-01
 8.6243380922511621E-03 -5.9210737983510639E-03 -1.6794045777148096E-03
0
0.0
 -1.1407996218300525E+00 -2.3170985309886123E+00 3.8420614944644871E-01
 8.7389841912054785E-03 -5.9419737366243359E-03 -1.7007775326623206E-03
0
0.0
 -1.1407996218300525E+00 -2.3170985309886123E+00 3.8420614944644871E-01
 8.4979425464383612E-03 -5.7385381411723304E-03 -1.6270811497949515E-03
0
0.0
 -1.1407996218300525E+00 -2.3170985309886123E+00 3.8420614944644871E-01
 8.7829647595904312E-03 -5.9251616232880487E-03 -1.6124557223202074E-03
0
0.0
 -1.1407996218300525E+00 -2.3170985309886123E+00 3.8420614944644871E-01
 8.7268331105833409E-03 -5.9460313821476582E-03 -1.3062977130232441E-03
0
0.0
 -1.1407996218300525E+00 -2.3170985309886123E+00 3.8420614944644871E-01
 8.7319216860285969E-03 -6.1517427100990325E-03 -1.6519680186224241E-03
0
0.0
 -1.1407996218300525E+00 -2.3170985309886123E+00 3.8420614944644871E-01
 8.7068288602597053E-03 -6.0360845769857957E-03 -1.5094582956284282E-03
0
0.0
 -1.1407996218300525E+00 -2.3170985309886123E+00 3.8420614944644871E-01
 8.7508569459197466E-03 -5.7920622916934374E-03 -1.5744232614907606E-03
0
0.0
 -1.1407996218300525E+00 -2.3170985309886123E+00 3.8420614944644871E-01
 8.9167830033876089E-03 -6.2000991716447242E-03 -1.4931920146135954E-03
0
0.0
 -1.1407996218300525E+00 -2.3170985309886123E+00 3.8420614944644871E-01
 9.0781841232418694E-03 -5.9314047250168889E-03 -1.7762474061580524E-03
0
0.0
 -1.1407996218300525E+00 -2.3170985309886123E+00 3.8420614944644871E-01
 8.8698720418304792E-03 -5.9757053028705910E-03 -1.6328902803764964E-03
0
0.0
 -1.1407996218300525E+00 -2.3170985309886123E+00 3.8420614944644871E-01
 9.0118201593699897E-03 -6.0689727791647932E-03 -1.4555341273382585E-03
0
0.0
 -1.1407996218300525E+00 -2.3170985309886123E+00 3.8420614944644871E-01
 8.7004436904022341E-03 -5.8094088519333818E-03 -1.6218577180836216E-03
0
0.0
 -1.1407996218300525E+00 -2.3170985309886123E+00 3.8420614944644871E-01
 8.8216400510521178E-03 -5.9667908588965342E-03 -1.3661470995486060E-03
0
0.0
 -1.1407996218300525E+00 -2.3170985309886123E+00 3.8420614944644871E-01
 8.7384890833897468E-03 -5.9873711413968413E-03 -1.7120094080489603E-03
0
0.0
 -1.1407996218300525E+00 -2.3170985309886123E+00 3.8420614944644871E-01
 8.7893021184486594E-03 -5.9641402812986369E-03 -1.8165267631700191E-03
0
0.0
 -1.1407996218300525E+00 -2.3170985309886123E+00 3.8420614944644871E-01
 8.8239400315397731E-03 -5.7212464397239180E-03 -1.3615486165911553E-03
0
0.0
 -1.1407996218300525E+00 -2.3170985309886123E+00 3.8420614944644871E-01
 8.6199480709036030E-03 -5.9424307759253520E-03 -1.7134388251647853E-03
0
0.0
 -1.1407996218300525E+00 -2.3170985309886123E+00 3.8420614944644871E-01
 8.7706174434071232E-03 -6.0480900080929377E-03 -1.4752707941457315E-03
0
0.0
 -1.1407996218300525E+00 -2.3170985309886123E+00 3.8420614944644871E-01
 8.6387715471682707E-03 -6.0116710452101730E-03 -1.6324250372591886E-03
0
0.0
 -1.1407996218300525E+00 -2.3170985309886123E+00 3.8420614944644871E-01
 8.7952244408269521E-03 -5.9468324248909167E-03 -1.5837060902222089E-03
0
0.0
 -1.1407996218300525E+00 -2.3170985309886123E+00 3.8420614944644871E-01
 8.6977978356919759E-03 -5.9243720058194359E-03 -1.3456515564364141E-03
0
0.0
 -1.1407996218300525E+00 -2.3170985309886123E+00 3.8420614944644871E-01
 8.8644827726384774E-03 -5.9370274056395646E-03 -1.4764958594574720E-03
0
0.0
 -1.1407996218300525E+00 -2.3170985309886123E+00 3.8420614944644871E-01
 8.8188880998646153E-03 -5.8772272390599321E-03 -1.7014598848239661E-03
0
0.0
 -1.1407996218300525E+00 -2.3170985309886123E+00 3.8420614944644871E-01
 8.8962259805468145E-03 -5.8592771970330327E-03 -1.5157838425983406E-03
0
0.0
 -1.1407996218300525E+00 -2.3170985309886123E+00 3.8420614944644871E-01
 8.7472778681703493E-03 -6.0654587881337962E-03 -1.6104075807925188E-03
0
0.0
 -1.1407996218300525E+00 -2.3170985309886123E+00 3.8420614944644871E-01
 8.5735530981595389E-03 -6.0233186540938014E-03 -1.3731171573449436E-03
0
0.0
 -1.1407996218300525E+00 -2.3170985309886123E+00 3.8420614944644871E-01
 8.8580087376826881E-03 -5.9338880209758279E-03 -1.7241711763535407E-03
0
0.0
 -1.1407996218300525E+00 -2.3170985309886123E+00 3.8420614944644871E-01
 8.6477778797755742E-03 -5.9060438887602196E-03 -1.3328866089924987E-03
0
0.0
 -1.1407996218300525E+00 -2.3170985309886123E+00 3.8420614944644871E-01
 8.9341771459791955E-03 -5.7688044327809827E-03 -1.7432903946215921E-03
0
0.0
 -1.1407996218300525E+00 -2.3170985309886123E+00 3.8420614944644871E-01
 8.7473474527588763E-03 -5.6671782313622038E-03 -1.8153779151360979E-03
0
0.0
 -1.1407996218300525E+00 -2.3170985309886123E+00 3.8420614944644871E-01
 8.7810508848060950E-03 -5.9332956842893109E-03 -1.6743042726192620E-03
0
0.0
 -1.1407996218300525E+00 -2.3170985309886123E+00 3.8420614944644871E-01
 8.9282888392431363E-03 -5.8677078112598620E-03 -1.7825652393525626E-03
0
0.0
 -1.1407996218300525E+00 -2.3170985309886123E+00 3.8420614944644871E-01
 8.7501737848420975E-03 -5.9530444924504903E-03 -1.5215762308087518E-03
0
0.0
 -1.1407996218300525E+00 -2.3170985309886123E+00 3.8420614944644871E-01
 8.6736127654723164E-03 -5.8576168359515835E-03 -1.5596359613047747E-03
0
0.0
 -1.1407996218300525E+00 -2.3170985309886123E+00 3.8420614944644871E-01
 8.8388060095094447E-03 -5.8256208610318830E-03 -1.4392307670153489E-03
0
0.0
 -1.1407996218300525E+00 -2.3170985309886123E+00 3.8420614944644871E-01
 8.7772691810381626E-03 -5.8005568175762742E-03 -1.5620058133560078E-03
0
0.0
 -1.1407996218300525E+00 -2.3170985309886123E+00 3.8420614944644871E-01
 8.8035669535683515E-03 -5.9572468742589294E-03 -1.4641302987297121E-03
0
0.0
 -1.1407996218300525E+00 -2.3170985309886123E+00 3.8420614944644871E-01
 8.8233827503643447E-03 -5.9359252295200452E-03 -1.5628940332689848E-03
0
0.0
 -1.1407996218300525E+00 -2.3170985309886123E+00 3.8420614944644871E-01
 8.9174918075138141E-03 -5.9302086211419653E-03 -1.7531998159422667E-03
0
0.0
 -1.1407996218300525E+00 -2.3170985309886123E+00 3.8420614944644871E-01
 8.8076071260254941E-03 -5.8807486080938529E-03 -1.6212979640153173E-03
0
0.0
