50
-1
1
 -0.26022785   0.94398663  -0.20290567  1.73029212e-04
  0.14791884  -0.86735608   0.47519832  3.64182736e-04
  0.32419620   0.48206533   0.81394708  2.09165695e-04
 -0.67186654  -0.67004974  -0.31564013  7.31182662e-04
  0.00912159   0.93193622   0.36250749  3.51176716e-04
  0.08758003   0.12210539   0.98864554  1.90708601e-04
  0.61451830  -0.78834626   0.02962151  1.61336905e-04
 -0.17613754   0.90928470  -0.37706353  3.27067024e-04
  0.22367202   0.94967123  -0.21930660  7.71505257e-04
 -0.82342468   0.28079585   0.49307758  3.98615278e-04
  0.74880931  -0.13259917   0.64938593  1.63346829e-04
  0.34812362   0.87891192  -0.32607328  7.89383465e-04
 -0.59277663   0.65906225   0.46287453  2.78368280e-04
 -0.92021864  -0.38328157  -0.07932778  1.59531010e-04
  0.89089971   0.23371037   0.38945752  3.87524026e-04
  0.69143452   0.10107293   0.71533389  2.55869180e-04
  0.64613049   0.34241108   0.68210706  2.93718481e-04
 -0.83290678  -0.24664400   0.49541198  1.65355276e-04
  0.44903709   0.50090064  -0.73990827  1.65946251e-04
  0.84886215  -0.46199367   0.25689472  1.98497880e-04
 -0.49019285   0.62946120   0.60290096  1.63277092e-04
 -0.20639621   0.31837742  -0.92522237  2.98401557e-04
 -0.81764435   0.07762213   0.57046693  4.82479903e-04
  0.84834834   0.14449487   0.50933910  1.98615447e-04
 -0.58123003   0.28624031   0.76173364  1.56740193e-04
  0.62731820  -0.58339114   0.51587465  2.03178952e-04
  0.27340057  -0.84533234   0.45898297  1.55737047e-04
 -0.62022313  -0.76662547  -0.16615850  2.18316927e-04
  0.96076287  -0.13730144  -0.24100419  2.78256674e-04
 -0.66492788   0.25552856  -0.70183763  3.95167479e-04
 -0.46420820   0.08151222  -0.88196740  1.45885789e-04
  0.45298216  -0.82137321  -0.34663124  2.16240776e-04
 -0.92749449   0.37107044   0.04539483  1.46312181e-04
  0.42898675  -0.81304319   0.39361294  1.63136116e-04
 -0.49035452  -0.60772909   0.62467416  1.51967503e-04
 -0.08187358  -0.73169598   0.67669617  3.00025763e-04
  0.74904792  -0.32998760  -0.57448708  3.31275352e-04
 -0.32837328   0.69924455  -0.63500239  8.17175993e-04
  0.24129309  -0.01786758   0.97028779  6.05211279e-04
 -0.71245433  -0.07046390   0.69817166  1.65049247e-04
  0.32234730   0.11438136  -0.93968565  4.08432936e-04
 -0.84960469   0.23019191  -0.47453509  1.47687398e-04
  0.48379459  -0.80955516  -0.33251052  3.68307767e-04
 -0.33624527  -0.89039871  -0.30680491  1.60221558e-04
  0.68661366   0.72625671   0.03335962  1.51375693e-04
 -0.48951984   0.13649448   0.86124304  1.69124128e-04
  0.88971460  -0.27531884   0.36415309  2.13674846e-04
  0.79417311   0.33397168  -0.50769282  4.93035513e-04
 -0.01178429  -0.92930794   0.36911772  2.22957693e-04
 -0.85337658   0.30421027   0.42332556  1.59880922e-04
