50
 -1.1407996218300525E+00 -2.3170985309886123E+00 3.8420614944644871E-01
 8.6640379531938132E-03 -5.9521623521258497E-03 -1.7995454756660116E-03
0
0.0
 -1.1407996218300525E+00 -2.3170985309886123E+00 3.8420614944644871E-01
 8.9550016265959060E-03 -6.1119374559688100E-03 -1.5427147205569381E-03
0
0.0
 -1.1407996218300525E+00 -2.3170985309886123E+00 3.8420614944644871E-01
 8.8628760313902988E-03 -5.6884705103642137E-03 -1.4823284803131833E-03
0
0.0
 -1.1407996218300525E+00 -2.3170985309886123E+00 3.8420614944644871E-01
 8.7929338007691014E-03 -5.8668756674389545E-03 -1.6374796977877929E-03
0
0.0
 -1.1407996218300525E+00 -2.3170985309886123E+00 3.8420614944644871E-01
 8.7361113471467466E-03 -5.9806256816565791E-03 -1.6043609922853431E-03
0
0.0
 -1.1407996218300525E+00 -2.3170985309886123E+00 3.8420614944644871E-01
 8.7684168609554834E-03 -5.6463184392414895E-03 -1.4275976325745191E-03
0
0.0
 -1.1407996218300525E+00 -2.3170985309886123E+00 3.8420614944644871E-01
 8.7643890624698826E-03 -5.7687543192005575E-03 -1.7039079629941390E-03
0
0.0
 -1.1407996218300525E+00 -2.3170985309886123E+00 3.8420614944644871E-01
 8.9397810666051840E-03 -5.9034746284732436E-03 -1.5016774969829258E-03
0
0.0
 -1.1407996218300525E+00 -2.3170985309886123E+00 3.8420614944644871E-01
 8.7900236903647767E-03 -5.8371837891618098E-03 -1.5989028994557186E-03
0
0.0
 -1.1407996218300525E+00 -2.3170985309886123E+00 3.8420614944644871E-01
 8.4624191034460994E-03 -5.8513731566204701E-03 -1.6375614272185720E-03
0
0.0
 -1.1407996218300525E+00 -2.3170985309886123E+00 3.8420614944644871E-01
 8.8389495712722400E-03 -5.8686668528941475E-03 -1.7012620432773418E-03
0
0.0
 -1.1407996218300525E+00 -2.3170985309886123E+00 3.8420614944644871E-01
 8.7203569109039654E-03 -5.9032051428696717E-03 -1.5693004066160067E-03
0
0.0
 -1.1407996218300525E+00 -2.3170985309886123E+00 3.8420614944644871E-01
 9.0127364265308336E-03 -5.9066306445849899E-03 -1.7017497238606537E-03
0
0.0
 -1.1407996218300525E+00 -2.3170985309886123E+00 3.8420614944644871E-01
 8.8225492230807646E-03 -5.9021245430000528E-03 -1.6855740651043609E-03
0
0.0
 -1.1407996218300525E+00 -2.3170985309886123E+00 3.8420614944644871E-01
 8.8215843516956868E-03 -5.8411468816881229E-03 -1.6179838878069058E-03
0
0.0
 -1.1407996218300525E+00 -2.3170985309886123E+00 3.8420614944644871E-01
 8.7994276208832704E-03 -5.5686495731321313E-03 -1.6266631531270995E-03
0
0.0
 -1.1407996218300525E+00 -2.3170985309886123E+00 3.8420614944644871E-01
 9.0902070317583090E-03 -6.0221251504439651E-03 -1.5639855841679490E-03
0
0.0
 -1.1407996218300525E+00 -2.3170985309886123E+00 3.8420614944644871E-01
 8.7159723638097278E-03 -5.9230234366894532E-03 -1.6360510460401998E-03
0
0.0
 -1.1407996218300525E+00 -2.3170985309886123E+00 3.8420614944644871E-01
 8.6824428571867559E-03 -6.0117589123092029E-03 -1.5337982649466584E-03
0
0.0
 -1.1407996218300525E+00 -2.3170985309886123E+00 3.8420614944644871E-01
 8.9398056285503909E-03 -5.9197761573653810E-03 -1.5139624720342038E-03
0
0.0
 -1.1407996218300525E+00 -2.3170985309886123E+00 3.8420614944644871E-01
 8.5108721282272023E-03 -6.0060693437593779E-03 -1.4874761791542060E-03
0
0.0
 -1.1407996218300525E+00 -2.3170985309886123E+00 3.8420614944644871E-01
 8.9740944385260455E-03 -5.7825758555758800E-03 -1.3695060285883642E-03
0
0.0
 -1.1407996218300525E+00 -2.3170985309886123E+00 3.8420614944644871E-01
 8.8512124684660392E-03 -6.0586009814297846E-03 -1.6281172175954958E-03
0
0.0
 -1.1407996218300525E+00 -2.3170985309886123E+00 3.8420614944644871E-01
 8.7833417014287520E-03 -5.8882440630561453E-03 -1.6773762794071790E-03
0
0.0
 -1.1407996218300525E+00 -2.3170985309886123E+00 3.8420614944644871E-01
 8.6755173875213074E-03 -6.0135659421462831E-03 -1.6279604804797353E-03
0
0.0
 -1.1407996218300525E+00 -2.3170985309886123E+00 3.8420614944644871E-01
 8.7777349536980239E-03 -6.0291142924056382E-03 -1.7801703436988020E-03
0
0.0
 -1.1407996218300525E+00 -2.3170985309886123E+00 3.8420614944644871E-01
 8.8081752428466366E-03 -6.0692789364547688E-03 -1.3633933625256576E-03
0
0.0
 -1.1407996218300525E+00 -2.3170985309886123E+00 3.8420614944644871E-01
 8.8228476978388700E-03 -5.8492521639689271E-03 -1.6040475912989455E-03
0
0.0
 -1.1407996218300525E+00 -2.3170985309886123E+00 3.8420614944644871E-01
 8.9161639572680213E-03 -6.1266555485534396E-03 -1.7872177714990814E-03
0
0.0
 -1.1407996218300525E+00 -2.3170985309886123E+00 3.8420614944644871E-01
 8.9573516629091812E-03 -5.8958630456470091E-03 -1.5331768720481492E-03
0
0.0
 -1.1407996218300525E+00 -2.3170985309886123E+00 3.8420614944644871E-01
 8.5778936113587046E-03 -5.7410579669547662E-03 -1.6036767627329892E-03
0
0.0
 -1.1407996218300525E+00 -2.3170985309886123E+00 3.8420614944644871E-01
 8.6424128198955667E-03 -5.6523779053885637E-03 -1.7406080134014000E-03
0
0.0
 -1.1407996218300525E+00 -2.3170985309886123E+00 3.8420614944644871E-01
 8.7218632121065908E-03 -6.0799479798044316E-03 -1.8831992152870220E-03
0
0.0
 -1.1407996218300525E+00 -2.3170985309886123E+00 3.8420614944644871E-01
 8.7262257808357214E-03 -6.0313605603870184E-03 -1.5067237119399627E-03
0
0.0
 -1.1407996218300525E+00 -2.3170985309886123E+00 3.8420614944644871E-01
 8.8569409314152893E-03 -5.7074110494604062E-03 -1.5530281238122922E-03
0
0.0
 -1.1407996218300525E+00 -2.3170985309886123E+00 3.8420614944644871E-01
 8.7141257556057911E-03 -6.0565164071636462E-03 -1.3727538895855318E-03
0
0.0
 -1.1407996218300525E+00 -2.3170985309886123E+00 3.8420614944644871E-01
 8.8430925863142162E-03 -5.9425071705959528E-03 -1.5696818000698546E-03
0
0.0
 -1.1407996218300525E+00 -2.3170985309886123E+00 3.8420614944644871E-01
 8.7383520178508280E-03 -5.9837784348455497E-03 -1.6693599824269016E-03
0
0.0
 -1.1407996218300525E+00 -2.3170985309886123E+00 3.8420614944644871E-01
 8.8095141719972334E-03 -5.9677631757156175E-03 -1.4946600288007600E-03
0
0.0
 -1.1407996218300525E+00 -2.3170985309886123E+00 3.8420614944644871E-01
 8.8424916319428341E-03 -6.0201374389583255E-03 -1.7524163512286591E-03
0
0.0
 -1.1407996218300525E+00 -2.3170985309886123E+00 3.8420614944644871E-01
 8.8927408069648748E-03 -5.7543384135462722E-03 -1.5800616138342172E-03
0
0.0
 -1.1407996218300525E+00 -2.3170985309886123E+00 3.8420614944644871E-01
 8.6949232742657718E-03 -5.6778803913373295E-03 -1.6803060545274512E-03
0
0.0
 -1.1407996218300525E+00 -2.3170985309886123E+00 3.8420614944644871E-01
 8.9020980798938006E-03 -5.6933687750022229E-03 -1.6916577558077483E-03
0
0.0
 -1.1407996218300525E+00 -2.3170985309886123E+00 3.8420614944644871E-01
 8.7165615144432565E-03 -5.7875993723230986E-03 -1.5312786986136579E-03
0
0.0
 -1.1407996218300525E+00 -2.3170985309886123E+00 3.8420614944644871E-01
 8.8625064902125815E-03 -6.0526050247196117E-03 -1.8306287292647744E-03
0
0.0
 -1.1407996218300525E+00 -2.3170985309886123E+00 3.8420614944644871E-01
 8.6727853241712217E-03 -5.7543905359181326E-03 -1.4069016362678979E-03
0
0.0
 -1.1407996218300525E+00 -2.3170985309886123E+00 3.8420614944644871E-01
 8.8694565330288636E-03 -5.8919567653279705E-03 -1.6986800840294329E-03
0
0.0
 -1.1407996218300525E+00 -2.3170985309886123E+00 3.8420614944644871E-01
 8.7593362419757757E-03 -6.0243234256901462E-03 -1.5906418644296247E-03
0
0.0
 -1.1407996218300525E+00 -2.3170985309886123E+00 3.8420614944644871E-01
 8.6375043191299732E-03 -5.7782792327035959E-03 -1.6453121325390022E-03
0
0.0
 -1.1407996218300525E+00 -2.3170985309886123E+00 3.8420614944644871E-01
 8.9958710464485281E-03 -5.9772659547996767E-03 -1.7673891459286213E-03
0
0.0
