20
-1
1
  0.13517785  -0.43583358  -0.88981798  1.65985540e-04
  0.55965545  -0.53554844  -0.63243470  2.88825530e-04
 -0.48535082  -0.55407677   0.67633831  1.71693086e-04
 -0.93018062  -0.35624744   0.08861018  1.61159902e-04
  0.66594216   0.49245673   0.56036363  2.07407478e-04
  0.51655271   0.44374209   0.73230202  2.45354838e-04
 -0.04138246   0.66122068  -0.74904920  1.61941484e-04
 -0.70268856  -0.20516855   0.68127429  1.56283170e-04
 -0.32866752   0.15612438   0.93145201  2.43476881e-04
 -0.44535185  -0.73335476  -0.51366577  2.02639236e-04
  0.24829487  -0.22713998   0.94167780  1.95005400e-04
 -0.46246223   0.06376713   0.88434294  7.55508214e-04
 -0.61752169  -0.58294181  -0.52805853  1.58654999e-04
 -0.80589242   0.58813961  -0.06803834  2.69786879e-04
  0.44800742  -0.04622667  -0.89283394  1.65974459e-04
 -0.81693661  -0.55977385  -0.13880854  3.61049662e-04
 -0.04738393   0.98778053   0.14847354  3.41047074e-04
 -0.48644554   0.49375303   0.72081806  1.84484867e-04
  0.00523572   0.62880530   0.77754516  4.05980295e-04
 -0.87532389   0.45340755   0.16801691  5.99977785e-04
