20
-1
1
  0.68786583  -0.04503101   0.72443965  6.76964643e-04
  0.82832525  -0.48681718  -0.27728380  8.24756903e-04
  0.12005739   0.19209141   0.97400571  3.23897648e-04
 -0.13380148  -0.25465505  -0.95773063  2.25225138e-04
  0.81457555  -0.03113941   0.57922104  2.41785621e-04
  0.06527043   0.40120977   0.91365775  1.89349452e-04
 -0.31597492   0.01525785  -0.94864485  1.57942989e-04
 -0.17292222   0.09609847  -0.98023619  3.03775016e-04
 -0.01925950  -0.73144739  -0.68162584  2.39341741e-04
  0.35033424   0.29938234  -0.88748867  1.83491723e-04
  0.35802445   0.66668555  -0.65371926  3.44523966e-04
 -0.12780084   0.81925874   0.55900095  2.16324293e-04
 -0.14526245   0.78708400  -0.59949778  2.63584300e-04
 -0.40538764  -0.81181845   0.42025190  3.30705677e-04
 -0.44398036   0.89081766  -0.09656774  1.98644062e-04
 -0.63944104   0.65049917  -0.40983653  1.66034285e-04
  0.48088519   0.86890674   0.11726254  5.73833484e-04
  0.16877673  -0.93570769   0.30978305  2.29945842e-04
 -0.17387853  -0.68193159  -0.71044744  2.64766665e-04
 -0.60827509   0.40668374   0.68162288  1.81895881e-04
