50
-1
1
 -0.24969704   0.94869647  -0.19397523  7.69397197e-04
  0.67126972   0.37034120  -0.64206259  1.80062559e-04
 -0.67260581   0.68187533  -0.28748472  1.79443929e-04
 -0.69278712   0.23955396  -0.68019108  1.72429381e-04
 -0.03019480   0.93559086   0.35179258  1.75030562e-04
 -0.68426195   0.69697586  -0.21449996  3.42443451e-04
 -0.48705735  -0.30550881  -0.81819283  3.84811847e-04
 -0.73169666   0.33476881  -0.59375907  1.45581117e-04
 -0.73145224   0.68188504  -0.00322664  1.49258577e-04
  0.81247552   0.35279871  -0.46412993  4.23378663e-04
  0.12644245  -0.11676582  -0.98507769  5.86680658e-04
  0.29777285  -0.33335078  -0.89454379  1.68595681e-04
 -0.57557428   0.74006445   0.34787765  2.02173183e-04
  0.27260513  -0.58848335  -0.76116607  2.23038059e-04
  0.30327859   0.00497775  -0.95288893  1.86362596e-04
 -0.69014827   0.48931956  -0.53316202  1.61059761e-04
 -0.61223892  -0.10775814   0.78329541  1.87135719e-04
 -0.59250663  -0.02524527   0.80516990  1.60425188e-04
  0.33171593  -0.84363236  -0.42219542  4.78471406e-04
  0.97153899   0.23261206   0.04476192  6.46280857e-04
 -0.76780727   0.31708020  -0.55671549  1.72338445e-04
 -0.02421746  -0.29763783   0.95437164  6.14820505e-04
 -0.64554190  -0.75350091   0.12454732  2.24201764e-04
  0.01012486   0.97871627   0.20496818  2.21494975e-04
  0.44796583   0.36600206  -0.81570161  2.11907392e-04
 -0.88882131   0.22213743  -0.40081372  1.98085098e-04
  0.67577709  -0.72025754  -0.15669845  4.30046625e-04
 -0.21158911  -0.88512044   0.41447781  2.33548337e-04
  0.79636449   0.02879704   0.60413105  7.98778716e-04
  0.30964231   0.94946499  -0.05136020  4.80976288e-04
 -0.98918894   0.13060606   0.06668808  6.93357695e-04
 -0.57992438   0.80891814   0.09663935  3.65576541e-04
 -0.73855088  -0.65106182   0.17510312  1.47531053e-04
 -0.46230770   0.50241900  -0.73064816  3.85514344e-04
  0.08823461  -0.12931494   0.98767014  1.77111688e-04
 -0.48704931  -0.27363732  -0.82940074  4.02376774e-04
  0.29897740  -0.22014066   0.92852065  3.81037144e-04
  0.59204927   0.74543430   0.30627661  1.69791793e-04
  0.90908904  -0.04134908  -0.41454478  4.78050317e-04
  0.04605034   0.71295027   0.69970085  1.60793936e-04
  0.48761325   0.30229497  -0.81905499  5.13067716e-04
 -0.41358251  -0.58093501  -0.70104495  2.95258287e-04
 -0.67096237  -0.64108385   0.37258689  2.43278129e-04
  0.67922656   0.49882848  -0.53835066  2.95359256e-04
  0.45379116   0.52223753   0.72203985  3.69620513e-04
 -0.92215726   0.35806056   0.14635102  2.21883837e-04
 -0.75926111   0.10425446   0.64238117  6.58616488e-04
  0.77870943   0.55418251  -0.29409755  1.53253425e-04
  0.94763454   0.25350178   0.19423084  4.01207889e-04
 -0.72070723   0.65897426  -0.21525340  1.68964857e-04
