50
 -1.1407996218300525E+00 -2.3170985309886123E+00 3.8420614944644871E-01
 8.9428195337512544E-03 -6.1947625592126410E-03 -1.7008470972300807E-03
0
0.0
 -1.1407996218300525E+00 -2.3170985309886123E+00 3.8420614944644871E-01
 8.7573563826273040E-03 -5.9038665589479433E-03 -1.6277781032175739E-03
0
0.0
 -1.1407996218300525E+00 -2.3170985309886123E+00 3.8420614944644871E-01
 8.9424513261987023E-03 -5.8462770144652237E-03 -1.6802289657710566E-03
0
0.0
 -1.1407996218300525E+00 -2.3170985309886123E+00 3.8420614944644871E-01
 8.7988214379350910E-03 -5.9255072459806647E-03 -1.6319546596875888E-03
0
0.0
 -1.1407996218300525E+00 -2.3170985309886123E+00 3.8420614944644871E-01
 8.8789617332959130E-03 -5.7259554935758673E-03 -1.6479339648143901E-03
0
0.0
 -1.1407996218300525E+00 -2.3170985309886123E+00 3.8420614944644871E-01
 8.7570388684596791E-03 -5.7619471529281518E-03 -1.8200691186907125E-03
0
0.0
 -1.1407996218300525E+00 -2.3170985309886123E+00 3.8420614944644871E-01
 8.7863233078830059E-03 -5.7251400101608159E-03 -1.5762872080049733E-03
0
0.0
 -1.1407996218300525E+00 -2.3170985309886123E+00 3.8420614944644871E-01
 8.7666556536058309E-03 -5.8153727412602017E-03 -1.5967126166446445E-03
0
0.0
 -1.1407996218300525E+00 -2.3170985309886123E+00 3.8420614944644871E-01
 8.6895621773243684E-03 -5.7758457008473905E-03 -1.3767976502872497E-03
0
0.0
 -1.1407996218300525E+00 -2.3170985309886123E+00 3.8420614944644871E-01
 8.5448310840764360E-03 -5.9084146757994102E-03 -1.7469683330279815E-03
0
0.0
 -1.1407996218300525E+00 -2.3170985309886123E+00 3.8420614944644871E-01
 8.7352929333282762E-03 -5.9604344737546854E-03 -1.6821198924647928E-03
0
0.0
 -1.1407996218300525E+00 -2.3170985309886123E+00 3.8420614944644871E-01
 8.5678859836030158E-03 -5.9578919186825891E-03 -1.5220877520027776E-03
0
0.0
 -1.1407996218300525E+00 -2.3170985309886123E+00 3.8420614944644871E-01
 8.7480116075906184E-03 -5.8619898925822552E-03 -1.5293087243289454E-03
0
0.0
 -1.1407996218300525E+00 -2.3170985309886123E+00 3.8420614944644871E-01
 8.8032581087903929E-03 -5.9544786436090376E-03 -1.5122939815385120E-03
0
0.0
 -1.1407996218300525E+00 -2.3170985309886123E+00 3.8420614944644871E-01
 8.6598487997630730E-03 -5.9820293965196893E-03 -1.6341869758371920E-03
0
0.0
 -1.1407996218300525E+00 -2.3170985309886123E+00 3.8420614944644871E-01
 8.7945123604652991E-03 -5.8282216095023130E-03 -1.7222125995839752E-03
0
0.0
 -1.1407996218300525E+00 -2.3170985309886123E+00 3.8420614944644871E-01
 9.0085549587090655E-03 -5.8795461569302694E-03 -1.7563130759289294E-03
0
0.0
 -1.1407996218300525E+00 -2.3170985309886123E+00 3.8420614944644871E-01
 8.6910253383657814E-03 -5.9359746415577992E-03 -1.5966547200545389E-03
0
0.0
 -1.1407996218300525E+00 -2.3170985309886123E+00 3.8420614944644871E-01
 8.6171524483760753E-03 -5.8881281010040856E-03 -1.5708425525165926E-03
0
0.0
 -1.1407996218300525E+00 -2.3170985309886123E+00 3.8420614944644871E-01
 9.0608588380126191E-03 -5.7461383575404552E-03 -1.5216556998473528E-03
0
0.0
 -1.1407996218300525E+00 -2.3170985309886123E+00 3.8420614944644871E-01
 8.9687690101500211E-03 -5.9011122769337667E-03 -1.5308024320690530E-03
0
0.0
 -1.1407996218300525E+00 -2.3170985309886123E+00 3.8420614944644871E-01
 8.8368612353949601E-03 -5.9249276749136007E-03 -1.5175716855370170E-03
0
0.0
 -1.1407996218300525E+00 -2.3170985309886123E+00 3.8420614944644871E-01
 8.8098014927033043E-03 -5.9300135438357226E-03 -1.7334453588996007E-03
0
0.0
 -1.1407996218300525E+00 -2.3170985309886123E+00 3.8420614944644871E-01
 8.7457963318556143E-03 -5.8815190097633091E-03 -1.6487425034921483E-03
0
0.0
 -1.1407996218300525E+00 -2.3170985309886123E+00 3.8420614944644871E-01
 8.7807117663960925E-03 -5.9528120532911224E-03 -1.5937542770357077E-03
0
0.0
 -1.1407996218300525E+00 -2.3170985309886123E+00 3.8420614944644871E-01
 9.0192111537993128E-03 -5.8153670621328242E-03 -1.8043142607715068E-03
0
0.0
 -1.1407996218300525E+00 -2.3170985309886123E+00 3.8420614944644871E-01
 9.0195262726807685E-03 -6.0240933305261033E-03 -1.6074475308188914E-03
0
0.0
 -1.1407996218300525E+00 -2.3170985309886123E+00 3.8420614944644871E-01
 8.5935415949885182E-03 -5.9338134442921235E-03 -1.6138365942020597E-03
0
0.0
 -1.1407996218300525E+00 -2.3170985309886123E+00 3.8420614944644871E-01
 8.8093638646054226E-03 -5.9662888709052734E-03 -1.5679346959290518E-03
0
0.0
 -1.1407996218300525E+00 -2.3170985309886123E+00 3.8420614944644871E-01
 8.7014675371657590E-03 -6.0708026452835863E-03 -1.7145745927709586E-03
0
0.0
 -1.1407996218300525E+00 -2.3170985309886123E+00 3.8420614944644871E-01
 8.8002054087217754E-03 -5.9445244486609752E-03 -1.6294463511000187E-03
0
0.0
 -1.1407996218300525E+00 -2.3170985309886123E+00 3.8420614944644871E-01
 8.6714993757616605E-03 -6.0353457027355123E-03 -1.5916163203327336E-03
0
0.0
 -1.1407996218300525E+00 -2.3170985309886123E+00 3.8420614944644871E-01
 8.7383252118524973E-03 -5.7946906839289108E-03 -1.6341484410192790E-03
0
0.0
 -1.1407996218300525E+00 -2.3170985309886123E+00 3.8420614944644871E-01
 8.6058263002632418E-03 -5.9064110573568930E-03 -1.5200635114090502E-03
0
0.0
 -1.1407996218300525E+00 -2.3170985309886123E+00 3.8420614944644871E-01
 8.7780307971031014E-03 -5.8872382192218190E-03 -1.6313916715554788E-03
0
0.0
 -1.1407996218300525E+00 -2.3170985309886123E+00 3.8420614944644871E-01
 8.7723362630784674E-03 -5.8062711940266298E-03 -1.4326111859664691E-03
0
0.0
 -1.1407996218300525E+00 -2.3170985309886123E+00 3.8420614944644871E-01
 8.8294893906490229E-03 -5.9190003095197846E-03 -1.5855575966819959E-03
0
0.0
 -1.1407996218300525E+00 -2.3170985309886123E+00 3.8420614944644871E-01
 8.4650873830483236E-03 -5.8735974212594114E-03 -1.5209668772778765E-03
0
0.0
 -1.1407996218300525E+00 -2.3170985309886123E+00 3.8420614944644871E-01
 8.9133789864309608E-03 -5.9294519484111184E-03 -1.7431656135694594E-03
0
0.0
 -1.1407996218300525E+00 -2.3170985309886123E+00 3.8420614944644871E-01
 8.6081132810973994E-03 -5.9952135103485960E-03 -1.4481810109530373E-03
0
0.0
 -1.1407996218300525E+00 -2.3170985309886123E+00 3.8420614944644871E-01
 8.9588701505710615E-03 -5.8833912096616951E-03 -1.5638367773058110E-03
0
0.0
 -1.1407996218300525E+00 -2.3170985309886123E+00 3.8420614944644871E-01
 8.7758086422167932E-03 -5.9123426773984907E-03 -1.6446377183846467E-03
0
0.0
 -1.1407996218300525E+00 -2.3170985309886123E+00 3.8420614944644871E-01
 8.7313254349100349E-03 -6.1850211240002534E-03 -1.5016138205507328E-03
0
0.0
 -1.1407996218300525E+00 -2.3170985309886123E+00 3.8420614944644871E-01
 8.8407129048633428E-03 -5.9393716098486661E-03 -1.7312981382172862E-03
0
0.0
 -1.1407996218300525E+00 -2.3170985309886123E+00 3.8420614944644871E-01
 8.8105385824139293E-03 -5.7742880683422891E-03 -1.4705001406325449E-03
0
0.0
 -1.1407996218300525E+00 -2.3170985309886123E+00 3.8420614944644871E-01
 8.6676161925886754E-03 -6.0848637338376419E-03 -1.5662668445418511E-03
0
0.0
 -1.1407996218300525E+00 -2.3170985309886123E+00 3.8420614944644871E-01
 8.5625827850096398E-03 -5.9576948793394306E-03 -1.3950787828821856E-03
0
0.0
 -1.1407996218300525E+00 -2.3170985309886123E+00 3.8420614944644871E-01
 9.0484286268399487E-03 -6.0035632043810433E-03 -1.6163712483554288E-03
0
0.0
 -1.1407996218300525E+00 -2.3170985309886123E+00 3.8420614944644871E-01
 8.8733707959177260E-03 -5.8587513839831237E-03 -1.4137488579621877E-03
0
0.0
 -1.1407996218300525E+00 -2.3170985309886123E+00 3.8420614944644871E-01
 8.7350099357048887E-03 -6.1310347174383601E-03 -1.3968249174747705E-03
0
0.0
