20
-1
1
 -0.44278390  -0.65671677   0.61046335  2.10653320e-04
 -0.36278216   0.63717179  -0.68000089  8.22750033e-04
 -0.02994773  -0.99943553   0.01522375  1.66652840e-04
 -0.39024614   0.79282233  -0.46812467  2.11950872e-04
 -0.20429114  -0.30214582  -0.93111387  3.65008337e-04
  0.71548335   0.10588457  -0.69055922  1.89775918e-04
 -0.07576829   0.66498171  -0.74300639  1.54243393e-04
 -0.98813495   0.15291707   0.01434167  6.55769392e-04
  0.15290505  -0.27318514  -0.94973150  1.90341711e-04
  0.10987922  -0.35014111  -0.93022995  2.24228885e-04
 -0.01833471  -0.35064726   0.93632811  2.26906210e-04
 -0.93022392  -0.01500835  -0.36668544  1.49894748e-04
  0.64923676  -0.34898476  -0.67579677  1.96729364e-04
  0.72653225  -0.16208390  -0.66774224  7.41677611e-04
  0.70072942   0.61721211  -0.35780930  3.94565796e-04
  0.68559041   0.23371742  -0.68945048  3.67226475e-04
 -0.44889590  -0.07231784   0.89065291  2.17227079e-04
 -0.90954836   0.27840327  -0.30856669  2.45285396e-04
 -0.69867213   0.43270673   0.56975621  7.12117339e-04
 -0.32517984   0.94134399  -0.09016414  1.98296995e-04
