20
 -1.1407996218300525E+00 -2.3170985309886123E+00 3.8420614944644871E-01
 8.9869516833842329E-03 -5.7144243081766726E-03 -1.8088319240902935E-03
0
0.0
 -1.1407996218300525E+00 -2.3170985309886123E+00 3.8420614944644871E-01
 8.7510907413164696E-03 -5.9374973288373037E-03 -1.7078599838834536E-03
0
0.0
 -1.1407996218300525E+00 -2.3170985309886123E+00 3.8420614944644871E-01
 8.9491077848367247E-03 -5.9103399547616392E-03 -1.5759513785117711E-03
0
0.0
 -1.1407996218300525E+00 -2.3170985309886123E+00 3.8420614944644871E-01
 8.8119896842154231E-03 -5.8574218385395189E-03 -1.6791878792441432E-03
0
0.0
 -1.1407996218300525E+00 -2.3170985309886123E+00 3.8420614944644871E-01
 8.5578674117625028E-03 -5.9932608562318756E-03 -1.6649794794927905E-03
0
0.0
 -1.1407996218300525E+00 -2.3170985309886123E+00 3.8420614944644871E-01
 8.7804038050005983E-03 -5.9226050159166561E-03 -1.6259557601854503E-03
0
0.0
 -1.1407996218300525E+00 -2.3170985309886123E+00 3.8420614944644871E-01
 8.8079766851383769E-03 -6.1231131143905338E-03 -1.7824262219667310E-03
0
0.0
 -1.1407996218300525E+00 -2.3170985309886123E+00 3.8420614944644871E-01
 8.7231277982790130E-03 -5.8855723337070901E-03 -1.6042801690155089E-03
0
0.0
 -1.1407996218300525E+00 -2.3170985309886123E+00 3.8420614944644871E-01
 8.7069939522728991E-03 -5.8882162694242710E-03 -1.9318606272891291E-03
0
0.0
 -1.1407996218300525E+00 -2.3170985309886123E+00 3.8420614944644871E-01
 8.7833815645060286E-03 -5.9490397577559853E-03 -1.6385369929209739E-03
0
0.0
 -1.1407996218300525E+00 -2.3170985309886123E+00 3.8420614944644871E-01
 8.5804110319043711E-03 -5.9135749891053562E-03 -1.5314794752111888E-03
0
0.0
 -1.1407996218300525E+00 -2.3170985309886123E+00 3.8420614944644871E-01
 8.8706250765099252E-03 -5.9541817330022095E-03 -1.6601046994908133E-03
0
0.0
 -1.1407996218300525E+00 -2.3170985309886123E+00 3.8420614944644871E-01
 8.8166121832588817E-03 -5.8647758686660107E-03 -1.7103675787629785E-03
0
0.0
 -1.1407996218300525E+00 -2.3170985309886123E+00 3.8420614944644871E-01
 8.8193274960934025E-03 -5.9192268425017711E-03 -1.7168767435777315E-03
0
0.0
 -1.1407996218300525E+00 -2.3170985309886123E+00 3.8420614944644871E-01
 8.7976957557739568E-03 -5.8236606321774576E-03 -1.7378050002862884E-03
0
0.0
 -1.1407996218300525E+00 -2.3170985309886123E+00 3.8420614944644871E-01
 8.8023392087942520E-03 -5.9351608448124519E-03 -1.6005620271521317E-03
0
0.0
 -1.1407996218300525E+00 -2.3170985309886123E+00 3.8420614944644871E-01
 8.7528651496203303E-03 -6.1605481350436751E-03 -1.7096346414497462E-03
0
0.0
 -1.1407996218300525E+00 -2.3170985309886123E+00 3.8420614944644871E-01
 8.5443410128348170E-03 -6.1160152571206475E-03 -1.6119333495142995E-03
0
0.0
 -1.1407996218300525E+00 -2.3170985309886123E+00 3.8420614944644871E-01
 8.6529694724940300E-03 -5.9613288506046285E-03 -1.7961540670708512E-03
0
0.0
 -1.1407996218300525E+00 -2.3170985309886123E+00 3.8420614944644871E-01
 8.8210631014267564E-03 -5.9263924715848250E-03 -1.6222376093547983E-03
0
0.0
