20
-1
1
  0.33700701   0.85405258  -0.39625808  5.61553194e-04
 -0.62921310   0.60006708  -0.49397407  7.70092608e-04
 -0.97831717   0.20702316  -0.00607632  6.26095686e-04
 -0.97786455  -0.00429694   0.20919478  3.11217368e-04
 -0.92235397  -0.36921662   0.11376398  1.62007287e-04
 -0.89981739   0.42439522   0.10108091  1.73596120e-04
 -0.72974275   0.53060490  -0.43120061  2.04174300e-04
 -0.40213487  -0.04030237  -0.91469299  1.94439816e-04
  0.91449624   0.34792777  -0.20650154  3.17582276e-04
  0.03516254  -0.45079847  -0.89193292  3.17477631e-04
  0.16736492  -0.38992985   0.90550742  5.47223547e-04
 -0.48407406  -0.87202570   0.07241193  3.27709570e-04
 -0.46393784   0.23071805  -0.85529577  1.54973420e-04
 -0.10371543  -0.02190533   0.99436576  2.38871977e-04
 -0.25170283   0.36936723  -0.89454655  1.72162579e-04
 -0.79846431   0.58802397  -0.12916096  7.35292028e-04
 -0.13134690   0.03673977   0.99065543  1.90739768e-04
  0.57843685  -0.36189059  -0.73105815  1.49892014e-04
 -0.01606196  -0.90331075  -0.42868602  2.05247127e-04
  0.89351711   0.44656576   0.04697023  1.75954338e-04
