20
 -1.1407996218300525E+00 -2.3170985309886123E+00 3.8420614944644871E-01
 8.7241792104156366E-03 -5.8929511047515039E-03 -1.7000210365837277E-03
0
0.0
 -1.1407996218300525E+00 -2.3170985309886123E+00 3.8420614944644871E-01
 8.6540254534551164E-03 -5.6784551611625293E-03 -1.7210230516939706E-03
0
0.0
 -1.1407996218300525E+00 -2.3170985309886123E+00 3.8420614944644871E-01
 8.8383776456820839E-03 -5.9083590107654980E-03 -1.8369459491132142E-03
0
0.0
 -1.1407996218300525E+00 -2.3170985309886123E+00 3.8420614944644871E-01
 8.6429232953613294E-03 -5.8391121883945886E-03 -1.6634817661840638E-03
0
0.0
 -1.1407996218300525E+00 -2.3170985309886123E+00 3.8420614944644871E-01
 8.9923424982569951E-03 -5.8142867754268088E-03 -1.6663287007765626E-03
0
0.0
 -1.1407996218300525E+00 -2.3170985309886123E+00 3.8420614944644871E-01
 8.6565303978848925E-03 -5.8040724655184306E-03 -1.6865703390465932E-03
0
0.0
 -1.1407996218300525E+00 -2.3170985309886123E+00 3.8420614944644871E-01
 8.7958824859638053E-03 -6.0267142752445865E-03 -1.7465439235059344E-03
0
0.0
 -1.1407996218300525E+00 -2.3170985309886123E+00 3.8420614944644871E-01
 8.7714149215026484E-03 -5.9341332975563054E-03 -1.6200471738904271E-03
0
0.0
 -1.1407996218300525E+00 -2.3170985309886123E+00 3.8420614944644871E-01
 8.8086192242168744E-03 -5.8161786691600451E-03 -1.6330506640093885E-03
0
0.0
 -1.1407996218300525E+00 -2.3170985309886123E+00 3.8420614944644871E-01
 9.0067100947972076E-03 -5.9916613665531504E-03 -1.7538669722043851E-03
0
0.0
 -1.1407996218300525E+00 -2.3170985309886123E+00 3.8420614944644871E-01
 8.7873840045765445E-03 -5.7249366163602353E-03 -1.6340224913390026E-03
0
0.0
 -1.1407996218300525E+00 -2.3170985309886123E+00 3.8420614944644871E-01
 8.7732593959429818E-03 -5.8144604297227891E-03 -1.7901092087502118E-03
0
0.0
 -1.1407996218300525E+00 -2.3170985309886123E+00 3.8420614944644871E-01
 8.8642115542007464E-03 -6.0534201038785554E-03 -1.7634158341620861E-03
0
0.0
 -1.1407996218300525E+00 -2.3170985309886123E+00 3.8420614944644871E-01
 8.5912783509259853E-03 -5.6463665280560233E-03 -1.7090031314983885E-03
0
0.0
 -1.1407996218300525E+00 -2.3170985309886123E+00 3.8420614944644871E-01
 8.6174569539180200E-03 -5.8413157794978176E-03 -1.7531143792973388E-03
0
0.0
 -1.1407996218300525E+00 -2.3170985309886123E+00 3.8420614944644871E-01
 9.0037078272676950E-03 -5.7384813810519601E-03 -1.5753492975318268E-03
0
0.0
 -1.1407996218300525E+00 -2.3170985309886123E+00 3.8420614944644871E-01
 8.7766423515588110E-03 -5.9050838120259345E-03 -1.6267140913936806E-03
0
0.0
 -1.1407996218300525E+00 -2.3170985309886123E+00 3.8420614944644871E-01
 8.8081354087964150E-03 -5.9019169755401843E-03 -1.6297587667400339E-03
0
0.0
 -1.1407996218300525E+00 -2.3170985309886123E+00 3.8420614944644871E-01
 8.6245404655515088E-03 -5.7679800908820040E-03 -1.5662679240887527E-03
0
0.0
 -1.1407996218300525E+00 -2.3170985309886123E+00 3.8420614944644871E-01
 8.5671570776245220E-03 -5.8400179707066829E-03 -1.4997900061019284E-03
0
0.0
