20
-1
1
 -0.23592017  -0.51313775   0.82524622  2.68436218e-04
 -0.14095433   0.87887483   0.45575313  6.45886727e-04
  0.22353081   0.37527314   0.89955770  3.09165733e-04
 -0.14118204   0.96034011  -0.24044647  6.90753445e-04
 -0.41126678  -0.54280907   0.73226904  1.58642015e-04
  0.21279905  -0.95287318   0.21621580  1.99976736e-04
  0.47021251   0.29596092   0.83144893  1.50106646e-04
  0.98382374  -0.12685523   0.12648554  1.50869903e-04
  0.99274162  -0.09586518  -0.07262197  1.99511471e-04
 -0.97423293   0.22158926  -0.04205245  4.22181430e-04
  0.31450176   0.68413804  -0.65806062  2.06036047e-04
  0.51654237   0.62120036  -0.58931664  2.17096180e-04
 -0.09817647  -0.06517239   0.99303270  3.12517053e-04
  0.72214230   0.31438164   0.61617748  2.47222707e-04
 -0.01264958  -0.63242081  -0.77452173  4.90265608e-04
 -0.05869560   0.53756811  -0.84117498  6.15302326e-04
 -0.39983794  -0.86827275   0.29365295  3.08962964e-04
 -0.06828980   0.27172992   0.95994758  2.31390533e-04
 -0.88694418   0.20298469   0.41488220  2.03137152e-04
  0.28698440   0.42928140   0.85636291  1.52799692e-04
