50
-1
1
 -0.61601112  -0.75740405   0.21649344  3.51974048e-04
  0.66060432   0.65673384  -0.36373424  2.00090680e-04
 -0.17446831   0.97023668  -0.16793332  3.21909026e-04
 -0.05153307   0.99789026  -0.03948876  2.45203174e-04
  0.97327486   0.16366344   0.16109103  2.03219375e-04
 -0.36841881  -0.20100963   0.90766883  1.85663906e-04
  0.04323022   0.35935811  -0.93219788  1.69410363e-04
 -0.07200107  -0.22371623   0.97199120  1.45648953e-04
 -0.38439374  -0.80032139   0.46013816  3.50497817e-04
  0.15060978   0.06179018   0.98666036  1.50465887e-04
 -0.47999852  -0.64387656  -0.59583923  2.46042429e-04
 -0.09022823  -0.88758776  -0.45171545  1.65550230e-04
  0.49861118   0.03460187   0.86613486  4.64132155e-04
  0.91091778  -0.18204207  -0.37025596  2.26431709e-04
  0.00464013  -0.90840029   0.41807582  4.18088649e-04
  0.71792285  -0.54814434   0.42909739  5.97498864e-04
 -0.39499216   0.15925036  -0.90477650  6.59031494e-04
 -0.71336755  -0.09367567   0.69450098  2.41918040e-04
 -0.42960310   0.88693906  -0.16964751  1.67251831e-04
  0.79336340   0.30870913   0.52466484  1.85687942e-04
  0.38338266  -0.87432674   0.29760796  4.29432162e-04
  0.64262020   0.47092521   0.60437466  3.73763016e-04
 -0.11407184   0.23700205  -0.96478891  2.86229697e-04
 -0.01785827   0.79701702   0.60369276  4.61555645e-04
 -0.95414289   0.24242572  -0.17561636  7.06181513e-04
 -0.23525436   0.96271597   0.13354157  1.74596000e-04
  0.62353387  -0.29070559   0.72573808  3.97309028e-04
  0.41427223  -0.53650830  -0.73521246  5.25975984e-04
 -0.00551920  -0.99551910  -0.09439943  2.66090572e-04
  0.70571626  -0.51686641  -0.48457576  1.79609302e-04
  0.46284738  -0.88395767   0.06626571  1.87053886e-04
 -0.35052933  -0.36091910   0.86421444  2.81694177e-04
 -0.71158945  -0.00170507   0.70259345  5.08474399e-04
  0.04506357  -0.17586263  -0.98338274  4.02172721e-04
  0.99023655   0.11698657   0.07580052  1.51292584e-04
 -0.78568274  -0.61756854   0.03621783  2.13813431e-04
 -0.34343718   0.91043365  -0.23056771  2.68387528e-04
  0.81064043  -0.37594342   0.44891942  2.98586113e-04
  0.09607862   0.18728248   0.97759612  2.73844718e-04
  0.61534759  -0.77259959  -0.15632408  3.20687347e-04
 -0.77786701   0.08706152  -0.62236903  1.84922324e-04
  0.11089054   0.98622227   0.12275552  1.75969819e-04
 -0.92806216  -0.34772933   0.13336021  1.79042163e-04
  0.94587842   0.25263069  -0.20369525  2.49958214e-04
 -0.41045842  -0.91187026   0.00406381  2.23319171e-04
  0.56864139  -0.40444739  -0.71628854  3.33371006e-04
  0.64059352   0.75823517   0.12132339  8.28775498e-04
  0.09446210   0.38626371  -0.91753870  3.45071356e-04
  0.23030802  -0.60269706   0.76401209  3.92459083e-04
  0.83503264   0.12552004  -0.53569134  2.62436161e-04
