20
-1
1
  0.16893001  -0.96456535  -0.20267300  1.74329240e-04
  0.00252895   0.01886706   0.99981880  3.57315968e-04
  0.16090741  -0.50828027  -0.84602599  1.94410011e-04
 -0.79205134  -0.44629816  -0.41650044  2.68568658e-04
 -0.38888424  -0.51450920  -0.76423120  1.72030394e-04
 -0.85154357   0.04550340   0.52230546  1.99027485e-04
  0.27071600   0.50277152  -0.82093462  3.42323167e-04
  0.54905885  -0.60015312   0.58167912  1.72621296e-04
 -0.24810207  -0.46879959   0.84774542  1.53494221e-04
 -0.52070463   0.78855530  -0.32718074  2.25982905e-04
 -0.80997338   0.36990415   0.45509784  2.69061886e-04
 -0.28327128  -0.76736683   0.57524388  2.89964824e-04
  0.87673902  -0.26594703  -0.40075038  6.42864655e-04
  0.21645720   0.20827636  -0.95381719  4.51546603e-04
  0.85585466  -0.19032324   0.48092605  2.44348629e-04
  0.35848351   0.63722210  -0.68222985  5.49542242e-04
  0.24031745   0.84153035  -0.48381215  2.52523467e-04
  0.47091463  -0.15978429   0.86758768  1.92053167e-04
 -0.24254430  -0.50812461   0.82642704  4.86736147e-04
 -0.34774621  -0.60565697   0.71571797  2.04177990e-04
