20
 -1.1407996218300525E+00 -2.3170985309886123E+00 3.8420614944644871E-01
 8.5235815248890980E-03 -6.0492806069641471E-03 -1.7520601730017244E-03
0
0.0
 -1.1407996218300525E+00 -2.3170985309886123E+00 3.8420614944644871E-01
 8.8511767703698101E-03 -5.8970391704387323E-03 -1.6348465493467241E-03
0
0.0
 -1.1407996218300525E+00 -2.3170985309886123E+00 3.8420614944644871E-01
 8.8218039038221504E-03 -5.8505162915318994E-03 -1.6521608678004953E-03
0
0.0
 -1.1407996218300525E+00 -2.3170985309886123E+00 3.8420614944644871E-01
 8.6892493552321055E-03 -5.9325453414177925E-03 -1.7445964142191002E-03
0
0.0
 -1.1407996218300525E+00 -2.3170985309886123E+00 3.8420614944644871E-01
 8.8579260614929968E-03 -6.1269198522877115E-03 -1.8423210386083449E-03
0
0.0
 -1.1407996218300525E+00 -2.3170985309886123E+00 3.8420614944644871E-01
 8.9253819544619275E-03 -5.9338128005435959E-03 -1.6722609268745667E-03
0
0.0
 -1.1407996218300525E+00 -2.3170985309886123E+00 3.8420614944644871E-01
 8.5944547097307148E-03 -5.7678486952580741E-03 -1.6241293325520371E-03
0
0.0
 -1.1407996218300525E+00 -2.3170985309886123E+00 3.8420614944644871E-01
 8.9314538367658639E-03 -5.9477483288620384E-03 -1.5458370494323319E-03
0
0.0
 -1.1407996218300525E+00 -2.3170985309886123E+00 3.8420614944644871E-01
 8.8828615262796177E-03 -5.9839320439803367E-03 -1.6777347585094249E-03
0
0.0
 -1.1407996218300525E+00 -2.3170985309886123E+00 3.8420614944644871E-01
 8.8052782954987554E-03 -6.0648649664476950E-03 -1.4852272404506353E-03
0
0.0
 -1.1407996218300525E+00 -2.3170985309886123E+00 3.8420614944644871E-01
 8.9525451129015901E-03 -5.8386362766855125E-03 -1.5399950602013827E-03
0
0.0
 -1.1407996218300525E+00 -2.3170985309886123E+00 3.8420614944644871E-01
 9.0127191840567254E-03 -5.8229984181152102E-03 -1.7214815183785000E-03
0
0.0
 -1.1407996218300525E+00 -2.3170985309886123E+00 3.8420614944644871E-01
 8.7014613206644713E-03 -6.0382156443984751E-03 -1.3240512686454691E-03
0
0.0
 -1.1407996218300525E+00 -2.3170985309886123E+00 3.8420614944644871E-01
 8.6999712638336415E-03 -5.8816315900682746E-03 -1.6549054514856305E-03
0
0.0
 -1.1407996218300525E+00 -2.3170985309886123E+00 3.8420614944644871E-01
 8.6512306978215013E-03 -5.6751871358347583E-03 -1.7603682466856834E-03
0
0.0
 -1.1407996218300525E+00 -2.3170985309886123E+00 3.8420614944644871E-01
 8.7103213081129883E-03 -5.8642008173670568E-03 -1.5740832235729967E-03
0
0.0
 -1.1407996218300525E+00 -2.3170985309886123E+00 3.8420614944644871E-01
 8.9042368946667845E-03 -5.8599833247852335E-03 -1.6469686461268371E-03
0
0.0
 -1.1407996218300525E+00 -2.3170985309886123E+00 3.8420614944644871E-01
 8.7619886035147070E-03 -5.8810693135920994E-03 -1.7940956352934150E-03
0
0.0
 -1.1407996218300525E+00 -2.3170985309886123E+00 3.8420614944644871E-01
 8.7402108656357870E-03 -5.8051969084024499E-03 -1.7224990640475428E-03
0
0.0
 -1.1407996218300525E+00 -2.3170985309886123E+00 3.8420614944644871E-01
 8.7824922251659287E-03 -5.7198788833290621E-03 -1.6398226106680255E-03
0
0.0
