20
-1
1
 -0.51293826  -0.38133351   0.76907678  1.47781592e-04
 -0.89511795  -0.41787923   0.15537311  3.23099984e-04
 -0.48642077  -0.12299577  -0.86502420  2.70709916e-04
 -0.56815547  -0.19471858  -0.79955240  6.59805670e-04
  0.01060491  -0.94389048  -0.33008832  2.66805658e-04
  0.79929592  -0.19549939   0.56824820  1.96150067e-04
 -0.45744724  -0.88325935   0.10293177  1.58962923e-04
 -0.16040351  -0.32713885  -0.93126306  1.97394022e-04
 -0.76172658  -0.17835430   0.62286624  1.97919312e-04
  0.97257151   0.04803714  -0.22758973  3.30861961e-04
 -0.76559577   0.61906783   0.17498039  3.99281070e-04
 -0.88977733  -0.37100753   0.26580017  2.01344421e-04
  0.48059396  -0.86376213  -0.15147418  3.75521756e-04
  0.26934880  -0.07727180   0.95993765  3.86146872e-04
  0.02232693  -0.35111753   0.93606516  4.49633923e-04
 -0.14897098   0.18459742   0.97145841  4.46552143e-04
 -0.14417387  -0.82433156  -0.54744075  5.42274287e-04
 -0.99412783  -0.10009236  -0.04112627  3.06647269e-04
  0.03757046  -0.78993805   0.61203459  3.49716311e-04
 -0.98848309   0.08252243  -0.12685118  7.22612212e-04
