20
 -1.1407996218300525E+00 -2.3170985309886123E+00 3.8420614944644871E-01
 8.8236095872588349E-03 -6.1664115898928621E-03 -1.7408917480108566E-03
0
0.0
 -1.1407996218300525E+00 -2.3170985309886123E+00 3.8420614944644871E-01
 8.6683320692124612E-03 -5.9466588090476662E-03 -1.5997280156160145E-03
0
0.0
 -1.1407996218300525E+00 -2.3170985309886123E+00 3.8420614944644871E-01
 8.6190970996573770E-03 -5.8282643448802291E-03 -1.6219753965272445E-03
0
0.0
 -1.1407996218300525E+00 -2.3170985309886123E+00 3.8420614944644871E-01
 8.9345795037169447E-03 -5.8559265234426330E-03 -1.6263497544829013E-03
0
0.0
 -1.1407996218300525E+00 -2.3170985309886123E+00 3.8420614944644871E-01
 8.8115515211927165E-03 -5.8705684707285530E-03 -1.7091678085540370E-03
0
0.0
 -1.1407996218300525E+00 -2.3170985309886123E+00 3.8420614944644871E-01
 8.7171424585565302E-03 -5.8615013891178073E-03 -1.5753831254630608E-03
0
0.0
 -1.1407996218300525E+00 -2.3170985309886123E+00 3.8420614944644871E-01
 8.7255236212339712E-03 -5.9139528820681643E-03 -1.5250200057704906E-03
0
0.0
 -1.1407996218300525E+00 -2.3170985309886123E+00 3.8420614944644871E-01
 8.6059752943971769E-03 -5.7915525033879391E-03 -1.5962748142257718E-03
0
0.0
 -1.1407996218300525E+00 -2.3170985309886123E+00 3.8420614944644871E-01
 8.6577005330680523E-03 -5.9703878580273572E-03 -1.6948634352642739E-03
0
0.0
 -1.1407996218300525E+00 -2.3170985309886123E+00 3.8420614944644871E-01
 8.7819956581356648E-03 -6.1658285888607691E-03 -1.5828861007465679E-03
0
0.0
 -1.1407996218300525E+00 -2.3170985309886123E+00 3.8420614944644871E-01
 8.7107137200927390E-03 -5.7947604007340609E-03 -1.6673567315214780E-03
0
0.0
 -1.1407996218300525E+00 -2.3170985309886123E+00 3.8420614944644871E-01
 8.7031687494183475E-03 -5.8612543511615475E-03 -1.5266144374042048E-03
0
0.0
 -1.1407996218300525E+00 -2.3170985309886123E+00 3.8420614944644871E-01
 8.6184918423091120E-03 -5.8636392475440481E-03 -1.4137060918287306E-03
0
0.0
 -1.1407996218300525E+00 -2.3170985309886123E+00 3.8420614944644871E-01
 9.0039996448161297E-03 -6.0009491054391628E-03 -1.5991210507788820E-03
0
0.0
 -1.1407996218300525E+00 -2.3170985309886123E+00 3.8420614944644871E-01
 8.7491198793395470E-03 -6.0331554031185135E-03 -1.7969844089235040E-03
0
0.0
 -1.1407996218300525E+00 -2.3170985309886123E+00 3.8420614944644871E-01
 8.6346074362194398E-03 -5.7653666721871021E-03 -1.4354312646383805E-03
0
0.0
 -1.1407996218300525E+00 -2.3170985309886123E+00 3.8420614944644871E-01
 8.7132447803994276E-03 -6.0721871407173359E-03 -1.4970549618301035E-03
0
0.0
 -1.1407996218300525E+00 -2.3170985309886123E+00 3.8420614944644871E-01
 8.6663072822005874E-03 -5.9639190910677790E-03 -1.4911517566923130E-03
0
0.0
 -1.1407996218300525E+00 -2.3170985309886123E+00 3.8420614944644871E-01
 8.7803145144659915E-03 -5.8609466423514911E-03 -1.5544069274352095E-03
0
0.0
 -1.1407996218300525E+00 -2.3170985309886123E+00 3.8420614944644871E-01
 8.7269339326887865E-03 -6.0052362687335248E-03 -1.7307300909487301E-03
0
0.0
