20
-1
1
  0.38338266  -0.87432674   0.29760796  4.29432162e-04
  0.64262020   0.47092521   0.60437466  3.73763016e-04
 -0.11407184   0.23700205  -0.96478891  2.86229697e-04
 -0.01785827   0.79701702   0.60369276  4.61555645e-04
 -0.95414289   0.24242572  -0.17561636  7.06181513e-04
 -0.23525436   0.96271597   0.13354157  1.74596000e-04
  0.62353387  -0.29070559   0.72573808  3.97309028e-04
  0.41427223  -0.53650830  -0.73521246  5.25975984e-04
 -0.00551920  -0.99551910  -0.09439943  2.66090572e-04
  0.70571626  -0.51686641  -0.48457576  1.79609302e-04
  0.46284738  -0.88395767   0.06626571  1.87053886e-04
 -0.35052933  -0.36091910   0.86421444  2.81694177e-04
 -0.71158945  -0.00170507   0.70259345  5.08474399e-04
  0.04506357  -0.17586263  -0.98338274  4.02172721e-04
  0.99023655   0.11698657   0.07580052  1.51292584e-04
 -0.78568274  -0.61756854   0.03621783  2.13813431e-04
 -0.34343718   0.91043365  -0.23056771  2.68387528e-04
  0.81064043  -0.37594342   0.44891942  2.98586113e-04
  0.09607862   0.18728248   0.97759612  2.73844718e-04
  0.61534759  -0.77259959  -0.15632408  3.20687347e-04
