20
 -1.1407996218300525E+00 -2.3170985309886123E+00 3.8420614944644871E-01
 8.9115115304294768E-03 -6.0862769639255365E-03 -1.8061981213833543E-03
0
0.0
 -1.1407996218300525E+00 -2.3170985309886123E+00 3.8420614944644871E-01
 8.5903834615616379E-03 -5.9720362108888203E-03 -1.7719325250888612E-03
0
0.0
 -1.1407996218300525E+00 -2.3170985309886123E+00 3.8420614944644871E-01
 8.8717165980506715E-03 -5.8479954565422458E-03 -1.5821068689952878E-03
0
0.0
 -1.1407996218300525E+00 -2.3170985309886123E+00 3.8420614944644871E-01
 8.6126196589209232E-03 -5.9375745044590381E-03 -1.4728377920807090E-03
0
0.0
 -1.1407996218300525E+00 -2.3170985309886123E+00 3.8420614944644871E-01
 8.8059304359762967E-03 -5.9898980245130821E-03 -1.9536817250812373E-03
0
0.0
 -1.1407996218300525E+00 -2.3170985309886123E+00 3.8420614944644871E-01
 9.0051145024253494E-03 -5.9336958954862044E-03 -1.6151248483791873E-03
0
0.0
 -1.1407996218300525E+00 -2.3170985309886123E+00 3.8420614944644871E-01
 8.9744492115827832E-03 -5.9676244819630454E-03 -1.9041772628418450E-03
0
0.0
 -1.1407996218300525E+00 -2.3170985309886123E+00 3.8420614944644871E-01
 8.6273939959507807E-03 -6.0933103308236751E-03 -1.7954554894523040E-03
0
0.0
 -1.1407996218300525E+00 -2.3170985309886123E+00 3.8420614944644871E-01
 8.8758264845411466E-03 -5.8521393315734962E-03 -1.5772659675739069E-03
0
0.0
 -1.1407996218300525E+00 -2.3170985309886123E+00 3.8420614944644871E-01
 8.7181893836284739E-03 -5.7902277460239364E-03 -1.6288714526515153E-03
0
0.0
 -1.1407996218300525E+00 -2.3170985309886123E+00 3.8420614944644871E-01
 8.7011675521620497E-03 -5.9085511989469524E-03 -1.6289234625679035E-03
0
0.0
 -1.1407996218300525E+00 -2.3170985309886123E+00 3.8420614944644871E-01
 8.6766782505301333E-03 -5.6883582888604435E-03 -1.3875378217862394E-03
0
0.0
 -1.1407996218300525E+00 -2.3170985309886123E+00 3.8420614944644871E-01
 8.7374507545378878E-03 -5.9531651610933130E-03 -1.6559198299112700E-03
0
0.0
 -1.1407996218300525E+00 -2.3170985309886123E+00 3.8420614944644871E-01
 8.7987211118538463E-03 -6.1494322211300854E-03 -1.7124691886215360E-03
0
0.0
 -1.1407996218300525E+00 -2.3170985309886123E+00 3.8420614944644871E-01
 8.5731458923635658E-03 -5.8843211334360969E-03 -1.6512187247984108E-03
0
0.0
 -1.1407996218300525E+00 -2.3170985309886123E+00 3.8420614944644871E-01
 8.4929729213698776E-03 -5.9377766297723251E-03 -1.4990394165788762E-03
0
0.0
 -1.1407996218300525E+00 -2.3170985309886123E+00 3.8420614944644871E-01
 8.7388925484774959E-03 -5.9362378237108725E-03 -1.5798788245741486E-03
0
0.0
 -1.1407996218300525E+00 -2.3170985309886123E+00 3.8420614944644871E-01
 8.7468882455032475E-03 -5.9525482785829902E-03 -1.8311763402800618E-03
0
0.0
 -1.1407996218300525E+00 -2.3170985309886123E+00 3.8420614944644871E-01
 8.7757208589612831E-03 -5.8437504636246040E-03 -1.5819487944757121E-03
0
0.0
 -1.1407996218300525E+00 -2.3170985309886123E+00 3.8420614944644871E-01
 8.7536811657764595E-03 -5.8589603451604036E-03 -1.7727797921702514E-03
0
0.0
