20
-1
1
 -0.90003914  -0.42907287  -0.07632843  3.13715983e-04
 -0.72151856   0.66161184   0.20415861  2.11730916e-04
 -0.97064181   0.19339874  -0.14300841  4.25223479e-04
 -0.57354951   0.76937254  -0.28125941  1.45589635e-04
  0.52105277   0.81745546   0.24550069  2.25323856e-04
 -0.43934263  -0.89652924   0.05668661  2.32472532e-04
 -0.98722558  -0.02295318  -0.15766677  2.49078904e-04
 -0.37602915  -0.89371002   0.24471307  3.82007143e-04
  0.61777413  -0.55325083  -0.55881002  5.39080628e-04
  0.76352237   0.39898589  -0.50778327  2.31163668e-04
  0.35048254   0.87437274   0.33561034  2.98580357e-04
 -0.37257792   0.08793840  -0.92382495  3.78330482e-04
  0.00759562   0.96214243   0.27244128  1.65071511e-04
  0.25782168   0.55745380  -0.78915983  2.76269202e-04
  0.64793481  -0.56350441   0.51248733  1.98314716e-04
 -0.50222140  -0.85167732   0.14973114  1.79271301e-04
 -0.79351489   0.55740036   0.24421087  1.62695066e-04
 -0.70068000   0.71007648   0.06956243  1.67939136e-04
  0.98643645   0.15082994  -0.06475699  1.63897239e-04
 -0.86559948  -0.02392955  -0.50016490  4.16470660e-04
