20
 -1.1407996218300525E+00 -2.3170985309886123E+00 3.8420614944644871E-01
 8.9112650157017505E-03 -5.8662002001696389E-03 -1.4360395482915967E-03
0
0.0
 -1.1407996218300525E+00 -2.3170985309886123E+00 3.8420614944644871E-01
 8.8700755595677427E-03 -5.9261313640851469E-03 -1.4804308466544083E-03
0
0.0
 -1.1407996218300525E+00 -2.3170985309886123E+00 3.8420614944644871E-01
 8.6216650088346957E-03 -6.0395410075725275E-03 -1.7011908744500412E-03
0
0.0
 -1.1407996218300525E+00 -2.3170985309886123E+00 3.8420614944644871E-01
 8.7223031157006477E-03 -5.9622114649903572E-03 -1.6004317005341542E-03
0
0.0
 -1.1407996218300525E+00 -2.3170985309886123E+00 3.8420614944644871E-01
 8.7842477881117896E-03 -5.8532039333029891E-03 -1.7979867866344699E-03
0
0.0
 -1.1407996218300525E+00 -2.3170985309886123E+00 3.8420614944644871E-01
 8.8396139651221103E-03 -5.7908815748637186E-03 -1.4877825317617934E-03
0
0.0
 -1.1407996218300525E+00 -2.3170985309886123E+00 3.8420614944644871E-01
 8.5495298915986284E-03 -6.0487993622373379E-03 -1.4978013976492763E-03
0
0.0
 -1.1407996218300525E+00 -2.3170985309886123E+00 3.8420614944644871E-01
 8.8564250417486213E-03 -5.9821239349767494E-03 -1.6421958955797726E-03
0
0.0
 -1.1407996218300525E+00 -2.3170985309886123E+00 3.8420614944644871E-01
 8.7263645021936065E-03 -5.9360997905089441E-03 -1.5879598674720227E-03
0
0.0
 -1.1407996218300525E+00 -2.3170985309886123E+00 3.8420614944644871E-01
 8.6533060462709900E-03 -5.8717031520991690E-03 -1.7129104079055377E-03
0
0.0
 -1.1407996218300525E+00 -2.3170985309886123E+00 3.8420614944644871E-01
 8.8144218775611655E-03 -6.0301144335907202E-03 -1.5624106890071306E-03
0
0.0
 -1.1407996218300525E+00 -2.3170985309886123E+00 3.8420614944644871E-01
 8.7913251897946149E-03 -5.9531095601019638E-03 -1.6435672981224838E-03
0
0.0
 -1.1407996218300525E+00 -2.3170985309886123E+00 3.8420614944644871E-01
 8.8648257974359330E-03 -5.8776837421315731E-03 -1.5009418502451638E-03
0
0.0
 -1.1407996218300525E+00 -2.3170985309886123E+00 3.8420614944644871E-01
 9.0773814028661665E-03 -5.7904070464249056E-03 -1.5413452971387339E-03
0
0.0
 -1.1407996218300525E+00 -2.3170985309886123E+00 3.8420614944644871E-01
 8.8035563107419466E-03 -5.8542909468507660E-03 -1.5851184803717714E-03
0
0.0
 -1.1407996218300525E+00 -2.3170985309886123E+00 3.8420614944644871E-01
 8.6257296059972458E-03 -5.7752904849907834E-03 -1.6320931142709189E-03
0
0.0
 -1.1407996218300525E+00 -2.3170985309886123E+00 3.8420614944644871E-01
 8.6778522940858128E-03 -5.8201946271784063E-03 -1.7230092571006812E-03
0
0.0
 -1.1407996218300525E+00 -2.3170985309886123E+00 3.8420614944644871E-01
 8.7386367873648601E-03 -5.8669842580951594E-03 -1.5866240498413344E-03
0
0.0
 -1.1407996218300525E+00 -2.3170985309886123E+00 3.8420614944644871E-01
 8.8187392245709876E-03 -5.9638131770150104E-03 -1.6166388769697372E-03
0
0.0
 -1.1407996218300525E+00 -2.3170985309886123E+00 3.8420614944644871E-01
 8.8651908233963773E-03 -5.7174260745779327E-03 -1.6918791460473455E-03
0
0.0
