50
-1
1
 -0.32073096   0.49094910   0.81000039  6.27984420e-04
 -0.34380570  -0.58328350  -0.73591983  1.72441231e-04
  0.74593288   0.58719364  -0.31430520  1.77735934e-04
 -0.86933900   0.27907551   0.40788059  1.50560200e-04
 -0.75976988  -0.29317727   0.58034198  2.91285271e-04
 -0.72392008   0.58015335  -0.37331195  3.53376056e-04
  0.01274072  -0.99462938   0.10271358  5.50961879e-04
 -0.21704762  -0.88245547  -0.41732803  1.67190176e-04
  0.53623933  -0.29445192  -0.79104073  1.50198346e-04
 -0.35262051  -0.57480123  -0.73841880  8.42200896e-04
  0.43479402  -0.02799314  -0.90009474  2.79829014e-04
  0.85922353   0.17358602   0.48125131  1.75229025e-04
  0.05434645   0.59502589   0.80186698  1.53344344e-04
 -0.03032427   0.80268414  -0.59563295  1.63225324e-04
 -0.48181608  -0.81673558  -0.31748427  1.67204889e-04
 -0.88723834  -0.34751935   0.30337837  2.14840635e-04
 -0.82153058  -0.33433472  -0.46185258  5.13283754e-04
  0.51339527  -0.71509789   0.47440521  2.53322404e-04
 -0.39443237  -0.60255827  -0.69379149  6.95494044e-04
 -0.69305554   0.11882412   0.71102380  2.59358738e-04
 -0.03882301  -0.56983292  -0.82084299  5.36334157e-04
  0.20163020  -0.84415826  -0.49673141  3.65453443e-04
 -0.26690092  -0.45535012   0.84936457  1.72534391e-04
 -0.11898575  -0.89154862   0.43701653  2.17541647e-04
  0.50675395  -0.85117969  -0.13672444  1.51975178e-04
  0.74126033  -0.22059900   0.63393155  1.70210732e-04
  0.92880460  -0.30226243   0.21438152  4.53699426e-04
  0.94980506   0.30751343   0.05749645  2.67173515e-04
 -0.00265847   0.99669760  -0.08115926  2.06034280e-04
  0.93489208   0.35169879  -0.04779909  2.72610694e-04
 -0.29152325  -0.59702701   0.74737738  2.64872715e-04
  0.82104868   0.15601087   0.54912629  2.46056442e-04
  0.45054586  -0.56939061   0.68760655  2.51024840e-04
 -0.65084029  -0.44593449   0.61445045  5.51285936e-04
  0.75748055   0.65256894   0.01941641  6.27096388e-04
  0.47336835  -0.69421392   0.54220793  1.69861263e-04
  0.01142059  -0.15690972  -0.98754691  2.05468302e-04
 -0.30797260  -0.04158942   0.95048577  2.58180895e-04
  0.32085270   0.93877169   0.12554384  3.56763268e-04
 -0.73239435   0.67757085   0.06705416  3.74144720e-04
  0.33661437   0.79721375  -0.50113971  2.14327362e-04
  0.43947091   0.37612619  -0.81571711  1.68051019e-04
  0.00201964   0.73938088  -0.67328437  2.03811839e-04
  0.70476028  -0.16520141   0.68994307  1.83484393e-04
 -0.12622484   0.85864943  -0.49677807  3.86636233e-04
 -0.68399442  -0.72906780  -0.02473394  3.78163023e-04
 -0.26317183  -0.54194743   0.79814383  4.67547802e-04
 -0.84529719   0.14429354  -0.51444341  4.52753431e-04
  0.26981855  -0.54230607   0.79567712  2.58105345e-04
 -0.34628140   0.58413809   0.73407893  3.18142388e-04
