50
 -1.1407996218300525E+00 -2.3170985309886123E+00 3.8420614944644871E-01
 8.5833625096916159E-03 -6.0706462767615389E-03 -1.6358683364166955E-03
0
0.0
 -1.1407996218300525E+00 -2.3170985309886123E+00 3.8420614944644871E-01
 8.6653902138204356E-03 -5.8900162913208196E-03 -1.7203002311850070E-03
0
0.0
 -1.1407996218300525E+00 -2.3170985309886123E+00 3.8420614944644871E-01
 8.9059246490978371E-03 -5.8246595013108048E-03 -1.4539400663286049E-03
0
0.0
 -1.1407996218300525E+00 -2.3170985309886123E+00 3.8420614944644871E-01
 8.9046280294261693E-03 -6.1532282256529860E-03 -1.4915931591280131E-03
0
0.0
 -1.1407996218300525E+00 -2.3170985309886123E+00 3.8420614944644871E-01
 8.9691694367533444E-03 -5.7211774050138567E-03 -1.7657525203929353E-03
0
0.0
 -1.1407996218300525E+00 -2.3170985309886123E+00 3.8420614944644871E-01
 8.8119639047532471E-03 -5.9131036638779026E-03 -1.7763161396197496E-03
0
0.0
 -1.1407996218300525E+00 -2.3170985309886123E+00 3.8420614944644871E-01
 8.8285213911859645E-03 -5.9422247388349518E-03 -1.6537166759155639E-03
0
0.0
 -1.1407996218300525E+00 -2.3170985309886123E+00 3.8420614944644871E-01
 8.6580693208845004E-03 -5.7766367705638037E-03 -1.7639218391491611E-03
0
0.0
 -1.1407996218300525E+00 -2.3170985309886123E+00 3.8420614944644871E-01
 8.7627766556811794E-03 -5.8968540117059322E-03 -1.6289884721865594E-03
0
0.0
 -1.1407996218300525E+00 -2.3170985309886123E+00 3.8420614944644871E-01
 9.0423440488192793E-03 -5.9724504271893887E-03 -1.5182824242823472E-03
0
0.0
 -1.1407996218300525E+00 -2.3170985309886123E+00 3.8420614944644871E-01
 8.6768714864279700E-03 -6.0003876448940880E-03 -1.4703534183033197E-03
0
0.0
 -1.1407996218300525E+00 -2.3170985309886123E+00 3.8420614944644871E-01
 8.8482896825791552E-03 -5.9922240121960506E-03 -1.4300113583347593E-03
0
0.0
 -1.1407996218300525E+00 -2.3170985309886123E+00 3.8420614944644871E-01
 8.9305919863701504E-03 -6.1274941143987308E-03 -1.5595474526831955E-03
0
0.0
 -1.1407996218300525E+00 -2.3170985309886123E+00 3.8420614944644871E-01
 8.8976834232767140E-03 -5.8219301152876348E-03 -1.4998812776301849E-03
0
0.0
 -1.1407996218300525E+00 -2.3170985309886123E+00 3.8420614944644871E-01
 8.7924781729656950E-03 -5.9612908413009197E-03 -1.3921723241259055E-03
0
0.0
 -1.1407996218300525E+00 -2.3170985309886123E+00 3.8420614944644871E-01
 8.5252320990208338E-03 -6.0993590391443166E-03 -1.5327513687789353E-03
0
0.0
 -1.1407996218300525E+00 -2.3170985309886123E+00 3.8420614944644871E-01
 8.7671593817091973E-03 -5.8653772085881803E-03 -1.7664321985961927E-03
0
0.0
 -1.1407996218300525E+00 -2.3170985309886123E+00 3.8420614944644871E-01
 8.8338902134796320E-03 -5.8600553893408489E-03 -1.4305352368911542E-03
0
0.0
 -1.1407996218300525E+00 -2.3170985309886123E+00 3.8420614944644871E-01
 8.7631968135186873E-03 -5.6582649146121227E-03 -1.6053853988190390E-03
0
0.0
 -1.1407996218300525E+00 -2.3170985309886123E+00 3.8420614944644871E-01
 8.8935979001870877E-03 -5.8733562141848614E-03 -1.6744417769327152E-03
0
0.0
 -1.1407996218300525E+00 -2.3170985309886123E+00 3.8420614944644871E-01
 8.9016429656316974E-03 -6.0801822640472866E-03 -1.6522956667946512E-03
0
0.0
 -1.1407996218300525E+00 -2.3170985309886123E+00 3.8420614944644871E-01
 8.8199252178965664E-03 -6.0071368223862482E-03 -1.7834691940536431E-03
0
0.0
 -1.1407996218300525E+00 -2.3170985309886123E+00 3.8420614944644871E-01
 8.7748232097300972E-03 -6.0129500212946028E-03 -1.5666346922655859E-03
0
0.0
 -1.1407996218300525E+00 -2.3170985309886123E+00 3.8420614944644871E-01
 8.8271038876362191E-03 -5.9153575314583378E-03 -1.6704429097650754E-03
0
0.0
 -1.1407996218300525E+00 -2.3170985309886123E+00 3.8420614944644871E-01
 8.7223886718119856E-03 -5.9376738495805163E-03 -1.6039481998394005E-03
0
0.0
 -1.1407996218300525E+00 -2.3170985309886123E+00 3.8420614944644871E-01
 8.7630304934316408E-03 -6.0234427479192417E-03 -1.6684646264401824E-03
0
0.0
 -1.1407996218300525E+00 -2.3170985309886123E+00 3.8420614944644871E-01
 8.7421973664216276E-03 -5.9076639623700609E-03 -1.6045009472799526E-03
0
0.0
 -1.1407996218300525E+00 -2.3170985309886123E+00 3.8420614944644871E-01
 8.7998307614611925E-03 -5.6875469887943605E-03 -1.4923977174242339E-03
0
0.0
 -1.1407996218300525E+00 -2.3170985309886123E+00 3.8420614944644871E-01
 9.0045092922222750E-03 -5.8086503496946598E-03 -1.5675255907626471E-03
0
0.0
 -1.1407996218300525E+00 -2.3170985309886123E+00 3.8420614944644871E-01
 8.9080274023326193E-03 -5.8585078792751395E-03 -1.4628259786097168E-03
0
0.0
 -1.1407996218300525E+00 -2.3170985309886123E+00 3.8420614944644871E-01
 8.8396675249090839E-03 -5.9290583658672524E-03 -1.6808202697427127E-03
0
0.0
 -1.1407996218300525E+00 -2.3170985309886123E+00 3.8420614944644871E-01
 8.7252279191279269E-03 -5.9338525464969101E-03 -1.7917971390346754E-03
0
0.0
 -1.1407996218300525E+00 -2.3170985309886123E+00 3.8420614944644871E-01
 8.7125649621107165E-03 -5.9753879403148758E-03 -1.8068433128782878E-03
0
0.0
 -1.1407996218300525E+00 -2.3170985309886123E+00 3.8420614944644871E-01
 8.7954813191389938E-03 -6.0527839194846039E-03 -1.6333578762629136E-03
0
0.0
 -1.1407996218300525E+00 -2.3170985309886123E+00 3.8420614944644871E-01
 8.7355744638512155E-03 -6.0400379869849493E-03 -1.4956929544765517E-03
0
0.0
 -1.1407996218300525E+00 -2.3170985309886123E+00 3.8420614944644871E-01
 8.7705284256505162E-03 -5.9410409763864152E-03 -1.6294504490896693E-03
0
0.0
 -1.1407996218300525E+00 -2.3170985309886123E+00 3.8420614944644871E-01
 8.7693727208769234E-03 -5.8795146579399575E-03 -1.6519003146248431E-03
0
0.0
 -1.1407996218300525E+00 -2.3170985309886123E+00 3.8420614944644871E-01
 8.9390177726496618E-03 -5.9012622794389069E-03 -1.6571447116460181E-03
0
0.0
 -1.1407996218300525E+00 -2.3170985309886123E+00 3.8420614944644871E-01
 8.7487938942770113E-03 -5.9042039261895654E-03 -1.4914563613547683E-03
0
0.0
 -1.1407996218300525E+00 -2.3170985309886123E+00 3.8420614944644871E-01
 8.8872085640984231E-03 -6.0648489552515925E-03 -1.7576270141957066E-03
0
0.0
 -1.1407996218300525E+00 -2.3170985309886123E+00 3.8420614944644871E-01
 8.8039750574032630E-03 -5.9783319522449989E-03 -1.7677743324907122E-03
0
0.0
 -1.1407996218300525E+00 -2.3170985309886123E+00 3.8420614944644871E-01
 8.6796592044680529E-03 -5.9016446099018132E-03 -1.4244934149486848E-03
0
0.0
 -1.1407996218300525E+00 -2.3170985309886123E+00 3.8420614944644871E-01
 8.7249476724176583E-03 -5.9456276807461333E-03 -1.5536837263692238E-03
0
0.0
 -1.1407996218300525E+00 -2.3170985309886123E+00 3.8420614944644871E-01
 8.9741108666158854E-03 -5.7751591030885197E-03 -1.8790243654179320E-03
0
0.0
 -1.1407996218300525E+00 -2.3170985309886123E+00 3.8420614944644871E-01
 8.6086807262746191E-03 -5.7491463745523762E-03 -1.4934849723013113E-03
0
0.0
 -1.1407996218300525E+00 -2.3170985309886123E+00 3.8420614944644871E-01
 8.6560595847902794E-03 -5.8106875785765132E-03 -1.4685814234637184E-03
0
0.0
 -1.1407996218300525E+00 -2.3170985309886123E+00 3.8420614944644871E-01
 8.7472426930752644E-03 -6.0314935266854381E-03 -1.7303415690605678E-03
0
0.0
 -1.1407996218300525E+00 -2.3170985309886123E+00 3.8420614944644871E-01
 8.7718492334236536E-03 -5.7406715181700487E-03 -1.7848857614702251E-03
0
0.0
 -1.1407996218300525E+00 -2.3170985309886123E+00 3.8420614944644871E-01
 8.7856715363447309E-03 -5.8504756929324084E-03 -1.6097667750944341E-03
0
0.0
 -1.1407996218300525E+00 -2.3170985309886123E+00 3.8420614944644871E-01
 8.8662801564427171E-03 -5.9358650674061070E-03 -1.6489615254715176E-03
0
0.0
