50
-1
1
 -0.18244745  -0.47075965   0.86319075  2.39036380e-04
 -0.64054139  -0.67434983  -0.36736772  2.24139206e-04
  0.87171699   0.14270966  -0.46876800  1.82631446e-04
  0.28590612   0.94567836  -0.15475828  1.46434340e-04
 -0.27592521   0.60279114  -0.74867091  3.52852002e-04
 -0.74273550   0.61631776   0.26171816  2.78154282e-04
 -0.68985423  -0.31338953  -0.65260106  5.12397819e-04
  0.75439734   0.49448999  -0.43169933  2.92825329e-04
  0.70487438   0.35530075  -0.61393280  2.00169176e-04
  0.04614474   0.77867345   0.62573022  2.06836495e-04
 -0.59006286   0.73206878  -0.34044254  2.63977509e-04
 -0.07411097  -0.95307436   0.29352483  2.98697995e-04
 -0.88813107   0.40439197   0.21838116  4.76373555e-04
  0.45172053   0.31992945  -0.83282274  1.82130072e-04
 -0.42265202  -0.90050695   0.10223749  3.82078516e-04
  0.11831048  -0.39667285   0.91030395  2.18108357e-04
  0.19010542  -0.18368080   0.96442796  2.44515125e-04
 -0.91350300  -0.27963738  -0.29549146  7.36145521e-04
  0.35197017  -0.47103067   0.80885543  8.09065682e-04
  0.35131864   0.92416655   0.14997131  3.85258772e-04
 -0.81136981  -0.23498523   0.53522049  1.84211056e-04
 -0.87600058  -0.45166787  -0.16917186  4.68088197e-04
  0.97397053   0.22598014   0.01773108  1.67862119e-04
  0.07745798  -0.97252393  -0.21953923  1.54550772e-04
  0.13544011   0.61547963   0.77642823  2.65697938e-04
 -0.42253260   0.44381257  -0.79025098  4.17918531e-04
  0.44187076   0.82736581   0.34672187  1.70146788e-04
  0.74520520  -0.42316786   0.51536218  3.21600995e-04
 -0.83040329  -0.44730069   0.33219341  4.45937080e-04
 -0.36753192  -0.27600797  -0.88811029  2.01093124e-04
 -0.17829517   0.75598332  -0.62984129  5.77975786e-04
 -0.36479520   0.30994923   0.87798402  1.89117884e-04
 -0.22998528  -0.59882630  -0.76714656  1.99047290e-04
  0.26035159  -0.88308145  -0.39036420  1.59310522e-04
 -0.20133923   0.90470740  -0.37545577  6.15963928e-04
  0.51403114   0.82664932  -0.22896046  3.43095921e-04
  0.65822073   0.69037085   0.30022253  5.46384836e-04
 -0.86714555  -0.31571134  -0.38520766  1.48762930e-04
  0.17978228   0.33043439   0.92654813  2.75131841e-04
 -0.07734878  -0.56643063  -0.82047152  1.89935248e-04
 -0.50587217  -0.83167453  -0.22893409  3.22277998e-04
 -0.34217706  -0.76108132  -0.55106268  3.11316671e-04
  0.91716842   0.39837659  -0.00990857  1.61545909e-04
 -0.53133637   0.56708975   0.62935751  1.97186615e-04
  0.96923719   0.24603565   0.00676218  2.33750180e-04
 -0.21844233   0.70733512   0.67227968  2.05278837e-04
 -0.37617060   0.31747133  -0.87046403  1.97766691e-04
 -0.95179183   0.13386235  -0.27599491  4.47397557e-04
  0.74347548  -0.26146056  -0.61553439  1.45569208e-04
 -0.90616341   0.03278149   0.42165537  2.03690514e-04
