50
 -1.1407996218300525E+00 -2.3170985309886123E+00 3.8420614944644871E-01
 8.8050421574999496E-03 -5.8374349652980948E-03 -1.5973924083644328E-03
0
0.0
 -1.1407996218300525E+00 -2.3170985309886123E+00 3.8420614944644871E-01
 8.6775040189576522E-03 -5.9675065260395357E-03 -1.6659249341998480E-03
0
0.0
 -1.1407996218300525E+00 -2.3170985309886123E+00 3.8420614944644871E-01
 8.7554391551727933E-03 -5.8348932268828223E-03 -1.6150563042470944E-03
0
0.0
 -1.1407996218300525E+00 -2.3170985309886123E+00 3.8420614944644871E-01
 8.6806249492230314E-03 -5.9876740378546848E-03 -1.6199719546127773E-03
0
0.0
 -1.1407996218300525E+00 -2.3170985309886123E+00 3.8420614944644871E-01
 8.7618504541314875E-03 -6.1481276698228393E-03 -1.5681288810052388E-03
0
0.0
 -1.1407996218300525E+00 -2.3170985309886123E+00 3.8420614944644871E-01
 8.6690925880830525E-03 -6.0007728249726437E-03 -1.8744795715811297E-03
0
0.0
 -1.1407996218300525E+00 -2.3170985309886123E+00 3.8420614944644871E-01
 8.6192971028448851E-03 -6.0663015505514652E-03 -1.6136828276431788E-03
0
0.0
 -1.1407996218300525E+00 -2.3170985309886123E+00 3.8420614944644871E-01
 9.0297075234809857E-03 -5.9678625728013142E-03 -1.8172155584853620E-03
0
0.0
 -1.1407996218300525E+00 -2.3170985309886123E+00 3.8420614944644871E-01
 8.7764021021707571E-03 -6.0185995238933344E-03 -1.7835920220581646E-03
0
0.0
 -1.1407996218300525E+00 -2.3170985309886123E+00 3.8420614944644871E-01
 8.8411792547739079E-03 -5.9350306197194485E-03 -1.4546422142822078E-03
0
0.0
 -1.1407996218300525E+00 -2.3170985309886123E+00 3.8420614944644871E-01
 8.9192013580490573E-03 -5.9778660939952388E-03 -1.8284554092247718E-03
0
0.0
 -1.1407996218300525E+00 -2.3170985309886123E+00 3.8420614944644871E-01
 8.7748099958921636E-03 -5.8675816364126667E-03 -1.5855795848915932E-03
0
0.0
 -1.1407996218300525E+00 -2.3170985309886123E+00 3.8420614944644871E-01
 8.7090690080245080E-03 -5.7654303517285658E-03 -1.4157752835311514E-03
0
0.0
 -1.1407996218300525E+00 -2.3170985309886123E+00 3.8420614944644871E-01
 8.5413051669397996E-03 -5.7930988668878245E-03 -1.8120577065684619E-03
0
0.0
 -1.1407996218300525E+00 -2.3170985309886123E+00 3.8420614944644871E-01
 8.8798866269214714E-03 -5.6824249843369316E-03 -1.6440330679647808E-03
0
0.0
 -1.1407996218300525E+00 -2.3170985309886123E+00 3.8420614944644871E-01
 8.6970776869664135E-03 -5.8017686878649262E-03 -1.5404172301585861E-03
0
0.0
 -1.1407996218300525E+00 -2.3170985309886123E+00 3.8420614944644871E-01
 8.6661683229337181E-03 -6.1605737342700995E-03 -1.5074736279342854E-03
0
0.0
 -1.1407996218300525E+00 -2.3170985309886123E+00 3.8420614944644871E-01
 8.6596641857113431E-03 -5.9095713283960991E-03 -1.8174206720738084E-03
0
0.0
 -1.1407996218300525E+00 -2.3170985309886123E+00 3.8420614944644871E-01
 8.8711150999900568E-03 -6.1523443468855374E-03 -1.8513214486167273E-03
0
0.0
 -1.1407996218300525E+00 -2.3170985309886123E+00 3.8420614944644871E-01
 8.6996835797456939E-03 -5.6112383696271702E-03 -1.5503916517146858E-03
0
0.0
 -1.1407996218300525E+00 -2.3170985309886123E+00 3.8420614944644871E-01
 8.7722398144509748E-03 -5.9087247052347419E-03 -1.6429863665154351E-03
0
0.0
 -1.1407996218300525E+00 -2.3170985309886123E+00 3.8420614944644871E-01
 8.7468362616734269E-03 -5.7772889629959167E-03 -1.4435665105255137E-03
0
0.0
 -1.1407996218300525E+00 -2.3170985309886123E+00 3.8420614944644871E-01
 8.8855067248478671E-03 -5.8772273267454116E-03 -1.4196623257798256E-03
0
0.0
 -1.1407996218300525E+00 -2.3170985309886123E+00 3.8420614944644871E-01
 9.1163303641891187E-03 -5.9044354372204330E-03 -1.6254204353342906E-03
0
0.0
 -1.1407996218300525E+00 -2.3170985309886123E+00 3.8420614944644871E-01
 8.9966170156030433E-03 -5.8619897325627134E-03 -1.6336070008959379E-03
0
0.0
 -1.1407996218300525E+00 -2.3170985309886123E+00 3.8420614944644871E-01
 8.8285193436676620E-03 -5.7892921094748889E-03 -1.5589917404099909E-03
0
0.0
 -1.1407996218300525E+00 -2.3170985309886123E+00 3.8420614944644871E-01
 8.7742974702061088E-03 -5.9297602230887212E-03 -1.7317461380697637E-03
0
0.0
 -1.1407996218300525E+00 -2.3170985309886123E+00 3.8420614944644871E-01
 8.7563686452095096E-03 -6.0407626879453681E-03 -1.7026646445812139E-03
0
0.0
 -1.1407996218300525E+00 -2.3170985309886123E+00 3.8420614944644871E-01
 8.7149992676298117E-03 -5.9752102284232221E-03 -1.7233722135925817E-03
0
0.0
 -1.1407996218300525E+00 -2.3170985309886123E+00 3.8420614944644871E-01
 8.7448022095035563E-03 -6.1814100223310051E-03 -1.7428432761110006E-03
0
0.0
 -1.1407996218300525E+00 -2.3170985309886123E+00 3.8420614944644871E-01
 8.6343264062000626E-03 -5.9126118380302250E-03 -1.5352938238602711E-03
0
0.0
 -1.1407996218300525E+00 -2.3170985309886123E+00 3.8420614944644871E-01
 8.7884607045759840E-03 -5.8027938050750211E-03 -1.8505220185000234E-03
0
0.0
 -1.1407996218300525E+00 -2.3170985309886123E+00 3.8420614944644871E-01
 8.8553266026115286E-03 -5.8896190600282320E-03 -1.3202834828317299E-03
0
0.0
 -1.1407996218300525E+00 -2.3170985309886123E+00 3.8420614944644871E-01
 8.7972797145755410E-03 -5.6614750062869701E-03 -1.6891634793735893E-03
0
0.0
 -1.1407996218300525E+00 -2.3170985309886123E+00 3.8420614944644871E-01
 8.8469006157636063E-03 -5.9716156370816708E-03 -1.6186720705676744E-03
0
0.0
 -1.1407996218300525E+00 -2.3170985309886123E+00 3.8420614944644871E-01
 8.6084340551623000E-03 -6.0229576978672924E-03 -1.4218038428703199E-03
0
0.0
 -1.1407996218300525E+00 -2.3170985309886123E+00 3.8420614944644871E-01
 8.9045588446552016E-03 -5.8927333220423796E-03 -1.6558321397339688E-03
0
0.0
 -1.1407996218300525E+00 -2.3170985309886123E+00 3.8420614944644871E-01
 8.8399592843024233E-03 -5.9367521704125972E-03 -1.6444823071810578E-03
0
0.0
 -1.1407996218300525E+00 -2.3170985309886123E+00 3.8420614944644871E-01
 8.7251351295141461E-03 -5.8037057898363085E-03 -1.6740339825250493E-03
0
0.0
 -1.1407996218300525E+00 -2.3170985309886123E+00 3.8420614944644871E-01
 8.7149257327916833E-03 -6.0921934312677915E-03 -1.4704416905125912E-03
0
0.0
 -1.1407996218300525E+00 -2.3170985309886123E+00 3.8420614944644871E-01
 8.7310747641851979E-03 -5.6241891641182666E-03 -1.7084081804508795E-03
0
0.0
 -1.1407996218300525E+00 -2.3170985309886123E+00 3.8420614944644871E-01
 8.7025608964025527E-03 -5.8915131426069941E-03 -1.6284455520931538E-03
0
0.0
 -1.1407996218300525E+00 -2.3170985309886123E+00 3.8420614944644871E-01
 8.9459352175777287E-03 -5.9824677528849532E-03 -1.4895473583910518E-03
0
0.0
 -1.1407996218300525E+00 -2.3170985309886123E+00 3.8420614944644871E-01
 8.5658209837857525E-03 -5.8813199165641331E-03 -1.4231662489533664E-03
0
0.0
 -1.1407996218300525E+00 -2.3170985309886123E+00 3.8420614944644871E-01
 8.7399984555700735E-03 -5.9271763762726824E-03 -1.5982796944779372E-03
0
0.0
 -1.1407996218300525E+00 -2.3170985309886123E+00 3.8420614944644871E-01
 8.7761242024752099E-03 -5.8051649126613760E-03 -1.5328640584678466E-03
0
0.0
 -1.1407996218300525E+00 -2.3170985309886123E+00 3.8420614944644871E-01
 8.7620171869908295E-03 -5.7899511322241030E-03 -1.8348305506314456E-03
0
0.0
 -1.1407996218300525E+00 -2.3170985309886123E+00 3.8420614944644871E-01
 8.5586667571870088E-03 -6.1613396513576883E-03 -1.6317093837552742E-03
0
0.0
 -1.1407996218300525E+00 -2.3170985309886123E+00 3.8420614944644871E-01
 8.5377562546650916E-03 -5.8445551426217091E-03 -1.8214911459911623E-03
0
0.0
 -1.1407996218300525E+00 -2.3170985309886123E+00 3.8420614944644871E-01
 8.9180126292540528E-03 -5.8839481121401279E-03 -1.5990153755633429E-03
0
0.0
