20
 -1.1407996218300525E+00 -2.3170985309886123E+00 3.8420614944644871E-01
 9.0123271596945949E-03 -6.0156674438790842E-03 -1.5712153271540375E-03
0
0.0
 -1.1407996218300525E+00 -2.3170985309886123E+00 3.8420614944644871E-01
 9.0220649767647852E-03 -5.8677614455429957E-03 -1.6664768758417401E-03
0
0.0
 -1.1407996218300525E+00 -2.3170985309886123E+00 3.8420614944644871E-01
 8.6511047227922980E-03 -5.8646334593172467E-03 -1.9244820376558677E-03
0
0.0
 -1.1407996218300525E+00 -2.3170985309886123E+00 3.8420614944644871E-01
 8.7166794015709759E-03 -5.9332389905422884E-03 -1.4997860076208589E-03
0
0.0
 -1.1407996218300525E+00 -2.3170985309886123E+00 3.8420614944644871E-01
 8.8726418018264409E-03 -5.8668513615377678E-03 -1.5630551938761764E-03
0
0.0
 -1.1407996218300525E+00 -2.3170985309886123E+00 3.8420614944644871E-01
 8.5192707750245834E-03 -5.9456779274255503E-03 -1.4959722902019856E-03
0
0.0
 -1.1407996218300525E+00 -2.3170985309886123E+00 3.8420614944644871E-01
 8.8986548322189159E-03 -5.8486452314176277E-03 -1.6814835273268934E-03
0
0.0
 -1.1407996218300525E+00 -2.3170985309886123E+00 3.8420614944644871E-01
 8.8418994336943411E-03 -5.9235877033596831E-03 -1.8654946969309076E-03
0
0.0
 -1.1407996218300525E+00 -2.3170985309886123E+00 3.8420614944644871E-01
 8.7564883901764413E-03 -5.9101093641050727E-03 -1.7191208476573070E-03
0
0.0
 -1.1407996218300525E+00 -2.3170985309886123E+00 3.8420614944644871E-01
 8.7569229180586416E-03 -6.0402158964889081E-03 -1.6882653138677042E-03
0
0.0
 -1.1407996218300525E+00 -2.3170985309886123E+00 3.8420614944644871E-01
 8.7207804872404780E-03 -5.6996829841197806E-03 -1.6864598824992750E-03
0
0.0
 -1.1407996218300525E+00 -2.3170985309886123E+00 3.8420614944644871E-01
 8.8674025549429127E-03 -5.8462536793171243E-03 -1.4935031004908528E-03
0
0.0
 -1.1407996218300525E+00 -2.3170985309886123E+00 3.8420614944644871E-01
 8.8178382642237069E-03 -6.0237856624988199E-03 -1.5088585134900574E-03
0
0.0
 -1.1407996218300525E+00 -2.3170985309886123E+00 3.8420614944644871E-01
 8.7753011095648772E-03 -6.0509839709613905E-03 -1.6712072206812297E-03
0
0.0
 -1.1407996218300525E+00 -2.3170985309886123E+00 3.8420614944644871E-01
 8.6987843080181954E-03 -6.1138228385273375E-03 -1.6229703663743398E-03
0
0.0
 -1.1407996218300525E+00 -2.3170985309886123E+00 3.8420614944644871E-01
 8.7651781432728539E-03 -5.6650986243842513E-03 -1.8066244502753025E-03
0
0.0
 -1.1407996218300525E+00 -2.3170985309886123E+00 3.8420614944644871E-01
 8.5751125207978139E-03 -5.8957140886291282E-03 -1.4084671749422400E-03
0
0.0
 -1.1407996218300525E+00 -2.3170985309886123E+00 3.8420614944644871E-01
 8.8746935317794793E-03 -5.9468506366627261E-03 -1.5125754730470307E-03
0
0.0
 -1.1407996218300525E+00 -2.3170985309886123E+00 3.8420614944644871E-01
 8.5865139828853292E-03 -5.9257991971063701E-03 -1.8244585451837479E-03
0
0.0
 -1.1407996218300525E+00 -2.3170985309886123E+00 3.8420614944644871E-01
 8.8628407810214492E-03 -6.1606256449408623E-03 -1.5935429865342203E-03
0
0.0
