50
-1
1
  0.86444349   0.40146551  -0.30259361  4.67713679e-04
  0.10490448   0.84442486   0.52530153  2.01277152e-04
  0.15281365  -0.06585349   0.98605847  1.69821574e-04
  0.72743642   0.57836595   0.36922768  2.07855551e-04
  0.91246540  -0.39668626  -0.10023424  1.50472859e-04
 -0.73064506  -0.07990950   0.67806509  6.16830853e-04
  0.47200938   0.10967171   0.87474526  6.73506384e-04
  0.51218036  -0.79134890   0.33382360  2.26156035e-04
  0.70015937  -0.57281345   0.42621780  1.71120573e-04
 -0.94460169   0.20717172   0.25457323  1.72321390e-04
  0.39979884  -0.31371183   0.86124664  1.46639379e-04
  0.71663699  -0.63088972  -0.29733750  1.62152168e-04
 -0.70534324   0.56895147   0.42282991  1.53191086e-04
  0.17888382  -0.92966392   0.32206456  5.19052393e-04
 -0.64196238   0.75723677   0.12031951  1.99574537e-04
  0.85113759  -0.48378509   0.20375670  8.43677322e-04
  0.16454515  -0.63018288  -0.75881120  2.40812861e-04
  0.43716553   0.87332017   0.21493763  2.48128175e-04
 -0.44302889  -0.68110012   0.58294770  6.65158340e-04
 -0.89710647   0.38723690  -0.21271477  3.51599460e-04
 -0.86904975   0.18716437  -0.45795418  1.88927145e-04
 -0.99403360  -0.03654469  -0.10277006  2.34294403e-04
  0.42057154  -0.20653211   0.88343877  3.69974845e-04
  0.58216573   0.40148963  -0.70702839  6.18146289e-04
  0.89144805   0.34456454  -0.29427139  1.71547782e-04
 -0.58240429   0.03331317  -0.81221640  1.47562591e-04
 -0.57031126   0.68420413  -0.45454347  1.76586626e-04
  0.19624578   0.80495418   0.55994317  1.57672754e-04
  0.68878153  -0.68764465  -0.22961890  7.64369935e-04
  0.44934753  -0.76008838  -0.46941713  1.57311392e-04
  0.56159780   0.07939371   0.82359247  4.20744770e-04
  0.79396910   0.35563062  -0.49309222  2.50394433e-04
 -0.16713998   0.68251496   0.71150373  6.31743803e-04
  0.27606710   0.26434846  -0.92407080  1.97592597e-04
 -0.50250137   0.55541177  -0.66257841  2.35562286e-04
 -0.99957903   0.02178042  -0.01916726  4.42791371e-04
 -0.78762095   0.60206726   0.13102769  2.75520326e-04
 -0.31512329   0.11907595   0.94155097  2.27370146e-04
 -0.91419001  -0.27090901  -0.30143811  1.82739807e-04
 -0.48801709  -0.83921819  -0.23990031  1.96170425e-04
 -0.60633430   0.58680169   0.53667727  5.77623420e-04
 -0.38922854   0.85510414   0.34248804  2.52104148e-04
  0.46097016   0.50389558  -0.73047639  5.96108036e-04
  0.82214427  -0.44163996  -0.35921156  3.31368051e-04
 -0.14983217  -0.50355278  -0.85087303  1.49263434e-04
  0.03297625   0.99925930   0.01983457  1.60203143e-04
  0.61796910  -0.40981290  -0.67094529  3.30742852e-04
  0.08377851   0.14930529   0.98523555  2.60271420e-04
  0.77932017  -0.18058741  -0.60004021  3.45851855e-04
 -0.50626937  -0.81057473  -0.29438059  1.59284931e-04
