50
 -1.1407996218300525E+00 -2.3170985309886123E+00 3.8420614944644871E-01
 8.7503376327620393E-03 -6.0347568537957273E-03 -1.7477314261744880E-03
0
0.0
 -1.1407996218300525E+00 -2.3170985309886123E+00 3.8420614944644871E-01
 8.7822177725467784E-03 -6.0049760041776864E-03 -1.7577186982312956E-03
0
0.0
 -1.1407996218300525E+00 -2.3170985309886123E+00 3.8420614944644871E-01
 9.0113870043089343E-03 -5.7979605076863847E-03 -1.6851510764816595E-03
0
0.0
 -1.1407996218300525E+00 -2.3170985309886123E+00 3.8420614944644871E-01
 8.6841935305967503E-03 -6.1908167084927931E-03 -1.4954696557180540E-03
0
0.0
 -1.1407996218300525E+00 -2.3170985309886123E+00 3.8420614944644871E-01
 8.7934597798840254E-03 -6.0280033241268639E-03 -1.7000855683552620E-03
0
0.0
 -1.1407996218300525E+00 -2.3170985309886123E+00 3.8420614944644871E-01
 8.9937439209065075E-03 -6.0998855470747468E-03 -1.7693165330887426E-03
0
0.0
 -1.1407996218300525E+00 -2.3170985309886123E+00 3.8420614944644871E-01
 8.7196049118777770E-03 -5.6835770421921469E-03 -1.5445597436880970E-03
0
0.0
 -1.1407996218300525E+00 -2.3170985309886123E+00 3.8420614944644871E-01
 8.6746761153305603E-03 -5.8476946347574884E-03 -1.3419567160800516E-03
0
0.0
 -1.1407996218300525E+00 -2.3170985309886123E+00 3.8420614944644871E-01
 8.6880686875719058E-03 -6.0437440676723766E-03 -1.7172027901893806E-03
0
0.0
 -1.1407996218300525E+00 -2.3170985309886123E+00 3.8420614944644871E-01
 8.9672044523147303E-03 -5.9996078508140292E-03 -1.4997328998230509E-03
0
0.0
 -1.1407996218300525E+00 -2.3170985309886123E+00 3.8420614944644871E-01
 8.6486903797671141E-03 -6.0118577226611798E-03 -1.5494682355410971E-03
0
0.0
 -1.1407996218300525E+00 -2.3170985309886123E+00 3.8420614944644871E-01
 8.7387684433593588E-03 -5.9111168630592240E-03 -1.6995886283204457E-03
0
0.0
 -1.1407996218300525E+00 -2.3170985309886123E+00 3.8420614944644871E-01
 8.8296694623578378E-03 -5.9415610658277076E-03 -1.4463642441278758E-03
0
0.0
 -1.1407996218300525E+00 -2.3170985309886123E+00 3.8420614944644871E-01
 8.7886731587245789E-03 -6.2022724374602373E-03 -1.5468758219296657E-03
0
0.0
 -1.1407996218300525E+00 -2.3170985309886123E+00 3.8420614944644871E-01
 8.6877556143058771E-03 -5.6581474133253640E-03 -1.7141237580536597E-03
0
0.0
 -1.1407996218300525E+00 -2.3170985309886123E+00 3.8420614944644871E-01
 8.8496794968928264E-03 -6.0567773736064376E-03 -1.4837186919334970E-03
0
0.0
 -1.1407996218300525E+00 -2.3170985309886123E+00 3.8420614944644871E-01
 8.7892900095608070E-03 -6.0038958653026138E-03 -1.7530485844838629E-03
0
0.0
 -1.1407996218300525E+00 -2.3170985309886123E+00 3.8420614944644871E-01
 8.9520357717069576E-03 -5.8971645200016675E-03 -1.4906539437361344E-03
0
0.0
 -1.1407996218300525E+00 -2.3170985309886123E+00 3.8420614944644871E-01
 8.9120059842192241E-03 -6.0062834427206139E-03 -1.5432750501137530E-03
0
0.0
 -1.1407996218300525E+00 -2.3170985309886123E+00 3.8420614944644871E-01
 8.6275740122170787E-03 -5.9049394859255894E-03 -1.7432905477275196E-03
0
0.0
 -1.1407996218300525E+00 -2.3170985309886123E+00 3.8420614944644871E-01
 8.7597258349193310E-03 -5.7215005957531534E-03 -1.5092525029145602E-03
0
0.0
 -1.1407996218300525E+00 -2.3170985309886123E+00 3.8420614944644871E-01
 8.7398111050909812E-03 -5.9739207504820703E-03 -1.4875202117492275E-03
0
0.0
 -1.1407996218300525E+00 -2.3170985309886123E+00 3.8420614944644871E-01
 8.9384718125372180E-03 -5.8251243325094688E-03 -1.7595094023042017E-03
0
0.0
 -1.1407996218300525E+00 -2.3170985309886123E+00 3.8420614944644871E-01
 8.6357747574428573E-03 -5.7697963476982172E-03 -1.8295421886746163E-03
0
0.0
 -1.1407996218300525E+00 -2.3170985309886123E+00 3.8420614944644871E-01
 8.7215014030832521E-03 -5.9735208721272484E-03 -1.8347231758633748E-03
0
0.0
 -1.1407996218300525E+00 -2.3170985309886123E+00 3.8420614944644871E-01
 8.8489530563536523E-03 -5.9335938889305637E-03 -1.6118588634531077E-03
0
0.0
 -1.1407996218300525E+00 -2.3170985309886123E+00 3.8420614944644871E-01
 8.9196126309117867E-03 -5.8987969560250191E-03 -1.6203014619735510E-03
0
0.0
 -1.1407996218300525E+00 -2.3170985309886123E+00 3.8420614944644871E-01
 8.5916887462727711E-03 -5.9148989311195860E-03 -1.7121239080532169E-03
0
0.0
 -1.1407996218300525E+00 -2.3170985309886123E+00 3.8420614944644871E-01
 8.5828591641623330E-03 -5.9452651434312156E-03 -1.5090800546242256E-03
0
0.0
 -1.1407996218300525E+00 -2.3170985309886123E+00 3.8420614944644871E-01
 8.5441314756642336E-03 -5.8783568354507177E-03 -1.7388081490389349E-03
0
0.0
 -1.1407996218300525E+00 -2.3170985309886123E+00 3.8420614944644871E-01
 8.7526611655972929E-03 -6.1032266386863423E-03 -1.8255009992199733E-03
0
0.0
 -1.1407996218300525E+00 -2.3170985309886123E+00 3.8420614944644871E-01
 8.7881764525055365E-03 -5.9473668309634005E-03 -1.6350531620176782E-03
0
0.0
 -1.1407996218300525E+00 -2.3170985309886123E+00 3.8420614944644871E-01
 8.9589238206551451E-03 -6.0236499041092699E-03 -1.4386395767832286E-03
0
0.0
 -1.1407996218300525E+00 -2.3170985309886123E+00 3.8420614944644871E-01
 8.8472701247911002E-03 -5.9317438857478628E-03 -1.5867975793660428E-03
0
0.0
 -1.1407996218300525E+00 -2.3170985309886123E+00 3.8420614944644871E-01
 8.9302074998904094E-03 -5.9202603229778720E-03 -1.5834346239220183E-03
0
0.0
 -1.1407996218300525E+00 -2.3170985309886123E+00 3.8420614944644871E-01
 8.8169736458983457E-03 -5.8627452871540808E-03 -1.7269408357522794E-03
0
0.0
 -1.1407996218300525E+00 -2.3170985309886123E+00 3.8420614944644871E-01
 8.7991481172458759E-03 -6.0258261274146437E-03 -1.7813017096156842E-03
0
0.0
 -1.1407996218300525E+00 -2.3170985309886123E+00 3.8420614944644871E-01
 9.0215863769987376E-03 -5.6697675081352709E-03 -1.5723214339194414E-03
0
0.0
 -1.1407996218300525E+00 -2.3170985309886123E+00 3.8420614944644871E-01
 8.7507545946769114E-03 -5.7914436851733767E-03 -1.6917821708983766E-03
0
0.0
 -1.1407996218300525E+00 -2.3170985309886123E+00 3.8420614944644871E-01
 8.6077181060224689E-03 -5.9195301335558601E-03 -1.7820786222576671E-03
0
0.0
 -1.1407996218300525E+00 -2.3170985309886123E+00 3.8420614944644871E-01
 8.5589322644221127E-03 -5.8590945651008546E-03 -1.6765556956431257E-03
0
0.0
 -1.1407996218300525E+00 -2.3170985309886123E+00 3.8420614944644871E-01
 8.7688268370045425E-03 -5.8261198365454608E-03 -1.4878967587778440E-03
0
0.0
 -1.1407996218300525E+00 -2.3170985309886123E+00 3.8420614944644871E-01
 8.7710362349924936E-03 -5.8435292109769200E-03 -1.6009240178721145E-03
0
0.0
 -1.1407996218300525E+00 -2.3170985309886123E+00 3.8420614944644871E-01
 8.9198978395198802E-03 -5.7331161410631758E-03 -1.8557202258273108E-03
0
0.0
 -1.1407996218300525E+00 -2.3170985309886123E+00 3.8420614944644871E-01
 8.8028160283004104E-03 -5.9692073822459326E-03 -1.6225275833581974E-03
0
0.0
 -1.1407996218300525E+00 -2.3170985309886123E+00 3.8420614944644871E-01
 8.8094282882584148E-03 -5.9316048529849856E-03 -1.5790574368188105E-03
0
0.0
 -1.1407996218300525E+00 -2.3170985309886123E+00 3.8420614944644871E-01
 8.5215645677182116E-03 -5.8601468832226045E-03 -1.4602213809706630E-03
0
0.0
 -1.1407996218300525E+00 -2.3170985309886123E+00 3.8420614944644871E-01
 8.7623766585217724E-03 -6.0121485990848400E-03 -1.6765152157613851E-03
0
0.0
 -1.1407996218300525E+00 -2.3170985309886123E+00 3.8420614944644871E-01
 8.6464451332587417E-03 -5.9711431846860754E-03 -1.6817156113056739E-03
0
0.0
 -1.1407996218300525E+00 -2.3170985309886123E+00 3.8420614944644871E-01
 8.8067172108675963E-03 -5.7112021300743162E-03 -1.6170352458625731E-03
0
0.0
