20
-1
1
 -0.08373821   0.20805718  -0.97452559  2.24955599e-04
  0.10121264   0.69681678   0.71007209  1.85322459e-04
 -0.64869042  -0.35913747  -0.67098512  7.22944849e-04
 -0.87273394   0.43457710  -0.22243699  1.56982121e-04
  0.98887330  -0.14537454   0.03155692  2.45850179e-04
  0.51899954  -0.78345972   0.34180454  1.96309974e-04
 -0.92647532  -0.14678285   0.34655197  7.00476853e-04
  0.27658445  -0.82317664  -0.49586416  1.53493792e-04
  0.90413083   0.42717070  -0.00852221  1.49336069e-04
  0.02974580   0.40419686   0.91418821  4.03475270e-04
 -0.71059497   0.10538935  -0.69566362  2.49183197e-04
 -0.47341949  -0.87582006  -0.09387872  1.48408989e-04
  0.17688993   0.95041187  -0.25578746  1.93849244e-04
 -0.21869805   0.86166697   0.45793143  1.52806992e-04
 -0.01040549  -0.10772821  -0.99412593  1.85736182e-04
 -0.18033817   0.42608368  -0.88652741  3.74020098e-04
  0.94308704   0.30417777   0.13439762  6.23550868e-04
  0.34819754  -0.04606257   0.93628880  1.74071513e-04
  0.55602604  -0.04013808  -0.83019515  3.02281146e-04
  0.10363690  -0.98845328  -0.11054185  2.26277524e-04
