50
-1
1
 -0.73959702   0.67124882  -0.04920642  2.97831759e-04
  0.52595363   0.33354807   0.78238000  5.82774136e-04
  0.46719572   0.47608636   0.74503016  1.49475498e-04
 -0.31463712   0.55336590   0.77122608  2.07066875e-04
 -0.16883451   0.12332363   0.97789887  2.50446582e-04
  0.95975318  -0.15329706   0.23531649  8.43115714e-04
  0.31573984   0.93832310  -0.14091885  2.21082257e-04
 -0.97000692  -0.18813293  -0.15392394  1.83787480e-04
 -0.61019399   0.79225159  -0.00084849  3.71396266e-04
  0.29873934   0.94669999   0.12047382  1.46880175e-04
  0.53523108   0.63372252  -0.55850108  3.29098151e-04
 -0.01602783  -0.53524308   0.84454601  2.56111478e-04
 -0.37571070  -0.08141545   0.92315383  7.62381695e-04
 -0.77205543   0.35935815  -0.52420620  1.60150866e-04
  0.31867102  -0.81879717   0.47751437  2.64123850e-04
  0.34097820  -0.78855286  -0.51177950  4.02453720e-04
  0.58155394  -0.35504590  -0.73194086  3.26163416e-04
 -0.31930437   0.94595934   0.05661847  1.85024524e-04
 -0.89927638   0.21179798  -0.38267950  3.21084783e-04
 -0.70103574  -0.65923529  -0.27195171  3.73596982e-04
  0.66446931   0.71373428   0.22150377  7.00796006e-04
 -0.81285082   0.29963458   0.49949240  1.74326206e-04
 -0.61405287  -0.29083414   0.73372650  6.99850071e-04
  0.66236473  -0.17225969   0.72910875  2.48247874e-04
 -0.21968340  -0.86254396  -0.45580381  2.07084256e-04
  0.10942475   0.82553836  -0.55363583  2.11965684e-04
 -0.48255221  -0.16088110  -0.86096494  4.02025507e-04
  0.90834647  -0.35914058  -0.21430058  2.89065399e-04
  0.85274063   0.46340661   0.24101398  4.04619168e-04
  0.50172739  -0.80668331  -0.31230058  2.18633142e-04
 -0.41961468  -0.42632619  -0.80135479  2.02151155e-04
  0.67187719  -0.55984557  -0.48492678  1.62581341e-04
  0.98244920  -0.18470066   0.02606210  2.17136045e-04
 -0.53946230  -0.31165505  -0.78220941  1.94760950e-04
  0.51001862  -0.43091106   0.74444387  2.23542824e-04
  0.76885796  -0.60958603   0.19303447  4.46891556e-04
 -0.14396888   0.74869490   0.64709266  2.45657589e-04
 -0.43384280   0.25430373   0.86435527  2.98328042e-04
  0.00348271  -0.97825331   0.20738451  5.89204761e-04
 -0.98625349  -0.13391204  -0.09680716  2.82348852e-04
  0.83537203   0.47412565   0.27813385  1.79780943e-04
 -0.04481326  -0.27785830  -0.95957623  2.25697217e-04
  0.20537350  -0.97031118   0.12774173  2.78072864e-04
  0.21460003  -0.64399458   0.73431452  1.54829288e-04
 -0.24341126   0.62745002  -0.73963331  4.78611903e-04
 -0.07187344  -0.31665854   0.94581265  1.63019483e-04
  0.22087574  -0.65123038  -0.72602541  3.48548179e-04
 -0.74851655  -0.22574682  -0.62350730  1.65381710e-04
 -0.66443812  -0.60526242  -0.43838269  5.41089640e-04
 -0.46307978   0.88089936   0.09784390  1.88488816e-04
