20
-1
1
 -0.71704700   0.04400701  -0.69563423  3.69419175e-04
  0.01059628   0.87827374  -0.47804076  1.66316588e-04
  0.97758615  -0.20304685  -0.05565329  1.46363978e-04
  0.91506296   0.23305061  -0.32916134  5.66893686e-04
  0.19411358  -0.15162933  -0.96918959  1.73247673e-04
  0.11670389  -0.96141716   0.24911291  2.84679710e-04
  0.60335217  -0.15704108   0.78185949  4.33779206e-04
 -0.03273207   0.77002790   0.63717003  2.08217107e-04
  0.95799447   0.01378476   0.28645519  7.85898856e-04
 -0.14187012   0.94534916  -0.29357764  1.51288395e-04
  0.22482974  -0.48574317   0.84469235  4.83174897e-04
  0.19306438   0.85550011   0.48046405  4.64734683e-04
  0.62450406   0.65874320  -0.41958560  2.52540967e-04
 -0.61150925   0.65633369  -0.44190782  2.26493333e-04
 -0.82120039   0.56670465  -0.06690112  1.69434656e-04
  0.09706780  -0.86992282  -0.48354124  2.14320453e-04
 -0.29453274  -0.72259571   0.62538460  2.07440784e-04
  0.84049970  -0.00308895  -0.54180320  1.49693539e-04
 -0.23852858  -0.27282753   0.93202428  1.80842782e-04
 -0.62668882   0.40354808  -0.66664089  1.49398039e-04
