50
 -1.1407996218300525E+00 -2.3170985309886123E+00 3.8420614944644871E-01
 8.7467311303974313E-03 -5.8931105816172526E-03 -1.7579999672618712E-03
0
0.0
 -1.1407996218300525E+00 -2.3170985309886123E+00 3.8420614944644871E-01
 8.8527532703614360E-03 -5.8192089165780992E-03 -1.6917937681606092E-03
0
0.0
 -1.1407996218300525E+00 -2.3170985309886123E+00 3.8420614944644871E-01
 8.7366066028129186E-03 -5.7342727073884181E-03 -1.4602439754809909E-03
0
0.0
 -1.1407996218300525E+00 -2.3170985309886123E+00 3.8420614944644871E-01
 8.9469908648211229E-03 -5.9385844305090887E-03 -1.6707861544304845E-03
0
0.0
 -1.1407996218300525E+00 -2.3170985309886123E+00 3.8420614944644871E-01
 8.6865980603103472E-03 -5.8520681790844489E-03 -1.3185238372254960E-03
0
0.0
 -1.1407996218300525E+00 -2.3170985309886123E+00 3.8420614944644871E-01
 8.7070426588323601E-03 -6.0439182875059918E-03 -1.7133876609440385E-03
0
0.0
 -1.1407996218300525E+00 -2.3170985309886123E+00 3.8420614944644871E-01
 8.9006142302400660E-03 -5.9504914301779658E-03 -1.6407804972942428E-03
0
0.0
 -1.1407996218300525E+00 -2.3170985309886123E+00 3.8420614944644871E-01
 8.9529788886311291E-03 -6.1678716047449626E-03 -1.6976125920105871E-03
0
0.0
 -1.1407996218300525E+00 -2.3170985309886123E+00 3.8420614944644871E-01
 8.6209288555974348E-03 -5.7912490897689319E-03 -1.6834713920574655E-03
0
0.0
 -1.1407996218300525E+00 -2.3170985309886123E+00 3.8420614944644871E-01
 8.7963689295528485E-03 -5.8994812811329744E-03 -1.6820438004502632E-03
0
0.0
 -1.1407996218300525E+00 -2.3170985309886123E+00 3.8420614944644871E-01
 8.7084654406187935E-03 -5.6710862478179004E-03 -1.5295421233871322E-03
0
0.0
 -1.1407996218300525E+00 -2.3170985309886123E+00 3.8420614944644871E-01
 8.9117863679894771E-03 -5.9462995877964716E-03 -1.4822809706409078E-03
0
0.0
 -1.1407996218300525E+00 -2.3170985309886123E+00 3.8420614944644871E-01
 8.7987817652134658E-03 -5.9573500952285951E-03 -1.5263844578947664E-03
0
0.0
 -1.1407996218300525E+00 -2.3170985309886123E+00 3.8420614944644871E-01
 8.5633817275517395E-03 -5.8561392570879132E-03 -1.5710560996875914E-03
0
0.0
 -1.1407996218300525E+00 -2.3170985309886123E+00 3.8420614944644871E-01
 8.6679290829763979E-03 -6.1344161509160455E-03 -1.7917334690735075E-03
0
0.0
 -1.1407996218300525E+00 -2.3170985309886123E+00 3.8420614944644871E-01
 8.7117648263652769E-03 -5.9439343759587924E-03 -1.5637957928652073E-03
0
0.0
 -1.1407996218300525E+00 -2.3170985309886123E+00 3.8420614944644871E-01
 8.5201986488449982E-03 -5.8583135230942922E-03 -1.7094051545992032E-03
0
0.0
 -1.1407996218300525E+00 -2.3170985309886123E+00 3.8420614944644871E-01
 8.8582210552488553E-03 -5.9702352068836430E-03 -1.5454782364814198E-03
0
0.0
 -1.1407996218300525E+00 -2.3170985309886123E+00 3.8420614944644871E-01
 8.7588910436845625E-03 -6.1252591942299256E-03 -1.6090247203459462E-03
0
0.0
 -1.1407996218300525E+00 -2.3170985309886123E+00 3.8420614944644871E-01
 8.5689161300747507E-03 -5.7957432265585539E-03 -1.5929481979817899E-03
0
0.0
 -1.1407996218300525E+00 -2.3170985309886123E+00 3.8420614944644871E-01
 8.6995118556522245E-03 -5.6470461469738673E-03 -1.6362708208247972E-03
0
0.0
 -1.1407996218300525E+00 -2.3170985309886123E+00 3.8420614944644871E-01
 8.7367406162578275E-03 -5.8757856979344139E-03 -1.6428152162796246E-03
0
0.0
 -1.1407996218300525E+00 -2.3170985309886123E+00 3.8420614944644871E-01
 8.7983794228311766E-03 -6.0052765664630955E-03 -1.4087044266180380E-03
0
0.0
 -1.1407996218300525E+00 -2.3170985309886123E+00 3.8420614944644871E-01
 8.6379368937126496E-03 -5.9912677121893845E-03 -1.5137145843201235E-03
0
0.0
 -1.1407996218300525E+00 -2.3170985309886123E+00 3.8420614944644871E-01
 8.9073365923874048E-03 -6.0673515699335937E-03 -1.5938779396278096E-03
0
0.0
 -1.1407996218300525E+00 -2.3170985309886123E+00 3.8420614944644871E-01
 8.8540601737841368E-03 -5.9005153194632903E-03 -1.4347063745322286E-03
0
0.0
 -1.1407996218300525E+00 -2.3170985309886123E+00 3.8420614944644871E-01
 8.5835222054052307E-03 -5.9860326711659809E-03 -1.6036436690012499E-03
0
0.0
 -1.1407996218300525E+00 -2.3170985309886123E+00 3.8420614944644871E-01
 8.8462527187777532E-03 -5.9405907396545918E-03 -1.6356621723201382E-03
0
0.0
 -1.1407996218300525E+00 -2.3170985309886123E+00 3.8420614944644871E-01
 8.7494722283567600E-03 -5.9284174675369892E-03 -1.6821080598559380E-03
0
0.0
 -1.1407996218300525E+00 -2.3170985309886123E+00 3.8420614944644871E-01
 8.8666954754476925E-03 -5.6322612692007862E-03 -1.6132838823824291E-03
0
0.0
 -1.1407996218300525E+00 -2.3170985309886123E+00 3.8420614944644871E-01
 8.7107048006501153E-03 -5.8972257218629634E-03 -1.8495880419192006E-03
0
0.0
 -1.1407996218300525E+00 -2.3170985309886123E+00 3.8420614944644871E-01
 8.7270922940114286E-03 -5.8936764378929802E-03 -1.6317097321359492E-03
0
0.0
 -1.1407996218300525E+00 -2.3170985309886123E+00 3.8420614944644871E-01
 8.6331339239150429E-03 -6.1062520011513667E-03 -1.6565470130314099E-03
0
0.0
 -1.1407996218300525E+00 -2.3170985309886123E+00 3.8420614944644871E-01
 8.5826278067905257E-03 -5.8849725776179045E-03 -1.8096658613545144E-03
0
0.0
 -1.1407996218300525E+00 -2.3170985309886123E+00 3.8420614944644871E-01
 8.7296194999439518E-03 -5.7542457338684476E-03 -1.5461903785034456E-03
0
0.0
 -1.1407996218300525E+00 -2.3170985309886123E+00 3.8420614944644871E-01
 8.7806855276983502E-03 -6.0847653116291511E-03 -1.8638942629003649E-03
0
0.0
 -1.1407996218300525E+00 -2.3170985309886123E+00 3.8420614944644871E-01
 8.9233063061469556E-03 -5.9154297626674620E-03 -1.4920752826617723E-03
0
0.0
 -1.1407996218300525E+00 -2.3170985309886123E+00 3.8420614944644871E-01
 8.7713050415366908E-03 -5.9231368303289504E-03 -1.6649849015633851E-03
0
0.0
 -1.1407996218300525E+00 -2.3170985309886123E+00 3.8420614944644871E-01
 8.7185278894523367E-03 -5.6290729959272909E-03 -1.6654394132795377E-03
0
0.0
 -1.1407996218300525E+00 -2.3170985309886123E+00 3.8420614944644871E-01
 8.9473879491751337E-03 -5.8241039234822236E-03 -1.6345420471980121E-03
0
0.0
 -1.1407996218300525E+00 -2.3170985309886123E+00 3.8420614944644871E-01
 8.7748184610657171E-03 -5.8736548919367951E-03 -1.7326904972621198E-03
0
0.0
 -1.1407996218300525E+00 -2.3170985309886123E+00 3.8420614944644871E-01
 8.8336495795035587E-03 -5.8441869965045355E-03 -1.7883065616267904E-03
0
0.0
 -1.1407996218300525E+00 -2.3170985309886123E+00 3.8420614944644871E-01
 8.7908903129473945E-03 -6.2134691969749252E-03 -1.6443073303751485E-03
0
0.0
 -1.1407996218300525E+00 -2.3170985309886123E+00 3.8420614944644871E-01
 8.6697104449732481E-03 -5.9852458565732292E-03 -1.5389031210045136E-03
0
0.0
 -1.1407996218300525E+00 -2.3170985309886123E+00 3.8420614944644871E-01
 8.6932852058821813E-03 -5.7682650809992072E-03 -1.9094736923128634E-03
0
0.0
 -1.1407996218300525E+00 -2.3170985309886123E+00 3.8420614944644871E-01
 8.5254093845691416E-03 -6.0764063518190950E-03 -1.5710957583582061E-03
0
0.0
 -1.1407996218300525E+00 -2.3170985309886123E+00 3.8420614944644871E-01
 8.5927246801948132E-03 -6.1113796240145806E-03 -1.7619220231428956E-03
0
0.0
 -1.1407996218300525E+00 -2.3170985309886123E+00 3.8420614944644871E-01
 8.7352035737436485E-03 -5.9276515625704840E-03 -1.4527409993811214E-03
0
0.0
 -1.1407996218300525E+00 -2.3170985309886123E+00 3.8420614944644871E-01
 8.9051457884419937E-03 -6.1459905303375591E-03 -1.6412787929637139E-03
0
0.0
 -1.1407996218300525E+00 -2.3170985309886123E+00 3.8420614944644871E-01
 8.8884635790152083E-03 -5.9485189864228703E-03 -1.7948784065167894E-03
0
0.0
