50
-1
1
  0.26146225   0.96441668   0.03921673  3.54541057e-04
  0.96066633   0.26386522   0.08657570  8.71257377e-04
 -0.06283331   0.15269193   0.98627438  2.91495968e-04
  0.10721331   0.98362243   0.14488689  3.95442333e-04
  0.23062087   0.88382219   0.40702868  5.37419618e-04
 -0.27191032   0.19055102  -0.94326830  5.14783511e-04
 -0.35362531   0.03416961   0.93476285  7.24565884e-04
 -0.39270586   0.18575266  -0.90070975  1.48421742e-04
  0.92279350   0.27901429   0.26571261  1.83860098e-04
 -0.31469547   0.88669097  -0.33874162  1.70988910e-04
  0.87856310  -0.24780000  -0.40831610  2.69958226e-04
  0.66672530   0.37659959  -0.64315638  8.05859644e-04
 -0.66480727   0.42188457  -0.61647766  2.20500465e-04
 -0.57570183  -0.64757165   0.49921775  1.64323960e-04
  0.21309870   0.73820534  -0.64003267  7.88758459e-04
  0.95317740  -0.30238073   0.00432921  1.82379895e-04
  0.10689479   0.89581984  -0.43137028  2.41764440e-04
 -0.53957804  -0.75849734  -0.36542759  2.95891167e-04
  0.01560590   0.05722454   0.99823935  2.10170000e-04
  0.39154201   0.22681226  -0.89176850  1.69074301e-04
 -0.63839284  -0.71250504  -0.29118920  4.58137248e-04
  0.09076365  -0.86121551   0.50006979  2.28708654e-04
 -0.08082843  -0.09348552   0.99233423  1.70383335e-04
  0.35408741  -0.88493985  -0.30249557  2.53585997e-04
 -0.12666289  -0.25455303  -0.95872794  2.14614374e-04
 -0.73011887  -0.68317067  -0.01429222  1.75847587e-04
 -0.26939712   0.17923358   0.94620321  5.09991561e-04
  0.27399973   0.24715747   0.92942850  1.59011768e-04
 -0.82253157   0.34609779   0.45128498  1.48520343e-04
 -0.56957872   0.47429739   0.67128390  8.17466822e-04
 -0.64679277  -0.71597278  -0.26275861  2.41173030e-04
 -0.76628957  -0.59101791  -0.25198833  5.15594081e-04
 -0.93946966   0.34223547   0.01648180  2.68331578e-04
 -0.73549440  -0.54048940  -0.40855747  5.19371918e-04
 -0.62222777   0.78139294   0.04751497  2.91478127e-04
 -0.13410643  -0.88474097  -0.44637302  5.18320338e-04
  0.02215365   0.18362088   0.98274747  4.59422762e-04
  0.17375337   0.70345614  -0.68917285  3.01356482e-04
  0.73437031   0.61690551  -0.28306861  1.61253422e-04
  0.14616756   0.55498922   0.81891514  2.34598487e-04
  0.54660293  -0.83492182  -0.06427128  4.38272040e-04
 -0.92428845  -0.33087421  -0.19029745  6.39542434e-04
  0.29789034  -0.89929591   0.32020027  4.95422289e-04
 -0.09861639   0.44676337   0.88920037  2.35579783e-04
 -0.05169191   0.55964870  -0.82711624  1.50154529e-04
  0.50311230   0.76030491   0.41087037  1.84945244e-04
 -0.82570524  -0.28671453  -0.48580411  1.61178705e-04
 -0.25748669  -0.74291771   0.61787853  8.66616765e-04
  0.61836232  -0.33586434  -0.71050910  3.71134184e-04
  0.08760252  -0.93787676  -0.33572754  3.65908631e-04
