20
-1
1
 -0.18032532   0.22597507   0.95729726  5.59714385e-04
 -0.73568047   0.32863652   0.59226032  5.03583042e-04
  0.60383118  -0.15322011  -0.78224773  2.12823461e-04
  0.00001948   0.00573558   0.99998355  1.62980968e-04
 -0.66107926  -0.56604274   0.49251378  3.68231423e-04
 -0.22974098   0.20862978  -0.95062753  2.03413275e-04
  0.43667022  -0.58949480   0.67956972  2.76332709e-04
 -0.35469127  -0.90709640  -0.22665001  1.56965218e-04
 -0.84062384  -0.10717236   0.53091020  1.76307707e-04
  0.65430377   0.75610769  -0.01370184  3.78498330e-04
 -0.52294833   0.04730156   0.85105089  2.63104285e-04
 -0.12413726  -0.68942851   0.71363736  3.60495403e-04
 -0.28554406  -0.60820125   0.74064555  1.60480067e-04
 -0.65809305  -0.74589767   0.10271419  1.57151329e-04
 -0.63816502   0.71653380   0.28164644  1.73027974e-04
 -0.37655810   0.87214052  -0.31236984  2.65104069e-04
 -0.33355211   0.94067924   0.06217365  4.03933390e-04
 -0.29709391   0.95166199   0.07794016  2.52201097e-04
  0.76041971  -0.58825154   0.27517630  3.46398072e-04
 -0.51161067   0.85828356  -0.04004822  7.44835884e-04
