20
 -1.1407996218300525E+00 -2.3170985309886123E+00 3.8420614944644871E-01
 8.7261080122543831E-03 -6.1087151989819054E-03 -1.6495908767700138E-03
0
0.0
 -1.1407996218300525E+00 -2.3170985309886123E+00 3.8420614944644871E-01
 8.6826511356571622E-03 -6.0943629077529230E-03 -1.6112654520167194E-03
0
0.0
 -1.1407996218300525E+00 -2.3170985309886123E+00 3.8420614944644871E-01
 8.7642000531251985E-03 -5.9043190543204213E-03 -1.5694993024543593E-03
0
0.0
 -1.1407996218300525E+00 -2.3170985309886123E+00 3.8420614944644871E-01
 8.8794902878416015E-03 -5.9370425735884667E-03 -1.8184215136605782E-03
0
0.0
 -1.1407996218300525E+00 -2.3170985309886123E+00 3.8420614944644871E-01
 8.7317158747126089E-03 -5.8860075431852290E-03 -1.8233131971077470E-03
0
0.0
 -1.1407996218300525E+00 -2.3170985309886123E+00 3.8420614944644871E-01
 8.8543317598207064E-03 -5.8358417610309297E-03 -1.4856945186879108E-03
0
0.0
 -1.1407996218300525E+00 -2.3170985309886123E+00 3.8420614944644871E-01
 8.8005066959312046E-03 -5.8254512453060790E-03 -1.6729997169064258E-03
0
0.0
 -1.1407996218300525E+00 -2.3170985309886123E+00 3.8420614944644871E-01
 8.8295125705588999E-03 -5.9467560816613037E-03 -1.6612454166061634E-03
0
0.0
 -1.1407996218300525E+00 -2.3170985309886123E+00 3.8420614944644871E-01
 8.7772946024610252E-03 -5.8181077983921496E-03 -1.3438579632449440E-03
0
0.0
 -1.1407996218300525E+00 -2.3170985309886123E+00 3.8420614944644871E-01
 8.7076231799796209E-03 -6.0639941019849835E-03 -1.7193104899903694E-03
0
0.0
 -1.1407996218300525E+00 -2.3170985309886123E+00 3.8420614944644871E-01
 8.7581112615609091E-03 -6.0317473535407519E-03 -1.4519196803478769E-03
0
0.0
 -1.1407996218300525E+00 -2.3170985309886123E+00 3.8420614944644871E-01
 8.8206914246089594E-03 -5.8522168414156684E-03 -1.5544111641420523E-03
0
0.0
 -1.1407996218300525E+00 -2.3170985309886123E+00 3.8420614944644871E-01
 8.7950570049224481E-03 -5.9404141450705439E-03 -1.6433631900948044E-03
0
0.0
 -1.1407996218300525E+00 -2.3170985309886123E+00 3.8420614944644871E-01
 8.6972016691925502E-03 -5.9310455441061579E-03 -1.6122617353426050E-03
0
0.0
 -1.1407996218300525E+00 -2.3170985309886123E+00 3.8420614944644871E-01
 8.7488590893282422E-03 -5.8332960256114504E-03 -1.4992092739839862E-03
0
0.0
 -1.1407996218300525E+00 -2.3170985309886123E+00 3.8420614944644871E-01
 9.0181086383697272E-03 -6.0974034798295315E-03 -1.6609455102512903E-03
0
0.0
 -1.1407996218300525E+00 -2.3170985309886123E+00 3.8420614944644871E-01
 8.7757215577306813E-03 -5.9351029318823285E-03 -1.5719340938230271E-03
0
0.0
 -1.1407996218300525E+00 -2.3170985309886123E+00 3.8420614944644871E-01
 8.9259154928882506E-03 -6.0074254854798927E-03 -1.6784903956831767E-03
0
0.0
 -1.1407996218300525E+00 -2.3170985309886123E+00 3.8420614944644871E-01
 8.8532800695515258E-03 -5.8603735104035765E-03 -1.6628692047274691E-03
0
0.0
 -1.1407996218300525E+00 -2.3170985309886123E+00 3.8420614944644871E-01
 8.8258456606141091E-03 -6.1868346086786279E-03 -1.5861706278712054E-03
0
0.0
