400
-1
1
 -0.11579842   0.58312871  -0.80408434  5.06243474e-04
 -0.23058909  -0.55876345  -0.79662543  1.64581812e-04
  0.63476245   0.76778983   0.08703680  7.17117223e-04
 -0.27362680   0.47429366  -0.83676394  1.51912120e-04
  0.58745220  -0.02808791   0.80877128  4.32165741e-04
 -0.86096151  -0.47934405   0.17021913  3.77707237e-04
  0.36030789   0.30931388  -0.88005860  3.81178832e-04
 -0.05059579   0.14585002   0.98801206  1.52856021e-04
  0.93141356   0.24735044   0.26699541  1.73270434e-04
 -0.71592858   0.07007765  -0.69464768  2.36424759e-04
  0.65298167   0.49836878  -0.57030124  1.55898852e-04
  0.42748492  -0.88087151  -0.20327819  2.64890790e-04
 -0.36788958  -0.65862561  -0.65640655  4.94971757e-04
 -0.26236106   0.43211301   0.86281227  3.62743529e-04
  0.42131726  -0.16925722  -0.89097910  1.76614753e-04
 -0.46955286  -0.03613487   0.88216460  2.81550357e-04
  0.24331046   0.33558699   0.91004472  2.70826627e-04
  0.95817769   0.25256379   0.13456244  5.26718329e-04
  0.50293271  -0.74458486  -0.43892149  4.54709721e-04
  0.15798175  -0.73959928  -0.65424359  1.93381365e-04
 -0.23499002   0.95627981   0.17409372  3.00649941e-04
  0.60951315  -0.31954391  -0.72552423  1.95183006e-04
 -0.78976973  -0.58179438  -0.19436839  1.92407675e-04
  0.03324730  -0.55901969  -0.82848754  2.98262599e-04
 -0.19896573   0.59507658  -0.77865044  2.19445535e-04
 -0.64168579   0.70779203   0.29541459  1.79341515e-04
 -0.33740154  -0.81138182  -0.47730466  4.09987538e-04
  0.67807632   0.50711035   0.53202594  1.47703700e-04
  0.31860658   0.94757304  -0.02439634  2.97049552e-04
 -0.27906846   0.58815179  -0.75907725  2.94190937e-04
 -0.04656626   0.88896810   0.45559555  6.51148889e-04
 -0.78996232  -0.04683027   0.61136442  1.58760380e-04
  0.19843975   0.56356665  -0.80188172  3.63026455e-04
  0.37493758   0.79726048   0.47307244  1.69952532e-04
 -0.61491424  -0.24031295   0.75108599  2.30404785e-04
  0.28168185   0.68102055   0.67591889  1.58235438e-04
 -0.32296729   0.43611780   0.83993654  2.48836692e-04
 -0.12912559  -0.25760878   0.95758253  2.02099526e-04
 -0.91232946  -0.07477128  -0.40257201  1.62686638e-04
  0.39758021   0.55152432  -0.73331501  2.61935248e-04
 -0.23592017  -0.51313775   0.82524622  2.68436218e-04
 -0.14095433   0.87887483   0.45575313  6.45886727e-04
  0.22353081   0.37527314   0.89955770  3.09165733e-04
 -0.14118204   0.96034011  -0.24044647  6.90753445e-04
 -0.41126678  -0.54280907   0.73226904  1.58642015e-04
  0.21279905  -0.95287318   0.21621580  1.99976736e-04
  0.47021251   0.29596092   0.83144893  1.50106646e-04
  0.98382374  -0.12685523   0.12648554  1.50869903e-04
  0.99274162  -0.09586518  -0.07262197  1.99511471e-04
 -0.97423293   0.22158926  -0.04205245  4.22181430e-04
  0.31450176   0.68413804  -0.65806062  2.06036047e-04
  0.51654237   0.62120036  -0.58931664  2.17096180e-04
 -0.09817647  -0.06517239   0.99303270  3.12517053e-04
  0.72214230   0.31438164   0.61617748  2.47222707e-04
 -0.01264958  -0.63242081  -0.77452173  4.90265608e-04
 -0.05869560   0.53756811  -0.84117498  6.15302326e-04
 -0.39983794  -0.86827275   0.29365295  3.08962964e-04
 -0.06828980   0.27172992   0.95994758  2.31390533e-04
 -0.88694418   0.20298469   0.41488220  2.03137152e-04
  0.28698440   0.42928140   0.85636291  1.52799692e-04
 -0.62375839  -0.65944947  -0.41958536  1.96113719e-04
  0.94353110  -0.11034446   0.31236703  4.33965492e-04
 -0.80271389  -0.15646657  -0.57547252  7.95249010e-04
 -0.58971091  -0.75637222   0.28309382  5.50435781e-04
 -0.97681134   0.03316469  -0.21151766  1.67538375e-04
  0.13814343   0.91585842  -0.37698774  2.19629180e-04
  0.27104289   0.38388016   0.88270707  1.84614552e-04
  0.74203274   0.59310971  -0.31242324  1.97468282e-04
  0.48275184  -0.51709406  -0.70679870  1.64645798e-04
  0.52128923   0.60948973   0.59731048  2.34843510e-04
  0.83465480   0.55075832   0.00407887  3.19774985e-04
 -0.39900687  -0.01891437  -0.91675284  1.53646694e-04
  0.25409062  -0.86404121  -0.43459263  2.83774784e-04
 -0.32567966   0.94511365   0.02632389  3.28242186e-04
 -0.13707880  -0.97512211   0.17420183  2.06787752e-04
  0.51192527   0.69631554   0.50306777  4.60653405e-04
  0.40992181   0.27609569   0.86933036  6.19801528e-04
 -0.02323649   0.96247592  -0.27037042  3.34529614e-04
  0.73792384  -0.45654911   0.49702245  1.81335360e-04
  0.45083773   0.05463047  -0.89093258  2.00646655e-04
 -0.73760302  -0.60153443  -0.30675416  4.12910154e-04
 -0.27590517   0.69021088  -0.66894340  1.86532821e-04
 -0.51038623  -0.34737675  -0.78666085  1.84662066e-04
  0.25138870  -0.22888564   0.94043346  6.13422403e-04
 -0.71280884  -0.20723742  -0.67004194  1.94184579e-04
  0.12402313   0.99189212  -0.02771791  2.20814895e-04
 -0.53560366   0.40091136  -0.74323536  2.10569714e-04
 -0.07684631   0.40022112  -0.91319094  5.37143015e-04
 -0.00080508  -0.08075171  -0.99673392  2.12087315e-04
 -0.47416388   0.61779484   0.62729431  3.05354802e-04
  0.28602520  -0.91760843   0.27601512  1.89484519e-04
 -0.17951222  -0.49072706  -0.85262085  3.56974431e-04
 -0.87544347   0.10862063  -0.47095678  2.97748031e-04
 -0.20867783   0.46870095   0.85835481  1.61163761e-04
 -0.37742351  -0.36589572   0.85068903  2.58737978e-04
  0.65890436  -0.40531709   0.63369007  4.07185751e-04
 -0.14552034   0.43231211   0.88990453  2.93831721e-04
 -0.63984434  -0.09872187   0.76213726  3.39075081e-04
 -0.27494841   0.94241188  -0.19042905  1.96219105e-04
 -0.80730452  -0.58237479  -0.09538879  1.81402277e-04
  0.60855639  -0.72071892  -0.33199904  3.03776232e-04
  0.38911253   0.55209979   0.73741254  2.67735835e-04
 -0.02652652  -0.31288420   0.94942078  1.82541810e-04
 -0.70849236  -0.53593530  -0.45914260  7.99141801e-04
  0.56480188   0.57631282   0.59064572  3.36566705e-04
 -0.99031159  -0.13234779   0.04203590  2.44834087e-04
  0.59527720   0.25959107   0.76043246  1.47315246e-04
 -0.71609874   0.02039232  -0.69770104  6.66511908e-04
  0.80567503  -0.23224626  -0.54493065  1.61525972e-04
 -0.61323951   0.49172379  -0.61817879  5.21754377e-04
  0.94399552  -0.07454464   0.32142736  1.67911542e-04
  0.15027153   0.94584728   0.28773494  2.56457183e-04
 -0.47710245  -0.25286582  -0.84168410  1.91813743e-04
  0.48348054  -0.79076803  -0.37540977  1.69633994e-04
 -0.67384740   0.56836439  -0.47211397  3.22771678e-04
  0.34679907  -0.52989058  -0.77391626  2.67272837e-04
  0.38607905   0.12839357  -0.91348676  1.79961705e-04
 -0.61392061  -0.72562420  -0.31075877  8.47987704e-04
  0.75061210   0.28189125   0.59759418  7.88228140e-04
 -0.97187959  -0.01062204   0.23523866  7.55436580e-04
 -0.90378323   0.34018453   0.25971207  6.41794933e-04
 -0.40700708   0.90708477   0.10743588  1.87680246e-04
  0.42230336   0.48511532   0.76571731  1.53305536e-04
  0.62347399   0.68208850   0.38214587  2.20546289e-04
  0.29796303   0.33035209  -0.89559228  2.51510824e-04
 -0.79026232   0.11422146  -0.60202900  2.06590044e-04
  0.32881754   0.34794500   0.87795974  2.04785901e-04
 -0.30083076   0.95329454  -0.02702527  1.60211732e-04
 -0.40191600  -0.52644837  -0.74921001  7.63490766e-04
  0.46455193  -0.74036364  -0.48585304  2.20816194e-04
 -0.73938848  -0.04456594  -0.67180246  1.94175763e-04
  0.22981970   0.96900168   0.09065676  1.81845561e-04
 -0.80629813  -0.52211528   0.27799094  4.01308899e-04
 -0.40380329   0.86255220   0.30487147  1.64324408e-04
  0.63102933  -0.37845963  -0.67717818  6.74589741e-04
  0.65981877  -0.71740034   0.22355301  2.10700198e-04
 -0.55947388  -0.63517559   0.53248563  4.49280488e-04
 -0.84030160   0.12013270  -0.52864105  2.78663675e-04
 -0.60152256   0.74846245   0.27923926  3.56500398e-04
 -0.55562823   0.72267512   0.41111791  2.21617275e-04
  0.11184342   0.99184527  -0.06110657  1.94422579e-04
 -0.41256937   0.58221822  -0.70057723  2.69321737e-04
  0.11039651  -0.99177257   0.06480566  5.99262302e-04
 -0.97371667   0.05030561   0.22213778  3.21575484e-04
 -0.69928908  -0.16707091   0.69504108  2.41432905e-04
  0.78885891   0.52124952   0.32557728  6.31914456e-04
  0.28967007  -0.04000813   0.95629002  2.28014872e-04
  0.49054361   0.73374991  -0.47008301  1.61602064e-04
  0.73687022  -0.60099015   0.30956924  1.91145883e-04
  0.74731456  -0.20789592  -0.63111033  1.57683715e-04
  0.42193693   0.14328967   0.89523031  2.16904456e-04
  0.59415151   0.56872656   0.56880057  1.69014693e-04
  0.87475611   0.32929040  -0.35548499  1.56007777e-04
  0.16328089   0.24169969  -0.95651482  4.51453701e-04
 -0.58327668   0.68327719  -0.43922727  1.72429317e-04
  0.06008079   0.73037152  -0.68040263  6.70857785e-04
  0.56423728  -0.08537125   0.82118697  2.36363223e-04
 -0.89911906  -0.35604392   0.25459308  3.67218739e-04
 -0.77714659  -0.59195460   0.21361867  3.81606077e-04
 -0.28656696  -0.11214022   0.95147462  1.54688873e-04
 -0.23005452   0.18249844   0.95591278  1.61359837e-04
  0.72858501  -0.49824303  -0.47001890  2.60689204e-04
 -0.65210796  -0.63583724  -0.41287555  2.92273124e-04
 -0.81978411   0.35706003   0.44773000  3.72777827e-04
  0.27880510  -0.21837973   0.93518876  3.61129793e-04
 -0.71375387  -0.58200144   0.38965336  3.95325040e-04
  0.58429025  -0.75397999  -0.30019840  2.06583512e-04
  0.31132470  -0.73329147   0.60445063  1.73771262e-04
 -0.64727679   0.18728107   0.73889009  5.02913706e-04
 -0.17296837   0.97796899   0.11687000  2.22607752e-04
 -0.14685317   0.68890991  -0.70981496  2.10245226e-04
  0.97623204   0.21564989  -0.02158983  2.11212481e-04
 -0.68081004  -0.65401835  -0.32978431  1.91618414e-04
  0.71405035  -0.52703206   0.46083544  3.86701188e-04
  0.84340582  -0.06542555  -0.53327866  4.69407352e-04
 -0.68115513  -0.71733226   0.14649956  2.09766983e-04
 -0.61776099  -0.67696795  -0.40010717  1.67544479e-04
  0.21411494   0.32137125   0.92242903  2.62407815e-04
 -0.45076612   0.87901340   0.15538774  4.97450294e-04
 -0.26792033   0.92045539   0.28457085  3.83499216e-04
 -0.17312519   0.63883829   0.74960877  2.01964161e-04
  0.19755820  -0.97610714  -0.09047436  3.47320532e-04
  0.38819519  -0.91529548   0.10741820  1.59824297e-04
  0.18654576  -0.77771360  -0.60030178  3.19598121e-04
 -0.18625402   0.61024479   0.77000697  1.85109366e-04
  0.70745039   0.70445505   0.05707049  2.03852257e-04
 -0.51753887   0.74559697  -0.41980790  1.71944219e-04
  0.99011992   0.13401306   0.04126786  1.78775124e-04
 -0.03579021   0.85706745   0.51395958  1.54442131e-04
 -0.44102060  -0.88046159   0.17403512  2.26395059e-04
 -0.09345235  -0.90002631  -0.42569861  5.47160810e-04
 -0.31964570   0.54149605   0.77756585  1.70243740e-04
  0.81679781  -0.50367535  -0.28134050  1.48816558e-04
 -0.33960651   0.03833387   0.93978611  1.56827081e-04
  0.49694023   0.81737616  -0.29145603  1.92726926e-04
 -0.12791611   0.13581887  -0.98244120  1.71049295e-04
  0.53804060   0.24535816   0.80641905  7.34419800e-04
 -0.97383837   0.22722655   0.00263094  2.75756802e-04
  0.77136699   0.08944210  -0.63007386  1.52319641e-04
 -0.82624043   0.18104896  -0.53343043  1.73883410e-04
 -0.34730334   0.86612857   0.35944636  2.68515537e-04
 -0.69431598   0.66811238   0.26749050  7.24827763e-04
 -0.05334627  -0.12384413   0.99086669  1.46919575e-04
  0.31261067  -0.05987346   0.94799248  1.97207467e-04
 -0.96702216  -0.05676821   0.24828515  1.86240802e-04
  0.44935518  -0.08326062  -0.88946478  8.46415793e-04
 -0.37579694  -0.37091777  -0.84923298  1.59448507e-04
  0.27966858  -0.84401395   0.45763079  5.18137469e-04
 -0.76013109   0.55986933  -0.32976818  2.99744435e-04
 -0.28698197   0.84861390  -0.44440499  1.47801841e-04
  0.20995621  -0.44908750   0.86846923  2.37418600e-04
  0.67113646   0.02505072  -0.74091046  2.66672051e-04
  0.59852080  -0.55148492   0.58106560  2.29998541e-04
  0.74054488   0.30458064   0.59901913  1.82351298e-04
 -0.35758954   0.71413461   0.60178193  6.90945835e-04
 -0.91489492   0.36592728  -0.17048319  1.69272573e-04
 -0.46697050   0.44493249   0.76418168  2.95256952e-04
  0.46509253   0.61666380   0.63514936  2.37554406e-04
  0.54131320   0.84054560  -0.02152008  7.05900627e-04
 -0.24601809  -0.88509776   0.39506589  1.93704773e-04
  0.92865596   0.15973975  -0.33478547  1.58281268e-04
 -0.94868512   0.08409157  -0.30483627  1.47045055e-04
  0.54824391  -0.52811855   0.64847468  2.65882337e-04
 -0.34159551   0.76706136   0.54307400  4.06212732e-04
 -0.36253965   0.11605886  -0.92471366  1.92906174e-04
 -0.84832062  -0.23267251  -0.47562131  2.97918626e-04
  0.90615529  -0.39113872  -0.16091331  1.91736125e-04
 -0.51536019   0.58321927  -0.62790060  3.20809512e-04
  0.07830229   0.97301908   0.21703139  3.94605088e-04
 -0.04757675   0.42653233   0.90322014  2.33320406e-04
 -0.75283461   0.63099253  -0.18731921  1.59909069e-04
  0.15429082   0.94601091   0.28505736  3.55679290e-04
 -0.98784737  -0.12107858   0.09745540  1.96571263e-04
  0.70238532  -0.39579106  -0.59161162  2.37110872e-04
 -0.98621892   0.00398632   0.16539756  6.33196995e-04
 -0.94113816  -0.22251931  -0.25444867  6.13926827e-04
 -0.92962476   0.02185015  -0.36785918  2.40690359e-04
  0.07077024  -0.43687773  -0.89673264  1.86721906e-04
  0.43110169  -0.79210244   0.43211695  1.98083194e-04
  0.75228438   0.65359968   0.08291971  2.55829593e-04
  0.91819842  -0.36696277  -0.14916430  2.28057827e-04
 -0.71693633  -0.36679750  -0.59284222  1.79753374e-04
  0.37567247  -0.79129441  -0.48241408  1.57024437e-04
  0.19862778  -0.85145064  -0.48536463  1.50278123e-04
 -0.70573989   0.15524448  -0.69125275  3.54167259e-04
 -0.98513708  -0.08008593   0.15195780  2.11178816e-04
  0.49282029   0.82584414   0.27406135  2.67208403e-04
 -0.57339778   0.62378575  -0.53113682  2.48425054e-04
  0.69471567   0.36262258   0.62118838  1.79080228e-04
 -0.87183495   0.24525312   0.42397492  2.59126101e-04
 -0.33069246   0.90436281  -0.26975988  2.71461292e-04
  0.12585962   0.43624506  -0.89098238  4.62750126e-04
  0.00770404   0.99247481   0.12220634  4.99364826e-04
  0.69105172   0.71375085  -0.11404931  1.64661201e-04
  0.87236153   0.23305936  -0.42973096  2.56572723e-04
 -0.73620326   0.43454385   0.51882213  2.60442291e-04
 -0.16719474  -0.10843863  -0.97994234  2.33428224e-04
 -0.79470531  -0.34480239  -0.49955458  7.15674032e-04
 -0.37324104  -0.67871569   0.63248411  1.67918650e-04
 -0.30232716   0.93346174   0.19299606  2.22082171e-04
  0.79658792  -0.50056567   0.33894202  4.62981785e-04
  0.44481629  -0.42040701  -0.79082009  6.74948142e-04
  0.27314386   0.25962945  -0.92627479  1.54139408e-04
 -0.97351655   0.18832776  -0.12960777  3.69419065e-04
 -0.77994513   0.62370563   0.05173863  2.79386419e-04
 -0.46561533   0.71172738   0.52597196  2.87165403e-04
  0.83438847   0.28882057   0.46944494  2.27374574e-04
  0.69628561   0.69546687  -0.17751674  2.53629462e-04
  0.45788771  -0.64592362   0.61083674  2.74263818e-04
 -0.44999256  -0.83749125   0.31002436  2.08603789e-04
 -0.62540463  -0.71186936   0.31954821  2.20480830e-04
 -0.95432796  -0.20508503  -0.21725166  1.74659502e-04
  0.23454638   0.81906320  -0.52356803  2.28607749e-04
 -0.31099227   0.73189111   0.60631610  1.62735899e-04
 -0.62298859  -0.40333218  -0.67023009  2.18263686e-04
 -0.93245145  -0.28288563  -0.22474433  2.28550797e-04
 -0.93773631   0.09198884   0.33494576  5.84476079e-04
  0.87451030  -0.23968838   0.42164110  3.44293182e-04
  0.71351505   0.58743296   0.38186227  2.60603163e-04
  0.36831831   0.68399139   0.62968040  2.43768369e-04
 -0.06770848   0.03779231   0.99698912  6.26854655e-04
 -0.01817338   0.06295371  -0.99785097  2.43581021e-04
  0.58926876   0.80298755  -0.08929345  1.67548082e-04
 -0.14024516   0.88999809  -0.43386022  2.91926876e-04
  0.65794508   0.71409064   0.23912932  5.81136340e-04
 -0.50600834   0.60872357  -0.61107379  2.34380987e-04
  0.71726131  -0.47037416   0.51408595  1.54342533e-04
  0.53532967  -0.64928131   0.54023692  2.68562004e-04
 -0.68983154  -0.68747011   0.22697420  1.58551457e-04
  0.64643247  -0.76118267   0.05221110  1.48512815e-04
 -0.24500117   0.40430794   0.88119777  2.39932118e-04
  0.36397329  -0.37102695  -0.85431988  2.84579030e-04
  0.48363862   0.76874438   0.41848030  1.85590925e-04
 -0.57442613  -0.70958494  -0.40807332  1.49739051e-04
 -0.39476349  -0.50597441   0.76691048  1.55325704e-04
 -0.65952607  -0.42610707  -0.61923996  1.61419925e-04
  0.66318716   0.74825115   0.01740681  6.58512242e-04
  0.13910122  -0.07444203   0.98747619  1.73560666e-04
 -0.32702141  -0.77420886   0.54190188  3.06222580e-04
  0.76350029  -0.61487854   0.19746313  5.16472254e-04
 -0.50895809   0.23013002  -0.82945876  1.52963874e-04
  0.56476363   0.81367993   0.13772077  1.45571314e-04
  0.31028285   0.75340133   0.57975080  6.19190084e-04
 -0.82784660  -0.36040819  -0.42985572  3.38381466e-04
  0.21612345  -0.62721742  -0.74825728  2.51147980e-04
 -0.52478144   0.78376732  -0.33213437  3.30634148e-04
  0.56676786   0.32911977   0.75528429  2.33796413e-04
  0.46295192   0.58375718   0.66701055  5.78405840e-04
  0.67377403  -0.02095406   0.73864030  2.17227119e-04
  0.58440250   0.74967155  -0.31059021  2.13164184e-04
 -0.37243477  -0.49654223   0.78405239  3.04077101e-04
 -0.70906099  -0.51665367  -0.47989738  1.47309582e-04
  0.94297586   0.12419368   0.30882431  1.61653593e-04
  0.51490509   0.41237258   0.75154615  3.59020458e-04
  0.66283456  -0.73594668   0.13795951  3.01708528e-04
  0.73615889   0.35389017  -0.57691579  1.49588510e-04
  0.72735709  -0.29137100  -0.62133292  3.62565849e-04
  0.12958129   0.21581821  -0.96779708  2.86558479e-04
 -0.30234568   0.77890013  -0.54945581  3.50944247e-04
 -0.42716492   0.32834191   0.84244983  2.13780004e-04
 -0.71704700   0.04400701  -0.69563423  3.69419175e-04
  0.01059628   0.87827374  -0.47804076  1.66316588e-04
  0.97758615  -0.20304685  -0.05565329  1.46363978e-04
  0.91506296   0.23305061  -0.32916134  5.66893686e-04
  0.19411358  -0.15162933  -0.96918959  1.73247673e-04
  0.11670389  -0.96141716   0.24911291  2.84679710e-04
  0.60335217  -0.15704108   0.78185949  4.33779206e-04
 -0.03273207   0.77002790   0.63717003  2.08217107e-04
  0.95799447   0.01378476   0.28645519  7.85898856e-04
 -0.14187012   0.94534916  -0.29357764  1.51288395e-04
  0.22482974  -0.48574317   0.84469235  4.83174897e-04
  0.19306438   0.85550011   0.48046405  4.64734683e-04
  0.62450406   0.65874320  -0.41958560  2.52540967e-04
 -0.61150925   0.65633369  -0.44190782  2.26493333e-04
 -0.82120039   0.56670465  -0.06690112  1.69434656e-04
  0.09706780  -0.86992282  -0.48354124  2.14320453e-04
 -0.29453274  -0.72259571   0.62538460  2.07440784e-04
  0.84049970  -0.00308895  -0.54180320  1.49693539e-04
 -0.23852858  -0.27282753   0.93202428  1.80842782e-04
 -0.62668882   0.40354808  -0.66664089  1.49398039e-04
 -0.08373821   0.20805718  -0.97452559  2.24955599e-04
  0.10121264   0.69681678   0.71007209  1.85322459e-04
 -0.64869042  -0.35913747  -0.67098512  7.22944849e-04
 -0.87273394   0.43457710  -0.22243699  1.56982121e-04
  0.98887330  -0.14537454   0.03155692  2.45850179e-04
  0.51899954  -0.78345972   0.34180454  1.96309974e-04
 -0.92647532  -0.14678285   0.34655197  7.00476853e-04
  0.27658445  -0.82317664  -0.49586416  1.53493792e-04
  0.90413083   0.42717070  -0.00852221  1.49336069e-04
  0.02974580   0.40419686   0.91418821  4.03475270e-04
 -0.71059497   0.10538935  -0.69566362  2.49183197e-04
 -0.47341949  -0.87582006  -0.09387872  1.48408989e-04
  0.17688993   0.95041187  -0.25578746  1.93849244e-04
 -0.21869805   0.86166697   0.45793143  1.52806992e-04
 -0.01040549  -0.10772821  -0.99412593  1.85736182e-04
 -0.18033817   0.42608368  -0.88652741  3.74020098e-04
  0.94308704   0.30417777   0.13439762  6.23550868e-04
  0.34819754  -0.04606257   0.93628880  1.74071513e-04
  0.55602604  -0.04013808  -0.83019515  3.02281146e-04
  0.10363690  -0.98845328  -0.11054185  2.26277524e-04
  0.60836287   0.68850134   0.39479174  2.78920142e-04
 -0.19284803   0.38138313  -0.90407773  1.49160660e-04
  0.15740278  -0.92057760   0.35743707  1.51255513e-04
  0.08185435  -0.01225028  -0.99656901  1.70529332e-04
 -0.58790605  -0.48504498  -0.64737767  4.91044955e-04
 -0.52967468   0.16527768  -0.83194232  1.50674545e-04
  0.78097445  -0.10622138  -0.61546399  1.50919363e-04
  0.30613508   0.41591785  -0.85632567  5.78424401e-04
 -0.65760367   0.73767175   0.15296339  8.35807019e-04
 -0.12026465  -0.05397576  -0.99127344  3.71764689e-04
  0.05178365  -0.99815246   0.03178232  1.73811224e-04
 -0.20024281  -0.28265612  -0.93808760  3.18080100e-04
  0.44942462   0.81364515   0.36878053  6.89857025e-04
  0.23762900   0.93269764  -0.27130715  2.62854831e-04
  0.53079508   0.32922665   0.78093943  2.55492036e-04
  0.05606314  -0.82904216  -0.55636861  2.50002769e-04
  0.81035226   0.19998505  -0.55075874  2.89046761e-04
 -0.65876008  -0.74484113   0.10605120  2.08210223e-04
  0.41555173   0.26229998  -0.87092794  3.26971697e-04
  0.97675039  -0.15841192  -0.14444496  2.07693042e-04
 -0.09657719  -0.98859106   0.11558788  2.06050836e-04
  0.31791071  -0.92161205  -0.22262978  2.77626802e-04
  0.98700702  -0.16067511  -0.00080851  2.32454388e-04
 -0.50181182   0.61380926   0.60944491  1.67683073e-04
  0.99184538  -0.10411778   0.07349985  1.60599753e-04
  0.77657250  -0.61538517  -0.13504163  1.79189144e-04
  0.80250125  -0.34572366   0.48627862  8.10341622e-04
  0.73374504   0.45128160  -0.50790071  6.86287468e-04
 -0.78701282  -0.12440208  -0.60426397  3.65313760e-04
 -0.80429411  -0.58572649  -0.10017713  2.24073717e-04
 -0.40165324  -0.32573029   0.85590563  2.79835655e-04
 -0.02054224   0.60545631  -0.79561340  2.06480697e-04
  0.43814564  -0.83160746  -0.34125861  1.55743707e-04
 -0.80111618  -0.28896780   0.52412831  2.47107370e-04
  0.57176920   0.19212174   0.79760216  2.37100901e-04
 -0.53853682   0.22478744   0.81206447  1.93655956e-04
  0.53923552  -0.51586802   0.66566151  2.69606477e-04
 -0.87600967  -0.28791586  -0.38692572  2.34588444e-04
  0.97125555  -0.05031993   0.23265974  2.24072995e-04
  0.95353877   0.06316977  -0.29457324  5.94261678e-04
