400
 -1.1407996218300525E+00 -2.3170985309886123E+00 3.8420614944644871E-01
 8.6248837983399929E-03 -6.0058661826606612E-03 -1.4638727544199798E-03
0
0.0
 -1.1407996218300525E+00 -2.3170985309886123E+00 3.8420614944644871E-01
 8.5822579592317160E-03 -5.8045935444229523E-03 -1.6883605026114658E-03
0
0.0
 -1.1407996218300525E+00 -2.3170985309886123E+00 3.8420614944644871E-01
 9.0613243002228682E-03 -5.8262182561019359E-03 -1.4782543076803049E-03
0
0.0
 -1.1407996218300525E+00 -2.3170985309886123E+00 3.8420614944644871E-01
 8.8633571352157124E-03 -5.9345931013870760E-03 -1.5899933265610580E-03
0
0.0
 -1.1407996218300525E+00 -2.3170985309886123E+00 3.8420614944644871E-01
 8.9122290258054244E-03 -5.9485953556318331E-03 -1.6245109048130333E-03
0
0.0
 -1.1407996218300525E+00 -2.3170985309886123E+00 3.8420614944644871E-01
 8.6547073003871988E-03 -5.8248132701883186E-03 -1.5663894026600913E-03
0
0.0
 -1.1407996218300525E+00 -2.3170985309886123E+00 3.8420614944644871E-01
 8.7580369404024905E-03 -5.8969909553005352E-03 -1.6732964929987463E-03
0
0.0
 -1.1407996218300525E+00 -2.3170985309886123E+00 3.8420614944644871E-01
 8.6714480192750815E-03 -5.8766712316323947E-03 -1.9192325916486332E-03
0
0.0
 -1.1407996218300525E+00 -2.3170985309886123E+00 3.8420614944644871E-01
 8.8580609312888386E-03 -5.8198699338582295E-03 -1.5431318336760842E-03
0
0.0
 -1.1407996218300525E+00 -2.3170985309886123E+00 3.8420614944644871E-01
 8.5886507904946504E-03 -5.8300131754403526E-03 -1.3704794986272983E-03
0
0.0
 -1.1407996218300525E+00 -2.3170985309886123E+00 3.8420614944644871E-01
 8.7160812070291634E-03 -5.9434698175027893E-03 -1.5571090787473872E-03
0
0.0
 -1.1407996218300525E+00 -2.3170985309886123E+00 3.8420614944644871E-01
 8.8115980780183682E-03 -5.9573866179634194E-03 -1.7176906638230189E-03
0
0.0
 -1.1407996218300525E+00 -2.3170985309886123E+00 3.8420614944644871E-01
 8.7773923501069454E-03 -5.9447774194379601E-03 -1.8143054175410317E-03
0
0.0
 -1.1407996218300525E+00 -2.3170985309886123E+00 3.8420614944644871E-01
 8.6849487059133448E-03 -5.9059982530555938E-03 -1.7342098904503901E-03
0
0.0
 -1.1407996218300525E+00 -2.3170985309886123E+00 3.8420614944644871E-01
 9.0898387713768194E-03 -5.9697548624988257E-03 -1.5563378710202963E-03
0
0.0
 -1.1407996218300525E+00 -2.3170985309886123E+00 3.8420614944644871E-01
 8.8581138280288199E-03 -5.9785228573419023E-03 -1.6292742461590291E-03
0
0.0
 -1.1407996218300525E+00 -2.3170985309886123E+00 3.8420614944644871E-01
 8.7507526857277512E-03 -5.9979305415966090E-03 -1.6968476070102537E-03
0
0.0
 -1.1407996218300525E+00 -2.3170985309886123E+00 3.8420614944644871E-01
 8.7435633729760938E-03 -5.7144354361413205E-03 -1.6649097235561252E-03
0
0.0
 -1.1407996218300525E+00 -2.3170985309886123E+00 3.8420614944644871E-01
 8.8489520682212743E-03 -5.7976422078137510E-03 -1.5063847512759654E-03
0
0.0
 -1.1407996218300525E+00 -2.3170985309886123E+00 3.8420614944644871E-01
 8.6788051417396039E-03 -5.8966019828983638E-03 -1.3815211973720793E-03
0
0.0
 -1.1407996218300525E+00 -2.3170985309886123E+00 3.8420614944644871E-01
 8.8021402356278262E-03 -5.8602982195899165E-03 -1.5664686025187507E-03
0
0.0
 -1.1407996218300525E+00 -2.3170985309886123E+00 3.8420614944644871E-01
 8.7538374219306488E-03 -5.9716503210489888E-03 -1.7789330805199383E-03
0
0.0
 -1.1407996218300525E+00 -2.3170985309886123E+00 3.8420614944644871E-01
 8.8333343634504312E-03 -6.0833063941305313E-03 -1.5348059224892911E-03
0
0.0
 -1.1407996218300525E+00 -2.3170985309886123E+00 3.8420614944644871E-01
 8.8409664636840118E-03 -5.8606241122840805E-03 -1.6850140362577799E-03
0
0.0
 -1.1407996218300525E+00 -2.3170985309886123E+00 3.8420614944644871E-01
 8.9395345436569813E-03 -5.9236937610290703E-03 -1.6757636500466569E-03
0
0.0
 -1.1407996218300525E+00 -2.3170985309886123E+00 3.8420614944644871E-01
 8.7487339466708492E-03 -5.9086333601744241E-03 -1.5924791037110642E-03
0
0.0
 -1.1407996218300525E+00 -2.3170985309886123E+00 3.8420614944644871E-01
 8.5727264253782753E-03 -5.8987140186675816E-03 -1.3786006396330330E-03
0
0.0
 -1.1407996218300525E+00 -2.3170985309886123E+00 3.8420614944644871E-01
 9.0354258763332869E-03 -5.9051417422100998E-03 -1.5966763944914256E-03
0
0.0
 -1.1407996218300525E+00 -2.3170985309886123E+00 3.8420614944644871E-01
 8.8365352136791815E-03 -5.6780996363783812E-03 -1.3905352397419347E-03
0
0.0
 -1.1407996218300525E+00 -2.3170985309886123E+00 3.8420614944644871E-01
 8.9494201666851392E-03 -5.9646806572436787E-03 -1.3573229403010417E-03
0
0.0
 -1.1407996218300525E+00 -2.3170985309886123E+00 3.8420614944644871E-01
 8.6575781871553441E-03 -5.8552478032649763E-03 -1.5009652817803997E-03
0
0.0
 -1.1407996218300525E+00 -2.3170985309886123E+00 3.8420614944644871E-01
 8.8024928478173618E-03 -5.8679502990263230E-03 -1.6597391905797589E-03
0
0.0
 -1.1407996218300525E+00 -2.3170985309886123E+00 3.8420614944644871E-01
 8.7992048486268265E-03 -6.0854072503002841E-03 -1.6358892904290696E-03
0
0.0
 -1.1407996218300525E+00 -2.3170985309886123E+00 3.8420614944644871E-01
 8.6730670279079776E-03 -6.0201798958985616E-03 -1.6621222954336370E-03
0
0.0
 -1.1407996218300525E+00 -2.3170985309886123E+00 3.8420614944644871E-01
 8.9803715818257013E-03 -5.9531601725884677E-03 -1.6613400493911833E-03
0
0.0
 -1.1407996218300525E+00 -2.3170985309886123E+00 3.8420614944644871E-01
 8.8247981501598429E-03 -6.0466109013962068E-03 -1.4981312314742211E-03
0
0.0
 -1.1407996218300525E+00 -2.3170985309886123E+00 3.8420614944644871E-01
 8.8429197840676991E-03 -6.2167627523143122E-03 -1.6396166262466396E-03
0
0.0
 -1.1407996218300525E+00 -2.3170985309886123E+00 3.8420614944644871E-01
 8.8199372012949043E-03 -5.6680385014454210E-03 -1.6310591425201656E-03
0
0.0
 -1.1407996218300525E+00 -2.3170985309886123E+00 3.8420614944644871E-01
 8.7229119417748767E-03 -5.8951811921696164E-03 -1.6097609029406624E-03
0
0.0
 -1.1407996218300525E+00 -2.3170985309886123E+00 3.8420614944644871E-01
 8.9699405500793562E-03 -5.9110634879727926E-03 -1.5396405152435662E-03
0
0.0
 -1.1407996218300525E+00 -2.3170985309886123E+00 3.8420614944644871E-01
 8.7564141270808464E-03 -6.0019605625096679E-03 -1.5469292330647442E-03
0
0.0
 -1.1407996218300525E+00 -2.3170985309886123E+00 3.8420614944644871E-01
 8.7374474409236454E-03 -5.8374072111000942E-03 -1.6598003348678560E-03
0
0.0
 -1.1407996218300525E+00 -2.3170985309886123E+00 3.8420614944644871E-01
 8.6652692391570429E-03 -6.0066469678167894E-03 -1.7034090110468879E-03
0
0.0
 -1.1407996218300525E+00 -2.3170985309886123E+00 3.8420614944644871E-01
 8.8330167861519152E-03 -5.8559960766563736E-03 -1.5549818104470395E-03
0
0.0
 -1.1407996218300525E+00 -2.3170985309886123E+00 3.8420614944644871E-01
 8.9894471999466853E-03 -5.8011614930942468E-03 -1.8359178804573028E-03
0
0.0
 -1.1407996218300525E+00 -2.3170985309886123E+00 3.8420614944644871E-01
 8.8084598716488549E-03 -5.8935792959238379E-03 -1.7097572805904809E-03
0
0.0
 -1.1407996218300525E+00 -2.3170985309886123E+00 3.8420614944644871E-01
 8.7333157284204196E-03 -5.9215436792468025E-03 -1.6646299374100902E-03
0
0.0
 -1.1407996218300525E+00 -2.3170985309886123E+00 3.8420614944644871E-01
 8.6441279460326703E-03 -5.9872299819270572E-03 -1.3593309087977206E-03
0
0.0
 -1.1407996218300525E+00 -2.3170985309886123E+00 3.8420614944644871E-01
 8.8146906310329464E-03 -5.7510224900067224E-03 -1.7293108200295165E-03
0
0.0
 -1.1407996218300525E+00 -2.3170985309886123E+00 3.8420614944644871E-01
 8.6557615205068179E-03 -6.0689477218436238E-03 -1.6347686023329439E-03
0
0.0
 -1.1407996218300525E+00 -2.3170985309886123E+00 3.8420614944644871E-01
 8.5935496435883933E-03 -5.8507810865800394E-03 -1.4808505702055979E-03
0
0.0
 -1.1407996218300525E+00 -2.3170985309886123E+00 3.8420614944644871E-01
 8.5829953867798698E-03 -5.9626485386356674E-03 -1.4553875681619542E-03
0
0.0
 -1.1407996218300525E+00 -2.3170985309886123E+00 3.8420614944644871E-01
 8.7027875507914732E-03 -6.0971456546287583E-03 -1.6139315682507729E-03
0
0.0
 -1.1407996218300525E+00 -2.3170985309886123E+00 3.8420614944644871E-01
 8.8014326193950453E-03 -5.8116777059501884E-03 -1.6703922606618818E-03
0
0.0
 -1.1407996218300525E+00 -2.3170985309886123E+00 3.8420614944644871E-01
 8.8242194043700421E-03 -5.9387273498017921E-03 -1.6443514160524098E-03
0
0.0
 -1.1407996218300525E+00 -2.3170985309886123E+00 3.8420614944644871E-01
 8.7989852684648862E-03 -5.8926360072366459E-03 -1.5989013138432264E-03
0
0.0
 -1.1407996218300525E+00 -2.3170985309886123E+00 3.8420614944644871E-01
 8.7376419464486373E-03 -5.8563483235205592E-03 -1.6695826329016889E-03
0
0.0
 -1.1407996218300525E+00 -2.3170985309886123E+00 3.8420614944644871E-01
 8.6212128558812700E-03 -5.8814149604066576E-03 -1.5548797594327865E-03
0
0.0
 -1.1407996218300525E+00 -2.3170985309886123E+00 3.8420614944644871E-01
 8.7212279459125356E-03 -6.1264744971921111E-03 -1.5125551476307649E-03
0
0.0
 -1.1407996218300525E+00 -2.3170985309886123E+00 3.8420614944644871E-01
 8.7043625403109091E-03 -6.1728004361182682E-03 -1.4419852661231851E-03
0
0.0
 -1.1407996218300525E+00 -2.3170985309886123E+00 3.8420614944644871E-01
 8.9233161052010655E-03 -5.9034602041510582E-03 -1.8820730000016412E-03
0
0.0
 -1.1407996218300525E+00 -2.3170985309886123E+00 3.8420614944644871E-01
 8.7241751453875100E-03 -5.8887167123250744E-03 -1.4159661952407988E-03
0
0.0
 -1.1407996218300525E+00 -2.3170985309886123E+00 3.8420614944644871E-01
 8.7858284910958592E-03 -5.6782227882707439E-03 -1.4228122444267380E-03
0
0.0
 -1.1407996218300525E+00 -2.3170985309886123E+00 3.8420614944644871E-01
 8.6649810056643878E-03 -6.0098349148881517E-03 -1.5068983096769601E-03
0
0.0
 -1.1407996218300525E+00 -2.3170985309886123E+00 3.8420614944644871E-01
 8.8575654984380213E-03 -5.8092840156173838E-03 -1.4241452512569043E-03
0
0.0
 -1.1407996218300525E+00 -2.3170985309886123E+00 3.8420614944644871E-01
 8.7310403288729087E-03 -6.0154089501726852E-03 -1.6103067297628618E-03
0
0.0
 -1.1407996218300525E+00 -2.3170985309886123E+00 3.8420614944644871E-01
 8.9238793117119887E-03 -5.9529809255803590E-03 -1.7299696787466251E-03
0
0.0
 -1.1407996218300525E+00 -2.3170985309886123E+00 3.8420614944644871E-01
 8.9558673330675728E-03 -5.6747296706073811E-03 -1.7457228982343804E-03
0
0.0
 -1.1407996218300525E+00 -2.3170985309886123E+00 3.8420614944644871E-01
 8.8467523863385213E-03 -5.9620222559605904E-03 -1.6539889910836812E-03
0
0.0
 -1.1407996218300525E+00 -2.3170985309886123E+00 3.8420614944644871E-01
 8.7280754776393448E-03 -5.8955960274689172E-03 -1.8716597309454709E-03
0
0.0
 -1.1407996218300525E+00 -2.3170985309886123E+00 3.8420614944644871E-01
 8.7287923847759463E-03 -5.7598688616965947E-03 -1.8718793204239679E-03
0
0.0
 -1.1407996218300525E+00 -2.3170985309886123E+00 3.8420614944644871E-01
 8.9246195138335555E-03 -6.1489099749357633E-03 -1.6779357122614859E-03
0
0.0
 -1.1407996218300525E+00 -2.3170985309886123E+00 3.8420614944644871E-01
 8.6529819349716441E-03 -5.7898496974017541E-03 -1.8658710346445184E-03
0
0.0
 -1.1407996218300525E+00 -2.3170985309886123E+00 3.8420614944644871E-01
 9.0007656165823711E-03 -5.7248388246375955E-03 -1.7489781511826391E-03
0
0.0
 -1.1407996218300525E+00 -2.3170985309886123E+00 3.8420614944644871E-01
 8.7464875168836859E-03 -5.9062708616753204E-03 -1.5852005860122512E-03
0
0.0
 -1.1407996218300525E+00 -2.3170985309886123E+00 3.8420614944644871E-01
 8.6585750204910637E-03 -5.9178217860454928E-03 -1.8348696005192487E-03
0
0.0
 -1.1407996218300525E+00 -2.3170985309886123E+00 3.8420614944644871E-01
 8.6323313653946122E-03 -5.9431861246165129E-03 -1.4979949829160531E-03
0
0.0
 -1.1407996218300525E+00 -2.3170985309886123E+00 3.8420614944644871E-01
 8.9620286147920041E-03 -5.9248075753971074E-03 -1.6305140061539710E-03
0
0.0
 -1.1407996218300525E+00 -2.3170985309886123E+00 3.8420614944644871E-01
 8.7220419918922609E-03 -5.9830144678980641E-03 -1.6652710528476835E-03
0
0.0
 -1.1407996218300525E+00 -2.3170985309886123E+00 3.8420614944644871E-01
 8.9812278396737347E-03 -5.7651161947622834E-03 -1.5306335969596336E-03
0
0.0
 -1.1407996218300525E+00 -2.3170985309886123E+00 3.8420614944644871E-01
 8.7235257230264089E-03 -5.9882005896934477E-03 -1.6694193746768151E-03
0
0.0
 -1.1407996218300525E+00 -2.3170985309886123E+00 3.8420614944644871E-01
 8.9852741339688843E-03 -5.9910373433406930E-03 -1.7689806646619217E-03
0
0.0
 -1.1407996218300525E+00 -2.3170985309886123E+00 3.8420614944644871E-01
 8.8971898303253950E-03 -5.7994558453502718E-03 -1.7368962481818665E-03
0
0.0
 -1.1407996218300525E+00 -2.3170985309886123E+00 3.8420614944644871E-01
 8.7143264042787247E-03 -5.8271283281654497E-03 -1.8670567428957844E-03
0
0.0
 -1.1407996218300525E+00 -2.3170985309886123E+00 3.8420614944644871E-01
 8.8066263569503457E-03 -5.7200266184487753E-03 -1.5178796977791740E-03
0
0.0
 -1.1407996218300525E+00 -2.3170985309886123E+00 3.8420614944644871E-01
 8.8131219761579237E-03 -5.8998904313119745E-03 -1.6447286470227186E-03
0
0.0
 -1.1407996218300525E+00 -2.3170985309886123E+00 3.8420614944644871E-01
 8.7740317986518129E-03 -5.6222751325553143E-03 -1.5978566142934812E-03
0
0.0
 -1.1407996218300525E+00 -2.3170985309886123E+00 3.8420614944644871E-01
 8.8487874042368561E-03 -6.0123848832807272E-03 -1.6153930347785421E-03
0
0.0
 -1.1407996218300525E+00 -2.3170985309886123E+00 3.8420614944644871E-01
 8.8137813189126009E-03 -5.8280231327586000E-03 -1.5393983079953959E-03
0
0.0
 -1.1407996218300525E+00 -2.3170985309886123E+00 3.8420614944644871E-01
 8.5758663534825606E-03 -6.0058313533615515E-03 -1.6585874085188661E-03
0
0.0
 -1.1407996218300525E+00 -2.3170985309886123E+00 3.8420614944644871E-01
 8.5791903447286436E-03 -5.8982337875448949E-03 -1.4968436840636433E-03
0
0.0
 -1.1407996218300525E+00 -2.3170985309886123E+00 3.8420614944644871E-01
 8.8946813615681641E-03 -5.8265248741646162E-03 -1.6031920806912790E-03
0
0.0
 -1.1407996218300525E+00 -2.3170985309886123E+00 3.8420614944644871E-01
 8.7804248710237100E-03 -5.9240529814797525E-03 -1.3508456141109763E-03
0
0.0
 -1.1407996218300525E+00 -2.3170985309886123E+00 3.8420614944644871E-01
 8.8779399520232637E-03 -6.1351357559499848E-03 -1.7289057204629482E-03
0
0.0
 -1.1407996218300525E+00 -2.3170985309886123E+00 3.8420614944644871E-01
 8.9981906391137234E-03 -6.0845493741985045E-03 -1.7573858258506012E-03
0
0.0
 -1.1407996218300525E+00 -2.3170985309886123E+00 3.8420614944644871E-01
 8.7721479585189596E-03 -5.9623635609779083E-03 -1.6988620388442251E-03
0
0.0
 -1.1407996218300525E+00 -2.3170985309886123E+00 3.8420614944644871E-01
 8.7710461836637138E-03 -5.9070058036970602E-03 -1.6074820205588482E-03
0
0.0
 -1.1407996218300525E+00 -2.3170985309886123E+00 3.8420614944644871E-01
 8.7501264511425838E-03 -5.9815305407425485E-03 -1.6595316601970968E-03
0
0.0
 -1.1407996218300525E+00 -2.3170985309886123E+00 3.8420614944644871E-01
 8.8084000215341123E-03 -5.9951142780350353E-03 -1.6352189907292947E-03
0
0.0
 -1.1407996218300525E+00 -2.3170985309886123E+00 3.8420614944644871E-01
 8.7052203630833078E-03 -5.9403477911618213E-03 -1.6528491932929210E-03
0
0.0
 -1.1407996218300525E+00 -2.3170985309886123E+00 3.8420614944644871E-01
 8.8531613415321567E-03 -5.9097002469300592E-03 -1.7777476625654169E-03
0
0.0
 -1.1407996218300525E+00 -2.3170985309886123E+00 3.8420614944644871E-01
 8.6022089015926669E-03 -5.8160302591080950E-03 -1.4538223004082064E-03
0
0.0
 -1.1407996218300525E+00 -2.3170985309886123E+00 3.8420614944644871E-01
 8.7515362154355642E-03 -5.9628262426601204E-03 -1.5892473448903288E-03
0
0.0
 -1.1407996218300525E+00 -2.3170985309886123E+00 3.8420614944644871E-01
 8.7647711173157988E-03 -5.9125668461920593E-03 -1.4971624417715410E-03
0
0.0
 -1.1407996218300525E+00 -2.3170985309886123E+00 3.8420614944644871E-01
 8.5570679945567284E-03 -5.7306032053244822E-03 -1.5797363611778704E-03
0
0.0
 -1.1407996218300525E+00 -2.3170985309886123E+00 3.8420614944644871E-01
 8.9142026405396816E-03 -5.9561132895596383E-03 -1.8260385689523641E-03
0
0.0
 -1.1407996218300525E+00 -2.3170985309886123E+00 3.8420614944644871E-01
 8.7670197199189899E-03 -5.8761816387950900E-03 -1.6533962356392443E-03
0
0.0
 -1.1407996218300525E+00 -2.3170985309886123E+00 3.8420614944644871E-01
 8.6751149801258150E-03 -5.9595718738227462E-03 -1.8610299642562152E-03
0
0.0
 -1.1407996218300525E+00 -2.3170985309886123E+00 3.8420614944644871E-01
 8.7896982569659540E-03 -5.9386370635678854E-03 -1.6117161137899911E-03
0
0.0
 -1.1407996218300525E+00 -2.3170985309886123E+00 3.8420614944644871E-01
 8.9496698183281122E-03 -5.6565542347364866E-03 -1.4998677238298318E-03
0
0.0
 -1.1407996218300525E+00 -2.3170985309886123E+00 3.8420614944644871E-01
 8.8564872635866574E-03 -5.9994048312164453E-03 -1.6067028136843044E-03
0
0.0
 -1.1407996218300525E+00 -2.3170985309886123E+00 3.8420614944644871E-01
 8.7043953528851310E-03 -6.0116132659260475E-03 -1.6326980895975179E-03
0
0.0
 -1.1407996218300525E+00 -2.3170985309886123E+00 3.8420614944644871E-01
 8.7648721187778018E-03 -5.9463024658873743E-03 -1.5961029349048992E-03
0
0.0
 -1.1407996218300525E+00 -2.3170985309886123E+00 3.8420614944644871E-01
 8.6373058715181559E-03 -5.8469210815461489E-03 -1.6002312700472477E-03
0
0.0
 -1.1407996218300525E+00 -2.3170985309886123E+00 3.8420614944644871E-01
 8.6935681703891529E-03 -5.8866370952637892E-03 -1.5235011864993897E-03
0
0.0
 -1.1407996218300525E+00 -2.3170985309886123E+00 3.8420614944644871E-01
 8.5582749579073119E-03 -5.8180296298895448E-03 -1.5502196919105157E-03
0
0.0
 -1.1407996218300525E+00 -2.3170985309886123E+00 3.8420614944644871E-01
 8.9969521004427608E-03 -5.8980147499300998E-03 -1.7698067032721513E-03
0
0.0
 -1.1407996218300525E+00 -2.3170985309886123E+00 3.8420614944644871E-01
 8.8896962465100024E-03 -6.0801494534879963E-03 -1.6126926482916630E-03
0
0.0
 -1.1407996218300525E+00 -2.3170985309886123E+00 3.8420614944644871E-01
 8.5364274483281360E-03 -6.0019498011546265E-03 -1.7873475729423545E-03
0
0.0
 -1.1407996218300525E+00 -2.3170985309886123E+00 3.8420614944644871E-01
 8.9012866233598095E-03 -5.8460611919725078E-03 -1.6406288114816957E-03
0
0.0
 -1.1407996218300525E+00 -2.3170985309886123E+00 3.8420614944644871E-01
 8.8111213039812845E-03 -5.9101735721562186E-03 -1.6674779169802939E-03
0
0.0
 -1.1407996218300525E+00 -2.3170985309886123E+00 3.8420614944644871E-01
 8.9112705029791798E-03 -5.8584957738808700E-03 -1.9055011230166799E-03
0
0.0
 -1.1407996218300525E+00 -2.3170985309886123E+00 3.8420614944644871E-01
 8.6789976478841811E-03 -5.9103223009479584E-03 -1.6478738428378002E-03
0
0.0
 -1.1407996218300525E+00 -2.3170985309886123E+00 3.8420614944644871E-01
 8.7124548768615830E-03 -5.8637101449500713E-03 -1.6233869673400779E-03
0
0.0
 -1.1407996218300525E+00 -2.3170985309886123E+00 3.8420614944644871E-01
 8.8384999165016277E-03 -5.7028140045151457E-03 -1.4822132893689199E-03
0
0.0
 -1.1407996218300525E+00 -2.3170985309886123E+00 3.8420614944644871E-01
 8.8192457204864568E-03 -5.8293350878726724E-03 -1.5602630931098190E-03
0
0.0
 -1.1407996218300525E+00 -2.3170985309886123E+00 3.8420614944644871E-01
 8.8532582922968492E-03 -5.8818830795861147E-03 -1.8191144618273974E-03
0
0.0
 -1.1407996218300525E+00 -2.3170985309886123E+00 3.8420614944644871E-01
 8.6853236192288453E-03 -5.9305750442953551E-03 -1.6827790467400909E-03
0
0.0
 -1.1407996218300525E+00 -2.3170985309886123E+00 3.8420614944644871E-01
 8.8142127945460402E-03 -5.8832332697114709E-03 -1.6237541117469919E-03
0
0.0
 -1.1407996218300525E+00 -2.3170985309886123E+00 3.8420614944644871E-01
 8.7984933962221689E-03 -5.8410429803864112E-03 -1.6990087740136237E-03
0
0.0
 -1.1407996218300525E+00 -2.3170985309886123E+00 3.8420614944644871E-01
 8.6262180120558977E-03 -5.7499815416364071E-03 -1.4168675118827303E-03
0
0.0
 -1.1407996218300525E+00 -2.3170985309886123E+00 3.8420614944644871E-01
 8.6600860397708559E-03 -5.7851086961661080E-03 -1.7596352487394167E-03
0
0.0
 -1.1407996218300525E+00 -2.3170985309886123E+00 3.8420614944644871E-01
 8.6348072725209012E-03 -6.0125874757543420E-03 -1.6190263811506139E-03
0
0.0
 -1.1407996218300525E+00 -2.3170985309886123E+00 3.8420614944644871E-01
 8.8093221127136037E-03 -5.9706111370310174E-03 -1.3901266858635283E-03
0
0.0
 -1.1407996218300525E+00 -2.3170985309886123E+00 3.8420614944644871E-01
 8.7022597298450927E-03 -5.8124475073507501E-03 -1.5956483746841310E-03
0
0.0
 -1.1407996218300525E+00 -2.3170985309886123E+00 3.8420614944644871E-01
 8.8393022704730661E-03 -5.8787556416708938E-03 -1.5976839941489692E-03
0
0.0
 -1.1407996218300525E+00 -2.3170985309886123E+00 3.8420614944644871E-01
 8.8167853508520425E-03 -5.8947568478317442E-03 -1.6922453790434013E-03
0
0.0
 -1.1407996218300525E+00 -2.3170985309886123E+00 3.8420614944644871E-01
 8.6151547521930161E-03 -6.0294365957561658E-03 -1.6468254880406955E-03
0
0.0
 -1.1407996218300525E+00 -2.3170985309886123E+00 3.8420614944644871E-01
 8.5846702744783853E-03 -6.0005894710901822E-03 -1.6682445203252739E-03
0
0.0
 -1.1407996218300525E+00 -2.3170985309886123E+00 3.8420614944644871E-01
 8.8478547598504851E-03 -5.9618423006145161E-03 -1.5440405726385622E-03
0
0.0
 -1.1407996218300525E+00 -2.3170985309886123E+00 3.8420614944644871E-01
 8.7265554136038859E-03 -5.9752363348292243E-03 -1.7591610490764213E-03
0
0.0
 -1.1407996218300525E+00 -2.3170985309886123E+00 3.8420614944644871E-01
 8.7097754894988073E-03 -6.0167412330360045E-03 -1.7023823489081033E-03
0
0.0
 -1.1407996218300525E+00 -2.3170985309886123E+00 3.8420614944644871E-01
 8.7474610784157407E-03 -5.8876149211235249E-03 -1.6513945523977530E-03
0
0.0
 -1.1407996218300525E+00 -2.3170985309886123E+00 3.8420614944644871E-01
 8.7485443555738521E-03 -6.0408287469209780E-03 -1.6683420410803804E-03
0
0.0
 -1.1407996218300525E+00 -2.3170985309886123E+00 3.8420614944644871E-01
 8.7547678767700803E-03 -6.0489940683670987E-03 -1.4353148543783327E-03
0
0.0
 -1.1407996218300525E+00 -2.3170985309886123E+00 3.8420614944644871E-01
 8.7700138902222936E-03 -5.8781928553295823E-03 -1.6918543110285582E-03
0
0.0
 -1.1407996218300525E+00 -2.3170985309886123E+00 3.8420614944644871E-01
 8.5683735024065753E-03 -5.7414684628710865E-03 -1.4119230578692385E-03
0
0.0
 -1.1407996218300525E+00 -2.3170985309886123E+00 3.8420614944644871E-01
 8.8470893426111676E-03 -5.9423638943523031E-03 -1.4158828146641240E-03
0
0.0
 -1.1407996218300525E+00 -2.3170985309886123E+00 3.8420614944644871E-01
 8.9696630700466379E-03 -6.0289360648507501E-03 -1.8187237621062368E-03
0
0.0
 -1.1407996218300525E+00 -2.3170985309886123E+00 3.8420614944644871E-01
 8.6026611836365011E-03 -5.7986775026712990E-03 -1.5705126490843930E-03
0
0.0
 -1.1407996218300525E+00 -2.3170985309886123E+00 3.8420614944644871E-01
 8.7740386244195261E-03 -5.8705227024824632E-03 -1.5809279208099374E-03
0
0.0
 -1.1407996218300525E+00 -2.3170985309886123E+00 3.8420614944644871E-01
 8.9478527619512999E-03 -6.1637171385384880E-03 -1.6502816011925360E-03
0
0.0
 -1.1407996218300525E+00 -2.3170985309886123E+00 3.8420614944644871E-01
 8.5085280961381491E-03 -5.9444085115479117E-03 -1.7693157855319540E-03
0
0.0
 -1.1407996218300525E+00 -2.3170985309886123E+00 3.8420614944644871E-01
 8.5457038891760193E-03 -6.0608251084930502E-03 -1.5916297560649353E-03
0
0.0
 -1.1407996218300525E+00 -2.3170985309886123E+00 3.8420614944644871E-01
 8.8526614980625629E-03 -5.7306997923656762E-03 -1.7799186112604567E-03
0
0.0
 -1.1407996218300525E+00 -2.3170985309886123E+00 3.8420614944644871E-01
 8.7568329535683692E-03 -5.9279590579605027E-03 -1.5678093562006262E-03
0
0.0
 -1.1407996218300525E+00 -2.3170985309886123E+00 3.8420614944644871E-01
 8.7829713066398130E-03 -6.0593633070559691E-03 -1.6871873744692132E-03
0
0.0
 -1.1407996218300525E+00 -2.3170985309886123E+00 3.8420614944644871E-01
 8.9019518817139692E-03 -5.7395839105574145E-03 -1.6824600850213367E-03
0
0.0
 -1.1407996218300525E+00 -2.3170985309886123E+00 3.8420614944644871E-01
 8.8640539197490063E-03 -5.9579109951135977E-03 -1.6539264104641735E-03
0
0.0
 -1.1407996218300525E+00 -2.3170985309886123E+00 3.8420614944644871E-01
 8.7269151632957849E-03 -6.1204270202090483E-03 -1.7750425525480363E-03
0
0.0
 -1.1407996218300525E+00 -2.3170985309886123E+00 3.8420614944644871E-01
 8.6446428487555113E-03 -5.8260317360957041E-03 -1.6822876532835765E-03
0
0.0
 -1.1407996218300525E+00 -2.3170985309886123E+00 3.8420614944644871E-01
 9.1130744285704886E-03 -5.8352612881143661E-03 -1.6593053886584470E-03
0
0.0
 -1.1407996218300525E+00 -2.3170985309886123E+00 3.8420614944644871E-01
 8.8576393592987267E-03 -5.9487834665950213E-03 -1.5351903161738133E-03
0
0.0
 -1.1407996218300525E+00 -2.3170985309886123E+00 3.8420614944644871E-01
 8.6438166097381735E-03 -5.7471817409823151E-03 -1.7436887551709984E-03
0
0.0
 -1.1407996218300525E+00 -2.3170985309886123E+00 3.8420614944644871E-01
 8.6720373969948888E-03 -5.9989837333583431E-03 -1.5924418053596423E-03
0
0.0
 -1.1407996218300525E+00 -2.3170985309886123E+00 3.8420614944644871E-01
 8.7620320464549279E-03 -6.1301255294142947E-03 -1.6550702771473780E-03
0
0.0
 -1.1407996218300525E+00 -2.3170985309886123E+00 3.8420614944644871E-01
 8.6561047187917513E-03 -5.7853818825429034E-03 -1.7108894617719947E-03
0
0.0
 -1.1407996218300525E+00 -2.3170985309886123E+00 3.8420614944644871E-01
 8.7184692506282781E-03 -5.9256009756187330E-03 -1.3063822972851555E-03
0
0.0
 -1.1407996218300525E+00 -2.3170985309886123E+00 3.8420614944644871E-01
 8.8113062628926968E-03 -5.9062297604652670E-03 -1.6824498435136631E-03
0
0.0
 -1.1407996218300525E+00 -2.3170985309886123E+00 3.8420614944644871E-01
 8.5802183578947578E-03 -5.9988116829427646E-03 -1.4636707031649881E-03
0
0.0
 -1.1407996218300525E+00 -2.3170985309886123E+00 3.8420614944644871E-01
 8.8437066023297223E-03 -5.9811193423349208E-03 -1.6851076025111852E-03
0
0.0
 -1.1407996218300525E+00 -2.3170985309886123E+00 3.8420614944644871E-01
 8.6446687781654881E-03 -5.9234706345346576E-03 -1.6800613030289798E-03
0
0.0
 -1.1407996218300525E+00 -2.3170985309886123E+00 3.8420614944644871E-01
 8.5295257110742356E-03 -5.8864888498748064E-03 -1.4992388559930251E-03
0
0.0
 -1.1407996218300525E+00 -2.3170985309886123E+00 3.8420614944644871E-01
 8.6591831437069777E-03 -5.9210204976281869E-03 -1.4417860198840849E-03
0
0.0
 -1.1407996218300525E+00 -2.3170985309886123E+00 3.8420614944644871E-01
 8.6617846404404026E-03 -6.0859774220329566E-03 -1.6456237269982627E-03
0
0.0
 -1.1407996218300525E+00 -2.3170985309886123E+00 3.8420614944644871E-01
 8.8172656267027673E-03 -5.9765829830914757E-03 -1.6237238435947272E-03
0
0.0
 -1.1407996218300525E+00 -2.3170985309886123E+00 3.8420614944644871E-01
 8.9473890334563575E-03 -6.0251302819131942E-03 -1.6180850780179907E-03
0
0.0
 -1.1407996218300525E+00 -2.3170985309886123E+00 3.8420614944644871E-01
 8.7691514596496736E-03 -6.1555286920095889E-03 -1.6828633645742993E-03
0
0.0
 -1.1407996218300525E+00 -2.3170985309886123E+00 3.8420614944644871E-01
 8.7088194806858397E-03 -5.7953387893069979E-03 -1.4940208330675706E-03
0
0.0
 -1.1407996218300525E+00 -2.3170985309886123E+00 3.8420614944644871E-01
 8.8722787015218432E-03 -5.9065794735162803E-03 -1.3285739197209118E-03
0
0.0
 -1.1407996218300525E+00 -2.3170985309886123E+00 3.8420614944644871E-01
 8.7960362881246094E-03 -5.9516269183263800E-03 -1.7174525796377650E-03
0
0.0
 -1.1407996218300525E+00 -2.3170985309886123E+00 3.8420614944644871E-01
 8.8036575636893377E-03 -5.9474790759657019E-03 -1.6210470908438678E-03
0
0.0
 -1.1407996218300525E+00 -2.3170985309886123E+00 3.8420614944644871E-01
 8.8077666401708554E-03 -5.8704225235542340E-03 -1.6059606353588591E-03
0
0.0
 -1.1407996218300525E+00 -2.3170985309886123E+00 3.8420614944644871E-01
 8.6750949538579158E-03 -6.0248525501438053E-03 -1.8403584220829769E-03
0
0.0
 -1.1407996218300525E+00 -2.3170985309886123E+00 3.8420614944644871E-01
 8.7511346993008905E-03 -5.7005286000705426E-03 -1.4448078049714823E-03
0
0.0
 -1.1407996218300525E+00 -2.3170985309886123E+00 3.8420614944644871E-01
 8.7280530491773804E-03 -5.8896652751581711E-03 -1.6155978511596734E-03
0
0.0
 -1.1407996218300525E+00 -2.3170985309886123E+00 3.8420614944644871E-01
 8.7302385415747915E-03 -5.9917520035989384E-03 -1.6090937663891150E-03
0
0.0
 -1.1407996218300525E+00 -2.3170985309886123E+00 3.8420614944644871E-01
 8.8099372939730875E-03 -5.9063774198037308E-03 -1.4579844584797969E-03
0
0.0
 -1.1407996218300525E+00 -2.3170985309886123E+00 3.8420614944644871E-01
 8.7372194434515577E-03 -5.9965623576586982E-03 -1.6607052052293651E-03
0
0.0
 -1.1407996218300525E+00 -2.3170985309886123E+00 3.8420614944644871E-01
 8.6462189594739211E-03 -5.8735164030121285E-03 -1.6450956093849764E-03
0
0.0
 -1.1407996218300525E+00 -2.3170985309886123E+00 3.8420614944644871E-01
 8.9591177405012098E-03 -5.7835940248266377E-03 -1.5911004646556206E-03
0
0.0
 -1.1407996218300525E+00 -2.3170985309886123E+00 3.8420614944644871E-01
 8.6735206473488313E-03 -5.9215782170971929E-03 -1.5310231615195524E-03
0
0.0
 -1.1407996218300525E+00 -2.3170985309886123E+00 3.8420614944644871E-01
 8.8432568846506816E-03 -5.8331473166062893E-03 -1.6634170550543831E-03
0
0.0
 -1.1407996218300525E+00 -2.3170985309886123E+00 3.8420614944644871E-01
 8.7825541015938563E-03 -5.9115546915656418E-03 -1.6194462025211995E-03
0
0.0
 -1.1407996218300525E+00 -2.3170985309886123E+00 3.8420614944644871E-01
 8.5877273102712825E-03 -5.8925004508375246E-03 -1.4566437797621018E-03
0
0.0
 -1.1407996218300525E+00 -2.3170985309886123E+00 3.8420614944644871E-01
 8.7482026024154110E-03 -6.2030255856022221E-03 -1.5867532390476593E-03
0
0.0
 -1.1407996218300525E+00 -2.3170985309886123E+00 3.8420614944644871E-01
 8.8943318066658072E-03 -6.0159018784403636E-03 -1.6490183025047239E-03
0
0.0
 -1.1407996218300525E+00 -2.3170985309886123E+00 3.8420614944644871E-01
 8.6231690632345044E-03 -6.1105255285832435E-03 -1.7566696311204721E-03
0
0.0
 -1.1407996218300525E+00 -2.3170985309886123E+00 3.8420614944644871E-01
 8.7630726217281449E-03 -5.9378284421457714E-03 -1.4733518663172175E-03
0
0.0
 -1.1407996218300525E+00 -2.3170985309886123E+00 3.8420614944644871E-01
 8.7508203543762795E-03 -5.7791108626643588E-03 -1.8187560191054082E-03
0
0.0
 -1.1407996218300525E+00 -2.3170985309886123E+00 3.8420614944644871E-01
 8.7929312064366858E-03 -5.7570805078344259E-03 -1.4187844840831086E-03
0
0.0
 -1.1407996218300525E+00 -2.3170985309886123E+00 3.8420614944644871E-01
 8.6741578932184264E-03 -5.9300307633003112E-03 -1.6536290876301965E-03
0
0.0
 -1.1407996218300525E+00 -2.3170985309886123E+00 3.8420614944644871E-01
 8.8059673717526873E-03 -5.9116311970236618E-03 -1.6002066243577463E-03
0
0.0
 -1.1407996218300525E+00 -2.3170985309886123E+00 3.8420614944644871E-01
 8.8276431201228835E-03 -5.6543715597012836E-03 -1.4043943325522663E-03
0
0.0
 -1.1407996218300525E+00 -2.3170985309886123E+00 3.8420614944644871E-01
 8.7922146503403645E-03 -5.9284504707296645E-03 -1.7162721623168995E-03
0
0.0
 -1.1407996218300525E+00 -2.3170985309886123E+00 3.8420614944644871E-01
 8.8118541210466181E-03 -5.9807898157160809E-03 -1.7753341837258134E-03
0
0.0
 -1.1407996218300525E+00 -2.3170985309886123E+00 3.8420614944644871E-01
 8.7160152150668434E-03 -5.8984201293292597E-03 -1.6464637377205558E-03
0
0.0
 -1.1407996218300525E+00 -2.3170985309886123E+00 3.8420614944644871E-01
 8.8861402116982256E-03 -5.8584997883801204E-03 -1.3514008621877175E-03
0
0.0
 -1.1407996218300525E+00 -2.3170985309886123E+00 3.8420614944644871E-01
 8.7897180163550442E-03 -5.9774396195375291E-03 -1.5219277526948990E-03
0
0.0
 -1.1407996218300525E+00 -2.3170985309886123E+00 3.8420614944644871E-01
 8.7225579906743157E-03 -6.1034061380913253E-03 -1.4864045347928038E-03
0
0.0
 -1.1407996218300525E+00 -2.3170985309886123E+00 3.8420614944644871E-01
 8.7811265364378041E-03 -5.9376827612751155E-03 -1.6141492197520584E-03
0
0.0
 -1.1407996218300525E+00 -2.3170985309886123E+00 3.8420614944644871E-01
 8.9004569769571482E-03 -6.0504672570346578E-03 -1.5277466188769731E-03
0
0.0
 -1.1407996218300525E+00 -2.3170985309886123E+00 3.8420614944644871E-01
 8.8756948238958976E-03 -5.9385876977979327E-03 -1.5890518851529346E-03
0
0.0
 -1.1407996218300525E+00 -2.3170985309886123E+00 3.8420614944644871E-01
 8.8929770103968221E-03 -6.0114929461917146E-03 -1.5442188125556068E-03
0
0.0
 -1.1407996218300525E+00 -2.3170985309886123E+00 3.8420614944644871E-01
 8.9479889004616328E-03 -5.6726491818274031E-03 -1.6762174842180901E-03
0
0.0
 -1.1407996218300525E+00 -2.3170985309886123E+00 3.8420614944644871E-01
 8.6235500986947700E-03 -5.9869660808323181E-03 -1.8020652847028434E-03
0
0.0
 -1.1407996218300525E+00 -2.3170985309886123E+00 3.8420614944644871E-01
 8.6333973502982896E-03 -5.9205504236568788E-03 -1.5112031842165049E-03
0
0.0
 -1.1407996218300525E+00 -2.3170985309886123E+00 3.8420614944644871E-01
 8.7970927385525206E-03 -6.0848017073551162E-03 -1.7772370103823346E-03
0
0.0
 -1.1407996218300525E+00 -2.3170985309886123E+00 3.8420614944644871E-01
 8.7820100659432940E-03 -5.7300328339352545E-03 -1.7174624693967987E-03
0
0.0
 -1.1407996218300525E+00 -2.3170985309886123E+00 3.8420614944644871E-01
 8.8775165563682139E-03 -5.6928848684130659E-03 -1.8383241879331754E-03
0
0.0
 -1.1407996218300525E+00 -2.3170985309886123E+00 3.8420614944644871E-01
 8.8604400655024201E-03 -6.1273384716556828E-03 -1.5701736941291947E-03
0
0.0
 -1.1407996218300525E+00 -2.3170985309886123E+00 3.8420614944644871E-01
 8.7680741491090088E-03 -5.7989223268021858E-03 -1.7613528630793217E-03
0
0.0
 -1.1407996218300525E+00 -2.3170985309886123E+00 3.8420614944644871E-01
 8.7194534776049229E-03 -5.8113754508971284E-03 -1.8159294824879903E-03
0
0.0
 -1.1407996218300525E+00 -2.3170985309886123E+00 3.8420614944644871E-01
 8.5922995479415579E-03 -5.7470714441289648E-03 -1.4281795837734067E-03
0
0.0
 -1.1407996218300525E+00 -2.3170985309886123E+00 3.8420614944644871E-01
 8.6660231163973155E-03 -5.8608248635954258E-03 -1.7862311785114783E-03
0
0.0
 -1.1407996218300525E+00 -2.3170985309886123E+00 3.8420614944644871E-01
 8.9394060891273726E-03 -5.8591605008890364E-03 -1.8545308009956536E-03
0
0.0
 -1.1407996218300525E+00 -2.3170985309886123E+00 3.8420614944644871E-01
 8.6682822556714452E-03 -5.7745402022775852E-03 -1.4741966031425078E-03
0
0.0
 -1.1407996218300525E+00 -2.3170985309886123E+00 3.8420614944644871E-01
 8.6655089516818988E-03 -6.0186075105770143E-03 -1.7634364379306728E-03
0
0.0
 -1.1407996218300525E+00 -2.3170985309886123E+00 3.8420614944644871E-01
 8.7829915675658263E-03 -5.9778926229372888E-03 -1.5541770898249278E-03
0
0.0
 -1.1407996218300525E+00 -2.3170985309886123E+00 3.8420614944644871E-01
 8.7712711691196790E-03 -6.0071371805283441E-03 -1.5951093660492557E-03
0
0.0
 -1.1407996218300525E+00 -2.3170985309886123E+00 3.8420614944644871E-01
 8.6452990342696674E-03 -5.9721133126418146E-03 -1.6868819939221563E-03
0
0.0
 -1.1407996218300525E+00 -2.3170985309886123E+00 3.8420614944644871E-01
 8.7960796650759128E-03 -6.0276828123523802E-03 -1.7319337688632712E-03
0
0.0
 -1.1407996218300525E+00 -2.3170985309886123E+00 3.8420614944644871E-01
 9.0897376073136513E-03 -5.8706289466837003E-03 -1.4887230620247022E-03
0
0.0
 -1.1407996218300525E+00 -2.3170985309886123E+00 3.8420614944644871E-01
 8.8523495765250940E-03 -5.6510758333975508E-03 -1.6634322436976186E-03
0
0.0
 -1.1407996218300525E+00 -2.3170985309886123E+00 3.8420614944644871E-01
 8.9147602674010690E-03 -5.8824051463471092E-03 -1.5480411710149414E-03
0
0.0
 -1.1407996218300525E+00 -2.3170985309886123E+00 3.8420614944644871E-01
 8.9122203822711160E-03 -5.8140571699533241E-03 -1.4284535519745092E-03
0
0.0
 -1.1407996218300525E+00 -2.3170985309886123E+00 3.8420614944644871E-01
 8.8570121118251438E-03 -5.7421858933897627E-03 -1.4126005564749269E-03
0
0.0
 -1.1407996218300525E+00 -2.3170985309886123E+00 3.8420614944644871E-01
 8.9219332612792950E-03 -5.8862005048487230E-03 -1.4798431884679151E-03
0
0.0
 -1.1407996218300525E+00 -2.3170985309886123E+00 3.8420614944644871E-01
 8.7998425146297004E-03 -5.9471638017370310E-03 -1.7469195817477164E-03
0
0.0
 -1.1407996218300525E+00 -2.3170985309886123E+00 3.8420614944644871E-01
 8.5073902133623990E-03 -6.1170139984705069E-03 -1.6195418194024985E-03
0
0.0
 -1.1407996218300525E+00 -2.3170985309886123E+00 3.8420614944644871E-01
 8.8327049185741927E-03 -6.1506676429916507E-03 -1.4149267725627847E-03
0
0.0
 -1.1407996218300525E+00 -2.3170985309886123E+00 3.8420614944644871E-01
 8.8112559135839555E-03 -5.9230558266089211E-03 -1.6155505302751084E-03
0
0.0
 -1.1407996218300525E+00 -2.3170985309886123E+00 3.8420614944644871E-01
 8.6689502466323082E-03 -6.0108368347468154E-03 -1.6305998852419541E-03
0
0.0
 -1.1407996218300525E+00 -2.3170985309886123E+00 3.8420614944644871E-01
 8.7165291320456858E-03 -5.6528497759175634E-03 -1.8261387909608206E-03
0
0.0
 -1.1407996218300525E+00 -2.3170985309886123E+00 3.8420614944644871E-01
 8.6683534257491774E-03 -5.8432226621380669E-03 -1.5359088979738028E-03
0
0.0
 -1.1407996218300525E+00 -2.3170985309886123E+00 3.8420614944644871E-01
 8.7716237613836723E-03 -5.8479806811279744E-03 -1.5866843336258818E-03
0
0.0
 -1.1407996218300525E+00 -2.3170985309886123E+00 3.8420614944644871E-01
 8.9003186378013664E-03 -6.0661308954882368E-03 -1.8142523444227604E-03
0
0.0
 -1.1407996218300525E+00 -2.3170985309886123E+00 3.8420614944644871E-01
 8.7963821069837415E-03 -5.9437266973582257E-03 -1.7042473440667914E-03
0
0.0
 -1.1407996218300525E+00 -2.3170985309886123E+00 3.8420614944644871E-01
 8.7008753136728172E-03 -5.9410748929024301E-03 -1.3763605596386163E-03
0
0.0
 -1.1407996218300525E+00 -2.3170985309886123E+00 3.8420614944644871E-01
 8.7634207647068162E-03 -5.9009565529375150E-03 -1.6155714491478156E-03
0
0.0
 -1.1407996218300525E+00 -2.3170985309886123E+00 3.8420614944644871E-01
 8.7785102356998101E-03 -5.8825388764397867E-03 -1.4373115753392274E-03
0
0.0
 -1.1407996218300525E+00 -2.3170985309886123E+00 3.8420614944644871E-01
 9.0499794210785519E-03 -5.8650092345739575E-03 -1.6857787183684146E-03
0
0.0
 -1.1407996218300525E+00 -2.3170985309886123E+00 3.8420614944644871E-01
 8.5283928896299297E-03 -5.9427044104981060E-03 -1.4989588394112650E-03
0
0.0
 -1.1407996218300525E+00 -2.3170985309886123E+00 3.8420614944644871E-01
 8.8753052882412486E-03 -5.9680110134052089E-03 -1.5989356061125359E-03
0
0.0
 -1.1407996218300525E+00 -2.3170985309886123E+00 3.8420614944644871E-01
 8.7792075710530632E-03 -5.8866351620604981E-03 -1.6229006373337759E-03
0
0.0
 -1.1407996218300525E+00 -2.3170985309886123E+00 3.8420614944644871E-01
 8.8593028745643509E-03 -5.9175668235688025E-03 -1.4579810423220433E-03
0
0.0
 -1.1407996218300525E+00 -2.3170985309886123E+00 3.8420614944644871E-01
 8.8368883261740264E-03 -6.0487785839410000E-03 -1.3887136953879171E-03
0
0.0
 -1.1407996218300525E+00 -2.3170985309886123E+00 3.8420614944644871E-01
 8.6822035775918939E-03 -5.7717989154915383E-03 -1.7803100216320514E-03
0
0.0
 -1.1407996218300525E+00 -2.3170985309886123E+00 3.8420614944644871E-01
 8.5444379094790530E-03 -5.7877630391471105E-03 -1.5531555036963282E-03
0
0.0
 -1.1407996218300525E+00 -2.3170985309886123E+00 3.8420614944644871E-01
 8.7516841147177379E-03 -5.8992964232596418E-03 -1.6025940533132917E-03
0
0.0
 -1.1407996218300525E+00 -2.3170985309886123E+00 3.8420614944644871E-01
 8.8709312776086013E-03 -5.6776553166420990E-03 -1.7975740339537429E-03
0
0.0
 -1.1407996218300525E+00 -2.3170985309886123E+00 3.8420614944644871E-01
 9.0000286717376605E-03 -5.9683753685877772E-03 -1.5838411125982362E-03
0
0.0
 -1.1407996218300525E+00 -2.3170985309886123E+00 3.8420614944644871E-01
 8.8997132408713889E-03 -5.8809616607678758E-03 -1.4639124903405420E-03
0
0.0
 -1.1407996218300525E+00 -2.3170985309886123E+00 3.8420614944644871E-01
 8.6666631638635389E-03 -6.1287605196680391E-03 -1.4890167145520995E-03
0
0.0
 -1.1407996218300525E+00 -2.3170985309886123E+00 3.8420614944644871E-01
 8.8347944972076136E-03 -5.7821878259417762E-03 -1.7163167719843725E-03
0
0.0
 -1.1407996218300525E+00 -2.3170985309886123E+00 3.8420614944644871E-01
 8.8693292901257208E-03 -5.9918316769392820E-03 -1.4403728190506254E-03
0
0.0
 -1.1407996218300525E+00 -2.3170985309886123E+00 3.8420614944644871E-01
 8.6512192056520335E-03 -5.9613698105576533E-03 -1.7822470004997095E-03
0
0.0
 -1.1407996218300525E+00 -2.3170985309886123E+00 3.8420614944644871E-01
 8.8676321320132149E-03 -5.8487750038999919E-03 -1.3990106353165767E-03
0
0.0
 -1.1407996218300525E+00 -2.3170985309886123E+00 3.8420614944644871E-01
 8.8150311638862631E-03 -5.8884626899227670E-03 -1.6612015133844517E-03
0
0.0
 -1.1407996218300525E+00 -2.3170985309886123E+00 3.8420614944644871E-01
 8.7922615898034535E-03 -5.7202445478812605E-03 -1.8445168274543893E-03
0
0.0
 -1.1407996218300525E+00 -2.3170985309886123E+00 3.8420614944644871E-01
 8.8353748264406000E-03 -5.7790110862770902E-03 -1.4155837403973920E-03
0
0.0
 -1.1407996218300525E+00 -2.3170985309886123E+00 3.8420614944644871E-01
 8.8525845831484810E-03 -5.8833666036638135E-03 -1.6135792303004287E-03
0
0.0
 -1.1407996218300525E+00 -2.3170985309886123E+00 3.8420614944644871E-01
 8.7402312033170882E-03 -6.0354810353970981E-03 -1.7842765589628294E-03
0
0.0
 -1.1407996218300525E+00 -2.3170985309886123E+00 3.8420614944644871E-01
 8.7411500317634647E-03 -5.9834549430156994E-03 -1.6161182240737064E-03
0
0.0
 -1.1407996218300525E+00 -2.3170985309886123E+00 3.8420614944644871E-01
 8.6274571980046837E-03 -5.8059536813228540E-03 -1.3905857479100479E-03
0
0.0
 -1.1407996218300525E+00 -2.3170985309886123E+00 3.8420614944644871E-01
 8.7900854806502744E-03 -5.9052085733707080E-03 -1.5510501924701867E-03
0
0.0
 -1.1407996218300525E+00 -2.3170985309886123E+00 3.8420614944644871E-01
 8.8196431861146569E-03 -5.7917329961013802E-03 -1.5274120370417448E-03
0
0.0
 -1.1407996218300525E+00 -2.3170985309886123E+00 3.8420614944644871E-01
 8.8560537865755625E-03 -6.1115222278743308E-03 -1.7301848052792839E-03
0
0.0
 -1.1407996218300525E+00 -2.3170985309886123E+00 3.8420614944644871E-01
 8.5441398601317047E-03 -5.8205117639009438E-03 -1.7013764893041049E-03
0
0.0
 -1.1407996218300525E+00 -2.3170985309886123E+00 3.8420614944644871E-01
 8.7266220787312124E-03 -5.7657224977834256E-03 -1.5139264267080431E-03
0
0.0
 -1.1407996218300525E+00 -2.3170985309886123E+00 3.8420614944644871E-01
 8.9302022155926149E-03 -5.7867501916377771E-03 -1.8075426687335682E-03
0
0.0
 -1.1407996218300525E+00 -2.3170985309886123E+00 3.8420614944644871E-01
 8.7102728374184625E-03 -5.7112138310350382E-03 -1.5817600129312088E-03
0
0.0
 -1.1407996218300525E+00 -2.3170985309886123E+00 3.8420614944644871E-01
 8.8501686003536507E-03 -5.9481804420900980E-03 -1.8143806568087356E-03
0
0.0
 -1.1407996218300525E+00 -2.3170985309886123E+00 3.8420614944644871E-01
 8.9666055861273280E-03 -5.9948929361776570E-03 -1.5616267788565587E-03
0
0.0
 -1.1407996218300525E+00 -2.3170985309886123E+00 3.8420614944644871E-01
 8.8071323432116436E-03 -5.9771810691281509E-03 -1.5036035618479536E-03
0
0.0
 -1.1407996218300525E+00 -2.3170985309886123E+00 3.8420614944644871E-01
 8.7174445853256989E-03 -5.7247388012606013E-03 -1.6305591185065416E-03
0
0.0
 -1.1407996218300525E+00 -2.3170985309886123E+00 3.8420614944644871E-01
 8.8695964050450465E-03 -6.1237482451458819E-03 -1.5349123798694549E-03
0
0.0
 -1.1407996218300525E+00 -2.3170985309886123E+00 3.8420614944644871E-01
 8.7277372328538674E-03 -5.6626088216087285E-03 -1.6883211578724536E-03
0
0.0
 -1.1407996218300525E+00 -2.3170985309886123E+00 3.8420614944644871E-01
 8.8380635380291006E-03 -5.9458179832214209E-03 -1.6138913758233491E-03
0
0.0
 -1.1407996218300525E+00 -2.3170985309886123E+00 3.8420614944644871E-01
 8.8139010857854420E-03 -5.8033556860980669E-03 -1.6061783717801177E-03
0
0.0
 -1.1407996218300525E+00 -2.3170985309886123E+00 3.8420614944644871E-01
 8.6540427741129931E-03 -5.8369254012821383E-03 -1.5910732893574735E-03
0
0.0
 -1.1407996218300525E+00 -2.3170985309886123E+00 3.8420614944644871E-01
 8.7191425112966032E-03 -5.9083547514006589E-03 -1.8619044413516121E-03
0
0.0
 -1.1407996218300525E+00 -2.3170985309886123E+00 3.8420614944644871E-01
 8.7592491562778606E-03 -5.7127297972218733E-03 -1.8172335071733586E-03
0
0.0
 -1.1407996218300525E+00 -2.3170985309886123E+00 3.8420614944644871E-01
 8.8012987500725864E-03 -5.9349387594133740E-03 -1.5296779006343578E-03
0
0.0
 -1.1407996218300525E+00 -2.3170985309886123E+00 3.8420614944644871E-01
 8.6618220484059871E-03 -5.8909715402953450E-03 -1.6095884784444450E-03
0
0.0
 -1.1407996218300525E+00 -2.3170985309886123E+00 3.8420614944644871E-01
 8.6475927244688954E-03 -5.8090503984539778E-03 -1.5744686002542015E-03
0
0.0
 -1.1407996218300525E+00 -2.3170985309886123E+00 3.8420614944644871E-01
 8.7435515420679726E-03 -5.8349716462709235E-03 -1.5873281678656227E-03
0
0.0
 -1.1407996218300525E+00 -2.3170985309886123E+00 3.8420614944644871E-01
 8.8442366359232274E-03 -5.8818313232732724E-03 -1.7424122668174002E-03
0
0.0
 -1.1407996218300525E+00 -2.3170985309886123E+00 3.8420614944644871E-01
 8.6161768126846033E-03 -5.7507360656317346E-03 -1.5878112678565507E-03
0
0.0
 -1.1407996218300525E+00 -2.3170985309886123E+00 3.8420614944644871E-01
 8.8652189891224760E-03 -5.9846117168858700E-03 -1.6665757017332204E-03
0
0.0
 -1.1407996218300525E+00 -2.3170985309886123E+00 3.8420614944644871E-01
 8.5657796864474986E-03 -5.7548731505921860E-03 -1.7040496002816087E-03
0
0.0
 -1.1407996218300525E+00 -2.3170985309886123E+00 3.8420614944644871E-01
 8.5435785404698854E-03 -6.1068638500165985E-03 -1.5556871584307599E-03
0
0.0
 -1.1407996218300525E+00 -2.3170985309886123E+00 3.8420614944644871E-01
 8.8616700774069371E-03 -5.8198743192816932E-03 -1.4795888569361661E-03
0
0.0
 -1.1407996218300525E+00 -2.3170985309886123E+00 3.8420614944644871E-01
 8.8040344570391883E-03 -5.8522155767361164E-03 -1.6168099933940219E-03
0
0.0
 -1.1407996218300525E+00 -2.3170985309886123E+00 3.8420614944644871E-01
 8.8693540773229496E-03 -5.8474908018189969E-03 -1.6379877360290229E-03
0
0.0
 -1.1407996218300525E+00 -2.3170985309886123E+00 3.8420614944644871E-01
 8.8584534958786303E-03 -5.6483205613203089E-03 -1.6182939555858464E-03
0
0.0
 -1.1407996218300525E+00 -2.3170985309886123E+00 3.8420614944644871E-01
 8.8143415010263244E-03 -6.0368765939576305E-03 -1.5785669931072748E-03
0
0.0
 -1.1407996218300525E+00 -2.3170985309886123E+00 3.8420614944644871E-01
 8.7565665156041639E-03 -5.8851595537429873E-03 -1.7210359735377457E-03
0
0.0
 -1.1407996218300525E+00 -2.3170985309886123E+00 3.8420614944644871E-01
 8.7310069254628760E-03 -6.1002207121861668E-03 -1.6800865589505923E-03
0
0.0
 -1.1407996218300525E+00 -2.3170985309886123E+00 3.8420614944644871E-01
 8.6676886845122782E-03 -5.8692016265383057E-03 -1.4379986278272310E-03
0
0.0
 -1.1407996218300525E+00 -2.3170985309886123E+00 3.8420614944644871E-01
 8.9559875847303582E-03 -5.9225358022480116E-03 -1.5930580595830738E-03
0
0.0
 -1.1407996218300525E+00 -2.3170985309886123E+00 3.8420614944644871E-01
 8.8704121225352678E-03 -5.9940018429096523E-03 -1.5162302258117809E-03
0
0.0
 -1.1407996218300525E+00 -2.3170985309886123E+00 3.8420614944644871E-01
 8.8667650988910451E-03 -5.7754988095674951E-03 -1.8506241036649817E-03
0
0.0
 -1.1407996218300525E+00 -2.3170985309886123E+00 3.8420614944644871E-01
 8.8639555300826407E-03 -5.8271288158536624E-03 -1.7436524285134106E-03
0
0.0
 -1.1407996218300525E+00 -2.3170985309886123E+00 3.8420614944644871E-01
 8.8256951542606647E-03 -6.0771719946821961E-03 -1.8706210858251511E-03
0
0.0
 -1.1407996218300525E+00 -2.3170985309886123E+00 3.8420614944644871E-01
 8.8915501134998690E-03 -5.7689974181634610E-03 -1.7684528511312154E-03
0
0.0
 -1.1407996218300525E+00 -2.3170985309886123E+00 3.8420614944644871E-01
 8.8129153472035256E-03 -5.9058618569064539E-03 -1.6046828081112529E-03
0
0.0
 -1.1407996218300525E+00 -2.3170985309886123E+00 3.8420614944644871E-01
 8.6677811238335001E-03 -5.8013239517955449E-03 -1.6274888661633872E-03
0
0.0
 -1.1407996218300525E+00 -2.3170985309886123E+00 3.8420614944644871E-01
 8.7981997212787291E-03 -5.8186522294185168E-03 -1.6075253312687685E-03
0
0.0
 -1.1407996218300525E+00 -2.3170985309886123E+00 3.8420614944644871E-01
 8.7382976337783431E-03 -5.8136082658556921E-03 -1.5566767930239431E-03
0
0.0
 -1.1407996218300525E+00 -2.3170985309886123E+00 3.8420614944644871E-01
 8.8096564122945240E-03 -5.9885970493327974E-03 -1.7261111177077359E-03
0
0.0
 -1.1407996218300525E+00 -2.3170985309886123E+00 3.8420614944644871E-01
 8.9076937787331851E-03 -6.0335917057322015E-03 -1.8362036912380200E-03
0
0.0
 -1.1407996218300525E+00 -2.3170985309886123E+00 3.8420614944644871E-01
 9.0654090690907557E-03 -6.0119666399832457E-03 -1.5815755814740631E-03
0
0.0
 -1.1407996218300525E+00 -2.3170985309886123E+00 3.8420614944644871E-01
 8.8799600669987964E-03 -5.7293555686061008E-03 -1.6185810777934898E-03
0
0.0
 -1.1407996218300525E+00 -2.3170985309886123E+00 3.8420614944644871E-01
 8.6743153854597337E-03 -5.6384516007805339E-03 -1.5682298142127068E-03
0
0.0
 -1.1407996218300525E+00 -2.3170985309886123E+00 3.8420614944644871E-01
 8.8155753017557497E-03 -5.7603930240629989E-03 -1.7153262700107716E-03
0
0.0
 -1.1407996218300525E+00 -2.3170985309886123E+00 3.8420614944644871E-01
 8.8366170009084258E-03 -5.8898246928879407E-03 -1.4309862241005027E-03
0
0.0
 -1.1407996218300525E+00 -2.3170985309886123E+00 3.8420614944644871E-01
 8.6917163085846842E-03 -6.0413301629476295E-03 -1.7718106996654319E-03
0
0.0
 -1.1407996218300525E+00 -2.3170985309886123E+00 3.8420614944644871E-01
 8.7031486314560133E-03 -5.9850873116249403E-03 -1.4214350755179183E-03
0
0.0
 -1.1407996218300525E+00 -2.3170985309886123E+00 3.8420614944644871E-01
 8.7941694024670884E-03 -5.7240974406670081E-03 -1.6506547989653803E-03
0
0.0
 -1.1407996218300525E+00 -2.3170985309886123E+00 3.8420614944644871E-01
 8.7788181258194112E-03 -6.0152629262154502E-03 -1.3634642280684747E-03
0
0.0
 -1.1407996218300525E+00 -2.3170985309886123E+00 3.8420614944644871E-01
 8.9377496387593822E-03 -5.8018033911897407E-03 -1.7312885003262124E-03
0
0.0
 -1.1407996218300525E+00 -2.3170985309886123E+00 3.8420614944644871E-01
 8.7753973173693225E-03 -5.8528411489727778E-03 -1.5143222990570426E-03
0
0.0
 -1.1407996218300525E+00 -2.3170985309886123E+00 3.8420614944644871E-01
 8.5643223825055386E-03 -5.8470961393779063E-03 -1.4606235020994858E-03
0
0.0
 -1.1407996218300525E+00 -2.3170985309886123E+00 3.8420614944644871E-01
 8.8219592477956129E-03 -6.2386447593748553E-03 -1.6396054628142515E-03
0
0.0
 -1.1407996218300525E+00 -2.3170985309886123E+00 3.8420614944644871E-01
 8.8772580417571748E-03 -6.0825776464594420E-03 -1.5768500971509404E-03
0
0.0
 -1.1407996218300525E+00 -2.3170985309886123E+00 3.8420614944644871E-01
 8.8457682988899843E-03 -5.7825772327611963E-03 -1.8600771013824154E-03
0
0.0
 -1.1407996218300525E+00 -2.3170985309886123E+00 3.8420614944644871E-01
 8.7932679450913979E-03 -5.9037189191165603E-03 -1.6020850975363380E-03
0
0.0
 -1.1407996218300525E+00 -2.3170985309886123E+00 3.8420614944644871E-01
 8.8021983898462237E-03 -5.7393957015515109E-03 -1.5640965906579887E-03
0
0.0
 -1.1407996218300525E+00 -2.3170985309886123E+00 3.8420614944644871E-01
 8.7349555398348495E-03 -5.7698777110205962E-03 -1.8029317133929320E-03
0
0.0
 -1.1407996218300525E+00 -2.3170985309886123E+00 3.8420614944644871E-01
 8.8089940013516728E-03 -5.8771141206027302E-03 -1.5160803526613322E-03
0
0.0
 -1.1407996218300525E+00 -2.3170985309886123E+00 3.8420614944644871E-01
 8.7120953920074035E-03 -6.0918360166956871E-03 -1.6924541094535510E-03
0
0.0
 -1.1407996218300525E+00 -2.3170985309886123E+00 3.8420614944644871E-01
 8.6388269676747047E-03 -5.7673359764277158E-03 -1.6273400687889657E-03
0
0.0
 -1.1407996218300525E+00 -2.3170985309886123E+00 3.8420614944644871E-01
 8.8195299278314120E-03 -5.9264406385217856E-03 -1.6487836123765215E-03
0
0.0
 -1.1407996218300525E+00 -2.3170985309886123E+00 3.8420614944644871E-01
 8.8573575092310286E-03 -5.8524755561020440E-03 -1.5568436255045304E-03
0
0.0
 -1.1407996218300525E+00 -2.3170985309886123E+00 3.8420614944644871E-01
 8.7832669413666839E-03 -5.9647146852576148E-03 -1.6419528793883804E-03
0
0.0
 -1.1407996218300525E+00 -2.3170985309886123E+00 3.8420614944644871E-01
 8.8176703517312202E-03 -5.9030545257028255E-03 -1.6142263199443708E-03
0
0.0
 -1.1407996218300525E+00 -2.3170985309886123E+00 3.8420614944644871E-01
 8.8045192292146995E-03 -5.9088398473183612E-03 -1.6449851540468240E-03
0
0.0
 -1.1407996218300525E+00 -2.3170985309886123E+00 3.8420614944644871E-01
 8.6991930672853188E-03 -6.0620638895905934E-03 -1.7706327681587292E-03
0
0.0
 -1.1407996218300525E+00 -2.3170985309886123E+00 3.8420614944644871E-01
 8.6883970471159991E-03 -5.8738958663712513E-03 -1.5347927153466321E-03
0
0.0
 -1.1407996218300525E+00 -2.3170985309886123E+00 3.8420614944644871E-01
 8.8569302011616020E-03 -6.1211840552071132E-03 -1.6788193173012604E-03
0
0.0
 -1.1407996218300525E+00 -2.3170985309886123E+00 3.8420614944644871E-01
 8.6193915265572896E-03 -5.6988253370088482E-03 -1.7310606593405823E-03
0
0.0
 -1.1407996218300525E+00 -2.3170985309886123E+00 3.8420614944644871E-01
 8.8003381081674451E-03 -5.7534407927696480E-03 -1.6628560202386379E-03
0
0.0
 -1.1407996218300525E+00 -2.3170985309886123E+00 3.8420614944644871E-01
 8.4980631272837150E-03 -5.7835163500159223E-03 -1.6215556760604431E-03
0
0.0
 -1.1407996218300525E+00 -2.3170985309886123E+00 3.8420614944644871E-01
 8.7986412615792542E-03 -5.8911953430469798E-03 -1.6597284983398937E-03
0
0.0
 -1.1407996218300525E+00 -2.3170985309886123E+00 3.8420614944644871E-01
 8.9993107116761069E-03 -5.7389780432820373E-03 -1.7308732799506640E-03
0
0.0
 -1.1407996218300525E+00 -2.3170985309886123E+00 3.8420614944644871E-01
 8.6234549435793111E-03 -6.0352872803047511E-03 -1.6943122363853892E-03
0
0.0
 -1.1407996218300525E+00 -2.3170985309886123E+00 3.8420614944644871E-01
 8.5805616928922735E-03 -5.9884733645532368E-03 -1.7965034656913317E-03
0
0.0
 -1.1407996218300525E+00 -2.3170985309886123E+00 3.8420614944644871E-01
 8.8478380002703031E-03 -5.8799898020524119E-03 -1.7200247823932612E-03
0
0.0
 -1.1407996218300525E+00 -2.3170985309886123E+00 3.8420614944644871E-01
 8.7967655438921689E-03 -6.0633676037297459E-03 -1.6617314211782377E-03
0
0.0
 -1.1407996218300525E+00 -2.3170985309886123E+00 3.8420614944644871E-01
 8.6778741495929235E-03 -5.9066830496765400E-03 -1.5945856697184618E-03
0
0.0
 -1.1407996218300525E+00 -2.3170985309886123E+00 3.8420614944644871E-01
 8.5529238743043325E-03 -5.8695387498399615E-03 -1.4672435398049403E-03
0
0.0
 -1.1407996218300525E+00 -2.3170985309886123E+00 3.8420614944644871E-01
 8.8279865517139622E-03 -5.7835539849579523E-03 -1.7535965884972328E-03
0
0.0
 -1.1407996218300525E+00 -2.3170985309886123E+00 3.8420614944644871E-01
 8.6205150202668182E-03 -5.8433913181209010E-03 -1.8973522168789637E-03
0
0.0
 -1.1407996218300525E+00 -2.3170985309886123E+00 3.8420614944644871E-01
 8.7351878933313396E-03 -5.7868682944080064E-03 -1.5981161622379302E-03
0
0.0
 -1.1407996218300525E+00 -2.3170985309886123E+00 3.8420614944644871E-01
 8.6103086101675368E-03 -6.0140999908534273E-03 -1.4752439890724442E-03
0
0.0
 -1.1407996218300525E+00 -2.3170985309886123E+00 3.8420614944644871E-01
 8.9407459776901441E-03 -5.9057753105627780E-03 -1.4591713381535468E-03
0
0.0
 -1.1407996218300525E+00 -2.3170985309886123E+00 3.8420614944644871E-01
 8.6958952326315567E-03 -5.8784526758992829E-03 -1.4219256008079163E-03
0
0.0
 -1.1407996218300525E+00 -2.3170985309886123E+00 3.8420614944644871E-01
 8.7893442882990159E-03 -5.7353368499260737E-03 -1.4418915054287735E-03
0
0.0
 -1.1407996218300525E+00 -2.3170985309886123E+00 3.8420614944644871E-01
 8.7533385172893340E-03 -5.5796265377931016E-03 -1.6229483660059744E-03
0
0.0
 -1.1407996218300525E+00 -2.3170985309886123E+00 3.8420614944644871E-01
 8.7672166283746730E-03 -5.9632338459768347E-03 -1.5751942977581990E-03
0
0.0
 -1.1407996218300525E+00 -2.3170985309886123E+00 3.8420614944644871E-01
 8.8158918029918026E-03 -5.7655195623950301E-03 -1.4883975380216238E-03
0
0.0
 -1.1407996218300525E+00 -2.3170985309886123E+00 3.8420614944644871E-01
 8.7846405209315390E-03 -5.9202747117699942E-03 -1.6287582269991952E-03
0
0.0
 -1.1407996218300525E+00 -2.3170985309886123E+00 3.8420614944644871E-01
 8.6906194049009497E-03 -5.8230340376789090E-03 -1.5293619351082260E-03
0
0.0
 -1.1407996218300525E+00 -2.3170985309886123E+00 3.8420614944644871E-01
 8.8032716245500207E-03 -5.8430785262527296E-03 -1.6949993808534642E-03
0
0.0
 -1.1407996218300525E+00 -2.3170985309886123E+00 3.8420614944644871E-01
 8.6686951628464348E-03 -5.6522578497659962E-03 -1.6818409116223867E-03
0
0.0
 -1.1407996218300525E+00 -2.3170985309886123E+00 3.8420614944644871E-01
 8.7486429108711520E-03 -5.7649901800881399E-03 -1.7639631428334852E-03
0
0.0
 -1.1407996218300525E+00 -2.3170985309886123E+00 3.8420614944644871E-01
 8.7719942975913682E-03 -5.9777119379348731E-03 -1.5951234165770749E-03
0
0.0
 -1.1407996218300525E+00 -2.3170985309886123E+00 3.8420614944644871E-01
 8.9958588266093632E-03 -5.9549986651028222E-03 -1.4502785705672401E-03
0
0.0
 -1.1407996218300525E+00 -2.3170985309886123E+00 3.8420614944644871E-01
 8.6359095278343637E-03 -5.9352001758110114E-03 -1.7320498042251394E-03
0
0.0
 -1.1407996218300525E+00 -2.3170985309886123E+00 3.8420614944644871E-01
 9.0357763974404232E-03 -5.9525531615478057E-03 -1.7827382132291265E-03
0
0.0
 -1.1407996218300525E+00 -2.3170985309886123E+00 3.8420614944644871E-01
 8.7867823693254920E-03 -6.0881955628593479E-03 -1.9058701302946276E-03
0
0.0
 -1.1407996218300525E+00 -2.3170985309886123E+00 3.8420614944644871E-01
 8.9484228734537218E-03 -5.7771297755795795E-03 -1.5668182342636501E-03
0
0.0
 -1.1407996218300525E+00 -2.3170985309886123E+00 3.8420614944644871E-01
 8.7992334872843067E-03 -5.6971242552533927E-03 -1.8270057415475931E-03
0
0.0
 -1.1407996218300525E+00 -2.3170985309886123E+00 3.8420614944644871E-01
 8.7511616744794414E-03 -5.8909377715342685E-03 -1.5983539051827359E-03
0
0.0
 -1.1407996218300525E+00 -2.3170985309886123E+00 3.8420614944644871E-01
 8.7298148126541512E-03 -6.0561611142344995E-03 -1.7000107760840159E-03
0
0.0
 -1.1407996218300525E+00 -2.3170985309886123E+00 3.8420614944644871E-01
 8.9322272006810526E-03 -5.7247805912582278E-03 -1.6660226596492311E-03
0
0.0
 -1.1407996218300525E+00 -2.3170985309886123E+00 3.8420614944644871E-01
 8.7435607177662657E-03 -5.5969831044875001E-03 -1.5564149265432736E-03
0
0.0
 -1.1407996218300525E+00 -2.3170985309886123E+00 3.8420614944644871E-01
 8.8368405379366938E-03 -6.1115804178897472E-03 -1.8709692115448182E-03
0
0.0
 -1.1407996218300525E+00 -2.3170985309886123E+00 3.8420614944644871E-01
 8.7204135270881472E-03 -6.2142038690489072E-03 -1.6787160310393844E-03
0
0.0
 -1.1407996218300525E+00 -2.3170985309886123E+00 3.8420614944644871E-01
 8.8906300983995681E-03 -5.9447941144100125E-03 -1.6810482358661247E-03
0
0.0
 -1.1407996218300525E+00 -2.3170985309886123E+00 3.8420614944644871E-01
 8.8543836914313587E-03 -5.7616944408260921E-03 -1.6534556608687142E-03
0
0.0
 -1.1407996218300525E+00 -2.3170985309886123E+00 3.8420614944644871E-01
 8.8357695766533989E-03 -5.8458113514218589E-03 -1.6468810052886653E-03
0
0.0
 -1.1407996218300525E+00 -2.3170985309886123E+00 3.8420614944644871E-01
 8.6464668910859830E-03 -6.0310128224366792E-03 -1.4461106485253589E-03
0
0.0
 -1.1407996218300525E+00 -2.3170985309886123E+00 3.8420614944644871E-01
 8.8472810779749826E-03 -5.9045316277584522E-03 -1.6168357023166962E-03
0
0.0
 -1.1407996218300525E+00 -2.3170985309886123E+00 3.8420614944644871E-01
 8.7218444213706045E-03 -5.9346154287459752E-03 -1.6467546339479320E-03
0
0.0
 -1.1407996218300525E+00 -2.3170985309886123E+00 3.8420614944644871E-01
 8.8398949192244527E-03 -5.9837264420373746E-03 -1.5478348465407582E-03
0
0.0
 -1.1407996218300525E+00 -2.3170985309886123E+00 3.8420614944644871E-01
 8.8277379955709508E-03 -5.9023702545108817E-03 -1.7433874089739531E-03
0
0.0
 -1.1407996218300525E+00 -2.3170985309886123E+00 3.8420614944644871E-01
 8.5118751479346198E-03 -5.9119380162480526E-03 -1.6773015005235141E-03
0
0.0
 -1.1407996218300525E+00 -2.3170985309886123E+00 3.8420614944644871E-01
 8.6622820970730565E-03 -5.9562216593145225E-03 -1.6475551218226355E-03
0
0.0
