50
-1
1
  0.27032240   0.53251998  -0.80208994  4.08157264e-04
 -0.56919015   0.09918505  -0.81620151  3.91483402e-04
 -0.57103483   0.81574257  -0.09210477  3.21532483e-04
  0.93522538   0.18474425   0.30203152  2.35784296e-04
  0.41458071  -0.25584532   0.87330751  7.67070803e-04
 -0.17943215  -0.00944512   0.98372501  1.58285049e-04
  0.99636808  -0.06537243   0.05456278  1.48518430e-04
 -0.53010336  -0.83491783   0.14799541  1.71930943e-04
 -0.32073179   0.50034467  -0.80423027  1.65289510e-04
  0.95554180   0.28676343  -0.06860471  2.28456777e-04
  0.90962725   0.14644823   0.38875593  2.85623178e-04
  0.14117968  -0.98714856  -0.07487339  1.62297985e-04
 -0.13649462   0.07232090   0.98799742  6.41909164e-04
 -0.39818948   0.28414204   0.87218601  3.56788060e-04
  0.19648072   0.82817506   0.52490132  1.49103773e-04
  0.80950500  -0.58372239   0.06300660  2.25906275e-04
 -0.60697036   0.46648203  -0.64341394  2.58186780e-04
 -0.85261331   0.36618055   0.37277653  2.07633992e-04
  0.11333382  -0.45244177   0.88456311  1.81036505e-04
 -0.88468975  -0.39298762  -0.25076837  1.61857767e-04
 -0.65914581   0.59163403  -0.46421544  1.46688689e-04
  0.35200545  -0.93461588   0.05084599  1.78587068e-04
 -0.15796024  -0.75570417   0.63557830  3.76415388e-04
 -0.52087765  -0.23021207  -0.82200297  2.59895066e-04
 -0.06271543  -0.85586215   0.51338753  3.61385506e-04
 -0.52235182  -0.21917675  -0.82408138  1.46029550e-04
  0.43868818   0.55842158   0.70407246  1.47711671e-04
  0.84513085  -0.36737832  -0.38831305  4.13940083e-04
 -0.17250314   0.94056814  -0.29253077  3.31747442e-04
 -0.53452462   0.54000700  -0.65013527  3.01600498e-04
  0.98239067   0.18668167   0.00764978  1.58513562e-04
  0.06156603  -0.93587148  -0.34692102  3.82417474e-04
  0.92397145   0.37077328  -0.09382922  8.39623986e-04
 -0.87875469  -0.33786629   0.33710023  1.91866430e-04
  0.23381611  -0.86253228   0.44874057  1.90237670e-04
  0.00195832   0.39228811  -0.91984032  4.43347041e-04
  0.31805857  -0.89189138  -0.32150974  3.56186479e-04
  0.21972810  -0.89457598  -0.38917011  3.89408805e-04
  0.26906812   0.20930820  -0.94010235  2.77406537e-04
 -0.87621964   0.25525477   0.40875927  2.50999161e-04
  0.09539922  -0.84642531   0.52389234  2.92013864e-04
  0.47325456   0.18525412   0.86122647  1.87238539e-04
 -0.97143422  -0.07314099  -0.22575638  6.26872467e-04
  0.86372964  -0.39785154  -0.30933034  1.80904816e-04
 -0.02367615  -0.25977185  -0.96537973  4.84728182e-04
  0.00649644   0.88315821   0.46903024  1.96197824e-04
 -0.71276195  -0.12942931  -0.68936090  3.21559765e-04
 -0.13615521  -0.64211403   0.75442119  2.77208470e-04
  0.03727486  -0.78975452  -0.61228947  4.87001284e-04
 -0.19677116  -0.96710761  -0.16119546  3.75176585e-04
