50
 -1.1407996218300525E+00 -2.3170985309886123E+00 3.8420614944644871E-01
 8.7172065934986095E-03 -5.8103425790407949E-03 -1.7905742556849128E-03
0
0.0
 -1.1407996218300525E+00 -2.3170985309886123E+00 3.8420614944644871E-01
 8.7903200907217746E-03 -5.9632034121602211E-03 -1.7965354494207629E-03
0
0.0
 -1.1407996218300525E+00 -2.3170985309886123E+00 3.8420614944644871E-01
 8.8531364404895417E-03 -6.0735594719381631E-03 -1.6243012525393096E-03
0
0.0
 -1.1407996218300525E+00 -2.3170985309886123E+00 3.8420614944644871E-01
 8.7851903951065794E-03 -5.8353190665596773E-03 -1.4433071694608317E-03
0
0.0
 -1.1407996218300525E+00 -2.3170985309886123E+00 3.8420614944644871E-01
 8.6987139401809212E-03 -6.0398119881572183E-03 -1.7091484600378572E-03
0
0.0
 -1.1407996218300525E+00 -2.3170985309886123E+00 3.8420614944644871E-01
 8.7837435241484522E-03 -5.9084939247459854E-03 -1.6278441886884035E-03
0
0.0
 -1.1407996218300525E+00 -2.3170985309886123E+00 3.8420614944644871E-01
 8.9825897883556126E-03 -5.8667465095924715E-03 -1.4891517045688345E-03
0
0.0
 -1.1407996218300525E+00 -2.3170985309886123E+00 3.8420614944644871E-01
 8.8128331236596198E-03 -5.9459466348312532E-03 -1.4342702869246308E-03
0
0.0
 -1.1407996218300525E+00 -2.3170985309886123E+00 3.8420614944644871E-01
 8.9352476284079926E-03 -5.8233980628607344E-03 -1.5029110202353262E-03
0
0.0
 -1.1407996218300525E+00 -2.3170985309886123E+00 3.8420614944644871E-01
 8.6546953620943723E-03 -5.7666350377018095E-03 -1.8437991531455090E-03
0
0.0
 -1.1407996218300525E+00 -2.3170985309886123E+00 3.8420614944644871E-01
 8.8299110367799482E-03 -5.8990101062497214E-03 -1.5397275550761698E-03
0
0.0
 -1.1407996218300525E+00 -2.3170985309886123E+00 3.8420614944644871E-01
 8.9191597007279196E-03 -5.9049406024147856E-03 -1.3166513361013098E-03
0
0.0
 -1.1407996218300525E+00 -2.3170985309886123E+00 3.8420614944644871E-01
 8.8230016985621461E-03 -5.7617967374822858E-03 -1.7490060385609767E-03
0
0.0
 -1.1407996218300525E+00 -2.3170985309886123E+00 3.8420614944644871E-01
 8.9277088025306039E-03 -5.7111190044713718E-03 -1.4934941335694415E-03
0
0.0
 -1.1407996218300525E+00 -2.3170985309886123E+00 3.8420614944644871E-01
 8.7974432169843127E-03 -5.9447930380389499E-03 -1.4266043732760814E-03
0
0.0
 -1.1407996218300525E+00 -2.3170985309886123E+00 3.8420614944644871E-01
 8.9184166615222660E-03 -5.9036337486775203E-03 -1.6089333132606450E-03
0
0.0
 -1.1407996218300525E+00 -2.3170985309886123E+00 3.8420614944644871E-01
 8.7128134038723173E-03 -5.7335185460948256E-03 -1.7460144016259703E-03
0
0.0
 -1.1407996218300525E+00 -2.3170985309886123E+00 3.8420614944644871E-01
 8.7629852538197873E-03 -5.9630396263282408E-03 -1.8508052118037654E-03
0
0.0
 -1.1407996218300525E+00 -2.3170985309886123E+00 3.8420614944644871E-01
 8.6495321607583976E-03 -6.1202165952748619E-03 -1.8499410630466754E-03
0
0.0
 -1.1407996218300525E+00 -2.3170985309886123E+00 3.8420614944644871E-01
 8.9351662473604980E-03 -5.7544751739889398E-03 -1.6426016759415690E-03
0
0.0
 -1.1407996218300525E+00 -2.3170985309886123E+00 3.8420614944644871E-01
 8.7664784583731635E-03 -6.2187899549689526E-03 -1.6365325312229036E-03
0
0.0
 -1.1407996218300525E+00 -2.3170985309886123E+00 3.8420614944644871E-01
 8.6298321007641492E-03 -6.0604474253436406E-03 -1.6207242612620079E-03
0
0.0
 -1.1407996218300525E+00 -2.3170985309886123E+00 3.8420614944644871E-01
 8.6682701116324486E-03 -5.8496031296113617E-03 -1.5021758858762646E-03
0
0.0
 -1.1407996218300525E+00 -2.3170985309886123E+00 3.8420614944644871E-01
 8.8114476730900611E-03 -5.7506038447569605E-03 -1.6383462792493614E-03
0
0.0
 -1.1407996218300525E+00 -2.3170985309886123E+00 3.8420614944644871E-01
 8.7163845683642365E-03 -6.0406884092504025E-03 -1.5330539605217664E-03
0
0.0
 -1.1407996218300525E+00 -2.3170985309886123E+00 3.8420614944644871E-01
 8.8615480075438912E-03 -5.9678858215697914E-03 -1.6461770809706486E-03
0
0.0
 -1.1407996218300525E+00 -2.3170985309886123E+00 3.8420614944644871E-01
 8.8216975946546084E-03 -5.8816016205367827E-03 -1.5839018457500552E-03
0
0.0
 -1.1407996218300525E+00 -2.3170985309886123E+00 3.8420614944644871E-01
 8.6278368257731147E-03 -5.8267317668769620E-03 -1.6768181074004703E-03
0
0.0
 -1.1407996218300525E+00 -2.3170985309886123E+00 3.8420614944644871E-01
 8.7521268402780007E-03 -5.9105988014318128E-03 -1.7252495825897571E-03
0
0.0
 -1.1407996218300525E+00 -2.3170985309886123E+00 3.8420614944644871E-01
 8.7155716357138566E-03 -5.9150444343731741E-03 -1.7574902115619637E-03
0
0.0
 -1.1407996218300525E+00 -2.3170985309886123E+00 3.8420614944644871E-01
 8.7192825075077494E-03 -5.8619255511743289E-03 -1.6407703398321209E-03
0
0.0
 -1.1407996218300525E+00 -2.3170985309886123E+00 3.8420614944644871E-01
 8.8492004446523304E-03 -5.9348580877490167E-03 -1.5905597186817956E-03
0
0.0
 -1.1407996218300525E+00 -2.3170985309886123E+00 3.8420614944644871E-01
 8.8240626933291707E-03 -5.7895008895854742E-03 -1.7437450227458802E-03
0
0.0
 -1.1407996218300525E+00 -2.3170985309886123E+00 3.8420614944644871E-01
 8.6208379911469415E-03 -5.8581015170274071E-03 -1.5557541493267210E-03
0
0.0
 -1.1407996218300525E+00 -2.3170985309886123E+00 3.8420614944644871E-01
 8.5109473698334517E-03 -5.8609136725088825E-03 -1.4529208839106072E-03
0
0.0
 -1.1407996218300525E+00 -2.3170985309886123E+00 3.8420614944644871E-01
 8.9691650051895964E-03 -6.1235141459654802E-03 -1.5480242933750851E-03
0
0.0
 -1.1407996218300525E+00 -2.3170985309886123E+00 3.8420614944644871E-01
 8.8865966115338826E-03 -5.8435509280980033E-03 -1.6175197011668386E-03
0
0.0
 -1.1407996218300525E+00 -2.3170985309886123E+00 3.8420614944644871E-01
 8.8338217561334462E-03 -5.9551713871219252E-03 -1.6177354605318741E-03
0
0.0
 -1.1407996218300525E+00 -2.3170985309886123E+00 3.8420614944644871E-01
 8.7273327597268413E-03 -5.8342820552236500E-03 -1.7065382660817290E-03
0
0.0
 -1.1407996218300525E+00 -2.3170985309886123E+00 3.8420614944644871E-01
 8.7728204402634114E-03 -6.0266892923429571E-03 -1.5991088679181275E-03
0
0.0
 -1.1407996218300525E+00 -2.3170985309886123E+00 3.8420614944644871E-01
 8.7544891242677877E-03 -5.7612711234945792E-03 -1.7054070719891489E-03
0
0.0
 -1.1407996218300525E+00 -2.3170985309886123E+00 3.8420614944644871E-01
 8.9445918496736266E-03 -5.7806299093284231E-03 -1.4680039189582271E-03
0
0.0
 -1.1407996218300525E+00 -2.3170985309886123E+00 3.8420614944644871E-01
 8.7260272783688687E-03 -5.9316612918971076E-03 -1.7435430725349233E-03
0
0.0
 -1.1407996218300525E+00 -2.3170985309886123E+00 3.8420614944644871E-01
 8.7983146200366694E-03 -5.7969216086027143E-03 -1.6400704205313255E-03
0
0.0
 -1.1407996218300525E+00 -2.3170985309886123E+00 3.8420614944644871E-01
 8.6366093114024316E-03 -5.9484588735581974E-03 -1.5075173152696172E-03
0
0.0
 -1.1407996218300525E+00 -2.3170985309886123E+00 3.8420614944644871E-01
 9.0602639713325828E-03 -5.9712453530719684E-03 -1.4917839859622385E-03
0
0.0
 -1.1407996218300525E+00 -2.3170985309886123E+00 3.8420614944644871E-01
 8.6252712650492346E-03 -5.8958932772001111E-03 -1.4094690231899343E-03
0
0.0
 -1.1407996218300525E+00 -2.3170985309886123E+00 3.8420614944644871E-01
 8.7769080915627070E-03 -5.7476425978366221E-03 -1.5860577753903761E-03
0
0.0
 -1.1407996218300525E+00 -2.3170985309886123E+00 3.8420614944644871E-01
 8.7737405617898060E-03 -5.9245336658032468E-03 -1.6288025510618404E-03
0
0.0
 -1.1407996218300525E+00 -2.3170985309886123E+00 3.8420614944644871E-01
 8.8512832749681539E-03 -6.1517427233294102E-03 -1.5267603444782305E-03
0
0.0
