20
 -1.1407996218300525E+00 -2.3170985309886123E+00 3.8420614944644871E-01
 8.5724553450480020E-03 -5.7068868319142150E-03 -1.7709612403387022E-03
0
0.0
 -1.1407996218300525E+00 -2.3170985309886123E+00 3.8420614944644871E-01
 8.7692988941832639E-03 -5.7924890276052224E-03 -1.5882146873069292E-03
0
0.0
 -1.1407996218300525E+00 -2.3170985309886123E+00 3.8420614944644871E-01
 8.8799466555342099E-03 -5.7390217501243962E-03 -1.4575408011122187E-03
0
0.0
 -1.1407996218300525E+00 -2.3170985309886123E+00 3.8420614944644871E-01
 8.8686545996254085E-03 -5.6001896400217493E-03 -1.7451687387921174E-03
0
0.0
 -1.1407996218300525E+00 -2.3170985309886123E+00 3.8420614944644871E-01
 8.9737302551367911E-03 -5.7807633599352738E-03 -1.6661073010731187E-03
0
0.0
 -1.1407996218300525E+00 -2.3170985309886123E+00 3.8420614944644871E-01
 8.6498717714315332E-03 -5.8869121651447748E-03 -1.5656663065947904E-03
0
0.0
 -1.1407996218300525E+00 -2.3170985309886123E+00 3.8420614944644871E-01
 8.7824803138549373E-03 -5.9598042725800071E-03 -1.7022540554186706E-03
0
0.0
 -1.1407996218300525E+00 -2.3170985309886123E+00 3.8420614944644871E-01
 8.8469470522983176E-03 -5.7061566766884834E-03 -1.7915415656018796E-03
0
0.0
 -1.1407996218300525E+00 -2.3170985309886123E+00 3.8420614944644871E-01
 8.8568495121115632E-03 -6.0465167556644798E-03 -1.5858980856399919E-03
0
0.0
 -1.1407996218300525E+00 -2.3170985309886123E+00 3.8420614944644871E-01
 8.8882892432700904E-03 -6.0548948656799235E-03 -1.3967416853523924E-03
0
0.0
 -1.1407996218300525E+00 -2.3170985309886123E+00 3.8420614944644871E-01
 8.8500265060810473E-03 -5.8810798276579049E-03 -1.5284768976023980E-03
0
0.0
 -1.1407996218300525E+00 -2.3170985309886123E+00 3.8420614944644871E-01
 8.6803526459311026E-03 -5.7181747559927731E-03 -1.7980314686884139E-03
0
0.0
 -1.1407996218300525E+00 -2.3170985309886123E+00 3.8420614944644871E-01
 8.7504912812753598E-03 -5.8985563541743644E-03 -1.8177228564825005E-03
0
0.0
 -1.1407996218300525E+00 -2.3170985309886123E+00 3.8420614944644871E-01
 8.8003735166010885E-03 -5.8855727053444742E-03 -1.6231010554324347E-03
0
0.0
 -1.1407996218300525E+00 -2.3170985309886123E+00 3.8420614944644871E-01
 8.9075806231055567E-03 -5.9060536930859320E-03 -1.6104930333471477E-03
0
0.0
 -1.1407996218300525E+00 -2.3170985309886123E+00 3.8420614944644871E-01
 8.7898661926869449E-03 -5.9059280433495240E-03 -1.6089533964714275E-03
0
0.0
 -1.1407996218300525E+00 -2.3170985309886123E+00 3.8420614944644871E-01
 8.6596217477533342E-03 -5.9370500062836448E-03 -1.5551427068358269E-03
0
0.0
 -1.1407996218300525E+00 -2.3170985309886123E+00 3.8420614944644871E-01
 8.9554460076384894E-03 -5.8975597044279892E-03 -1.8025558670088332E-03
0
0.0
 -1.1407996218300525E+00 -2.3170985309886123E+00 3.8420614944644871E-01
 8.9999182578711125E-03 -6.0327300121497916E-03 -1.7023166341234349E-03
0
0.0
 -1.1407996218300525E+00 -2.3170985309886123E+00 3.8420614944644871E-01
 8.9328579790642730E-03 -5.7142100562392918E-03 -1.5251102843911082E-03
0
0.0
