20
-1
1
 -0.14896531  -0.08130118  -0.98549452  4.11888458e-04
  0.12744242   0.98709605   0.09695266  6.31556551e-04
  0.05338666  -0.98629959   0.15608649  2.87863517e-04
  0.08044702  -0.10836310   0.99085101  6.57678130e-04
 -0.85466466  -0.47774428   0.20324549  2.71861661e-04
  0.88397946   0.44445404  -0.14505491  2.71802197e-04
  0.24699080   0.77240304   0.58514023  2.10200539e-04
  0.55828516  -0.21175326   0.80217095  2.62212225e-04
  0.55678750   0.61942176   0.55344771  7.15138413e-04
  0.35278885  -0.62020714   0.70063052  2.73837814e-04
  0.67433726  -0.00525902   0.73840477  2.94973034e-04
 -0.67308192   0.33975414   0.65690779  5.38438599e-04
 -0.85170283   0.20389607   0.48273044  1.80433368e-04
  0.19489367  -0.70401329  -0.68292148  4.94750239e-04
 -0.01877849   0.97810478   0.20726410  3.10221484e-04
  0.60306380   0.01639495  -0.79752445  1.61365023e-04
 -0.61537056   0.76416407   0.19331927  2.91367342e-04
 -0.12424043  -0.10635489  -0.98653584  6.68956668e-04
 -0.88179382  -0.40239555   0.24600302  1.93542777e-04
  0.62472842  -0.77651102   0.08212817  2.25705798e-04
