400
-1
1
 -0.61601112  -0.75740405   0.21649344  3.51974048e-04
  0.66060432   0.65673384  -0.36373424  2.00090680e-04
 -0.17446831   0.97023668  -0.16793332  3.21909026e-04
 -0.05153307   0.99789026  -0.03948876  2.45203174e-04
  0.97327486   0.16366344   0.16109103  2.03219375e-04
 -0.36841881  -0.20100963   0.90766883  1.85663906e-04
  0.04323022   0.35935811  -0.93219788  1.69410363e-04
 -0.07200107  -0.22371623   0.97199120  1.45648953e-04
 -0.38439374  -0.80032139   0.46013816  3.50497817e-04
  0.15060978   0.06179018   0.98666036  1.50465887e-04
 -0.47999852  -0.64387656  -0.59583923  2.46042429e-04
 -0.09022823  -0.88758776  -0.45171545  1.65550230e-04
  0.49861118   0.03460187   0.86613486  4.64132155e-04
  0.91091778  -0.18204207  -0.37025596  2.26431709e-04
  0.00464013  -0.90840029   0.41807582  4.18088649e-04
  0.71792285  -0.54814434   0.42909739  5.97498864e-04
 -0.39499216   0.15925036  -0.90477650  6.59031494e-04
 -0.71336755  -0.09367567   0.69450098  2.41918040e-04
 -0.42960310   0.88693906  -0.16964751  1.67251831e-04
  0.79336340   0.30870913   0.52466484  1.85687942e-04
  0.38338266  -0.87432674   0.29760796  4.29432162e-04
  0.64262020   0.47092521   0.60437466  3.73763016e-04
 -0.11407184   0.23700205  -0.96478891  2.86229697e-04
 -0.01785827   0.79701702   0.60369276  4.61555645e-04
 -0.95414289   0.24242572  -0.17561636  7.06181513e-04
 -0.23525436   0.96271597   0.13354157  1.74596000e-04
  0.62353387  -0.29070559   0.72573808  3.97309028e-04
  0.41427223  -0.53650830  -0.73521246  5.25975984e-04
 -0.00551920  -0.99551910  -0.09439943  2.66090572e-04
  0.70571626  -0.51686641  -0.48457576  1.79609302e-04
  0.46284738  -0.88395767   0.06626571  1.87053886e-04
 -0.35052933  -0.36091910   0.86421444  2.81694177e-04
 -0.71158945  -0.00170507   0.70259345  5.08474399e-04
  0.04506357  -0.17586263  -0.98338274  4.02172721e-04
  0.99023655   0.11698657   0.07580052  1.51292584e-04
 -0.78568274  -0.61756854   0.03621783  2.13813431e-04
 -0.34343718   0.91043365  -0.23056771  2.68387528e-04
  0.81064043  -0.37594342   0.44891942  2.98586113e-04
  0.09607862   0.18728248   0.97759612  2.73844718e-04
  0.61534759  -0.77259959  -0.15632408  3.20687347e-04
 -0.77786701   0.08706152  -0.62236903  1.84922324e-04
  0.11089054   0.98622227   0.12275552  1.75969819e-04
 -0.92806216  -0.34772933   0.13336021  1.79042163e-04
  0.94587842   0.25263069  -0.20369525  2.49958214e-04
 -0.41045842  -0.91187026   0.00406381  2.23319171e-04
  0.56864139  -0.40444739  -0.71628854  3.33371006e-04
  0.64059352   0.75823517   0.12132339  8.28775498e-04
  0.09446210   0.38626371  -0.91753870  3.45071356e-04
  0.23030802  -0.60269706   0.76401209  3.92459083e-04
  0.83503264   0.12552004  -0.53569134  2.62436161e-04
  0.46763418   0.09377264  -0.87893399  8.50567229e-04
  0.18965632   0.22828879   0.95494226  2.18206190e-04
 -0.94882207   0.29155622   0.12137402  8.31181794e-04
  0.38135189   0.92401281   0.02776796  1.62777601e-04
 -0.72990671  -0.64076320   0.23803091  4.30192831e-04
  0.98463379  -0.09206653  -0.14839158  3.46135354e-04
  0.47582918   0.56079798   0.67756344  2.59044581e-04
  0.76110527  -0.64151246   0.09581515  3.30979712e-04
  0.58575110  -0.60307460   0.54147639  4.63012797e-04
 -0.15755010   0.75384060   0.63788895  7.35307268e-04
  0.45114959   0.39378900  -0.80087095  1.87176500e-04
  0.09986552  -0.86847541   0.48556910  2.96412960e-04
 -0.34747023   0.92992766   0.12041176  2.02187317e-04
 -0.48959523   0.85701385  -0.16069773  6.52432696e-04
  0.35211076   0.73324810   0.58169170  4.53389297e-04
 -0.08097815   0.46620616   0.88096218  2.57731396e-04
  0.88071742   0.24132928  -0.40755000  1.65572549e-04
  0.61302543   0.76397178   0.20136273  1.46055192e-04
  0.24129675  -0.05406536   0.96894418  1.64814303e-04
 -0.34991730   0.77896576  -0.52035587  2.74994416e-04
 -0.41028925  -0.74565763  -0.52503088  1.51953349e-04
  0.12083681   0.02091762   0.99245197  1.81733593e-04
 -0.79526157   0.20662196   0.56997053  2.57863808e-04
 -0.35668802   0.74388018   0.56516895  3.25441279e-04
 -0.27703706   0.90154531   0.33236504  4.51083214e-04
 -0.31592072  -0.16525884  -0.93428241  2.65116304e-04
 -0.78404269   0.60610919   0.13382346  2.18825069e-04
  0.24163922  -0.27314172  -0.93113054  8.40516275e-04
  0.80153647  -0.50720840   0.31666849  4.19328751e-04
  0.24388570   0.77810105   0.57885967  3.60200909e-04
 -0.66482476  -0.55116687  -0.50420542  2.84172380e-04
  0.45749834   0.67944251   0.57363154  8.12513673e-04
  0.77804856  -0.62677237  -0.04238897  2.37248414e-04
  0.17573828   0.95773538  -0.22772571  1.63318787e-04
 -0.25501211  -0.73880105   0.62381234  2.24208311e-04
 -0.89724948  -0.02306067  -0.44092128  2.38244523e-04
 -0.77541174  -0.24668037  -0.58127913  1.59480347e-04
  0.89184219   0.33081127   0.30851485  1.70101668e-04
  0.38081048  -0.92007768  -0.09187186  3.25413063e-04
 -0.04845388  -0.86649945  -0.49682082  1.53064394e-04
  0.78822366  -0.59604423  -0.15308412  4.40177816e-04
  0.85104104   0.15234594  -0.50251355  4.65426445e-04
 -0.68197279  -0.00447297   0.73136387  2.33806846e-04
 -0.76882105   0.22951801  -0.59685482  2.12908218e-04
 -0.42932799   0.32277344  -0.84350150  2.92181041e-04
  0.09595147  -0.09395082   0.99094226  5.73725915e-04
  0.94521981  -0.03576596   0.32446928  6.01972794e-04
 -0.47155323  -0.46189238  -0.75119437  5.04273782e-04
  0.51573184   0.00025781   0.85675002  5.94231404e-04
 -0.24288376   0.93706106  -0.25084668  2.52964557e-04
  0.79187756  -0.23279735  -0.56456650  3.30952539e-04
 -0.49359627   0.29793572  -0.81706611  2.17620079e-04
  0.74520523   0.45962246   0.48313182  3.30624791e-04
 -0.72308767   0.29672919   0.62377561  7.45997233e-04
 -0.22242316  -0.38408917  -0.89610459  1.95899394e-04
 -0.03842931  -0.97009946  -0.23964605  3.23183049e-04
  0.55346722   0.67272914  -0.49102907  2.52005046e-04
  0.52506331  -0.71773402   0.45734713  1.91455247e-04
 -0.17999775   0.94576459  -0.27042587  1.71457335e-04
  0.76506138  -0.50674057  -0.39736014  4.35275114e-04
 -0.21704852   0.78783432  -0.57637403  2.21910695e-04
  0.78102593   0.57072781  -0.25351185  1.69313734e-04
 -0.63646489   0.49879209   0.58831870  8.07806211e-04
 -0.70314444   0.13550861   0.69801527  3.07925025e-04
  0.55650831   0.55164639  -0.62127672  4.61232794e-04
 -0.14803203   0.11705811   0.98203051  2.22099344e-04
 -0.51083476   0.79715297  -0.32186176  2.78800469e-04
  0.37970315   0.88219655  -0.27848655  1.47071506e-04
  0.66857743   0.73981340  -0.07536813  2.47818392e-04
  0.49813821   0.54784175  -0.67210694  2.89913918e-04
  0.89013257   0.18495484  -0.41648015  1.87339347e-04
 -0.60550026   0.22909038   0.76215945  3.42756916e-04
  0.88805270  -0.40640155  -0.21494229  5.60234908e-04
 -0.40917307   0.00720823   0.91242832  7.16303354e-04
  0.72092229  -0.69180631   0.04092765  3.32803665e-04
  0.01785552  -0.98895896   0.14711004  2.41420550e-04
  0.50997102  -0.31297499   0.80123418  1.78133071e-04
  0.82189226   0.55892857  -0.10996350  1.75667648e-04
 -0.63459717  -0.33889940   0.69457442  3.67105911e-04
  0.84134391   0.15667124  -0.51729541  2.49914166e-04
 -0.38231381   0.79994546  -0.46251855  2.91039489e-04
  0.72952416   0.66700739  -0.15131308  6.18077690e-04
 -0.79768130  -0.32359915  -0.50890877  2.24986324e-04
  0.33651178   0.37430595  -0.86409194  4.36437705e-04
  0.98090405   0.17133275  -0.09204531  3.15529356e-04
  0.37471586   0.67936007   0.63091832  3.95531609e-04
 -0.79323069  -0.53302706  -0.29439299  4.46487720e-04
 -0.81917225  -0.30108088  -0.48816711  1.80445009e-04
  0.86661319  -0.14037899   0.47882703  3.34860416e-04
  0.03418993   0.15647284  -0.98709032  2.28676166e-04
  0.06304477  -0.44186140   0.89486527  1.75693425e-04
 -0.00685222  -0.94476375   0.32768050  2.69330891e-04
 -0.19201870  -0.57148402   0.79783133  2.88880696e-04
 -0.77515435   0.26671479  -0.57271193  4.15675633e-04
  0.50596351   0.85179989  -0.13578611  4.87486944e-04
 -0.23834619  -0.91840909  -0.31577813  2.11881501e-04
 -0.76634440   0.62960898   0.12770587  2.21100497e-04
 -0.10588730  -0.96291004   0.24817764  1.46798544e-04
 -0.19145987  -0.12810453   0.97310449  1.58736740e-04
 -0.30709314   0.01075395   0.95161870  4.00347547e-04
  0.44830585   0.59226573  -0.66950965  3.38294916e-04
 -0.05584715  -0.92795459  -0.36848526  1.81725237e-04
  0.31603635  -0.67106968   0.67066125  3.24590527e-04
 -0.81508944   0.26884837  -0.51317615  3.91477476e-04
 -0.23876160   0.22810421  -0.94390750  2.38936323e-04
  0.11498365  -0.35745057   0.92682676  1.91504561e-04
  0.16851107  -0.82599549   0.53789913  2.26449722e-04
  0.08523144   0.81789065  -0.56902590  1.45912466e-04
 -0.33582593   0.57040892   0.74956961  6.60595403e-04
 -0.83109923   0.51523642   0.20929762  2.20834832e-04
 -0.88720322   0.23067588  -0.39957363  2.33416840e-04
 -0.83320214  -0.55223710  -0.02843210  2.01269870e-04
  0.16879078  -0.51425927  -0.84086091  2.09206247e-04
  0.68996859   0.50341054  -0.52011650  3.31851212e-04
 -0.47274732   0.73311709  -0.48892669  1.87045213e-04
 -0.78059362  -0.29556043   0.55074279  6.96457629e-04
  0.11583149  -0.56202260   0.81897110  2.12504535e-04
 -0.73150268  -0.65340962  -0.19483247  1.83035688e-04
  0.18023850   0.96674552  -0.18143094  1.63216503e-04
 -0.51537070   0.35038669   0.78206279  1.51084762e-04
 -0.64033771  -0.64877273   0.41117096  3.38107631e-04
  0.71221488   0.21243492   0.66904512  2.73900673e-04
 -0.03688825   0.76681610   0.64080600  2.27630005e-04
 -0.45176008   0.79655152   0.40176922  1.46624926e-04
 -0.73603014   0.64326304  -0.21088455  8.08819494e-04
 -0.01141627   0.79004093  -0.61294779  2.36924137e-04
  0.26662076  -0.73192631   0.62705442  8.10394690e-04
 -0.56127546   0.13619607   0.81634581  2.41611374e-04
 -0.00953129   0.35403536  -0.93518347  1.91687870e-04
 -0.01781543   0.80311291  -0.59556046  1.77072900e-04
  0.25160123   0.94339624  -0.21610266  4.85212305e-04
 -0.00060250   0.98613761   0.16592848  2.27259483e-04
 -0.90604861  -0.08452656   0.41464584  1.54908737e-04
 -0.66026754  -0.19785103   0.72450103  2.70149592e-04
  0.47214752   0.41493239  -0.77775821  2.22039830e-04
 -0.36497940  -0.86630560   0.34103466  2.77396903e-04
 -0.17103697   0.98351633  -0.05866838  1.61350529e-04
 -0.57258972   0.56063634  -0.59818719  4.02252211e-04
  0.56939906  -0.79972533  -0.19032630  2.99339306e-04
  0.93353535  -0.35820240   0.01424056  1.64016564e-04
  0.01690930   0.67827510  -0.73461348  5.68930946e-04
 -0.70903637  -0.66353845   0.23871353  2.44098964e-04
 -0.04128925   0.22942352   0.97245054  1.81886393e-04
  0.70519051  -0.36033750  -0.61062529  2.09976122e-04
  0.98507614  -0.16026488   0.06277070  3.20223375e-04
 -0.22905766  -0.23019570  -0.94580258  1.60060322e-04
 -0.49220041  -0.58321287   0.64622094  1.72409172e-04
 -0.40695334   0.66230386   0.62908074  1.51323480e-04
 -0.95222658  -0.29456857   0.08058470  2.35652614e-04
 -0.15963042  -0.74658392  -0.64585648  2.27784861e-04
  0.53124693  -0.80325296   0.26937218  3.84822393e-04
 -0.90736357   0.19369660  -0.37305894  8.56031916e-04
  0.72677834  -0.20878258  -0.65437227  3.11700528e-04
  0.87908715   0.36814225  -0.30278220  3.37835747e-04
  0.97699336   0.02036447   0.21229522  1.65457047e-04
  0.86681377   0.31322553  -0.38797378  1.66353072e-04
 -0.19969975   0.69938734   0.68627790  2.17984388e-04
  0.02969762  -0.46330660  -0.88570031  7.73676861e-04
  0.14591410  -0.53323975   0.83328533  3.22543959e-04
  0.45969766  -0.48239639   0.74563515  1.50596557e-04
  0.68592940   0.22274416  -0.69273797  4.34898697e-04
  0.98346910   0.01262746   0.18063520  2.88147268e-04
  0.03135090   0.87729933   0.47891857  1.93202922e-04
  0.29607641  -0.23874606   0.92484543  1.99798129e-04
  0.57363673  -0.61405256   0.54210733  6.00898297e-04
 -0.67871662  -0.54936293  -0.48738498  2.04932798e-04
 -0.52963204  -0.46320814  -0.71058295  4.95115197e-04
 -0.45521572  -0.18876446   0.87014173  6.68803906e-04
 -0.00792221   0.49631497   0.86810638  2.14969470e-04
  0.42461768  -0.87617967   0.22805483  2.38426593e-04
 -0.80094854  -0.56217185  -0.20602002  3.11341341e-04
 -0.48485130  -0.53602346   0.69108470  1.82976912e-04
 -0.61625980  -0.73020675   0.29499485  3.92088434e-04
  0.63957807  -0.76815690   0.02957821  2.35636318e-04
 -0.27345216   0.80019143   0.53377672  1.64675590e-04
 -0.23090451  -0.58732227  -0.77571622  2.05227843e-04
  0.43174162  -0.89924436  -0.07041844  1.58631218e-04
  0.01904558  -0.53404284   0.84524287  2.25334265e-04
 -0.26297207  -0.42018656   0.86849810  3.53545894e-04
  0.74839063  -0.64761015   0.14322205  1.53440286e-04
 -0.42256815  -0.41101407   0.80777694  1.59005217e-04
  0.91853325  -0.09604420   0.38349991  2.39555441e-04
 -0.64824551  -0.29566449   0.70168388  2.40722594e-04
 -0.10534413   0.92105309  -0.37491841  1.48129362e-04
  0.72746003   0.68509174   0.03809477  6.00847185e-04
  0.53301239   0.70901438   0.46173196  1.49092934e-04
 -0.31265469   0.52044722   0.79459533  1.88986948e-04
  0.43496525   0.78055893   0.44892426  2.21462339e-04
 -0.10666472   0.92729551  -0.35881147  2.79764130e-04
 -0.55288365  -0.63026718  -0.54505317  3.05865218e-04
 -0.51451248   0.77433438  -0.36835198  1.62260172e-04
 -0.32883395   0.56512380   0.75663950  1.59041713e-04
 -0.18724561  -0.57081326   0.79944437  2.16023831e-04
 -0.54004435  -0.21561857  -0.81354823  1.51104425e-04
 -0.04395094  -0.96805927   0.24683916  1.88187047e-04
  0.17755587  -0.97373353  -0.14253745  1.47794295e-04
  0.71502883   0.14553005  -0.68377977  6.62028311e-04
 -0.18947161   0.69070955  -0.69786877  5.02147428e-04
  0.54195909  -0.31832529   0.77778490  1.49080585e-04
  0.66007609   0.42087987   0.62222158  4.77877575e-04
 -0.24501857  -0.91759535   0.31302505  2.32145104e-04
  0.97730970   0.21143630   0.01266622  1.60824374e-04
  0.12798100  -0.88393004  -0.44976498  4.50929699e-04
  0.23357949  -0.60855595  -0.75835367  2.01384748e-04
  0.60611995  -0.78364413   0.13608997  3.11446624e-04
 -0.05864880   0.13943532  -0.98849285  2.55817285e-04
 -0.88992165  -0.45381877   0.04569451  3.66300682e-04
 -0.10763362   0.73826122   0.66587189  3.15314542e-04
 -0.61566236   0.74690863  -0.25117197  1.65034661e-04
 -0.55113061   0.60988599   0.56946828  3.58591887e-04
  0.45471076   0.88853783  -0.06114444  6.54960968e-04
  0.39605107  -0.76646742   0.50563944  2.85200638e-04
  0.58012968   0.41763566  -0.69930681  2.04408678e-04
  0.17722454  -0.05387294  -0.98269485  1.68739405e-04
  0.27135784  -0.14644261   0.95127256  2.44753467e-04
 -0.03589087   0.43987424  -0.89734191  2.27648686e-04
 -0.68269329   0.02119801  -0.73039751  3.56519482e-04
 -0.39730145  -0.67030534  -0.62677134  3.47923669e-04
  0.86364084   0.14245376  -0.48356118  1.91631630e-04
 -0.12160021   0.05182872  -0.99122509  1.50659116e-04
  0.06971226  -0.93860941  -0.33786474  2.55994944e-04
 -0.19753918   0.52782705   0.82606106  1.77973342e-04
 -0.71137219   0.14602495  -0.68747823  1.73248222e-04
  0.31089519  -0.92908884   0.20034498  3.17746649e-04
 -0.52159236   0.19411633  -0.83081903  2.21577054e-04
  0.99694342  -0.01897599   0.07578738  1.59773557e-04
  0.76632155  -0.60806105   0.20739584  4.87426961e-04
 -0.34021438   0.89410978  -0.29124198  6.88400698e-04
  0.66315365  -0.34112127   0.66623083  3.06623474e-04
  0.89809761   0.39512602   0.19312201  1.71919201e-04
 -0.90367391   0.14401112  -0.40327937  2.59035912e-04
  0.65133931  -0.75869178   0.01199533  2.02859842e-04
  0.72298277  -0.63239531  -0.27815838  1.63272706e-04
 -0.35212793   0.09700442   0.93091141  6.89036085e-04
 -0.94882387  -0.09385739  -0.30153616  1.61125080e-04
  0.25105890  -0.03725434  -0.96725464  2.16669810e-04
 -0.73107189   0.35990142   0.57965926  1.67555220e-04
 -0.40802413   0.89816904   0.16373357  1.77612811e-04
 -0.21095047  -0.79373846   0.57050780  1.53768356e-04
 -0.73688448  -0.41149259  -0.53635353  2.08486631e-04
 -0.01177243   0.44752000  -0.89419643  2.42974894e-04
 -0.37496116   0.80491482  -0.45990897  6.32135487e-04
  0.49026731  -0.87130317   0.02165069  1.71653903e-04
 -0.73653769  -0.28488620   0.61347541  1.74289476e-04
  0.58206038  -0.38249238   0.71756902  1.61454891e-04
  0.26803877   0.46961534   0.84119953  2.02311279e-04
 -0.48579489   0.05318858  -0.87245304  4.15220901e-04
  0.90806843   0.38391095  -0.16740403  3.63648225e-04
  0.46868455   0.73275487  -0.49336101  1.76298233e-04
 -0.19548694   0.97605366  -0.09541546  1.79688768e-04
  0.87650171   0.32952975   0.35093432  2.50504316e-04
 -0.34654446  -0.63752708  -0.68808877  1.83550288e-04
 -0.10217574   0.23765709  -0.96596026  7.75324496e-04
  0.36631401   0.61948620  -0.69429885  3.35590632e-04
  0.59727202  -0.29838145   0.74446937  3.78690061e-04
 -0.11391131   0.73125955   0.67252040  3.39654876e-04
  0.41549691  -0.14691594   0.89765139  1.69854179e-04
  0.73930425  -0.32372664  -0.59044923  2.76259049e-04
 -0.77321776   0.26004059   0.57837114  3.60326468e-04
  0.65243558  -0.75275053   0.08771807  7.48709632e-04
 -0.01111750  -0.56215840   0.82695486  1.82380211e-04
 -0.19526242   0.88277836  -0.42728790  7.20775707e-04
  0.50481603   0.11074157   0.85609409  1.81833376e-04
 -0.51164694   0.46442863   0.72285784  1.47186309e-04
  0.49358697  -0.78763982   0.36877556  1.91496336e-04
 -0.61738615   0.69309141  -0.37210030  3.70825818e-04
  0.86421212  -0.27646055  -0.42036530  4.00982668e-04
  0.50171119  -0.22087429  -0.83636142  4.76658305e-04
  0.20329116   0.67900073  -0.70542946  4.33720435e-04
  0.56762456  -0.68815796   0.45193029  2.70362328e-04
 -0.09310949  -0.50146677   0.86015214  2.98754650e-04
  0.94711049  -0.22389894   0.22989343  2.08314594e-04
  0.78648034   0.46996533   0.40072592  8.64601167e-04
 -0.92185118  -0.12922006  -0.36536635  3.42112343e-04
 -0.27979863   0.80731293  -0.51957537  1.58842598e-04
  0.62000120  -0.18641187  -0.76213459  4.97739917e-04
 -0.88356007  -0.14769359  -0.44441896  1.62339729e-04
  0.78679524  -0.53519389  -0.30744229  3.06368061e-04
  0.23377186   0.85939675   0.45473943  4.35061177e-04
 -0.52009141  -0.64451302   0.56045329  1.95537356e-04
  0.57312834   0.81052764  -0.12070151  3.44906884e-04
 -0.70656061   0.70302569  -0.08078976  3.82688415e-04
 -0.44243203  -0.80808097  -0.38892035  4.37817789e-04
 -0.02016140  -0.03880981   0.99904320  1.98327194e-04
  0.39625291   0.13115194   0.90872592  3.20421739e-04
 -0.34023836  -0.57253747  -0.74594819  2.76521646e-04
  0.17141809  -0.72044296   0.67199538  2.27139438e-04
 -0.70618424   0.50448775   0.49678559  1.98627257e-04
  0.80914856   0.58369282   0.06768525  1.94113092e-04
  0.08704626   0.93144980  -0.35330470  1.63708886e-04
 -0.58609966   0.29692558   0.75387159  3.50349520e-04
 -0.85340331  -0.36059540   0.37639574  1.76397056e-04
  0.24012726   0.50198430   0.83087343  2.03563075e-04
 -0.83924252  -0.49794676   0.21845141  2.07962074e-04
 -0.86113995  -0.29902060  -0.41112609  1.66854639e-04
 -0.04000077   0.24058895   0.96980250  1.57221131e-04
 -0.79389025   0.49519350  -0.35287628  1.95802740e-04
 -0.99687388  -0.05629453  -0.05543823  6.06523132e-04
 -0.28200862   0.71025962  -0.64498249  6.81359626e-04
 -0.85214016   0.25220934   0.45852764  2.14878426e-04
 -0.69794784   0.64251133   0.31630364  1.99176654e-04
 -0.68706673  -0.65533348  -0.31381099  1.77081454e-04
 -0.00966986   0.95489687  -0.29678015  2.63526171e-04
  0.34849659  -0.83538293  -0.42507115  4.40105548e-04
  0.11944843  -0.71696850  -0.68679563  2.09877814e-04
 -0.68869214   0.16277718  -0.70654563  1.81100361e-04
 -0.70215728  -0.70316357   0.11196493  1.93018089e-04
 -0.80021764  -0.57880204   0.15697107  3.03505345e-04
 -0.39463489  -0.33857722   0.85418310  2.11762390e-04
  0.12081182  -0.83559366   0.53589900  2.82216194e-04
  0.08585326   0.97836628   0.18822495  2.27631510e-04
 -0.49948625  -0.75833994  -0.41884846  2.02489820e-04
  0.84927656   0.51260954  -0.12633595  2.84451402e-04
  0.52045758   0.25097985   0.81616973  1.49729583e-04
 -0.68596943   0.66447155  -0.29651897  3.05981906e-04
 -0.35906551   0.93104099   0.06507401  1.63848144e-04
  0.67371126  -0.69686137  -0.24596213  5.76463751e-04
  0.22392725   0.70194951   0.67610907  5.17154317e-04
  0.32384329   0.63903089  -0.69768549  3.04723665e-04
  0.35316898  -0.21645442  -0.91017534  1.60562167e-04
 -0.94592426  -0.26982029   0.18006748  3.87120191e-04
  0.72875159   0.59029096  -0.34709898  6.85231428e-04
 -0.02975863  -0.36168047   0.93182706  1.46675420e-04
 -0.93846798   0.32570390   0.11486868  3.25592807e-04
 -0.38133633   0.91025028   0.16132897  4.78958643e-04
 -0.49405055   0.08007961  -0.86573744  2.12100625e-04
  0.84575450   0.08497203  -0.52676284  3.57607825e-04
 -0.57981454  -0.75222210   0.31301281  2.17352362e-04
  0.31953610   0.19650165   0.92697561  7.05657665e-04
 -0.65000303  -0.44568718   0.61551523  2.52025126e-04
 -0.52451260  -0.40885048  -0.74681177  1.73120564e-04
  0.28708573  -0.95661522   0.04969004  2.90704111e-04
 -0.05137201  -0.82027526   0.56965728  1.97621016e-04
 -0.13342918   0.96397378  -0.23011131  1.46121156e-04
 -0.89325767   0.37726078  -0.24446892  7.89852382e-04
 -0.33769682  -0.85977821  -0.38306956  2.87266027e-04
 -0.42470886  -0.28371690  -0.85972502  1.48010553e-04
 -0.70618896   0.09572530  -0.70152250  1.92141988e-04
  0.88099942   0.27309086   0.38634363  1.70445076e-04
  0.04280321  -0.93662011  -0.34772209  1.51562688e-04
 -0.50609716  -0.78613413  -0.35476584  1.46496441e-04
  0.37697726   0.89736812   0.22938747  2.07195648e-04
 -0.04185579   0.39274445  -0.91869467  4.55847463e-04
 -0.43617641  -0.74038747  -0.51144553  1.50385526e-04
  0.47119286  -0.86248955  -0.18463222  5.13235997e-04
  0.02234843   0.85920644   0.51114072  2.15426098e-04
 -0.60105687  -0.67093658  -0.43425195  1.61271904e-04
  0.99654139   0.04054196   0.07253688  1.91378059e-04
  0.39600495  -0.73817899  -0.54614271  1.86899458e-04
  0.27139027   0.32546704  -0.90576958  2.07668886e-04
