400
 -1.1407996218300525E+00 -2.3170985309886123E+00 3.8420614944644871E-01
 8.6840710100225156E-03 -5.8558714027045263E-03 -1.4775198722757155E-03
0
0.0
 -1.1407996218300525E+00 -2.3170985309886123E+00 3.8420614944644871E-01
 8.8038881185054218E-03 -5.7638963071866018E-03 -1.5722219702157916E-03
0
0.0
 -1.1407996218300525E+00 -2.3170985309886123E+00 3.8420614944644871E-01
 8.6976099927050902E-03 -5.6832600233657927E-03 -1.8282176252279549E-03
0
0.0
 -1.1407996218300525E+00 -2.3170985309886123E+00 3.8420614944644871E-01
 8.5409450827766166E-03 -6.0008516763870572E-03 -1.6858637167730364E-03
0
0.0
 -1.1407996218300525E+00 -2.3170985309886123E+00 3.8420614944644871E-01
 8.7835626166328108E-03 -5.5907145205203734E-03 -1.7188159749370545E-03
0
0.0
 -1.1407996218300525E+00 -2.3170985309886123E+00 3.8420614944644871E-01
 8.7993942069366452E-03 -5.7383351254375794E-03 -1.7050456094672710E-03
0
0.0
 -1.1407996218300525E+00 -2.3170985309886123E+00 3.8420614944644871E-01
 8.8104155916172190E-03 -5.8719566083981272E-03 -1.4772449692730710E-03
0
0.0
 -1.1407996218300525E+00 -2.3170985309886123E+00 3.8420614944644871E-01
 8.7261974627181778E-03 -5.9854940207250077E-03 -1.4772899163043387E-03
0
0.0
 -1.1407996218300525E+00 -2.3170985309886123E+00 3.8420614944644871E-01
 8.6832388189271754E-03 -5.7402296466542340E-03 -1.4697494053761923E-03
0
0.0
 -1.1407996218300525E+00 -2.3170985309886123E+00 3.8420614944644871E-01
 8.7872151277624943E-03 -5.9796088525798921E-03 -1.7243397997883448E-03
0
0.0
 -1.1407996218300525E+00 -2.3170985309886123E+00 3.8420614944644871E-01
 8.8597422220801775E-03 -5.9226548252402488E-03 -1.6023568834071652E-03
0
0.0
 -1.1407996218300525E+00 -2.3170985309886123E+00 3.8420614944644871E-01
 8.7949263116923714E-03 -5.9275018347042215E-03 -1.7266695819239406E-03
0
0.0
 -1.1407996218300525E+00 -2.3170985309886123E+00 3.8420614944644871E-01
 8.8761649896901846E-03 -5.7985507200022050E-03 -1.8047153485933488E-03
0
0.0
 -1.1407996218300525E+00 -2.3170985309886123E+00 3.8420614944644871E-01
 8.5394361750552473E-03 -5.6744810866790731E-03 -1.6529641843729616E-03
0
0.0
 -1.1407996218300525E+00 -2.3170985309886123E+00 3.8420614944644871E-01
 8.9222647395516379E-03 -5.9169358252880791E-03 -1.4563583210428607E-03
0
0.0
 -1.1407996218300525E+00 -2.3170985309886123E+00 3.8420614944644871E-01
 8.7815944923632615E-03 -5.9510295554193512E-03 -1.6581722846858915E-03
0
0.0
 -1.1407996218300525E+00 -2.3170985309886123E+00 3.8420614944644871E-01
 8.7945623035602973E-03 -5.9507028089049695E-03 -1.4736864966412569E-03
0
0.0
 -1.1407996218300525E+00 -2.3170985309886123E+00 3.8420614944644871E-01
 8.7254186605591633E-03 -5.9006140256761931E-03 -1.6800508964243570E-03
0
0.0
 -1.1407996218300525E+00 -2.3170985309886123E+00 3.8420614944644871E-01
 8.8390356317180323E-03 -5.9498035631829630E-03 -1.5312925166285636E-03
0
0.0
 -1.1407996218300525E+00 -2.3170985309886123E+00 3.8420614944644871E-01
 8.8571066917801748E-03 -5.6128073263574914E-03 -1.5963712729950064E-03
0
0.0
 -1.1407996218300525E+00 -2.3170985309886123E+00 3.8420614944644871E-01
 8.8055377247307966E-03 -5.9993596679847527E-03 -1.4732152720977692E-03
0
0.0
 -1.1407996218300525E+00 -2.3170985309886123E+00 3.8420614944644871E-01
 9.0404729173122148E-03 -5.8779118533145427E-03 -1.5710082634060503E-03
0
0.0
 -1.1407996218300525E+00 -2.3170985309886123E+00 3.8420614944644871E-01
 8.8012394240481826E-03 -5.9258301608376245E-03 -1.6279019128326850E-03
0
0.0
 -1.1407996218300525E+00 -2.3170985309886123E+00 3.8420614944644871E-01
 8.8587743707325955E-03 -5.7119306666201138E-03 -1.6307585373813364E-03
0
0.0
 -1.1407996218300525E+00 -2.3170985309886123E+00 3.8420614944644871E-01
 8.8030059494125980E-03 -5.7771429272753866E-03 -1.7829452269856223E-03
0
0.0
 -1.1407996218300525E+00 -2.3170985309886123E+00 3.8420614944644871E-01
 8.7319081334070858E-03 -5.9997647667292880E-03 -1.6327405358978744E-03
0
0.0
 -1.1407996218300525E+00 -2.3170985309886123E+00 3.8420614944644871E-01
 8.8608052432120783E-03 -5.7959044868545568E-03 -1.9364271592540768E-03
0
0.0
 -1.1407996218300525E+00 -2.3170985309886123E+00 3.8420614944644871E-01
 8.8692831589658305E-03 -5.9777113147456741E-03 -1.8907714814161421E-03
0
0.0
 -1.1407996218300525E+00 -2.3170985309886123E+00 3.8420614944644871E-01
 8.6666500150827733E-03 -6.0952733597137284E-03 -1.5456488406500254E-03
0
0.0
 -1.1407996218300525E+00 -2.3170985309886123E+00 3.8420614944644871E-01
 8.5513107141306065E-03 -6.0972851480667126E-03 -1.7228994032689288E-03
0
0.0
 -1.1407996218300525E+00 -2.3170985309886123E+00 3.8420614944644871E-01
 8.7502553258945615E-03 -6.0442814120270916E-03 -1.4374559363654518E-03
0
0.0
 -1.1407996218300525E+00 -2.3170985309886123E+00 3.8420614944644871E-01
 8.7610127403111512E-03 -5.8468965170550358E-03 -1.6216741889674569E-03
0
0.0
 -1.1407996218300525E+00 -2.3170985309886123E+00 3.8420614944644871E-01
 8.9164749821518292E-03 -5.9111911117245095E-03 -1.5400180187897766E-03
0
0.0
 -1.1407996218300525E+00 -2.3170985309886123E+00 3.8420614944644871E-01
 9.0394722691460039E-03 -5.9083856819399224E-03 -1.6413467163198326E-03
0
0.0
 -1.1407996218300525E+00 -2.3170985309886123E+00 3.8420614944644871E-01
 8.9917430957387814E-03 -5.8524147490669485E-03 -1.5821826047559900E-03
0
0.0
 -1.1407996218300525E+00 -2.3170985309886123E+00 3.8420614944644871E-01
 8.8542634301125682E-03 -5.8984122205809246E-03 -1.5801776987288761E-03
0
0.0
 -1.1407996218300525E+00 -2.3170985309886123E+00 3.8420614944644871E-01
 8.8583098456245235E-03 -5.6913663652505171E-03 -1.7657761185227579E-03
0
0.0
 -1.1407996218300525E+00 -2.3170985309886123E+00 3.8420614944644871E-01
 8.9203540862783041E-03 -5.7403455948354084E-03 -1.5687390648168249E-03
0
0.0
 -1.1407996218300525E+00 -2.3170985309886123E+00 3.8420614944644871E-01
 8.8664287109460772E-03 -5.9302905614782488E-03 -1.7903300710247498E-03
0
0.0
 -1.1407996218300525E+00 -2.3170985309886123E+00 3.8420614944644871E-01
 8.8697753538021333E-03 -5.9310825977501045E-03 -1.7350824879967853E-03
0
0.0
 -1.1407996218300525E+00 -2.3170985309886123E+00 3.8420614944644871E-01
 8.5724553450480020E-03 -5.7068868319142150E-03 -1.7709612403387022E-03
0
0.0
 -1.1407996218300525E+00 -2.3170985309886123E+00 3.8420614944644871E-01
 8.7692988941832639E-03 -5.7924890276052224E-03 -1.5882146873069292E-03
0
0.0
 -1.1407996218300525E+00 -2.3170985309886123E+00 3.8420614944644871E-01
 8.8799466555342099E-03 -5.7390217501243962E-03 -1.4575408011122187E-03
0
0.0
 -1.1407996218300525E+00 -2.3170985309886123E+00 3.8420614944644871E-01
 8.8686545996254085E-03 -5.6001896400217493E-03 -1.7451687387921174E-03
0
0.0
 -1.1407996218300525E+00 -2.3170985309886123E+00 3.8420614944644871E-01
 8.9737302551367911E-03 -5.7807633599352738E-03 -1.6661073010731187E-03
0
0.0
 -1.1407996218300525E+00 -2.3170985309886123E+00 3.8420614944644871E-01
 8.6498717714315332E-03 -5.8869121651447748E-03 -1.5656663065947904E-03
0
0.0
 -1.1407996218300525E+00 -2.3170985309886123E+00 3.8420614944644871E-01
 8.7824803138549373E-03 -5.9598042725800071E-03 -1.7022540554186706E-03
0
0.0
 -1.1407996218300525E+00 -2.3170985309886123E+00 3.8420614944644871E-01
 8.8469470522983176E-03 -5.7061566766884834E-03 -1.7915415656018796E-03
0
0.0
 -1.1407996218300525E+00 -2.3170985309886123E+00 3.8420614944644871E-01
 8.8568495121115632E-03 -6.0465167556644798E-03 -1.5858980856399919E-03
0
0.0
 -1.1407996218300525E+00 -2.3170985309886123E+00 3.8420614944644871E-01
 8.8882892432700904E-03 -6.0548948656799235E-03 -1.3967416853523924E-03
0
0.0
 -1.1407996218300525E+00 -2.3170985309886123E+00 3.8420614944644871E-01
 8.8500265060810473E-03 -5.8810798276579049E-03 -1.5284768976023980E-03
0
0.0
 -1.1407996218300525E+00 -2.3170985309886123E+00 3.8420614944644871E-01
 8.6803526459311026E-03 -5.7181747559927731E-03 -1.7980314686884139E-03
0
0.0
 -1.1407996218300525E+00 -2.3170985309886123E+00 3.8420614944644871E-01
 8.7504912812753598E-03 -5.8985563541743644E-03 -1.8177228564825005E-03
0
0.0
 -1.1407996218300525E+00 -2.3170985309886123E+00 3.8420614944644871E-01
 8.8003735166010885E-03 -5.8855727053444742E-03 -1.6231010554324347E-03
0
0.0
 -1.1407996218300525E+00 -2.3170985309886123E+00 3.8420614944644871E-01
 8.9075806231055567E-03 -5.9060536930859320E-03 -1.6104930333471477E-03
0
0.0
 -1.1407996218300525E+00 -2.3170985309886123E+00 3.8420614944644871E-01
 8.7898661926869449E-03 -5.9059280433495240E-03 -1.6089533964714275E-03
0
0.0
 -1.1407996218300525E+00 -2.3170985309886123E+00 3.8420614944644871E-01
 8.6596217477533342E-03 -5.9370500062836448E-03 -1.5551427068358269E-03
0
0.0
 -1.1407996218300525E+00 -2.3170985309886123E+00 3.8420614944644871E-01
 8.9554460076384894E-03 -5.8975597044279892E-03 -1.8025558670088332E-03
0
0.0
 -1.1407996218300525E+00 -2.3170985309886123E+00 3.8420614944644871E-01
 8.9999182578711125E-03 -6.0327300121497916E-03 -1.7023166341234349E-03
0
0.0
 -1.1407996218300525E+00 -2.3170985309886123E+00 3.8420614944644871E-01
 8.9328579790642730E-03 -5.7142100562392918E-03 -1.5251102843911082E-03
0
0.0
 -1.1407996218300525E+00 -2.3170985309886123E+00 3.8420614944644871E-01
 8.8200902508037884E-03 -5.9066740855369185E-03 -1.5430327861910794E-03
0
0.0
 -1.1407996218300525E+00 -2.3170985309886123E+00 3.8420614944644871E-01
 8.7451873671356341E-03 -5.7974032076613616E-03 -1.6055385509105592E-03
0
0.0
 -1.1407996218300525E+00 -2.3170985309886123E+00 3.8420614944644871E-01
 8.9497909020396071E-03 -5.9273299081022872E-03 -1.8447402265442602E-03
0
0.0
 -1.1407996218300525E+00 -2.3170985309886123E+00 3.8420614944644871E-01
 8.7635445939447977E-03 -5.9282240476613438E-03 -1.5313757469006197E-03
0
0.0
 -1.1407996218300525E+00 -2.3170985309886123E+00 3.8420614944644871E-01
 8.8274635932712210E-03 -5.8345020305430300E-03 -1.7016547257335654E-03
0
0.0
 -1.1407996218300525E+00 -2.3170985309886123E+00 3.8420614944644871E-01
 8.8626942897888500E-03 -5.9374247282482804E-03 -1.8021303755355285E-03
0
0.0
 -1.1407996218300525E+00 -2.3170985309886123E+00 3.8420614944644871E-01
 8.9759938105630245E-03 -6.0183888115730557E-03 -1.5308732899884242E-03
0
0.0
 -1.1407996218300525E+00 -2.3170985309886123E+00 3.8420614944644871E-01
 8.7658948853578372E-03 -5.8623125755020017E-03 -1.6649310398973249E-03
0
0.0
 -1.1407996218300525E+00 -2.3170985309886123E+00 3.8420614944644871E-01
 8.6428772978661573E-03 -5.9828556764030660E-03 -1.7365863529930513E-03
0
0.0
 -1.1407996218300525E+00 -2.3170985309886123E+00 3.8420614944644871E-01
 8.5827673959419284E-03 -5.8511087234922703E-03 -1.5448630579573512E-03
0
0.0
 -1.1407996218300525E+00 -2.3170985309886123E+00 3.8420614944644871E-01
 8.9503885265706830E-03 -5.9907049100737311E-03 -1.5885521947113191E-03
0
0.0
 -1.1407996218300525E+00 -2.3170985309886123E+00 3.8420614944644871E-01
 8.7401225032334995E-03 -5.8942230523058650E-03 -1.4441630563941513E-03
0
0.0
 -1.1407996218300525E+00 -2.3170985309886123E+00 3.8420614944644871E-01
 8.5770284417136487E-03 -5.8933140787353943E-03 -1.5846371077843952E-03
0
0.0
 -1.1407996218300525E+00 -2.3170985309886123E+00 3.8420614944644871E-01
 8.7491420532574398E-03 -5.9179882601890629E-03 -1.5078812353716354E-03
0
0.0
 -1.1407996218300525E+00 -2.3170985309886123E+00 3.8420614944644871E-01
 8.8128319169031022E-03 -5.9429291939092355E-03 -1.5999322395255492E-03
0
0.0
 -1.1407996218300525E+00 -2.3170985309886123E+00 3.8420614944644871E-01
 8.5493431853415156E-03 -5.7459440999034581E-03 -1.5681837021287134E-03
0
0.0
 -1.1407996218300525E+00 -2.3170985309886123E+00 3.8420614944644871E-01
 8.6057089866299862E-03 -5.9485319483268120E-03 -1.7208787655504192E-03
0
0.0
 -1.1407996218300525E+00 -2.3170985309886123E+00 3.8420614944644871E-01
 8.9669517704283226E-03 -5.8058472022237432E-03 -1.8785883913193841E-03
0
0.0
 -1.1407996218300525E+00 -2.3170985309886123E+00 3.8420614944644871E-01
 8.8721047930558246E-03 -6.0766267299244532E-03 -1.8033544026815221E-03
0
0.0
 -1.1407996218300525E+00 -2.3170985309886123E+00 3.8420614944644871E-01
 8.5062694386874600E-03 -6.0485571398767920E-03 -1.5011037898229273E-03
0
0.0
 -1.1407996218300525E+00 -2.3170985309886123E+00 3.8420614944644871E-01
 8.7571941892934900E-03 -5.9145795448364673E-03 -1.5642138583333090E-03
0
0.0
 -1.1407996218300525E+00 -2.3170985309886123E+00 3.8420614944644871E-01
 8.9501240499410342E-03 -5.8342487095167095E-03 -1.5189658412840252E-03
0
0.0
 -1.1407996218300525E+00 -2.3170985309886123E+00 3.8420614944644871E-01
 8.6141049805058302E-03 -5.8149193117203605E-03 -1.4744958532874419E-03
0
0.0
 -1.1407996218300525E+00 -2.3170985309886123E+00 3.8420614944644871E-01
 8.6234798514721583E-03 -6.1433488322759841E-03 -1.8185099919913936E-03
0
0.0
 -1.1407996218300525E+00 -2.3170985309886123E+00 3.8420614944644871E-01
 8.8396858418305028E-03 -5.8186522855682354E-03 -1.6630077299308395E-03
0
0.0
 -1.1407996218300525E+00 -2.3170985309886123E+00 3.8420614944644871E-01
 8.8651540145574508E-03 -5.9741651286902104E-03 -1.6362628420525820E-03
0
0.0
 -1.1407996218300525E+00 -2.3170985309886123E+00 3.8420614944644871E-01
 8.8390776155121715E-03 -6.0135924078502977E-03 -1.5407791087555991E-03
0
0.0
 -1.1407996218300525E+00 -2.3170985309886123E+00 3.8420614944644871E-01
 8.8554635403004997E-03 -5.8851481820706743E-03 -1.5694039573123063E-03
0
0.0
 -1.1407996218300525E+00 -2.3170985309886123E+00 3.8420614944644871E-01
 8.7525496194160654E-03 -5.8948481333048492E-03 -1.6268013812005165E-03
0
0.0
 -1.1407996218300525E+00 -2.3170985309886123E+00 3.8420614944644871E-01
 8.5421877420677264E-03 -6.0198474058481607E-03 -1.6248101781627896E-03
0
0.0
 -1.1407996218300525E+00 -2.3170985309886123E+00 3.8420614944644871E-01
 8.6640620060112767E-03 -5.6721892356316481E-03 -1.6017293217368766E-03
0
0.0
 -1.1407996218300525E+00 -2.3170985309886123E+00 3.8420614944644871E-01
 8.8096064439635424E-03 -5.8124745487356409E-03 -1.6621602709205134E-03
0
0.0
 -1.1407996218300525E+00 -2.3170985309886123E+00 3.8420614944644871E-01
 8.9099868834919462E-03 -5.8474707983066712E-03 -1.6770833106595389E-03
0
0.0
 -1.1407996218300525E+00 -2.3170985309886123E+00 3.8420614944644871E-01
 8.8440177360371904E-03 -5.9729993648017588E-03 -1.7789624753398060E-03
0
0.0
 -1.1407996218300525E+00 -2.3170985309886123E+00 3.8420614944644871E-01
 8.7702255800097498E-03 -5.9164520696378632E-03 -1.6932010410836524E-03
0
0.0
 -1.1407996218300525E+00 -2.3170985309886123E+00 3.8420614944644871E-01
 8.8086104076954708E-03 -5.8846563334045412E-03 -1.6220514162198483E-03
0
0.0
 -1.1407996218300525E+00 -2.3170985309886123E+00 3.8420614944644871E-01
 8.7013684674689777E-03 -5.9977572407747650E-03 -1.4653519701540033E-03
0
0.0
 -1.1407996218300525E+00 -2.3170985309886123E+00 3.8420614944644871E-01
 8.7962940821803611E-03 -5.9207863255548920E-03 -1.6108568847247109E-03
0
0.0
 -1.1407996218300525E+00 -2.3170985309886123E+00 3.8420614944644871E-01
 8.9002128621446970E-03 -5.8360037448182637E-03 -1.5903586331556820E-03
0
0.0
 -1.1407996218300525E+00 -2.3170985309886123E+00 3.8420614944644871E-01
 8.6201480111540441E-03 -5.9190101625818869E-03 -1.6459264628990444E-03
0
0.0
 -1.1407996218300525E+00 -2.3170985309886123E+00 3.8420614944644871E-01
 8.8391241247145046E-03 -5.9589817485991778E-03 -1.6172856307644131E-03
0
0.0
 -1.1407996218300525E+00 -2.3170985309886123E+00 3.8420614944644871E-01
 8.6275836916699326E-03 -5.7269122363254642E-03 -1.4822804062822829E-03
0
0.0
 -1.1407996218300525E+00 -2.3170985309886123E+00 3.8420614944644871E-01
 8.8446321867795500E-03 -6.0498861600449434E-03 -1.3368889442826777E-03
0
0.0
 -1.1407996218300525E+00 -2.3170985309886123E+00 3.8420614944644871E-01
 9.0164721783464741E-03 -5.8393328951087294E-03 -1.6654520808058603E-03
0
0.0
 -1.1407996218300525E+00 -2.3170985309886123E+00 3.8420614944644871E-01
 8.9597827338191213E-03 -5.9505919907609818E-03 -1.6839151240311814E-03
0
0.0
 -1.1407996218300525E+00 -2.3170985309886123E+00 3.8420614944644871E-01
 8.7994102908965401E-03 -5.8162522366233546E-03 -1.8107192196953807E-03
0
0.0
 -1.1407996218300525E+00 -2.3170985309886123E+00 3.8420614944644871E-01
 8.9437197741288887E-03 -5.8995795574288534E-03 -1.6287018227785909E-03
0
0.0
 -1.1407996218300525E+00 -2.3170985309886123E+00 3.8420614944644871E-01
 8.7801700590630343E-03 -5.9582741675109040E-03 -1.8078445972150158E-03
0
0.0
 -1.1407996218300525E+00 -2.3170985309886123E+00 3.8420614944644871E-01
 8.6927305436239419E-03 -5.9721568178201807E-03 -1.5013278147405504E-03
0
0.0
 -1.1407996218300525E+00 -2.3170985309886123E+00 3.8420614944644871E-01
 8.5388729977610191E-03 -6.1176481141643219E-03 -1.6459306909183834E-03
0
0.0
 -1.1407996218300525E+00 -2.3170985309886123E+00 3.8420614944644871E-01
 9.0896368650902806E-03 -5.8682025276301864E-03 -1.5915782368849157E-03
0
0.0
 -1.1407996218300525E+00 -2.3170985309886123E+00 3.8420614944644871E-01
 8.6855280703793235E-03 -5.7102062968513601E-03 -1.6684946490699087E-03
0
0.0
 -1.1407996218300525E+00 -2.3170985309886123E+00 3.8420614944644871E-01
 8.7957838141973135E-03 -5.8146756701131794E-03 -1.6827833698459028E-03
0
0.0
 -1.1407996218300525E+00 -2.3170985309886123E+00 3.8420614944644871E-01
 8.8307145356750789E-03 -5.8311972394484634E-03 -1.7436158323565049E-03
0
0.0
 -1.1407996218300525E+00 -2.3170985309886123E+00 3.8420614944644871E-01
 8.7379870926494792E-03 -5.8911990366823756E-03 -1.7243701094179821E-03
0
0.0
 -1.1407996218300525E+00 -2.3170985309886123E+00 3.8420614944644871E-01
 8.9303399405228825E-03 -5.9251329368519168E-03 -1.5789474849593271E-03
0
0.0
 -1.1407996218300525E+00 -2.3170985309886123E+00 3.8420614944644871E-01
 8.6852963273830238E-03 -5.8733814757469006E-03 -1.6979391196706994E-03
0
0.0
 -1.1407996218300525E+00 -2.3170985309886123E+00 3.8420614944644871E-01
 8.6473385281037440E-03 -5.8358466025944574E-03 -1.6234659661834444E-03
0
0.0
 -1.1407996218300525E+00 -2.3170985309886123E+00 3.8420614944644871E-01
 8.8124565133191630E-03 -5.9818483885719720E-03 -1.6703541953520021E-03
0
0.0
 -1.1407996218300525E+00 -2.3170985309886123E+00 3.8420614944644871E-01
 8.7951365066335843E-03 -5.8373335130370418E-03 -1.5701857489591334E-03
0
0.0
 -1.1407996218300525E+00 -2.3170985309886123E+00 3.8420614944644871E-01
 8.5579219746132369E-03 -5.8632868887779268E-03 -1.5764996773119924E-03
0
0.0
 -1.1407996218300525E+00 -2.3170985309886123E+00 3.8420614944644871E-01
 8.6663982474079505E-03 -6.0214718771653018E-03 -1.6810651825432698E-03
0
0.0
 -1.1407996218300525E+00 -2.3170985309886123E+00 3.8420614944644871E-01
 8.9424807215882640E-03 -5.8362862955991619E-03 -1.6283637068735669E-03
0
0.0
 -1.1407996218300525E+00 -2.3170985309886123E+00 3.8420614944644871E-01
 8.7040913705751181E-03 -6.0944438446909636E-03 -1.4734421898877875E-03
0
0.0
 -1.1407996218300525E+00 -2.3170985309886123E+00 3.8420614944644871E-01
 8.7815388406363350E-03 -6.1020299196535401E-03 -1.6187895829072366E-03
0
0.0
 -1.1407996218300525E+00 -2.3170985309886123E+00 3.8420614944644871E-01
 8.6813950374820710E-03 -6.0112047479701529E-03 -1.4480639707654043E-03
0
0.0
 -1.1407996218300525E+00 -2.3170985309886123E+00 3.8420614944644871E-01
 8.8078235120023982E-03 -5.9333389339733394E-03 -1.6027541138327421E-03
0
0.0
 -1.1407996218300525E+00 -2.3170985309886123E+00 3.8420614944644871E-01
 8.7151145738804392E-03 -5.9149977644194314E-03 -1.4599680730807841E-03
0
0.0
 -1.1407996218300525E+00 -2.3170985309886123E+00 3.8420614944644871E-01
 8.7005505512195401E-03 -5.9822793001829827E-03 -1.6757197003514359E-03
0
0.0
 -1.1407996218300525E+00 -2.3170985309886123E+00 3.8420614944644871E-01
 8.8836438883588623E-03 -5.7833141915351527E-03 -1.5188183330013855E-03
0
0.0
 -1.1407996218300525E+00 -2.3170985309886123E+00 3.8420614944644871E-01
 8.7415017936465743E-03 -5.6712442072316873E-03 -1.6164886997402520E-03
0
0.0
 -1.1407996218300525E+00 -2.3170985309886123E+00 3.8420614944644871E-01
 8.7501068495901193E-03 -5.9540854130090077E-03 -1.6289558506376433E-03
0
0.0
 -1.1407996218300525E+00 -2.3170985309886123E+00 3.8420614944644871E-01
 8.5131220857830384E-03 -5.9116100945575678E-03 -1.8033361684404504E-03
0
0.0
 -1.1407996218300525E+00 -2.3170985309886123E+00 3.8420614944644871E-01
 8.7702635543293744E-03 -5.9082354492498816E-03 -1.5897490064385789E-03
0
0.0
 -1.1407996218300525E+00 -2.3170985309886123E+00 3.8420614944644871E-01
 8.4487762120616424E-03 -5.8612990182867987E-03 -1.5965910639351608E-03
0
0.0
 -1.1407996218300525E+00 -2.3170985309886123E+00 3.8420614944644871E-01
 8.8401569519465789E-03 -6.0151761583560632E-03 -1.5446087596740212E-03
0
0.0
 -1.1407996218300525E+00 -2.3170985309886123E+00 3.8420614944644871E-01
 8.4982435377667764E-03 -5.8570902525809003E-03 -1.8087314724515090E-03
0
0.0
 -1.1407996218300525E+00 -2.3170985309886123E+00 3.8420614944644871E-01
 9.0505702345552268E-03 -5.9947854046614396E-03 -1.7417413651938959E-03
0
0.0
 -1.1407996218300525E+00 -2.3170985309886123E+00 3.8420614944644871E-01
 8.5656227670429796E-03 -5.9914023281437976E-03 -1.5465776287684932E-03
0
0.0
 -1.1407996218300525E+00 -2.3170985309886123E+00 3.8420614944644871E-01
 8.8250326565905996E-03 -5.8524146289905118E-03 -1.6010698977230347E-03
0
0.0
 -1.1407996218300525E+00 -2.3170985309886123E+00 3.8420614944644871E-01
 8.7611684059828235E-03 -5.9325091749571398E-03 -1.6249019908265558E-03
0
0.0
 -1.1407996218300525E+00 -2.3170985309886123E+00 3.8420614944644871E-01
 8.9457734586170928E-03 -5.8020928228062563E-03 -1.8219649254990586E-03
0
0.0
 -1.1407996218300525E+00 -2.3170985309886123E+00 3.8420614944644871E-01
 8.8387474384637229E-03 -5.9744902935244849E-03 -1.7306582726006221E-03
0
0.0
 -1.1407996218300525E+00 -2.3170985309886123E+00 3.8420614944644871E-01
 8.8415674779251472E-03 -5.9867358282382965E-03 -1.4844630675871732E-03
0
0.0
 -1.1407996218300525E+00 -2.3170985309886123E+00 3.8420614944644871E-01
 8.6363161705940283E-03 -6.0723817185275916E-03 -1.4106400931003370E-03
0
0.0
 -1.1407996218300525E+00 -2.3170985309886123E+00 3.8420614944644871E-01
 8.9097821631946364E-03 -5.8697998073796703E-03 -1.6360987801534920E-03
0
0.0
 -1.1407996218300525E+00 -2.3170985309886123E+00 3.8420614944644871E-01
 8.6374252172099347E-03 -5.8256415147914728E-03 -1.7019654343903309E-03
0
0.0
 -1.1407996218300525E+00 -2.3170985309886123E+00 3.8420614944644871E-01
 8.7291719587355970E-03 -6.0522806261417914E-03 -1.4689179387041803E-03
0
0.0
 -1.1407996218300525E+00 -2.3170985309886123E+00 3.8420614944644871E-01
 8.8079626190429253E-03 -5.9044672187031043E-03 -1.5810176171075399E-03
0
0.0
 -1.1407996218300525E+00 -2.3170985309886123E+00 3.8420614944644871E-01
 8.8886915716450965E-03 -6.0086204277791438E-03 -1.8052595481739128E-03
0
0.0
 -1.1407996218300525E+00 -2.3170985309886123E+00 3.8420614944644871E-01
 8.7772668933400848E-03 -5.7031184462692378E-03 -1.7843722272729184E-03
0
0.0
 -1.1407996218300525E+00 -2.3170985309886123E+00 3.8420614944644871E-01
 8.8627305013620206E-03 -5.9360830554175421E-03 -1.6155664682440439E-03
0
0.0
 -1.1407996218300525E+00 -2.3170985309886123E+00 3.8420614944644871E-01
 8.9077078571100903E-03 -5.6642516208877643E-03 -1.5945924656661453E-03
0
0.0
 -1.1407996218300525E+00 -2.3170985309886123E+00 3.8420614944644871E-01
 8.4833596654911476E-03 -5.7865108210713090E-03 -1.5667962698991762E-03
0
0.0
 -1.1407996218300525E+00 -2.3170985309886123E+00 3.8420614944644871E-01
 8.7687204258245742E-03 -5.8876202888416560E-03 -1.6347779838203770E-03
0
0.0
 -1.1407996218300525E+00 -2.3170985309886123E+00 3.8420614944644871E-01
 8.6684500356190401E-03 -5.8473122624094999E-03 -1.3384308269659970E-03
0
0.0
 -1.1407996218300525E+00 -2.3170985309886123E+00 3.8420614944644871E-01
 8.7164908514535209E-03 -5.7654734458010420E-03 -1.8271772419175673E-03
0
0.0
 -1.1407996218300525E+00 -2.3170985309886123E+00 3.8420614944644871E-01
 8.8162996382959401E-03 -5.8876464707143120E-03 -1.6062090213222293E-03
0
0.0
 -1.1407996218300525E+00 -2.3170985309886123E+00 3.8420614944644871E-01
 8.9283385795625950E-03 -6.1254998982650608E-03 -1.6180388240378493E-03
0
0.0
 -1.1407996218300525E+00 -2.3170985309886123E+00 3.8420614944644871E-01
 8.8660301306756461E-03 -5.7905738418689385E-03 -1.5349506024247906E-03
0
0.0
 -1.1407996218300525E+00 -2.3170985309886123E+00 3.8420614944644871E-01
 8.7625420102893162E-03 -5.9061967104283618E-03 -1.6160734443002700E-03
0
0.0
 -1.1407996218300525E+00 -2.3170985309886123E+00 3.8420614944644871E-01
 8.8320798766583445E-03 -5.8775161285509626E-03 -1.7403099346420985E-03
0
0.0
 -1.1407996218300525E+00 -2.3170985309886123E+00 3.8420614944644871E-01
 8.6407829547865619E-03 -5.8152175003900229E-03 -1.6650344124702011E-03
0
0.0
 -1.1407996218300525E+00 -2.3170985309886123E+00 3.8420614944644871E-01
 8.7469966661462978E-03 -5.8336781500347868E-03 -1.7027227139464920E-03
0
0.0
 -1.1407996218300525E+00 -2.3170985309886123E+00 3.8420614944644871E-01
 8.6952632598017027E-03 -5.8362874043024586E-03 -1.8022512735462177E-03
0
0.0
 -1.1407996218300525E+00 -2.3170985309886123E+00 3.8420614944644871E-01
 8.8328932648627581E-03 -6.1930642385170922E-03 -1.5085216178573290E-03
0
0.0
 -1.1407996218300525E+00 -2.3170985309886123E+00 3.8420614944644871E-01
 8.8606733948938862E-03 -5.9804702933562914E-03 -1.6269944468846127E-03
0
0.0
 -1.1407996218300525E+00 -2.3170985309886123E+00 3.8420614944644871E-01
 8.9526733305668772E-03 -5.8665369046622552E-03 -1.8207133352845981E-03
0
0.0
 -1.1407996218300525E+00 -2.3170985309886123E+00 3.8420614944644871E-01
 8.7708890502321609E-03 -5.9878100462864865E-03 -1.3963076854648629E-03
0
0.0
 -1.1407996218300525E+00 -2.3170985309886123E+00 3.8420614944644871E-01
 8.6852352998541184E-03 -5.7897031779877107E-03 -1.5819976645140058E-03
0
0.0
 -1.1407996218300525E+00 -2.3170985309886123E+00 3.8420614944644871E-01
 8.7549381411051678E-03 -6.1130115769322830E-03 -1.6137792422956365E-03
0
0.0
 -1.1407996218300525E+00 -2.3170985309886123E+00 3.8420614944644871E-01
 8.7942642704466976E-03 -6.2020629598242378E-03 -1.4567480174173426E-03
0
0.0
 -1.1407996218300525E+00 -2.3170985309886123E+00 3.8420614944644871E-01
 8.8156556323710413E-03 -5.8705866016188065E-03 -1.7392635694269210E-03
0
0.0
 -1.1407996218300525E+00 -2.3170985309886123E+00 3.8420614944644871E-01
 8.7982576639056304E-03 -6.1981188307828929E-03 -1.6254811435253171E-03
0
0.0
 -1.1407996218300525E+00 -2.3170985309886123E+00 3.8420614944644871E-01
 8.8631861666248167E-03 -5.7694151029160437E-03 -1.5789937588604965E-03
0
0.0
 -1.1407996218300525E+00 -2.3170985309886123E+00 3.8420614944644871E-01
 8.6699488200609222E-03 -5.9834500757893101E-03 -1.6371568611696487E-03
0
0.0
 -1.1407996218300525E+00 -2.3170985309886123E+00 3.8420614944644871E-01
 8.8325906228690215E-03 -6.0395980423795575E-03 -1.6981879778719445E-03
0
0.0
 -1.1407996218300525E+00 -2.3170985309886123E+00 3.8420614944644871E-01
 8.6497095697437819E-03 -5.8455301096729407E-03 -1.7027147022050295E-03
0
0.0
 -1.1407996218300525E+00 -2.3170985309886123E+00 3.8420614944644871E-01
 8.6235482206474881E-03 -6.0506095045542042E-03 -1.4553199771647157E-03
0
0.0
 -1.1407996218300525E+00 -2.3170985309886123E+00 3.8420614944644871E-01
 9.0222445857025928E-03 -5.9607202496846029E-03 -1.6691929790971494E-03
0
0.0
 -1.1407996218300525E+00 -2.3170985309886123E+00 3.8420614944644871E-01
 8.7533565046980181E-03 -6.1044228163290287E-03 -1.6498151825849918E-03
0
0.0
 -1.1407996218300525E+00 -2.3170985309886123E+00 3.8420614944644871E-01
 8.7271316482252156E-03 -5.7831492486648843E-03 -1.7451474112923856E-03
0
0.0
 -1.1407996218300525E+00 -2.3170985309886123E+00 3.8420614944644871E-01
 8.8007530846135103E-03 -5.9277619523517523E-03 -1.5369620936452118E-03
0
0.0
 -1.1407996218300525E+00 -2.3170985309886123E+00 3.8420614944644871E-01
 8.7797584979966131E-03 -5.8954463904237250E-03 -1.5917474726151470E-03
0
0.0
 -1.1407996218300525E+00 -2.3170985309886123E+00 3.8420614944644871E-01
 8.9655774210502456E-03 -6.0221574319949851E-03 -1.7493833775516659E-03
0
0.0
 -1.1407996218300525E+00 -2.3170985309886123E+00 3.8420614944644871E-01
 8.6188032917834095E-03 -5.8722939080171769E-03 -1.6899215997732910E-03
0
0.0
 -1.1407996218300525E+00 -2.3170985309886123E+00 3.8420614944644871E-01
 9.0781836605528295E-03 -5.8886373950540619E-03 -1.5936981597494159E-03
0
0.0
 -1.1407996218300525E+00 -2.3170985309886123E+00 3.8420614944644871E-01
 8.5764157048311869E-03 -6.1376994290884158E-03 -1.5952949610296972E-03
0
0.0
 -1.1407996218300525E+00 -2.3170985309886123E+00 3.8420614944644871E-01
 8.9432303731402651E-03 -5.8611488760408588E-03 -1.7213786389185368E-03
0
0.0
 -1.1407996218300525E+00 -2.3170985309886123E+00 3.8420614944644871E-01
 8.8598273288394997E-03 -5.9303741070239223E-03 -1.9154099047162172E-03
0
0.0
 -1.1407996218300525E+00 -2.3170985309886123E+00 3.8420614944644871E-01
 8.8375810803644136E-03 -5.8773347828430574E-03 -1.7445570611318308E-03
0
0.0
 -1.1407996218300525E+00 -2.3170985309886123E+00 3.8420614944644871E-01
 8.6589842509030707E-03 -5.9441397316161142E-03 -1.7168211098238443E-03
0
0.0
 -1.1407996218300525E+00 -2.3170985309886123E+00 3.8420614944644871E-01
 8.7651626562743473E-03 -5.8301724471336407E-03 -1.5478203172470443E-03
0
0.0
 -1.1407996218300525E+00 -2.3170985309886123E+00 3.8420614944644871E-01
 8.8303611958519632E-03 -5.8513451638539443E-03 -1.6777412518064964E-03
0
0.0
 -1.1407996218300525E+00 -2.3170985309886123E+00 3.8420614944644871E-01
 8.5667292893524295E-03 -5.9838860727519641E-03 -1.6320204303840078E-03
0
0.0
 -1.1407996218300525E+00 -2.3170985309886123E+00 3.8420614944644871E-01
 8.6165693708997685E-03 -5.9687929707128388E-03 -1.4036237953802258E-03
0
0.0
 -1.1407996218300525E+00 -2.3170985309886123E+00 3.8420614944644871E-01
 8.8232159869415915E-03 -6.1415348609874737E-03 -1.5846980493892028E-03
0
0.0
 -1.1407996218300525E+00 -2.3170985309886123E+00 3.8420614944644871E-01
 8.6104397981218214E-03 -5.9492834966048845E-03 -1.3838683949121545E-03
0
0.0
 -1.1407996218300525E+00 -2.3170985309886123E+00 3.8420614944644871E-01
 8.9096410917511581E-03 -5.9549602798180026E-03 -1.3644917600987622E-03
0
0.0
 -1.1407996218300525E+00 -2.3170985309886123E+00 3.8420614944644871E-01
 8.9235528051161851E-03 -6.0740616242095013E-03 -1.8501336912165546E-03
0
0.0
 -1.1407996218300525E+00 -2.3170985309886123E+00 3.8420614944644871E-01
 8.8752803651981124E-03 -5.8370279522577647E-03 -1.7371121312157001E-03
0
0.0
 -1.1407996218300525E+00 -2.3170985309886123E+00 3.8420614944644871E-01
 8.8373274456237903E-03 -5.7912354980079695E-03 -1.6225551388616383E-03
0
0.0
 -1.1407996218300525E+00 -2.3170985309886123E+00 3.8420614944644871E-01
 8.9123755536786413E-03 -5.9481979186783857E-03 -1.7237220021077628E-03
0
0.0
 -1.1407996218300525E+00 -2.3170985309886123E+00 3.8420614944644871E-01
 8.7021423398718194E-03 -5.7555464961022550E-03 -1.5227689413788413E-03
0
0.0
 -1.1407996218300525E+00 -2.3170985309886123E+00 3.8420614944644871E-01
 8.8621714093047275E-03 -6.0195880355328624E-03 -1.6836799507677163E-03
0
0.0
 -1.1407996218300525E+00 -2.3170985309886123E+00 3.8420614944644871E-01
 8.8156057381517383E-03 -6.2514885741709724E-03 -1.5708864639981145E-03
0
0.0
 -1.1407996218300525E+00 -2.3170985309886123E+00 3.8420614944644871E-01
 8.6543305454423285E-03 -5.9872201120098265E-03 -1.6454454377881674E-03
0
0.0
 -1.1407996218300525E+00 -2.3170985309886123E+00 3.8420614944644871E-01
 8.8615232381697127E-03 -6.1063982215011593E-03 -1.6376638947402187E-03
0
0.0
 -1.1407996218300525E+00 -2.3170985309886123E+00 3.8420614944644871E-01
 8.8817703529422524E-03 -5.8219631627893153E-03 -1.6009141447213486E-03
0
0.0
 -1.1407996218300525E+00 -2.3170985309886123E+00 3.8420614944644871E-01
 8.6114287600807804E-03 -5.7778238450702495E-03 -1.4781104398645781E-03
0
0.0
 -1.1407996218300525E+00 -2.3170985309886123E+00 3.8420614944644871E-01
 8.6798255925309657E-03 -5.9175327183329293E-03 -1.5435161985658404E-03
0
0.0
 -1.1407996218300525E+00 -2.3170985309886123E+00 3.8420614944644871E-01
 8.7326624815365992E-03 -6.0628508225931800E-03 -1.4965054736143270E-03
0
0.0
 -1.1407996218300525E+00 -2.3170985309886123E+00 3.8420614944644871E-01
 8.7845811483136284E-03 -5.9001332991544583E-03 -1.6277259589754926E-03
0
0.0
 -1.1407996218300525E+00 -2.3170985309886123E+00 3.8420614944644871E-01
 8.7290915061754969E-03 -6.0352469454364776E-03 -1.8591429108099113E-03
0
0.0
 -1.1407996218300525E+00 -2.3170985309886123E+00 3.8420614944644871E-01
 8.8128369486740708E-03 -6.1177470432879858E-03 -1.5473469259083160E-03
0
0.0
 -1.1407996218300525E+00 -2.3170985309886123E+00 3.8420614944644871E-01
 8.5504421791359701E-03 -5.9411980105805885E-03 -1.4654143824519325E-03
0
0.0
 -1.1407996218300525E+00 -2.3170985309886123E+00 3.8420614944644871E-01
 8.6828511293599083E-03 -5.8799786481840872E-03 -1.6587856110795109E-03
0
0.0
 -1.1407996218300525E+00 -2.3170985309886123E+00 3.8420614944644871E-01
 8.7516524496289855E-03 -5.5695561779385647E-03 -1.6208082781040013E-03
0
0.0
 -1.1407996218300525E+00 -2.3170985309886123E+00 3.8420614944644871E-01
 8.7905469021888859E-03 -5.9021127245542510E-03 -1.6289632138899778E-03
0
0.0
 -1.1407996218300525E+00 -2.3170985309886123E+00 3.8420614944644871E-01
 8.8045846538934089E-03 -5.9138948654949312E-03 -1.6644340941353837E-03
0
0.0
 -1.1407996218300525E+00 -2.3170985309886123E+00 3.8420614944644871E-01
 8.6985648812604767E-03 -5.8924680944377516E-03 -1.6635412333894082E-03
0
0.0
 -1.1407996218300525E+00 -2.3170985309886123E+00 3.8420614944644871E-01
 8.8000994674416449E-03 -5.8808552892569395E-03 -1.5580406869019779E-03
0
0.0
 -1.1407996218300525E+00 -2.3170985309886123E+00 3.8420614944644871E-01
 8.8207876610811187E-03 -5.8021444095699096E-03 -1.5191994859646743E-03
0
0.0
 -1.1407996218300525E+00 -2.3170985309886123E+00 3.8420614944644871E-01
 8.9654157419920763E-03 -5.8718615676572284E-03 -1.4966245136091021E-03
0
0.0
 -1.1407996218300525E+00 -2.3170985309886123E+00 3.8420614944644871E-01
 8.8203520478766853E-03 -5.8882133114867936E-03 -1.4846128051842463E-03
0
0.0
 -1.1407996218300525E+00 -2.3170985309886123E+00 3.8420614944644871E-01
 8.6236904910393913E-03 -5.7765085965580882E-03 -1.4302089080744903E-03
0
0.0
 -1.1407996218300525E+00 -2.3170985309886123E+00 3.8420614944644871E-01
 8.7962107968355494E-03 -5.9259763134013191E-03 -1.6577406495241224E-03
0
0.0
 -1.1407996218300525E+00 -2.3170985309886123E+00 3.8420614944644871E-01
 8.7181907977768296E-03 -5.8340146158292767E-03 -1.5839093444120485E-03
0
0.0
 -1.1407996218300525E+00 -2.3170985309886123E+00 3.8420614944644871E-01
 8.9566016488347652E-03 -5.9123795442320385E-03 -1.3896206239547807E-03
0
0.0
 -1.1407996218300525E+00 -2.3170985309886123E+00 3.8420614944644871E-01
 8.8821322042966205E-03 -5.9289833772552727E-03 -1.7344561779590402E-03
0
0.0
 -1.1407996218300525E+00 -2.3170985309886123E+00 3.8420614944644871E-01
 8.8384514644748186E-03 -6.0439491411873368E-03 -1.5799731519000721E-03
0
0.0
 -1.1407996218300525E+00 -2.3170985309886123E+00 3.8420614944644871E-01
 8.7930000087900872E-03 -6.1721415402834464E-03 -1.6174842157099549E-03
0
0.0
 -1.1407996218300525E+00 -2.3170985309886123E+00 3.8420614944644871E-01
 8.6396521943406159E-03 -6.1623938143278972E-03 -1.6250144884071356E-03
0
0.0
 -1.1407996218300525E+00 -2.3170985309886123E+00 3.8420614944644871E-01
 8.7237210272535157E-03 -5.8383722705079273E-03 -1.4907873756587816E-03
0
0.0
 -1.1407996218300525E+00 -2.3170985309886123E+00 3.8420614944644871E-01
 8.8250865040626174E-03 -5.8812468327607541E-03 -1.6250968989601497E-03
0
0.0
 -1.1407996218300525E+00 -2.3170985309886123E+00 3.8420614944644871E-01
 8.7863759458288605E-03 -5.8582486527943411E-03 -1.3635324051924714E-03
0
0.0
 -1.1407996218300525E+00 -2.3170985309886123E+00 3.8420614944644871E-01
 8.8269257952654865E-03 -5.8790217711448562E-03 -1.5629255837835963E-03
0
0.0
 -1.1407996218300525E+00 -2.3170985309886123E+00 3.8420614944644871E-01
 8.7558539158004885E-03 -6.1327128405966932E-03 -1.6827087900257594E-03
0
0.0
 -1.1407996218300525E+00 -2.3170985309886123E+00 3.8420614944644871E-01
 8.8166122799556504E-03 -6.1148125374986730E-03 -1.4946961290961496E-03
0
0.0
 -1.1407996218300525E+00 -2.3170985309886123E+00 3.8420614944644871E-01
 8.7713672646735144E-03 -5.9612787282734957E-03 -1.5928109507116755E-03
0
0.0
 -1.1407996218300525E+00 -2.3170985309886123E+00 3.8420614944644871E-01
 8.6792661366499428E-03 -5.8483571404475982E-03 -1.7423898931814552E-03
0
0.0
 -1.1407996218300525E+00 -2.3170985309886123E+00 3.8420614944644871E-01
 9.0351470897251530E-03 -5.8928455230608358E-03 -1.7992302656209141E-03
0
0.0
 -1.1407996218300525E+00 -2.3170985309886123E+00 3.8420614944644871E-01
 8.7824321341555614E-03 -5.9152669784929800E-03 -1.9214778726804010E-03
0
0.0
 -1.1407996218300525E+00 -2.3170985309886123E+00 3.8420614944644871E-01
 8.6229542353747843E-03 -5.9382327933399587E-03 -1.5548108801876257E-03
0
0.0
 -1.1407996218300525E+00 -2.3170985309886123E+00 3.8420614944644871E-01
 8.7767933628468686E-03 -6.0128592276089297E-03 -1.9318710699597075E-03
0
0.0
 -1.1407996218300525E+00 -2.3170985309886123E+00 3.8420614944644871E-01
 8.7615306763732578E-03 -5.9771329844085196E-03 -1.4611352834786259E-03
0
0.0
 -1.1407996218300525E+00 -2.3170985309886123E+00 3.8420614944644871E-01
 8.8471755894050739E-03 -5.6994158072282324E-03 -1.8610838794115233E-03
0
0.0
 -1.1407996218300525E+00 -2.3170985309886123E+00 3.8420614944644871E-01
 8.6915268220349798E-03 -5.9927875265117026E-03 -1.6042681553813999E-03
0
0.0
 -1.1407996218300525E+00 -2.3170985309886123E+00 3.8420614944644871E-01
 8.6076050148827347E-03 -5.9569903570082204E-03 -1.4931147402678468E-03
0
0.0
 -1.1407996218300525E+00 -2.3170985309886123E+00 3.8420614944644871E-01
 8.8302323159182346E-03 -5.7570177710052003E-03 -1.7428720955059470E-03
0
0.0
 -1.1407996218300525E+00 -2.3170985309886123E+00 3.8420614944644871E-01
 8.6644272066684139E-03 -6.0936096390729897E-03 -1.3705666261791803E-03
0
0.0
 -1.1407996218300525E+00 -2.3170985309886123E+00 3.8420614944644871E-01
 8.7551962340806054E-03 -6.0329755655137802E-03 -1.6906372671486084E-03
0
0.0
 -1.1407996218300525E+00 -2.3170985309886123E+00 3.8420614944644871E-01
 8.7077295541902744E-03 -5.9015108231283628E-03 -1.4586060527757940E-03
0
0.0
 -1.1407996218300525E+00 -2.3170985309886123E+00 3.8420614944644871E-01
 8.7913896263199873E-03 -5.8334973412554536E-03 -1.6251476686107952E-03
0
0.0
 -1.1407996218300525E+00 -2.3170985309886123E+00 3.8420614944644871E-01
 8.8340485828548344E-03 -5.9350664307482592E-03 -1.5791650164860220E-03
0
0.0
 -1.1407996218300525E+00 -2.3170985309886123E+00 3.8420614944644871E-01
 8.6675584412809342E-03 -5.8452004051736256E-03 -1.4917191474483023E-03
0
0.0
 -1.1407996218300525E+00 -2.3170985309886123E+00 3.8420614944644871E-01
 8.8498178659119440E-03 -6.1387269381910229E-03 -1.5378856320975303E-03
0
0.0
 -1.1407996218300525E+00 -2.3170985309886123E+00 3.8420614944644871E-01
 8.9130581072718266E-03 -5.8268957394042031E-03 -1.6341161090213737E-03
0
0.0
 -1.1407996218300525E+00 -2.3170985309886123E+00 3.8420614944644871E-01
 8.6959018633054226E-03 -5.9069137582632792E-03 -1.6229723345841025E-03
0
0.0
 -1.1407996218300525E+00 -2.3170985309886123E+00 3.8420614944644871E-01
 8.6887114579159794E-03 -5.8376059696303283E-03 -1.5938404502251642E-03
0
0.0
 -1.1407996218300525E+00 -2.3170985309886123E+00 3.8420614944644871E-01
 8.7612596667185939E-03 -5.9749210510061622E-03 -1.3775695833776792E-03
0
0.0
 -1.1407996218300525E+00 -2.3170985309886123E+00 3.8420614944644871E-01
 8.8629021642261541E-03 -5.9563742719966600E-03 -1.6336579602304574E-03
0
0.0
 -1.1407996218300525E+00 -2.3170985309886123E+00 3.8420614944644871E-01
 8.8329889115093489E-03 -6.0313708940748457E-03 -1.4851350796413164E-03
0
0.0
 -1.1407996218300525E+00 -2.3170985309886123E+00 3.8420614944644871E-01
 8.7448531174234255E-03 -5.7978387150143529E-03 -1.5809279121143033E-03
0
0.0
 -1.1407996218300525E+00 -2.3170985309886123E+00 3.8420614944644871E-01
 8.4470638327783110E-03 -5.9225662016121547E-03 -1.6555930563922380E-03
0
0.0
 -1.1407996218300525E+00 -2.3170985309886123E+00 3.8420614944644871E-01
 8.6082740877831583E-03 -5.7689060095189133E-03 -1.4197106734731813E-03
0
0.0
 -1.1407996218300525E+00 -2.3170985309886123E+00 3.8420614944644871E-01
 8.7986513949815451E-03 -5.8035856149519149E-03 -1.5449498702153415E-03
0
0.0
 -1.1407996218300525E+00 -2.3170985309886123E+00 3.8420614944644871E-01
 8.7282888986396981E-03 -5.9042440224779573E-03 -1.4580206663387977E-03
0
0.0
 -1.1407996218300525E+00 -2.3170985309886123E+00 3.8420614944644871E-01
 8.9605391044707602E-03 -5.9178332070535314E-03 -1.5009019112630342E-03
0
0.0
 -1.1407996218300525E+00 -2.3170985309886123E+00 3.8420614944644871E-01
 8.7468983199769992E-03 -5.8528495917176569E-03 -1.7136608029073215E-03
0
0.0
 -1.1407996218300525E+00 -2.3170985309886123E+00 3.8420614944644871E-01
 8.6320364429886259E-03 -5.9676812076076948E-03 -1.8352893259435796E-03
0
0.0
 -1.1407996218300525E+00 -2.3170985309886123E+00 3.8420614944644871E-01
 8.9360402291381938E-03 -5.7691333787771573E-03 -1.6398962617952661E-03
0
0.0
 -1.1407996218300525E+00 -2.3170985309886123E+00 3.8420614944644871E-01
 8.7884524400432176E-03 -5.8898693549181650E-03 -1.6415724973813607E-03
0
0.0
 -1.1407996218300525E+00 -2.3170985309886123E+00 3.8420614944644871E-01
 8.8319014640705091E-03 -6.1011012858493948E-03 -1.5469998804518825E-03
0
0.0
 -1.1407996218300525E+00 -2.3170985309886123E+00 3.8420614944644871E-01
 8.7968645045543702E-03 -5.9072757159570576E-03 -1.6266541777966155E-03
0
0.0
 -1.1407996218300525E+00 -2.3170985309886123E+00 3.8420614944644871E-01
 8.8156336780050460E-03 -5.9899249360884487E-03 -1.4824552929443523E-03
0
0.0
 -1.1407996218300525E+00 -2.3170985309886123E+00 3.8420614944644871E-01
 9.0797896549669674E-03 -5.9726965467786037E-03 -1.7491563874029036E-03
0
0.0
 -1.1407996218300525E+00 -2.3170985309886123E+00 3.8420614944644871E-01
 8.5357756370440813E-03 -6.0772983766172409E-03 -1.7460604410491341E-03
0
0.0
 -1.1407996218300525E+00 -2.3170985309886123E+00 3.8420614944644871E-01
 8.9327416481671772E-03 -6.0264000592685704E-03 -1.6895218668626110E-03
0
0.0
 -1.1407996218300525E+00 -2.3170985309886123E+00 3.8420614944644871E-01
 8.8782664571122830E-03 -6.0537549376669369E-03 -1.5079590010815584E-03
0
0.0
 -1.1407996218300525E+00 -2.3170985309886123E+00 3.8420614944644871E-01
 8.7006382755663754E-03 -5.7308296024215976E-03 -1.7353122962738064E-03
0
0.0
 -1.1407996218300525E+00 -2.3170985309886123E+00 3.8420614944644871E-01
 8.7696973947465392E-03 -5.9804270693889902E-03 -1.6597498540048580E-03
0
0.0
 -1.1407996218300525E+00 -2.3170985309886123E+00 3.8420614944644871E-01
 8.7897188537846994E-03 -6.1716652396726418E-03 -1.5324227822199193E-03
0
0.0
 -1.1407996218300525E+00 -2.3170985309886123E+00 3.8420614944644871E-01
 8.7874897428728369E-03 -5.6242308432050813E-03 -1.7785032480643773E-03
0
0.0
 -1.1407996218300525E+00 -2.3170985309886123E+00 3.8420614944644871E-01
 8.8656041078392644E-03 -5.9902691021841425E-03 -1.7126079687173519E-03
0
0.0
 -1.1407996218300525E+00 -2.3170985309886123E+00 3.8420614944644871E-01
 8.4844328525519857E-03 -5.8383100955313235E-03 -1.4995772683493837E-03
0
0.0
 -1.1407996218300525E+00 -2.3170985309886123E+00 3.8420614944644871E-01
 8.5293832047901690E-03 -5.9745679857032474E-03 -1.5692306898739566E-03
0
0.0
 -1.1407996218300525E+00 -2.3170985309886123E+00 3.8420614944644871E-01
 8.8802806744452453E-03 -5.8693274131192815E-03 -1.6191906406770303E-03
0
0.0
 -1.1407996218300525E+00 -2.3170985309886123E+00 3.8420614944644871E-01
 8.7935388000778564E-03 -5.9397507993273445E-03 -1.6547721840849800E-03
0
0.0
 -1.1407996218300525E+00 -2.3170985309886123E+00 3.8420614944644871E-01
 8.8573153138693534E-03 -5.7829421423914104E-03 -1.6390653942580644E-03
0
0.0
 -1.1407996218300525E+00 -2.3170985309886123E+00 3.8420614944644871E-01
 8.6888748288441401E-03 -6.0456231027444110E-03 -1.6790025696620625E-03
0
0.0
 -1.1407996218300525E+00 -2.3170985309886123E+00 3.8420614944644871E-01
 8.7710582785589537E-03 -5.8098924664451027E-03 -1.5888896197254437E-03
0
0.0
 -1.1407996218300525E+00 -2.3170985309886123E+00 3.8420614944644871E-01
 8.7011188760080602E-03 -5.8076045084985237E-03 -1.7458291376311662E-03
0
0.0
 -1.1407996218300525E+00 -2.3170985309886123E+00 3.8420614944644871E-01
 8.8111850364602749E-03 -6.0639781857900988E-03 -1.4314789035651337E-03
0
0.0
 -1.1407996218300525E+00 -2.3170985309886123E+00 3.8420614944644871E-01
 8.8307865243239490E-03 -5.8898636899935575E-03 -1.6789844898362322E-03
0
0.0
 -1.1407996218300525E+00 -2.3170985309886123E+00 3.8420614944644871E-01
 8.7127498386146175E-03 -5.9651495872707965E-03 -1.6454555253966570E-03
0
0.0
 -1.1407996218300525E+00 -2.3170985309886123E+00 3.8420614944644871E-01
 8.7104719196931090E-03 -5.7931431648046159E-03 -1.4287353937735585E-03
0
0.0
 -1.1407996218300525E+00 -2.3170985309886123E+00 3.8420614944644871E-01
 8.7244184817814405E-03 -6.1101826213257500E-03 -1.6011601752933219E-03
0
0.0
 -1.1407996218300525E+00 -2.3170985309886123E+00 3.8420614944644871E-01
 8.8292791381370164E-03 -5.9173897908898617E-03 -1.6815169949169464E-03
0
0.0
 -1.1407996218300525E+00 -2.3170985309886123E+00 3.8420614944644871E-01
 8.9960074970781966E-03 -5.8958338463014331E-03 -1.3525109523380143E-03
0
0.0
 -1.1407996218300525E+00 -2.3170985309886123E+00 3.8420614944644871E-01
 8.7962031584772303E-03 -6.0717871303215430E-03 -1.5715753395629114E-03
0
0.0
 -1.1407996218300525E+00 -2.3170985309886123E+00 3.8420614944644871E-01
 8.9262028511565943E-03 -5.8126981656406096E-03 -1.4829369334520167E-03
0
0.0
 -1.1407996218300525E+00 -2.3170985309886123E+00 3.8420614944644871E-01
 8.9769844321952296E-03 -5.6831620052948994E-03 -1.5886419707207926E-03
0
0.0
 -1.1407996218300525E+00 -2.3170985309886123E+00 3.8420614944644871E-01
 8.7278940113727933E-03 -5.8637191134748058E-03 -1.4490428564075748E-03
0
0.0
 -1.1407996218300525E+00 -2.3170985309886123E+00 3.8420614944644871E-01
 8.8670070544365660E-03 -5.8577467336216578E-03 -1.6451672766641986E-03
0
0.0
 -1.1407996218300525E+00 -2.3170985309886123E+00 3.8420614944644871E-01
 8.9153671777067317E-03 -5.8355856801876700E-03 -1.6491069300223135E-03
0
0.0
 -1.1407996218300525E+00 -2.3170985309886123E+00 3.8420614944644871E-01
 8.5912770113667370E-03 -5.8255240688053567E-03 -1.4851214010692467E-03
0
0.0
 -1.1407996218300525E+00 -2.3170985309886123E+00 3.8420614944644871E-01
 8.6958859147076139E-03 -5.9313858735180790E-03 -1.6551496711599270E-03
0
0.0
 -1.1407996218300525E+00 -2.3170985309886123E+00 3.8420614944644871E-01
 8.8616572382145143E-03 -5.8774645159147525E-03 -1.5449131351413584E-03
0
0.0
 -1.1407996218300525E+00 -2.3170985309886123E+00 3.8420614944644871E-01
 8.5495322968584392E-03 -6.0044911566632100E-03 -1.7679980382853322E-03
0
0.0
 -1.1407996218300525E+00 -2.3170985309886123E+00 3.8420614944644871E-01
 8.9502148626364568E-03 -6.1518026857873779E-03 -1.5560076406006128E-03
0
0.0
 -1.1407996218300525E+00 -2.3170985309886123E+00 3.8420614944644871E-01
 8.7169974382083470E-03 -6.0131789638934790E-03 -1.7646092458997848E-03
0
0.0
 -1.1407996218300525E+00 -2.3170985309886123E+00 3.8420614944644871E-01
 8.8927014446346948E-03 -5.8675135723200312E-03 -1.5495519349934565E-03
0
0.0
 -1.1407996218300525E+00 -2.3170985309886123E+00 3.8420614944644871E-01
 8.8669651455383341E-03 -5.7642332197482332E-03 -1.9086739798872161E-03
0
0.0
 -1.1407996218300525E+00 -2.3170985309886123E+00 3.8420614944644871E-01
 8.7359098699334638E-03 -6.2177858368105731E-03 -1.5061816513461932E-03
0
0.0
 -1.1407996218300525E+00 -2.3170985309886123E+00 3.8420614944644871E-01
 8.6650605112571048E-03 -5.8436888099788076E-03 -1.5203008376005885E-03
0
0.0
 -1.1407996218300525E+00 -2.3170985309886123E+00 3.8420614944644871E-01
 8.7590511819593958E-03 -6.0659517178009194E-03 -1.3832626191295492E-03
0
0.0
 -1.1407996218300525E+00 -2.3170985309886123E+00 3.8420614944644871E-01
 8.8227559502846910E-03 -5.9116210723314886E-03 -1.6713851959861711E-03
0
0.0
 -1.1407996218300525E+00 -2.3170985309886123E+00 3.8420614944644871E-01
 8.6354751757643754E-03 -5.9054989113439720E-03 -1.4036877388281120E-03
0
0.0
 -1.1407996218300525E+00 -2.3170985309886123E+00 3.8420614944644871E-01
 8.8051423886371990E-03 -6.0015792996117919E-03 -1.6616727627290534E-03
0
0.0
 -1.1407996218300525E+00 -2.3170985309886123E+00 3.8420614944644871E-01
 8.7827224275208639E-03 -5.8856464055017784E-03 -1.5181216955390115E-03
0
0.0
 -1.1407996218300525E+00 -2.3170985309886123E+00 3.8420614944644871E-01
 8.7378229685182718E-03 -5.7525236863388094E-03 -1.6209177715708809E-03
0
0.0
 -1.1407996218300525E+00 -2.3170985309886123E+00 3.8420614944644871E-01
 8.8847502249199163E-03 -5.7464022515957905E-03 -1.6086115392987073E-03
0
0.0
 -1.1407996218300525E+00 -2.3170985309886123E+00 3.8420614944644871E-01
 8.6906875208504937E-03 -5.9828774049635637E-03 -1.5122664070411217E-03
0
0.0
 -1.1407996218300525E+00 -2.3170985309886123E+00 3.8420614944644871E-01
 8.7318440100036497E-03 -6.0160785778708347E-03 -1.6804718127595825E-03
0
0.0
 -1.1407996218300525E+00 -2.3170985309886123E+00 3.8420614944644871E-01
 8.8523397977796590E-03 -5.6343120910403747E-03 -1.5938916114529038E-03
0
0.0
 -1.1407996218300525E+00 -2.3170985309886123E+00 3.8420614944644871E-01
 8.7606176653889471E-03 -5.9862855343213173E-03 -1.6581885707562351E-03
0
0.0
 -1.1407996218300525E+00 -2.3170985309886123E+00 3.8420614944644871E-01
 8.8160673473723205E-03 -5.7758917589644868E-03 -1.4691502863044500E-03
0
0.0
 -1.1407996218300525E+00 -2.3170985309886123E+00 3.8420614944644871E-01
 8.7354816123275166E-03 -5.8299552855498194E-03 -1.7139292550995421E-03
0
0.0
 -1.1407996218300525E+00 -2.3170985309886123E+00 3.8420614944644871E-01
 9.0192420509824425E-03 -5.8912670476180496E-03 -1.7559420734127903E-03
0
0.0
 -1.1407996218300525E+00 -2.3170985309886123E+00 3.8420614944644871E-01
 8.8292992456447898E-03 -5.8152302805789882E-03 -1.8072880164053621E-03
0
0.0
 -1.1407996218300525E+00 -2.3170985309886123E+00 3.8420614944644871E-01
 8.9027387189292810E-03 -5.7484794216310989E-03 -1.5402242374666483E-03
0
0.0
 -1.1407996218300525E+00 -2.3170985309886123E+00 3.8420614944644871E-01
 8.6604987846957363E-03 -6.0538279425611310E-03 -1.7060196293296201E-03
0
0.0
 -1.1407996218300525E+00 -2.3170985309886123E+00 3.8420614944644871E-01
 8.8896075673256577E-03 -6.0743493435819048E-03 -1.5569611256553027E-03
0
0.0
 -1.1407996218300525E+00 -2.3170985309886123E+00 3.8420614944644871E-01
 8.8501902578529516E-03 -5.7202494933515681E-03 -1.4692480513091829E-03
0
0.0
 -1.1407996218300525E+00 -2.3170985309886123E+00 3.8420614944644871E-01
 8.8138482384693441E-03 -5.8905778480660047E-03 -1.7952463098235094E-03
0
0.0
 -1.1407996218300525E+00 -2.3170985309886123E+00 3.8420614944644871E-01
 8.7376528417457480E-03 -5.9893497787893669E-03 -1.6467718308359157E-03
0
0.0
 -1.1407996218300525E+00 -2.3170985309886123E+00 3.8420614944644871E-01
 8.8651511301401972E-03 -5.7647901274083604E-03 -1.4102808101702363E-03
0
0.0
 -1.1407996218300525E+00 -2.3170985309886123E+00 3.8420614944644871E-01
 8.8356799385802317E-03 -5.8636918035611055E-03 -1.5499089230054032E-03
0
0.0
 -1.1407996218300525E+00 -2.3170985309886123E+00 3.8420614944644871E-01
 8.7627985683117488E-03 -5.6575909244335129E-03 -1.8165055941826143E-03
0
0.0
 -1.1407996218300525E+00 -2.3170985309886123E+00 3.8420614944644871E-01
 8.5117614249339349E-03 -5.9548747678247454E-03 -1.4359080724541133E-03
0
0.0
 -1.1407996218300525E+00 -2.3170985309886123E+00 3.8420614944644871E-01
 8.5838820820378463E-03 -6.0737725929468347E-03 -1.6614153971035101E-03
0
0.0
 -1.1407996218300525E+00 -2.3170985309886123E+00 3.8420614944644871E-01
 8.8795216607220531E-03 -5.8535016524432553E-03 -1.6336761576734773E-03
0
0.0
 -1.1407996218300525E+00 -2.3170985309886123E+00 3.8420614944644871E-01
 8.7474646043892539E-03 -6.0162676916684340E-03 -1.8559058364296165E-03
0
0.0
 -1.1407996218300525E+00 -2.3170985309886123E+00 3.8420614944644871E-01
 8.9648486915939116E-03 -5.8714906321471003E-03 -1.6651349049560070E-03
0
0.0
 -1.1407996218300525E+00 -2.3170985309886123E+00 3.8420614944644871E-01
 8.9591154465445706E-03 -5.9264406090481243E-03 -1.6935886298520568E-03
0
0.0
 -1.1407996218300525E+00 -2.3170985309886123E+00 3.8420614944644871E-01
 9.0416584154337232E-03 -5.7449541726252319E-03 -1.6021203387677142E-03
0
0.0
 -1.1407996218300525E+00 -2.3170985309886123E+00 3.8420614944644871E-01
 8.7984721025976195E-03 -5.9887853955924962E-03 -1.4378810551068570E-03
0
0.0
 -1.1407996218300525E+00 -2.3170985309886123E+00 3.8420614944644871E-01
 8.7316084537212117E-03 -5.7727935318189960E-03 -1.8417641382582279E-03
0
0.0
 -1.1407996218300525E+00 -2.3170985309886123E+00 3.8420614944644871E-01
 8.8444380196954480E-03 -5.9503118191296831E-03 -1.6429942694986294E-03
0
0.0
 -1.1407996218300525E+00 -2.3170985309886123E+00 3.8420614944644871E-01
 8.9975386492948083E-03 -6.1128400074927864E-03 -1.4494758304193333E-03
0
0.0
 -1.1407996218300525E+00 -2.3170985309886123E+00 3.8420614944644871E-01
 8.7894797528187806E-03 -5.9915794375531113E-03 -1.4411840428390583E-03
0
0.0
 -1.1407996218300525E+00 -2.3170985309886123E+00 3.8420614944644871E-01
 8.7588541384632530E-03 -5.8745365596682281E-03 -1.6393188543150717E-03
0
0.0
 -1.1407996218300525E+00 -2.3170985309886123E+00 3.8420614944644871E-01
 8.6566986279061862E-03 -5.7809362624504099E-03 -1.6095415369506648E-03
0
0.0
 -1.1407996218300525E+00 -2.3170985309886123E+00 3.8420614944644871E-01
 8.8516580943713771E-03 -5.9586784014876871E-03 -1.8328218514487235E-03
0
0.0
 -1.1407996218300525E+00 -2.3170985309886123E+00 3.8420614944644871E-01
 8.8958066114722158E-03 -6.0244476013005567E-03 -1.4950037804650367E-03
0
0.0
 -1.1407996218300525E+00 -2.3170985309886123E+00 3.8420614944644871E-01
 8.8955177343794430E-03 -5.9694033018246693E-03 -1.8215344337029855E-03
0
0.0
 -1.1407996218300525E+00 -2.3170985309886123E+00 3.8420614944644871E-01
 9.1085896830275914E-03 -5.7950251713674988E-03 -1.6212407871090573E-03
0
0.0
 -1.1407996218300525E+00 -2.3170985309886123E+00 3.8420614944644871E-01
 8.7550644981812531E-03 -5.9195983734458097E-03 -1.4854480052535661E-03
0
0.0
 -1.1407996218300525E+00 -2.3170985309886123E+00 3.8420614944644871E-01
 8.6385868956338086E-03 -5.8775911544715689E-03 -1.8085334810040584E-03
0
0.0
 -1.1407996218300525E+00 -2.3170985309886123E+00 3.8420614944644871E-01
 8.8066821276485338E-03 -6.0316544748822394E-03 -1.6957304593965754E-03
0
0.0
 -1.1407996218300525E+00 -2.3170985309886123E+00 3.8420614944644871E-01
 8.7616975914588686E-03 -5.8000976363098214E-03 -1.4090803457685347E-03
0
0.0
 -1.1407996218300525E+00 -2.3170985309886123E+00 3.8420614944644871E-01
 8.8768297274562317E-03 -5.8476587607000459E-03 -1.5136507273513279E-03
0
0.0
 -1.1407996218300525E+00 -2.3170985309886123E+00 3.8420614944644871E-01
 8.7751166498338407E-03 -5.9467862999891940E-03 -1.3999112259026020E-03
0
0.0
 -1.1407996218300525E+00 -2.3170985309886123E+00 3.8420614944644871E-01
 9.0305609729246696E-03 -5.7584713743234102E-03 -1.5692149586311634E-03
0
0.0
 -1.1407996218300525E+00 -2.3170985309886123E+00 3.8420614944644871E-01
 8.7997767735524257E-03 -5.9886996828955874E-03 -1.5974155088432195E-03
0
0.0
 -1.1407996218300525E+00 -2.3170985309886123E+00 3.8420614944644871E-01
 8.7211676305905018E-03 -5.9598700926611070E-03 -1.3978762454972943E-03
0
0.0
 -1.1407996218300525E+00 -2.3170985309886123E+00 3.8420614944644871E-01
 8.8099227235217993E-03 -5.7997705051744137E-03 -1.6301996919671274E-03
0
0.0
 -1.1407996218300525E+00 -2.3170985309886123E+00 3.8420614944644871E-01
 8.7884597959422984E-03 -5.9249053701014532E-03 -1.6058810242906096E-03
0
0.0
 -1.1407996218300525E+00 -2.3170985309886123E+00 3.8420614944644871E-01
 8.7563208297248944E-03 -5.7707660970673386E-03 -1.5978887675576711E-03
0
0.0
 -1.1407996218300525E+00 -2.3170985309886123E+00 3.8420614944644871E-01
 8.7885146587068537E-03 -5.8842216905539216E-03 -1.6453496723006114E-03
0
0.0
 -1.1407996218300525E+00 -2.3170985309886123E+00 3.8420614944644871E-01
 8.7635213342410062E-03 -5.9435055890841955E-03 -1.6693639510947467E-03
0
0.0
 -1.1407996218300525E+00 -2.3170985309886123E+00 3.8420614944644871E-01
 8.7591842467636110E-03 -5.6445478745543887E-03 -1.7176279042597201E-03
0
0.0
 -1.1407996218300525E+00 -2.3170985309886123E+00 3.8420614944644871E-01
 8.6888057621890037E-03 -5.9179808818557956E-03 -1.6921959581355033E-03
0
0.0
 -1.1407996218300525E+00 -2.3170985309886123E+00 3.8420614944644871E-01
 8.7902902085771686E-03 -5.7738577921140465E-03 -1.8121582229542691E-03
0
0.0
 -1.1407996218300525E+00 -2.3170985309886123E+00 3.8420614944644871E-01
 8.9082416606973708E-03 -6.0252483519079424E-03 -1.5390584020762367E-03
0
0.0
 -1.1407996218300525E+00 -2.3170985309886123E+00 3.8420614944644871E-01
 8.9281084478386383E-03 -5.9573154228146994E-03 -1.5709489755436833E-03
0
0.0
 -1.1407996218300525E+00 -2.3170985309886123E+00 3.8420614944644871E-01
 8.8377997073397618E-03 -5.8788300583824645E-03 -1.6685282711915419E-03
0
0.0
 -1.1407996218300525E+00 -2.3170985309886123E+00 3.8420614944644871E-01
 8.8624162296087432E-03 -5.8627020016531603E-03 -1.5711533409674249E-03
0
0.0
 -1.1407996218300525E+00 -2.3170985309886123E+00 3.8420614944644871E-01
 8.7289409455898609E-03 -5.9502149863292914E-03 -1.5005077632210982E-03
0
0.0
 -1.1407996218300525E+00 -2.3170985309886123E+00 3.8420614944644871E-01
 8.8838910076397149E-03 -6.0289809810772374E-03 -1.5467355986820389E-03
0
0.0
 -1.1407996218300525E+00 -2.3170985309886123E+00 3.8420614944644871E-01
 8.7845994344686856E-03 -6.1292402844750652E-03 -1.6700030854792307E-03
0
0.0
 -1.1407996218300525E+00 -2.3170985309886123E+00 3.8420614944644871E-01
 8.9077862583283110E-03 -5.8231997613356883E-03 -1.6241324366599603E-03
0
0.0
 -1.1407996218300525E+00 -2.3170985309886123E+00 3.8420614944644871E-01
 8.7818900855355965E-03 -5.8459711995060134E-03 -1.7835082272107769E-03
0
0.0
 -1.1407996218300525E+00 -2.3170985309886123E+00 3.8420614944644871E-01
 8.7480988852487937E-03 -5.8208064518205814E-03 -1.5532883081591409E-03
0
0.0
 -1.1407996218300525E+00 -2.3170985309886123E+00 3.8420614944644871E-01
 8.9284256138840567E-03 -5.9190654233728535E-03 -1.7509139329261684E-03
0
0.0
 -1.1407996218300525E+00 -2.3170985309886123E+00 3.8420614944644871E-01
 8.5449482235693090E-03 -6.0669515173481531E-03 -1.4456350976024066E-03
0
0.0
 -1.1407996218300525E+00 -2.3170985309886123E+00 3.8420614944644871E-01
 8.6597330494380519E-03 -5.9110762720413186E-03 -1.7324825013144164E-03
0
0.0
 -1.1407996218300525E+00 -2.3170985309886123E+00 3.8420614944644871E-01
 8.6586481472690300E-03 -5.8713705022684550E-03 -1.7071873727533553E-03
0
0.0
 -1.1407996218300525E+00 -2.3170985309886123E+00 3.8420614944644871E-01
 8.8596487560816881E-03 -6.1593173582514815E-03 -1.4252285671119006E-03
0
0.0
 -1.1407996218300525E+00 -2.3170985309886123E+00 3.8420614944644871E-01
 8.8565321142671499E-03 -5.9061404540694390E-03 -1.6240137856068822E-03
0
0.0
 -1.1407996218300525E+00 -2.3170985309886123E+00 3.8420614944644871E-01
 8.6860560241864854E-03 -5.8594369070380315E-03 -1.7489299248132860E-03
0
0.0
 -1.1407996218300525E+00 -2.3170985309886123E+00 3.8420614944644871E-01
 8.8332970460033525E-03 -5.6652964807948148E-03 -1.8144488250294321E-03
0
0.0
 -1.1407996218300525E+00 -2.3170985309886123E+00 3.8420614944644871E-01
 8.8064705198403585E-03 -5.6445268021271212E-03 -1.5879644290351703E-03
0
0.0
 -1.1407996218300525E+00 -2.3170985309886123E+00 3.8420614944644871E-01
 8.9018748253731645E-03 -6.0303570115156514E-03 -1.7613714948063492E-03
0
0.0
 -1.1407996218300525E+00 -2.3170985309886123E+00 3.8420614944644871E-01
 8.6656083228969574E-03 -5.6446228700211794E-03 -1.8051353961213597E-03
0
0.0
 -1.1407996218300525E+00 -2.3170985309886123E+00 3.8420614944644871E-01
 9.0209897213451469E-03 -6.0310912939453964E-03 -1.8177514026131206E-03
0
0.0
 -1.1407996218300525E+00 -2.3170985309886123E+00 3.8420614944644871E-01
 8.8520050895522714E-03 -5.9202519724296616E-03 -1.6163066480279899E-03
0
0.0
 -1.1407996218300525E+00 -2.3170985309886123E+00 3.8420614944644871E-01
 8.6793948324109232E-03 -5.8574179703180561E-03 -1.7669795256493989E-03
0
0.0
 -1.1407996218300525E+00 -2.3170985309886123E+00 3.8420614944644871E-01
 8.8569985141108976E-03 -5.6780590441990672E-03 -1.3987020161499559E-03
0
0.0
