400
    344.00 3540.0 2000.0 0.0010  680.0 0.10 0.90
   1327.00 3540.0 2000.0 0.0010  680.0 0.10 0.90
    837.00 3540.0 2000.0 0.0010  680.0 0.10 0.90
    696.00 3540.0 2000.0 0.0010  680.0 0.10 0.90
   3518.00 3540.0 2000.0 0.0010  680.0 0.10 0.90
   2193.00 3540.0 2000.0 0.0010  680.0 0.10 0.90
    635.00 3540.0 2000.0 0.0010  680.0 0.10 0.90
    363.00 3540.0 2000.0 0.0010  680.0 0.10 0.90
    729.00 3540.0 2000.0 0.0010  680.0 0.10 0.90
   1103.00 3540.0 2000.0 0.0010  680.0 0.10 0.90
   1020.00 3540.0 2000.0 0.0010  680.0 0.10 0.90
    481.00 3540.0 2000.0 0.0010  680.0 0.10 0.90
    665.00 3540.0 2000.0 0.0010  680.0 0.10 0.90
   1157.00 3540.0 2000.0 0.0010  680.0 0.10 0.90
    837.00 3540.0 2000.0 0.0010  680.0 0.10 0.90
   5241.00 3540.0 2000.0 0.0010  680.0 0.10 0.90
   1523.00 3540.0 2000.0 0.0010  680.0 0.10 0.90
    635.00 3540.0 2000.0 0.0010  680.0 0.10 0.90
    635.00 3540.0 2000.0 0.0010  680.0 0.10 0.90
    579.00 3540.0 2000.0 0.0010  680.0 0.10 0.90
    763.00 3540.0 2000.0 0.0010  680.0 0.10 0.90
    454.00 3540.0 2000.0 0.0010  680.0 0.10 0.90
    435.00 3540.0 2000.0 0.0010  680.0 0.10 0.90
   3717.00 3540.0 2000.0 0.0010  680.0 0.10 0.90
   1054.00 3540.0 2000.0 0.0010  680.0 0.10 0.90
   1259.00 3540.0 2000.0 0.0010  680.0 0.10 0.90
    696.00 3540.0 2000.0 0.0010  680.0 0.10 0.90
   4040.00 3540.0 2000.0 0.0010  680.0 0.10 0.90
   1327.00 3540.0 2000.0 0.0010  680.0 0.10 0.90
   1327.00 3540.0 2000.0 0.0010  680.0 0.10 0.90
   1006.00 3540.0 2000.0 0.0010  680.0 0.10 0.90
    799.00 3540.0 2000.0 0.0010  680.0 0.10 0.90
   2144.00 3540.0 2000.0 0.0010  680.0 0.10 0.90
   1775.00 3540.0 2000.0 0.0010  680.0 0.10 0.90
    696.00 3540.0 2000.0 0.0010  680.0 0.10 0.90
    799.00 3540.0 2000.0 0.0010  680.0 0.10 0.90
    607.00 3540.0 2000.0 0.0010  680.0 0.10 0.90
    481.00 3540.0 2000.0 0.0010  680.0 0.10 0.90
    481.00 3540.0 2000.0 0.0010  680.0 0.10 0.90
   1389.00 3540.0 2000.0 0.0010  680.0 0.10 0.90
    665.00 3540.0 2000.0 0.0010  680.0 0.10 0.90
    665.00 3540.0 2000.0 0.0010  680.0 0.10 0.90
    530.00 3540.0 2000.0 0.0010  680.0 0.10 0.90
   5178.00 3540.0 2000.0 0.0010  680.0 0.10 0.90
   1523.00 3540.0 2000.0 0.0010  680.0 0.10 0.90
    729.00 3540.0 2000.0 0.0010  680.0 0.10 0.90
    481.00 3540.0 2000.0 0.0010  680.0 0.10 0.90
   1591.00 3540.0 2000.0 0.0010  680.0 0.10 0.90
    876.00 3540.0 2000.0 0.0010  680.0 0.10 0.90
   1103.00 3540.0 2000.0 0.0010  680.0 0.10 0.90
    799.00 3540.0 2000.0 0.0010  680.0 0.10 0.90
    696.00 3540.0 2000.0 0.0010  680.0 0.10 0.90
    696.00 3540.0 2000.0 0.0010  680.0 0.10 0.90
    358.00 3540.0 2000.0 0.0010  680.0 0.10 0.90
   1307.00 3540.0 2000.0 0.0010  680.0 0.10 0.90
   1080.00 3540.0 2000.0 0.0010  680.0 0.10 0.90
    763.00 3540.0 2000.0 0.0010  680.0 0.10 0.90
   1389.00 3540.0 2000.0 0.0010  680.0 0.10 0.90
    696.00 3540.0 2000.0 0.0010  680.0 0.10 0.90
    553.00 3540.0 2000.0 0.0010  680.0 0.10 0.90
   5045.00 3540.0 2000.0 0.0010  680.0 0.10 0.90
   2433.00 3540.0 2000.0 0.0010  680.0 0.10 0.90
   1006.00 3540.0 2000.0 0.0010  680.0 0.10 0.90
    338.00 3540.0 2000.0 0.0010  680.0 0.10 0.90
    555.00 3540.0 2000.0 0.0010  680.0 0.10 0.90
   1671.00 3540.0 2000.0 0.0010  680.0 0.10 0.90
   2064.00 3540.0 2000.0 0.0010  680.0 0.10 0.90
    696.00 3540.0 2000.0 0.0010  680.0 0.10 0.90
   4005.00 3540.0 2000.0 0.0010  680.0 0.10 0.90
   2563.00 3540.0 2000.0 0.0010  680.0 0.10 0.90
    763.00 3540.0 2000.0 0.0010  680.0 0.10 0.90
    607.00 3540.0 2000.0 0.0010  680.0 0.10 0.90
   3598.00 3540.0 2000.0 0.0010  680.0 0.10 0.90
    590.00 3540.0 2000.0 0.0010  680.0 0.10 0.90
   3433.00 3540.0 2000.0 0.0010  680.0 0.10 0.90
   3534.00 3540.0 2000.0 0.0010  680.0 0.10 0.90
   1893.00 3540.0 2000.0 0.0010  680.0 0.10 0.90
   1523.00 3540.0 2000.0 0.0010  680.0 0.10 0.90
   1466.00 3540.0 2000.0 0.0010  680.0 0.10 0.90
    696.00 3540.0 2000.0 0.0010  680.0 0.10 0.90
   1460.00 3540.0 2000.0 0.0010  680.0 0.10 0.90
    528.00 3540.0 2000.0 0.0010  680.0 0.10 0.90
    504.00 3540.0 2000.0 0.0010  680.0 0.10 0.90
    386.00 3540.0 2000.0 0.0010  680.0 0.10 0.90
    690.00 3540.0 2000.0 0.0010  680.0 0.10 0.90
    555.00 3540.0 2000.0 0.0010  680.0 0.10 0.90
    876.00 3540.0 2000.0 0.0010  680.0 0.10 0.90
   1268.00 3540.0 2000.0 0.0010  680.0 0.10 0.90
    635.00 3540.0 2000.0 0.0010  680.0 0.10 0.90
   1927.00 3540.0 2000.0 0.0010  680.0 0.10 0.90
    917.00 3540.0 2000.0 0.0010  680.0 0.10 0.90
   1210.00 3540.0 2000.0 0.0010  680.0 0.10 0.90
    635.00 3540.0 2000.0 0.0010  680.0 0.10 0.90
    729.00 3540.0 2000.0 0.0010  680.0 0.10 0.90
   2943.00 3540.0 2000.0 0.0010  680.0 0.10 0.90
    876.00 3540.0 2000.0 0.0010  680.0 0.10 0.90
    837.00 3540.0 2000.0 0.0010  680.0 0.10 0.90
   2033.00 3540.0 2000.0 0.0010  680.0 0.10 0.90
    579.00 3540.0 2000.0 0.0010  680.0 0.10 0.90
    635.00 3540.0 2000.0 0.0010  680.0 0.10 0.90
    486.00 3540.0 2000.0 0.0010  680.0 0.10 0.90
    635.00 3540.0 2000.0 0.0010  680.0 0.10 0.90
   2015.00 3540.0 2000.0 0.0010  680.0 0.10 0.90
    665.00 3540.0 2000.0 0.0010  680.0 0.10 0.90
   3655.00 3540.0 2000.0 0.0010  680.0 0.10 0.90
   1670.00 3540.0 2000.0 0.0010  680.0 0.10 0.90
   4761.00 3540.0 2000.0 0.0010  680.0 0.10 0.90
   1103.00 3540.0 2000.0 0.0010  680.0 0.10 0.90
   1006.00 3540.0 2000.0 0.0010  680.0 0.10 0.90
   1006.00 3540.0 2000.0 0.0010  680.0 0.10 0.90
   5705.00 3540.0 2000.0 0.0010  680.0 0.10 0.90
   2664.00 3540.0 2000.0 0.0010  680.0 0.10 0.90
    799.00 3540.0 2000.0 0.0010  680.0 0.10 0.90
    553.00 3540.0 2000.0 0.0010  680.0 0.10 0.90
    419.00 3540.0 2000.0 0.0010  680.0 0.10 0.90
    265.00 3540.0 2000.0 0.0010  680.0 0.10 0.90
    429.00 3540.0 2000.0 0.0010  680.0 0.10 0.90
   1748.00 3540.0 2000.0 0.0010  680.0 0.10 0.90
    876.00 3540.0 2000.0 0.0010  680.0 0.10 0.90
    961.00 3540.0 2000.0 0.0010  680.0 0.10 0.90
    763.00 3540.0 2000.0 0.0010  680.0 0.10 0.90
    316.00 3540.0 2000.0 0.0010  680.0 0.10 0.90
   5266.00 3540.0 2000.0 0.0010  680.0 0.10 0.90
    607.00 3540.0 2000.0 0.0010  680.0 0.10 0.90
   1210.00 3540.0 2000.0 0.0010  680.0 0.10 0.90
   1155.00 3540.0 2000.0 0.0010  680.0 0.10 0.90
    635.00 3540.0 2000.0 0.0010  680.0 0.10 0.90
   1845.00 3540.0 2000.0 0.0010  680.0 0.10 0.90
   2309.00 3540.0 2000.0 0.0010  680.0 0.10 0.90
   1748.00 3540.0 2000.0 0.0010  680.0 0.10 0.90
    799.00 3540.0 2000.0 0.0010  680.0 0.10 0.90
    763.00 3540.0 2000.0 0.0010  680.0 0.10 0.90
    481.00 3540.0 2000.0 0.0010  680.0 0.10 0.90
   2813.00 3540.0 2000.0 0.0010  680.0 0.10 0.90
    799.00 3540.0 2000.0 0.0010  680.0 0.10 0.90
    635.00 3540.0 2000.0 0.0010  680.0 0.10 0.90
    504.00 3540.0 2000.0 0.0010  680.0 0.10 0.90
    579.00 3540.0 2000.0 0.0010  680.0 0.10 0.90
    481.00 3540.0 2000.0 0.0010  680.0 0.10 0.90
   5792.00 3540.0 2000.0 0.0010  680.0 0.10 0.90
   3287.00 3540.0 2000.0 0.0010  680.0 0.10 0.90
    917.00 3540.0 2000.0 0.0010  680.0 0.10 0.90
   1278.00 3540.0 2000.0 0.0010  680.0 0.10 0.90
    665.00 3540.0 2000.0 0.0010  680.0 0.10 0.90
    837.00 3540.0 2000.0 0.0010  680.0 0.10 0.90
   1312.00 3540.0 2000.0 0.0010  680.0 0.10 0.90
    729.00 3540.0 2000.0 0.0010  680.0 0.10 0.90
    579.00 3540.0 2000.0 0.0010  680.0 0.10 0.90
    665.00 3540.0 2000.0 0.0010  680.0 0.10 0.90
    301.00 3540.0 2000.0 0.0010  680.0 0.10 0.90
   1441.00 3540.0 2000.0 0.0010  680.0 0.10 0.90
   1054.00 3540.0 2000.0 0.0010  680.0 0.10 0.90
    837.00 3540.0 2000.0 0.0010  680.0 0.10 0.90
   1006.00 3540.0 2000.0 0.0010  680.0 0.10 0.90
    665.00 3540.0 2000.0 0.0010  680.0 0.10 0.90
    460.00 3540.0 2000.0 0.0010  680.0 0.10 0.90
    528.00 3540.0 2000.0 0.0010  680.0 0.10 0.90
   1181.00 3540.0 2000.0 0.0010  680.0 0.10 0.90
    635.00 3540.0 2000.0 0.0010  680.0 0.10 0.90
   1054.00 3540.0 2000.0 0.0010  680.0 0.10 0.90
    635.00 3540.0 2000.0 0.0010  680.0 0.10 0.90
   6551.00 3540.0 2000.0 0.0010  680.0 0.10 0.90
   2527.00 3540.0 2000.0 0.0010  680.0 0.10 0.90
    665.00 3540.0 2000.0 0.0010  680.0 0.10 0.90
    729.00 3540.0 2000.0 0.0010  680.0 0.10 0.90
   1917.00 3540.0 2000.0 0.0010  680.0 0.10 0.90
   2421.00 3540.0 2000.0 0.0010  680.0 0.10 0.90
    665.00 3540.0 2000.0 0.0010  680.0 0.10 0.90
   5500.00 3540.0 2000.0 0.0010  680.0 0.10 0.90
   5450.00 3540.0 2000.0 0.0010  680.0 0.10 0.90
    696.00 3540.0 2000.0 0.0010  680.0 0.10 0.90
   1389.00 3540.0 2000.0 0.0010  680.0 0.10 0.90
   1529.00 3540.0 2000.0 0.0010  680.0 0.10 0.90
    665.00 3540.0 2000.0 0.0010  680.0 0.10 0.90
   1327.00 3540.0 2000.0 0.0010  680.0 0.10 0.90
   1765.00 3540.0 2000.0 0.0010  680.0 0.10 0.90
    696.00 3540.0 2000.0 0.0010  680.0 0.10 0.90
    917.00 3540.0 2000.0 0.0010  680.0 0.10 0.90
    504.00 3540.0 2000.0 0.0010  680.0 0.10 0.90
    917.00 3540.0 2000.0 0.0010  680.0 0.10 0.90
   1054.00 3540.0 2000.0 0.0010  680.0 0.10 0.90
    579.00 3540.0 2000.0 0.0010  680.0 0.10 0.90
    696.00 3540.0 2000.0 0.0010  680.0 0.10 0.90
   2921.00 3540.0 2000.0 0.0010  680.0 0.10 0.90
   1637.00 3540.0 2000.0 0.0010  680.0 0.10 0.90
    419.00 3540.0 2000.0 0.0010  680.0 0.10 0.90
    607.00 3540.0 2000.0 0.0010  680.0 0.10 0.90
    961.00 3540.0 2000.0 0.0010  680.0 0.10 0.90
   1158.00 3540.0 2000.0 0.0010  680.0 0.10 0.90
    837.00 3540.0 2000.0 0.0010  680.0 0.10 0.90
    661.00 3540.0 2000.0 0.0010  680.0 0.10 0.90
    876.00 3540.0 2000.0 0.0010  680.0 0.10 0.90
    401.00 3540.0 2000.0 0.0010  680.0 0.10 0.90
    460.00 3540.0 2000.0 0.0010  680.0 0.10 0.90
   3558.00 3540.0 2000.0 0.0010  680.0 0.10 0.90
   2533.00 3540.0 2000.0 0.0010  680.0 0.10 0.90
   1103.00 3540.0 2000.0 0.0010  680.0 0.10 0.90
   1266.00 3540.0 2000.0 0.0010  680.0 0.10 0.90
   1389.00 3540.0 2000.0 0.0010  680.0 0.10 0.90
   1466.00 3540.0 2000.0 0.0010  680.0 0.10 0.90
    553.00 3540.0 2000.0 0.0010  680.0 0.10 0.90
   3684.00 3540.0 2000.0 0.0010  680.0 0.10 0.90
   1155.00 3540.0 2000.0 0.0010  680.0 0.10 0.90
    917.00 3540.0 2000.0 0.0010  680.0 0.10 0.90
    579.00 3540.0 2000.0 0.0010  680.0 0.10 0.90
    876.00 3540.0 2000.0 0.0010  680.0 0.10 0.90
   3426.00 3540.0 2000.0 0.0010  680.0 0.10 0.90
   2595.00 3540.0 2000.0 0.0010  680.0 0.10 0.90
    729.00 3540.0 2000.0 0.0010  680.0 0.10 0.90
    696.00 3540.0 2000.0 0.0010  680.0 0.10 0.90
    729.00 3540.0 2000.0 0.0010  680.0 0.10 0.90
    504.00 3540.0 2000.0 0.0010  680.0 0.10 0.90
   2823.00 3540.0 2000.0 0.0010  680.0 0.10 0.90
   1006.00 3540.0 2000.0 0.0010  680.0 0.10 0.90
    607.00 3540.0 2000.0 0.0010  680.0 0.10 0.90
    446.00 3540.0 2000.0 0.0010  680.0 0.10 0.90
    961.00 3540.0 2000.0 0.0010  680.0 0.10 0.90
    607.00 3540.0 2000.0 0.0010  680.0 0.10 0.90
    607.00 3540.0 2000.0 0.0010  680.0 0.10 0.90
   2986.00 3540.0 2000.0 0.0010  680.0 0.10 0.90
   1103.00 3540.0 2000.0 0.0010  680.0 0.10 0.90
    579.00 3540.0 2000.0 0.0010  680.0 0.10 0.90
   1575.00 3540.0 2000.0 0.0010  680.0 0.10 0.90
   1327.00 3540.0 2000.0 0.0010  680.0 0.10 0.90
   4718.00 3540.0 2000.0 0.0010  680.0 0.10 0.90
   3653.00 3540.0 2000.0 0.0010  680.0 0.10 0.90
    961.00 3540.0 2000.0 0.0010  680.0 0.10 0.90
   1054.00 3540.0 2000.0 0.0010  680.0 0.10 0.90
    917.00 3540.0 2000.0 0.0010  680.0 0.10 0.90
   1454.00 3540.0 2000.0 0.0010  680.0 0.10 0.90
    635.00 3540.0 2000.0 0.0010  680.0 0.10 0.90
    635.00 3540.0 2000.0 0.0010  680.0 0.10 0.90
   4069.00 3540.0 2000.0 0.0010  680.0 0.10 0.90
    579.00 3540.0 2000.0 0.0010  680.0 0.10 0.90
   1054.00 3540.0 2000.0 0.0010  680.0 0.10 0.90
   3427.00 3540.0 2000.0 0.0010  680.0 0.10 0.90
   2305.00 3540.0 2000.0 0.0010  680.0 0.10 0.90
   2718.00 3540.0 2000.0 0.0010  680.0 0.10 0.90
   3123.00 3540.0 2000.0 0.0010  680.0 0.10 0.90
   1748.00 3540.0 2000.0 0.0010  680.0 0.10 0.90
   3184.00 3540.0 2000.0 0.0010  680.0 0.10 0.90
   1054.00 3540.0 2000.0 0.0010  680.0 0.10 0.90
   1006.00 3540.0 2000.0 0.0010  680.0 0.10 0.90
    696.00 3540.0 2000.0 0.0010  680.0 0.10 0.90
    847.00 3540.0 2000.0 0.0010  680.0 0.10 0.90
   1023.00 3540.0 2000.0 0.0010  680.0 0.10 0.90
    799.00 3540.0 2000.0 0.0010  680.0 0.10 0.90
    696.00 3540.0 2000.0 0.0010  680.0 0.10 0.90
   7367.00 3540.0 2000.0 0.0010  680.0 0.10 0.90
   1327.00 3540.0 2000.0 0.0010  680.0 0.10 0.90
   1103.00 3540.0 2000.0 0.0010  680.0 0.10 0.90
   1054.00 3540.0 2000.0 0.0010  680.0 0.10 0.90
    665.00 3540.0 2000.0 0.0010  680.0 0.10 0.90
   3594.00 3540.0 2000.0 0.0010  680.0 0.10 0.90
   1266.00 3540.0 2000.0 0.0010  680.0 0.10 0.90
   1893.00 3540.0 2000.0 0.0010  680.0 0.10 0.90
   1327.00 3540.0 2000.0 0.0010  680.0 0.10 0.90
    635.00 3540.0 2000.0 0.0010  680.0 0.10 0.90
   1266.00 3540.0 2000.0 0.0010  680.0 0.10 0.90
   1670.00 3540.0 2000.0 0.0010  680.0 0.10 0.90
   2102.00 3540.0 2000.0 0.0010  680.0 0.10 0.90
   3357.00 3540.0 2000.0 0.0010  680.0 0.10 0.90
   1327.00 3540.0 2000.0 0.0010  680.0 0.10 0.90
   1006.00 3540.0 2000.0 0.0010  680.0 0.10 0.90
   1998.00 3540.0 2000.0 0.0010  680.0 0.10 0.90
   3331.00 3540.0 2000.0 0.0010  680.0 0.10 0.90
   2238.00 3540.0 2000.0 0.0010  680.0 0.10 0.90
    961.00 3540.0 2000.0 0.0010  680.0 0.10 0.90
   3213.00 3540.0 2000.0 0.0010  680.0 0.10 0.90
    763.00 3540.0 2000.0 0.0010  680.0 0.10 0.90
    504.00 3540.0 2000.0 0.0010  680.0 0.10 0.90
   1054.00 3540.0 2000.0 0.0010  680.0 0.10 0.90
   4292.00 3540.0 2000.0 0.0010  680.0 0.10 0.90
   3512.00 3540.0 2000.0 0.0010  680.0 0.10 0.90
   1724.00 3540.0 2000.0 0.0010  680.0 0.10 0.90
   1917.00 3540.0 2000.0 0.0010  680.0 0.10 0.90
    763.00 3540.0 2000.0 0.0010  680.0 0.10 0.90
   1595.00 3540.0 2000.0 0.0010  680.0 0.10 0.90
    475.00 3540.0 2000.0 0.0010  680.0 0.10 0.90
    593.00 3540.0 2000.0 0.0010  680.0 0.10 0.90
    799.00 3540.0 2000.0 0.0010  680.0 0.10 0.90
    579.00 3540.0 2000.0 0.0010  680.0 0.10 0.90
    799.00 3540.0 2000.0 0.0010  680.0 0.10 0.90
    481.00 3540.0 2000.0 0.0010  680.0 0.10 0.90
    406.00 3540.0 2000.0 0.0010  680.0 0.10 0.90
    579.00 3540.0 2000.0 0.0010  680.0 0.10 0.90
    763.00 3540.0 2000.0 0.0010  680.0 0.10 0.90
   2043.00 3540.0 2000.0 0.0010  680.0 0.10 0.90
    917.00 3540.0 2000.0 0.0010  680.0 0.10 0.90
    635.00 3540.0 2000.0 0.0010  680.0 0.10 0.90
    533.00 3540.0 2000.0 0.0010  680.0 0.10 0.90
   5897.00 3540.0 2000.0 0.0010  680.0 0.10 0.90
   1566.00 3540.0 2000.0 0.0010  680.0 0.10 0.90
   3827.00 3540.0 2000.0 0.0010  680.0 0.10 0.90
   2391.00 3540.0 2000.0 0.0010  680.0 0.10 0.90
   1266.00 3540.0 2000.0 0.0010  680.0 0.10 0.90
    837.00 3540.0 2000.0 0.0010  680.0 0.10 0.90
    665.00 3540.0 2000.0 0.0010  680.0 0.10 0.90
    729.00 3540.0 2000.0 0.0010  680.0 0.10 0.90
    961.00 3540.0 2000.0 0.0010  680.0 0.10 0.90
    405.00 3540.0 2000.0 0.0010  680.0 0.10 0.90
   3191.00 3540.0 2000.0 0.0010  680.0 0.10 0.90
    504.00 3540.0 2000.0 0.0010  680.0 0.10 0.90
   2963.00 3540.0 2000.0 0.0010  680.0 0.10 0.90
   1103.00 3540.0 2000.0 0.0010  680.0 0.10 0.90
    876.00 3540.0 2000.0 0.0010  680.0 0.10 0.90
   3131.00 3540.0 2000.0 0.0010  680.0 0.10 0.90
    876.00 3540.0 2000.0 0.0010  680.0 0.10 0.90
    961.00 3540.0 2000.0 0.0010  680.0 0.10 0.90
   1155.00 3540.0 2000.0 0.0010  680.0 0.10 0.90
   2771.00 3540.0 2000.0 0.0010  680.0 0.10 0.90
   1054.00 3540.0 2000.0 0.0010  680.0 0.10 0.90
    799.00 3540.0 2000.0 0.0010  680.0 0.10 0.90
    553.00 3540.0 2000.0 0.0010  680.0 0.10 0.90
   2600.00 3540.0 2000.0 0.0010  680.0 0.10 0.90
    729.00 3540.0 2000.0 0.0010  680.0 0.10 0.90
    729.00 3540.0 2000.0 0.0010  680.0 0.10 0.90
    665.00 3540.0 2000.0 0.0010  680.0 0.10 0.90
   3332.00 3540.0 2000.0 0.0010  680.0 0.10 0.90
    477.00 3540.0 2000.0 0.0010  680.0 0.10 0.90
    665.00 3540.0 2000.0 0.0010  680.0 0.10 0.90
   3220.00 3540.0 2000.0 0.0010  680.0 0.10 0.90
    401.00 3540.0 2000.0 0.0010  680.0 0.10 0.90
   1103.00 3540.0 2000.0 0.0010  680.0 0.10 0.90
   1103.00 3540.0 2000.0 0.0010  680.0 0.10 0.90
   1266.00 3540.0 2000.0 0.0010  680.0 0.10 0.90
    528.00 3540.0 2000.0 0.0010  680.0 0.10 0.90
   1389.00 3540.0 2000.0 0.0010  680.0 0.10 0.90
   1454.00 3540.0 2000.0 0.0010  680.0 0.10 0.90
    504.00 3540.0 2000.0 0.0010  680.0 0.10 0.90
   1054.00 3540.0 2000.0 0.0010  680.0 0.10 0.90
   1891.00 3540.0 2000.0 0.0010  680.0 0.10 0.90
    950.00 3540.0 2000.0 0.0010  680.0 0.10 0.90
    763.00 3540.0 2000.0 0.0010  680.0 0.10 0.90
   3232.00 3540.0 2000.0 0.0010  680.0 0.10 0.90
   2687.00 3540.0 2000.0 0.0010  680.0 0.10 0.90
    437.00 3540.0 2000.0 0.0010  680.0 0.10 0.90
    799.00 3540.0 2000.0 0.0010  680.0 0.10 0.90
    528.00 3540.0 2000.0 0.0010  680.0 0.10 0.90
   1103.00 3540.0 2000.0 0.0010  680.0 0.10 0.90
   1163.00 3540.0 2000.0 0.0010  680.0 0.10 0.90
    579.00 3540.0 2000.0 0.0010  680.0 0.10 0.90
   1103.00 3540.0 2000.0 0.0010  680.0 0.10 0.90
    917.00 3540.0 2000.0 0.0010  680.0 0.10 0.90
   1870.00 3540.0 2000.0 0.0010  680.0 0.10 0.90
   2784.00 3540.0 2000.0 0.0010  680.0 0.10 0.90
    917.00 3540.0 2000.0 0.0010  680.0 0.10 0.90
   3940.00 3540.0 2000.0 0.0010  680.0 0.10 0.90
   4295.00 3540.0 2000.0 0.0010  680.0 0.10 0.90
   1389.00 3540.0 2000.0 0.0010  680.0 0.10 0.90
   1589.00 3540.0 2000.0 0.0010  680.0 0.10 0.90
   4707.00 3540.0 2000.0 0.0010  680.0 0.10 0.90
   4103.00 3540.0 2000.0 0.0010  680.0 0.10 0.90
   1900.00 3540.0 2000.0 0.0010  680.0 0.10 0.90
    876.00 3540.0 2000.0 0.0010  680.0 0.10 0.90
    837.00 3540.0 2000.0 0.0010  680.0 0.10 0.90
    535.00 3540.0 2000.0 0.0010  680.0 0.10 0.90
   5426.00 3540.0 2000.0 0.0010  680.0 0.10 0.90
    665.00 3540.0 2000.0 0.0010  680.0 0.10 0.90
    511.00 3540.0 2000.0 0.0010  680.0 0.10 0.90
   3038.00 3540.0 2000.0 0.0010  680.0 0.10 0.90
   3865.00 3540.0 2000.0 0.0010  680.0 0.10 0.90
   3745.00 3540.0 2000.0 0.0010  680.0 0.10 0.90
   2201.00 3540.0 2000.0 0.0010  680.0 0.10 0.90
    553.00 3540.0 2000.0 0.0010  680.0 0.10 0.90
    497.00 3540.0 2000.0 0.0010  680.0 0.10 0.90
   4005.00 3540.0 2000.0 0.0010  680.0 0.10 0.90
   2951.00 3540.0 2000.0 0.0010  680.0 0.10 0.90
    607.00 3540.0 2000.0 0.0010  680.0 0.10 0.90
    799.00 3540.0 2000.0 0.0010  680.0 0.10 0.90
    665.00 3540.0 2000.0 0.0010  680.0 0.10 0.90
   3825.00 3540.0 2000.0 0.0010  680.0 0.10 0.90
   2345.00 3540.0 2000.0 0.0010  680.0 0.10 0.90
    876.00 3540.0 2000.0 0.0010  680.0 0.10 0.90
    799.00 3540.0 2000.0 0.0010  680.0 0.10 0.90
   3914.00 3540.0 2000.0 0.0010  680.0 0.10 0.90
   1155.00 3540.0 2000.0 0.0010  680.0 0.10 0.90
   1389.00 3540.0 2000.0 0.0010  680.0 0.10 0.90
   1049.00 3540.0 2000.0 0.0010  680.0 0.10 0.90
    876.00 3540.0 2000.0 0.0010  680.0 0.10 0.90
    579.00 3540.0 2000.0 0.0010  680.0 0.10 0.90
   3332.00 3540.0 2000.0 0.0010  680.0 0.10 0.90
    729.00 3540.0 2000.0 0.0010  680.0 0.10 0.90
    696.00 3540.0 2000.0 0.0010  680.0 0.10 0.90
    607.00 3540.0 2000.0 0.0010  680.0 0.10 0.90
    528.00 3540.0 2000.0 0.0010  680.0 0.10 0.90
   2342.00 3540.0 2000.0 0.0010  680.0 0.10 0.90
   6197.00 3540.0 2000.0 0.0010  680.0 0.10 0.90
    579.00 3540.0 2000.0 0.0010  680.0 0.10 0.90
   4708.00 3540.0 2000.0 0.0010  680.0 0.10 0.90
    799.00 3540.0 2000.0 0.0010  680.0 0.10 0.90
   3309.00 3540.0 2000.0 0.0010  680.0 0.10 0.90
    635.00 3540.0 2000.0 0.0010  680.0 0.10 0.90
    553.00 3540.0 2000.0 0.0010  680.0 0.10 0.90
    553.00 3540.0 2000.0 0.0010  680.0 0.10 0.90
   2078.00 3540.0 2000.0 0.0010  680.0 0.10 0.90
   1327.00 3540.0 2000.0 0.0010  680.0 0.10 0.90
   2474.00 3540.0 2000.0 0.0010  680.0 0.10 0.90
    696.00 3540.0 2000.0 0.0010  680.0 0.10 0.90
    729.00 3540.0 2000.0 0.0010  680.0 0.10 0.90
