400
1.0d3			! dt_YORP [yr]; time step for the YORP integrator
1.0d5			! dt_YORP_out [yr]; time step for the output (reorient.out)
200			! number of Gaussian spheres in fg_functions/ directory
7			! number of data points in each fg_functions/ file
30.0			! dobliq [deg], corresponding step in obliquity
2.5			! a_0 [AU] reference value of semimajor axis
1.0d3			! R_0 [m] reference radius
2500.d0			! rho_0 [kg/m^3] reference density
2.9088821d-4		! omega_0 [rad/s] reference spin rate <=> P_0 = 6 hours
0.33d0			! c_YORP efficiency parameter
T                       ! change Gauss sphere randomly after reaching omega_crit
../fg_functions_K1e-3/
1	123
2	2
3	6
4	85
5	102
6	183
7	63
8	183
9	38
10	49
11	159
12	64
13	28
14	155
15	198
16	194
17	133
18	193
19	162
20	161
21	24
22	182
23	56
24	127
25	120
26	186
27	112
28	141
29	177
30	141
31	80
32	129
33	145
34	136
35	27
36	198
37	14
38	71
39	170
40	59
41	44
42	67
43	171
44	79
45	151
46	17
47	114
48	180
49	161
50	153
51	159
52	102
53	195
54	25
55	194
56	64
57	49
58	170
59	142
60	151
61	28
62	71
63	32
64	154
65	155
66	161
67	45
68	146
69	128
70	190
71	171
72	8
73	56
74	15
75	77
76	104
77	59
78	56
79	49
80	181
81	173
82	134
83	94
84	116
85	97
86	152
87	77
88	196
89	181
90	92
91	31
92	7
93	147
94	26
95	154
96	98
97	33
98	59
99	56
100	70
101	140
102	108
103	166
104	9
105	75
106	45
107	123
108	73
109	89
110	2
111	181
112	141
113	93
114	51
115	152
116	146
117	170
118	163
119	26
120	73
121	42
122	183
123	133
124	160
125	29
126	60
127	14
128	168
129	128
130	172
131	116
132	43
133	32
134	2
135	10
136	65
137	79
138	155
139	59
140	116
141	171
142	19
143	198
144	170
145	103
146	196
147	112
148	8
149	159
150	35
151	30
152	10
153	101
154	131
155	137
156	84
157	109
158	62
159	160
160	192
161	50
162	106
163	174
164	113
165	20
166	185
167	193
168	68
169	112
170	34
171	107
172	195
173	196
174	176
175	116
176	8
177	58
178	8
179	153
180	122
181	84
182	108
183	181
184	22
185	4
186	136
187	95
188	123
189	183
190	195
191	163
192	90
193	60
194	175
195	17
196	48
197	50
198	58
199	122
200	200
201	154
202	12
203	127
204	97
205	115
206	112
207	81
208	184
209	179
210	89
211	96
212	54
213	88
214	117
215	126
216	26
217	157
218	93
219	176
220	83
221	145
222	104
223	95
224	144
225	48
226	22
227	133
228	153
229	137
230	129
231	196
232	107
233	140
234	46
235	40
236	35
237	11
238	125
239	132
240	189
241	196
242	148
243	69
244	151
245	59
246	38
247	59
248	62
249	197
250	91
251	13
252	195
253	189
254	151
255	39
256	99
257	73
258	90
259	137
260	185
261	42
262	164
263	163
264	116
265	127
266	53
267	148
268	62
269	173
270	53
271	36
272	13
273	101
274	196
275	49
276	136
277	52
278	177
279	3
280	158
281	50
282	25
283	107
284	51
285	154
286	47
287	190
288	38
289	58
290	191
291	143
292	79
293	7
294	2
295	108
296	47
297	93
298	132
299	166
300	176
301	100
302	31
303	19
304	14
305	161
306	29
307	179
308	37
309	74
310	132
311	193
312	189
313	79
314	91
315	84
316	72
317	22
318	60
319	158
320	30
321	119
322	54
323	39
324	80
325	43
326	4
327	119
328	44
329	96
330	43
331	105
332	77
333	129
334	163
335	176
336	76
337	72
338	120
339	55
340	106
341	82
342	84
343	41
344	90
345	114
346	20
347	70
348	23
349	70
350	59
351	96
352	153
353	143
354	85
355	162
356	168
357	169
358	76
359	123
360	14
361	145
362	111
363	86
364	185
365	16
366	34
367	46
368	6
369	34
370	12
371	48
372	121
373	53
374	45
375	33
376	111
377	201
378	84
379	155
380	176
381	35
382	192
383	21
384	139
385	192
386	30
387	109
388	150
389	153
390	71
391	115
392	10
393	52
394	156
395	31
396	159
397	121
398	96
399	171
400	42
