20
-1
1
  0.66937589  -0.49859721  -0.55076015  3.53008983e-04
  0.63576735  -0.67480356   0.37475330  2.04142858e-04
 -0.39690071   0.65171346  -0.64632762  3.66226396e-04
  0.61845847  -0.38779253  -0.68346622  6.66267731e-04
  0.03423722  -0.86834630  -0.49477522  2.80473415e-04
 -0.98565165  -0.16842099  -0.01118928  2.02732810e-04
  0.97949983   0.16625515  -0.11375109  2.95200819e-04
  0.47871182  -0.76240222   0.43540537  2.05418407e-04
  0.68221483  -0.72198960   0.11538601  3.97768619e-04
 -0.29802063   0.76856618  -0.56611813  2.28322741e-04
 -0.81971734  -0.06834459   0.56867610  5.83585926e-04
 -0.63992651  -0.74229172  -0.19873870  4.85637447e-04
  0.76120576  -0.62551910  -0.17114804  2.75383768e-04
 -0.59247642  -0.36283432  -0.71925166  2.68841589e-04
 -0.11432457  -0.32589987   0.93846639  2.16641121e-04
  0.51035342   0.67792942  -0.52910405  2.85785465e-04
  0.05897960  -0.15979628   0.98538650  1.65616611e-04
 -0.67063628  -0.58200676  -0.45990772  2.83885188e-04
 -0.61832604  -0.76814423   0.16621477  2.21180638e-04
 -0.87191015  -0.47970253  -0.09827599  1.70136626e-04
