20
 -1.1407996218300525E+00 -2.3170985309886123E+00 3.8420614944644871E-01
 8.7801206262786737E-03 -5.9162208827355121E-03 -1.6231203503698779E-03
0
0.0
 -1.1407996218300525E+00 -2.3170985309886123E+00 3.8420614944644871E-01
 8.9286693267621089E-03 -6.0983163887875780E-03 -1.4268779570422289E-03
0
0.0
 -1.1407996218300525E+00 -2.3170985309886123E+00 3.8420614944644871E-01
 8.8715693710759887E-03 -5.8506548704152393E-03 -1.5690338225320738E-03
0
0.0
 -1.1407996218300525E+00 -2.3170985309886123E+00 3.8420614944644871E-01
 8.6726755280416498E-03 -5.8395188838209905E-03 -1.9057118983651939E-03
0
0.0
 -1.1407996218300525E+00 -2.3170985309886123E+00 3.8420614944644871E-01
 8.9291277757096964E-03 -5.9136676200508128E-03 -1.8366441035034364E-03
0
0.0
 -1.1407996218300525E+00 -2.3170985309886123E+00 3.8420614944644871E-01
 8.8306580510124095E-03 -6.0491507487511111E-03 -1.4010040741489252E-03
0
0.0
 -1.1407996218300525E+00 -2.3170985309886123E+00 3.8420614944644871E-01
 8.7690590772610405E-03 -6.0372686435226416E-03 -1.5857907079794193E-03
0
0.0
 -1.1407996218300525E+00 -2.3170985309886123E+00 3.8420614944644871E-01
 8.8256104328543888E-03 -6.1332151504341686E-03 -1.6557525903264764E-03
0
0.0
 -1.1407996218300525E+00 -2.3170985309886123E+00 3.8420614944644871E-01
 8.9751993787473977E-03 -5.8467907627903458E-03 -1.5333119960319814E-03
0
0.0
 -1.1407996218300525E+00 -2.3170985309886123E+00 3.8420614944644871E-01
 8.9235226390565001E-03 -5.9746488135632809E-03 -1.6920618607576925E-03
0
0.0
 -1.1407996218300525E+00 -2.3170985309886123E+00 3.8420614944644871E-01
 8.8969457199644334E-03 -5.8819782749316603E-03 -1.4488739647764168E-03
0
0.0
 -1.1407996218300525E+00 -2.3170985309886123E+00 3.8420614944644871E-01
 8.8249993755307576E-03 -5.8484214484570739E-03 -1.7054978998778114E-03
0
0.0
 -1.1407996218300525E+00 -2.3170985309886123E+00 3.8420614944644871E-01
 8.7962272262608835E-03 -5.9563111218430458E-03 -1.4646814331822204E-03
0
0.0
 -1.1407996218300525E+00 -2.3170985309886123E+00 3.8420614944644871E-01
 8.8008142015690623E-03 -6.0825053582195948E-03 -1.5872032091585400E-03
0
0.0
 -1.1407996218300525E+00 -2.3170985309886123E+00 3.8420614944644871E-01
 8.7881797318904477E-03 -5.9011694450941477E-03 -1.6204938422350653E-03
0
0.0
 -1.1407996218300525E+00 -2.3170985309886123E+00 3.8420614944644871E-01
 8.7941194014704085E-03 -5.8329730764304913E-03 -1.7867575385274721E-03
0
0.0
 -1.1407996218300525E+00 -2.3170985309886123E+00 3.8420614944644871E-01
 9.0729188431414969E-03 -5.9791188415317786E-03 -1.5636742713574540E-03
0
0.0
 -1.1407996218300525E+00 -2.3170985309886123E+00 3.8420614944644871E-01
 8.6827309938397948E-03 -5.8759450260159329E-03 -1.5666553172636586E-03
0
0.0
 -1.1407996218300525E+00 -2.3170985309886123E+00 3.8420614944644871E-01
 8.8688835034273789E-03 -5.7742432713911405E-03 -1.6499632832887342E-03
0
0.0
 -1.1407996218300525E+00 -2.3170985309886123E+00 3.8420614944644871E-01
 8.8483320044373068E-03 -5.8755145222188125E-03 -1.7390765527516934E-03
0
0.0
