20
-1
1
  0.48197962  -0.02095197   0.87593188  1.51719774e-04
  0.13061913   0.92509611  -0.35656113  3.25815059e-04
 -0.73069557  -0.67850320   0.07561341  2.47692913e-04
 -0.44939145   0.79116569  -0.41485441  1.79391786e-04
  0.95466462   0.17524414   0.24063450  2.99253012e-04
  0.18021432   0.90364078   0.38853075  4.40338180e-04
 -0.61381413  -0.70447996  -0.35628670  5.11959252e-04
 -0.87265380  -0.48358067  -0.06800795  3.67355465e-04
 -0.68096808  -0.69837579  -0.22034909  3.62361240e-04
  0.18424674  -0.23392523   0.95463717  2.86947920e-04
  0.85532378   0.25738493   0.44963789  2.65217347e-04
  0.47044802   0.83949927   0.27188166  2.82996795e-04
 -0.12116465  -0.63166386  -0.76571529  3.76834212e-04
 -0.14822385  -0.89649801   0.41751767  3.17808170e-04
  0.08326700  -0.70058654   0.70869253  6.15069753e-04
 -0.72129072  -0.22774391  -0.65411956  1.93945133e-04
  0.70437625   0.67524580   0.21885431  3.00923162e-04
  0.87235609  -0.27342402   0.40525813  2.76844058e-04
  0.37970789  -0.22610758   0.89704920  1.49956525e-04
  0.41447170  -0.34031271   0.84403819  2.70959295e-04
