20
 -1.1407996218300525E+00 -2.3170985309886123E+00 3.8420614944644871E-01
 8.7623885287467160E-03 -5.9841047654481134E-03 -1.4694027067642084E-03
0
0.0
 -1.1407996218300525E+00 -2.3170985309886123E+00 3.8420614944644871E-01
 8.8385163387594157E-03 -5.8912361804249955E-03 -1.6226843827388537E-03
0
0.0
 -1.1407996218300525E+00 -2.3170985309886123E+00 3.8420614944644871E-01
 8.7539674662594699E-03 -6.0480711576004912E-03 -1.7307865076779342E-03
0
0.0
 -1.1407996218300525E+00 -2.3170985309886123E+00 3.8420614944644871E-01
 8.6164182606552082E-03 -5.8623312286465593E-03 -1.6852396780239213E-03
0
0.0
 -1.1407996218300525E+00 -2.3170985309886123E+00 3.8420614944644871E-01
 8.7665086436469510E-03 -5.8497813614146518E-03 -1.4820111095184803E-03
0
0.0
 -1.1407996218300525E+00 -2.3170985309886123E+00 3.8420614944644871E-01
 8.8041911205678398E-03 -5.9314485930438438E-03 -1.6839980132202545E-03
0
0.0
 -1.1407996218300525E+00 -2.3170985309886123E+00 3.8420614944644871E-01
 8.8850682698283813E-03 -5.8802468676389056E-03 -1.7731954682007806E-03
0
0.0
 -1.1407996218300525E+00 -2.3170985309886123E+00 3.8420614944644871E-01
 8.6727070264590207E-03 -5.7913863438560443E-03 -1.7684504955506658E-03
0
0.0
 -1.1407996218300525E+00 -2.3170985309886123E+00 3.8420614944644871E-01
 8.6798090833026149E-03 -5.8623370780387556E-03 -1.4877416357513553E-03
0
0.0
 -1.1407996218300525E+00 -2.3170985309886123E+00 3.8420614944644871E-01
 9.0398557977486270E-03 -5.8313574071290394E-03 -1.7726695013777867E-03
0
0.0
 -1.1407996218300525E+00 -2.3170985309886123E+00 3.8420614944644871E-01
 8.8331617938723107E-03 -5.8547456710606720E-03 -1.9381686025191460E-03
0
0.0
 -1.1407996218300525E+00 -2.3170985309886123E+00 3.8420614944644871E-01
 8.7760655129778438E-03 -5.9335016982802547E-03 -1.6725499850784662E-03
0
0.0
 -1.1407996218300525E+00 -2.3170985309886123E+00 3.8420614944644871E-01
 8.7500991337136416E-03 -5.9565706421670188E-03 -1.6502320647663890E-03
0
0.0
 -1.1407996218300525E+00 -2.3170985309886123E+00 3.8420614944644871E-01
 8.7352157027296828E-03 -5.7522275139116064E-03 -1.6515819850857697E-03
0
0.0
 -1.1407996218300525E+00 -2.3170985309886123E+00 3.8420614944644871E-01
 8.6658072465546580E-03 -6.0000441874426685E-03 -1.6362358100771106E-03
0
0.0
 -1.1407996218300525E+00 -2.3170985309886123E+00 3.8420614944644871E-01
 8.8497868218834434E-03 -5.8570917969236799E-03 -1.3120728374637241E-03
0
0.0
 -1.1407996218300525E+00 -2.3170985309886123E+00 3.8420614944644871E-01
 8.8537122761966468E-03 -5.9916439706765518E-03 -1.6920087913475498E-03
0
0.0
 -1.1407996218300525E+00 -2.3170985309886123E+00 3.8420614944644871E-01
 8.9124319629299009E-03 -5.9191991203612678E-03 -1.4991116995414380E-03
0
0.0
 -1.1407996218300525E+00 -2.3170985309886123E+00 3.8420614944644871E-01
 8.7806217831626534E-03 -5.7844687750330803E-03 -1.5729840175731260E-03
0
0.0
 -1.1407996218300525E+00 -2.3170985309886123E+00 3.8420614944644871E-01
 8.9211841079453753E-03 -6.1720139846533585E-03 -1.7316064058054269E-03
0
0.0
