400
-1
1
  0.03500643  -0.19867906   0.97943922  2.60611509e-04
  0.67816751   0.35738141  -0.64215836  2.36939272e-04
 -0.77736801  -0.29772784  -0.55412734  1.54812684e-04
  0.13817563   0.98223363  -0.12698262  5.88019895e-04
  0.85038030   0.18955419   0.49083862  1.62120527e-04
 -0.43747557   0.85986741   0.26314096  2.92359726e-04
  0.42431352   0.90019430   0.09802167  2.07250665e-04
 -0.61440938  -0.39985268   0.68016098  4.12200854e-04
 -0.61897818   0.25523782  -0.74277834  1.72675393e-04
  0.81803059  -0.54213367  -0.19213807  1.71254770e-04
 -0.11847596   0.85125763   0.51119849  5.34071484e-04
  0.44487476  -0.56620675   0.69389939  3.76821534e-04
  0.42239815  -0.89540902   0.14079234  2.23139780e-04
  0.88712014   0.02326545   0.46095182  6.51207933e-04
 -0.90028358  -0.28073095   0.33268544  1.71421852e-04
 -0.44443576   0.06841017  -0.89319477  4.06021460e-04
  0.32481083   0.84121359   0.43227031  2.07996767e-04
  0.25364091  -0.57230787  -0.77982690  2.48016766e-04
  0.66139422  -0.45707998  -0.59467266  3.12447774e-04
 -0.96590593   0.22426899   0.12934124  2.48723644e-04
  0.59748190   0.12123059  -0.79266546  2.21937577e-04
 -0.57814104  -0.37764717   0.72328110  1.83643341e-04
 -0.12396783  -0.83922130  -0.52947104  4.52550291e-04
  0.18688386   0.90668820   0.37814140  2.56172841e-04
 -0.89033709   0.27905419   0.35976191  1.64213503e-04
 -0.41523035   0.43700416   0.79787914  2.56521668e-04
 -0.89133509   0.44649596   0.07850553  2.20485584e-04
 -0.72707265   0.65467686   0.20679355  3.77105150e-04
 -0.60901006  -0.79316249  -0.00009220  1.51608189e-04
  0.62376555   0.64905549  -0.43548077  1.45685227e-04
 -0.74526025  -0.47168539   0.47127492  1.55386414e-04
 -0.63948463   0.64641794  -0.41617694  3.90151185e-04
  0.28428785  -0.20573359   0.93640488  5.21894709e-04
  0.39459275   0.03143516  -0.91831824  2.11535457e-04
  0.22477719  -0.09496124  -0.96977192  2.13946823e-04
  0.27162856   0.69689148   0.66374708  3.66546334e-04
 -0.95639338  -0.01471814   0.29171061  3.77810350e-04
  0.83753649   0.47983600   0.26132364  1.49923143e-04
 -0.22284120   0.39461234   0.89141623  4.31229745e-04
 -0.87368406  -0.47667657  -0.09723998  2.54932535e-04
  0.72368809   0.67685122   0.13471446  2.91806747e-04
  0.14321973   0.94158227  -0.30481295  5.32953500e-04
  0.33074545  -0.69884438  -0.63421130  1.67007429e-04
  0.24686990  -0.40122844  -0.88208333  3.04525650e-04
 -0.66215773  -0.67175617   0.33210058  5.28369514e-04
 -0.88745118   0.10328430   0.44918010  1.46853991e-04
  0.97220231   0.15723473   0.17349326  4.77850363e-04
  0.87011089   0.19467404  -0.45277926  7.06005972e-04
 -0.54415360   0.79039084  -0.28138794  1.55059633e-04
  0.15765448  -0.38684708   0.90856723  2.00196836e-04
  0.26489275   0.93351717   0.24161442  1.81888960e-04
  0.93441903   0.05438824   0.35199857  2.15950859e-04
  0.68863148   0.33197168  -0.64465610  1.63536024e-04
  0.50746067  -0.24238410   0.82688187  2.00201067e-04
 -0.78910906  -0.33439809  -0.51525218  3.03134538e-04
  0.25788148  -0.16378596  -0.95219289  4.70395896e-04
  0.45878314   0.76545022  -0.45122499  2.75392455e-04
 -0.75329813   0.64467345  -0.13014630  2.78702036e-04
 -0.90841567   0.06950741  -0.41224955  1.59074488e-04
  0.71238776   0.44227529   0.54488186  1.78343646e-04
 -0.02391273  -0.84739341  -0.53042680  2.29496256e-04
  0.58062055  -0.51563422   0.63008026  1.85064330e-04
 -0.89606974   0.10634527  -0.43098689  1.59719328e-04
 -0.88804714   0.18117461  -0.42254944  2.52914407e-04
  0.49880055   0.81441047   0.29653600  2.45780933e-04
  0.46006097   0.40204112  -0.79164818  2.27663459e-04
 -0.94172175  -0.08768752   0.32476307  2.42003329e-04
 -0.39184355  -0.82026520   0.41668169  1.53429448e-04
  0.44918342   0.81744903  -0.36057084  1.76609971e-04
  0.65454446   0.15524200  -0.73991315  4.76175275e-04
  0.57714256   0.78972664   0.20793821  1.98821425e-04
  0.77117451   0.63655311  -0.00948765  2.70828222e-04
 -0.28530357  -0.15901835   0.94515345  5.59925786e-04
 -0.81302871   0.35327197  -0.46279934  5.43050713e-04
 -0.77693305   0.02597405  -0.62904720  3.50400409e-04
  0.56509386   0.49436627  -0.66050808  1.51479589e-04
  0.07080799   0.84221294   0.53447506  8.60739470e-04
  0.99497773   0.02853821   0.09594207  1.91063037e-04
  0.32756284   0.94298231  -0.05905038  2.74383044e-04
 -0.36382915  -0.87373294  -0.32282982  3.08742200e-04
 -0.81892528  -0.49622365  -0.28831143  1.85645991e-04
 -0.72188011   0.09350036   0.68567251  1.58065004e-04
 -0.08186876   0.85704612   0.50869387  4.74343615e-04
  0.31342687  -0.75431370  -0.57686605  2.23374167e-04
 -0.98098003  -0.19377447  -0.01138563  3.74984860e-04
 -0.78064285   0.33802864  -0.52567421  3.78060998e-04
 -0.48303998   0.87167318  -0.08281453  4.35221175e-04
 -0.49213236  -0.67534103  -0.54929066  2.13236414e-04
  0.86916481   0.41369489   0.27094109  1.90212398e-04
  0.11010119   0.95168369   0.28666337  1.51870410e-04
  0.15028349   0.41665684   0.89655560  4.43979709e-04
  0.43544363   0.08733269   0.89596978  2.33210458e-04
 -0.30957672  -0.60958888   0.72976959  6.79373262e-04
 -0.73454716   0.67632817   0.05496069  2.34496792e-04
 -0.76835453   0.24328693  -0.59198209  1.75730987e-04
  0.42083606  -0.86616258   0.26955407  3.55128727e-04
 -0.93820140   0.14772409  -0.31297881  7.49212142e-04
 -0.73988045  -0.54616218   0.39278976  1.93771817e-04
  0.93006204   0.35534616   0.09334730  2.69948785e-04
  0.36959948  -0.89166293  -0.26140668  6.27857088e-04
 -0.73959702   0.67124882  -0.04920642  2.97831759e-04
  0.52595363   0.33354807   0.78238000  5.82774136e-04
  0.46719572   0.47608636   0.74503016  1.49475498e-04
 -0.31463712   0.55336590   0.77122608  2.07066875e-04
 -0.16883451   0.12332363   0.97789887  2.50446582e-04
  0.95975318  -0.15329706   0.23531649  8.43115714e-04
  0.31573984   0.93832310  -0.14091885  2.21082257e-04
 -0.97000692  -0.18813293  -0.15392394  1.83787480e-04
 -0.61019399   0.79225159  -0.00084849  3.71396266e-04
  0.29873934   0.94669999   0.12047382  1.46880175e-04
  0.53523108   0.63372252  -0.55850108  3.29098151e-04
 -0.01602783  -0.53524308   0.84454601  2.56111478e-04
 -0.37571070  -0.08141545   0.92315383  7.62381695e-04
 -0.77205543   0.35935815  -0.52420620  1.60150866e-04
  0.31867102  -0.81879717   0.47751437  2.64123850e-04
  0.34097820  -0.78855286  -0.51177950  4.02453720e-04
  0.58155394  -0.35504590  -0.73194086  3.26163416e-04
 -0.31930437   0.94595934   0.05661847  1.85024524e-04
 -0.89927638   0.21179798  -0.38267950  3.21084783e-04
 -0.70103574  -0.65923529  -0.27195171  3.73596982e-04
  0.66446931   0.71373428   0.22150377  7.00796006e-04
 -0.81285082   0.29963458   0.49949240  1.74326206e-04
 -0.61405287  -0.29083414   0.73372650  6.99850071e-04
  0.66236473  -0.17225969   0.72910875  2.48247874e-04
 -0.21968340  -0.86254396  -0.45580381  2.07084256e-04
  0.10942475   0.82553836  -0.55363583  2.11965684e-04
 -0.48255221  -0.16088110  -0.86096494  4.02025507e-04
  0.90834647  -0.35914058  -0.21430058  2.89065399e-04
  0.85274063   0.46340661   0.24101398  4.04619168e-04
  0.50172739  -0.80668331  -0.31230058  2.18633142e-04
 -0.41961468  -0.42632619  -0.80135479  2.02151155e-04
  0.67187719  -0.55984557  -0.48492678  1.62581341e-04
  0.98244920  -0.18470066   0.02606210  2.17136045e-04
 -0.53946230  -0.31165505  -0.78220941  1.94760950e-04
  0.51001862  -0.43091106   0.74444387  2.23542824e-04
  0.76885796  -0.60958603   0.19303447  4.46891556e-04
 -0.14396888   0.74869490   0.64709266  2.45657589e-04
 -0.43384280   0.25430373   0.86435527  2.98328042e-04
  0.00348271  -0.97825331   0.20738451  5.89204761e-04
 -0.98625349  -0.13391204  -0.09680716  2.82348852e-04
  0.83537203   0.47412565   0.27813385  1.79780943e-04
 -0.04481326  -0.27785830  -0.95957623  2.25697217e-04
  0.20537350  -0.97031118   0.12774173  2.78072864e-04
  0.21460003  -0.64399458   0.73431452  1.54829288e-04
 -0.24341126   0.62745002  -0.73963331  4.78611903e-04
 -0.07187344  -0.31665854   0.94581265  1.63019483e-04
  0.22087574  -0.65123038  -0.72602541  3.48548179e-04
 -0.74851655  -0.22574682  -0.62350730  1.65381710e-04
 -0.66443812  -0.60526242  -0.43838269  5.41089640e-04
 -0.46307978   0.88089936   0.09784390  1.88488816e-04
 -0.70931089  -0.51816212  -0.47789755  1.49684562e-04
  0.23298123  -0.94645338   0.22348545  5.27219033e-04
  0.19619439  -0.61205975   0.76608787  5.44422733e-04
 -0.48949471   0.83528425   0.25038997  2.53090475e-04
  0.26786044  -0.64299842   0.71749830  5.40346463e-04
  0.68494967   0.72602120   0.06113230  3.77051868e-04
  0.03499828  -0.94769725  -0.31724604  2.37874390e-04
  0.81886052   0.39993022   0.41173204  1.73795404e-04
  0.08115771   0.97649555  -0.19967440  1.83379031e-04
  0.12725133  -0.84758562   0.51517542  1.77715034e-04
 -0.35002673  -0.82240573   0.44847531  3.77341830e-04
 -0.34050415  -0.89385396   0.29168822  2.94966854e-04
 -0.03395673  -0.79031607   0.61175768  1.58434707e-04
 -0.52522984   0.53035612   0.66547427  1.93779571e-04
  0.43297952   0.61204903   0.66175881  2.12221990e-04
 -0.10601791  -0.60733593   0.78733936  6.03589783e-04
  0.52091036   0.48154998  -0.70481346  2.08452637e-04
  0.08928899  -0.62662821   0.77418639  3.13060306e-04
 -0.64727279  -0.64089569  -0.41266286  1.92120532e-04
 -0.37630145  -0.49365303   0.78403055  1.83363218e-04
 -0.37570334  -0.27357030   0.88544130  4.62404636e-04
  0.23573069   0.89150760   0.38684006  2.53354784e-04
 -0.78620686   0.06266585  -0.61477782  7.79590606e-04
  0.24263469   0.83842844   0.48802269  1.52137896e-04
  0.25629062   0.27535378   0.92655027  2.03752432e-04
  0.56198494   0.35645056   0.74640198  1.82335838e-04
  0.62943601  -0.51696632  -0.58013459  1.55587504e-04
  0.87672046   0.48097365  -0.00505824  4.15247314e-04
  0.58756908  -0.54495765   0.59815027  4.33322902e-04
 -0.60093340   0.51578277  -0.61061213  3.38290873e-04
 -0.97111399   0.22637299   0.07545128  4.24503160e-04
  0.69972907   0.60137872  -0.38564605  4.35351173e-04
  0.30643028   0.82327073   0.47783448  3.14002650e-04
 -0.03414844   0.92483740  -0.37882669  2.92976986e-04
 -0.18787935  -0.19334020  -0.96297503  3.07639500e-04
 -0.67726141  -0.50540155   0.53468332  1.61502574e-04
  0.95487821  -0.10579763  -0.27751481  3.54169126e-04
  0.33255378   0.56889821  -0.75217206  4.42428737e-04
  0.28930247   0.36791095   0.88371127  1.84274285e-04
 -0.05976095   0.18797800  -0.98035346  1.75355506e-04
 -0.98493098  -0.04656706   0.16656074  7.66267581e-04
  0.18399484  -0.42298552  -0.88725935  1.57928534e-04
 -0.63873069   0.31613065   0.70148736  2.42798712e-04
  0.60870985   0.78959830  -0.07750390  2.05350919e-04
 -0.11263760  -0.20750431  -0.97172770  3.19043993e-04
 -0.18577412  -0.03297317   0.98203908  2.19600607e-04
 -0.64853052  -0.18868074   0.73743321  1.72700738e-04
  0.40738354  -0.90779485  -0.09973550  5.27904787e-04
  0.86711972   0.31547538   0.38545904  1.61826693e-04
  0.26260358   0.32330579   0.90912745  1.60850280e-04
 -0.69679137  -0.43925148   0.56704490  3.36571545e-04
 -0.57928872  -0.73071352   0.36122338  3.14758253e-04
 -0.53574463   0.46353066  -0.70577406  2.69085412e-04
 -0.65765162   0.50916366  -0.55519971  7.62088528e-04
  0.96263015  -0.17949361  -0.20279360  1.84895420e-04
 -0.24146455  -0.11340962  -0.96375989  7.09491989e-04
  0.08226987   0.83447562   0.54486889  1.58609016e-04
 -0.73985728  -0.47485673   0.47657350  3.93102174e-04
  0.54727435   0.80012138  -0.24555359  2.19590785e-04
  0.46930936   0.48815249   0.73583685  2.14424065e-04
 -0.83672382  -0.36028539   0.41241689  4.24407354e-04
 -0.77177984   0.14569323   0.61897444  2.20530544e-04
 -0.77396039  -0.54030430   0.33023717  1.93955649e-04
  0.13047746   0.22641211   0.96525292  1.63797032e-04
 -0.96565519   0.25498707  -0.04991638  3.80779412e-04
  0.03475119  -0.04927324   0.99818060  3.45969629e-04
 -0.02345621   0.73856156   0.67377788  3.05286370e-04
 -0.30520095   0.92131447  -0.24089840  1.52208535e-04
 -0.47114685  -0.62575095   0.62165617  1.61807773e-04
  0.91446008  -0.08960936   0.39463011  4.43250127e-04
  0.33700701   0.85405258  -0.39625808  5.61553194e-04
 -0.62921310   0.60006708  -0.49397407  7.70092608e-04
 -0.97831717   0.20702316  -0.00607632  6.26095686e-04
 -0.97786455  -0.00429694   0.20919478  3.11217368e-04
 -0.92235397  -0.36921662   0.11376398  1.62007287e-04
 -0.89981739   0.42439522   0.10108091  1.73596120e-04
 -0.72974275   0.53060490  -0.43120061  2.04174300e-04
 -0.40213487  -0.04030237  -0.91469299  1.94439816e-04
  0.91449624   0.34792777  -0.20650154  3.17582276e-04
  0.03516254  -0.45079847  -0.89193292  3.17477631e-04
  0.16736492  -0.38992985   0.90550742  5.47223547e-04
 -0.48407406  -0.87202570   0.07241193  3.27709570e-04
 -0.46393784   0.23071805  -0.85529577  1.54973420e-04
 -0.10371543  -0.02190533   0.99436576  2.38871977e-04
 -0.25170283   0.36936723  -0.89454655  1.72162579e-04
 -0.79846431   0.58802397  -0.12916096  7.35292028e-04
 -0.13134690   0.03673977   0.99065543  1.90739768e-04
  0.57843685  -0.36189059  -0.73105815  1.49892014e-04
 -0.01606196  -0.90331075  -0.42868602  2.05247127e-04
  0.89351711   0.44656576   0.04697023  1.75954338e-04
  0.83472700  -0.44864571   0.31929275  2.20924400e-04
  0.27995485   0.90300603  -0.32589170  8.15510842e-04
  0.15860673  -0.41787446  -0.89455287  1.96588906e-04
  0.86014545   0.37074543  -0.35028221  1.86539971e-04
  0.91988219   0.29305155  -0.26064833  2.01281459e-04
 -0.91248527   0.26461155   0.31201180  4.55324461e-04
 -0.92816657  -0.20869245  -0.30814652  1.66582019e-04
 -0.12551758  -0.91802875   0.37612305  1.79165687e-04
 -0.35941399  -0.88112779   0.30730344  2.33275314e-04
  0.14083023  -0.98031783   0.13836112  8.52745914e-04
  0.04720603   0.80885191   0.58611447  1.69878303e-04
  0.32275022  -0.76926709   0.55141675  2.05619280e-04
  0.12830710  -0.29324093  -0.94738959  2.59164079e-04
  0.25082030  -0.56882887   0.78327703  1.51747703e-04
  0.52824801  -0.79838649   0.28902085  2.81993483e-04
 -0.90798241   0.12336518  -0.40043598  1.91567358e-04
  0.54536106  -0.03436967   0.83749629  1.68724732e-04
 -0.58261444   0.32991925  -0.74277433  1.48155577e-04
  0.41599378  -0.59657426   0.68632961  8.43405446e-04
  0.02477091  -0.68131148   0.73157438  2.48800222e-04
  0.94080217  -0.33775095   0.02855820  1.83194618e-04
  0.27060679  -0.95901936   0.08398707  2.32477636e-04
 -0.08690587  -0.98244668   0.16506329  1.48433044e-04
  0.73895772   0.55068645  -0.38818284  1.92044343e-04
 -0.23327343  -0.81390771   0.53210689  2.22691953e-04
 -0.26138617   0.84814771   0.46078490  1.78649846e-04
 -0.30836472   0.94108872  -0.13879202  2.11409122e-04
  0.88853418  -0.08558733  -0.45075695  2.32015484e-04
  0.98689591  -0.05751493  -0.15075972  1.69420280e-04
 -0.70396693   0.68964434  -0.16976821  1.63856036e-04
  0.27561122  -0.29195564  -0.91586045  5.46519713e-04
  0.15330421  -0.98621062   0.06234121  2.66875722e-04
  0.58106822  -0.77283013   0.25513391  1.86539027e-04
 -0.30656908   0.40278838  -0.86242503  7.54399920e-04
 -0.07606709  -0.06848364  -0.99474810  1.82910982e-04
  0.05827140   0.27000044   0.96109531  4.11263485e-04
 -0.62615752  -0.62392121   0.46759928  6.29755087e-04
  0.84870025  -0.52855706  -0.01831184  1.63307527e-04
 -0.75434893   0.51647681  -0.40522759  2.89214028e-04
  0.60068240   0.17915363   0.77915636  3.27496858e-04
  0.25545485  -0.94471121   0.20558100  4.27688326e-04
 -0.73973468  -0.45234221  -0.49817580  4.20025836e-04
  0.58558909   0.10980172  -0.80313697  1.90245847e-04
  0.27069164   0.77920572   0.56530035  1.91612451e-04
 -0.32804761  -0.39073339  -0.86006522  2.56202070e-04
  0.58197894  -0.81235410  -0.03716635  3.96250103e-04
 -0.10840496   0.70989975  -0.69590999  3.32694014e-04
 -0.44160711   0.12828230   0.88799032  2.40332837e-04
 -0.16883710   0.76952574  -0.61589299  7.13035605e-04
  0.10534415   0.23734434   0.96569678  2.02671366e-04
 -0.30533803  -0.93879228   0.15949214  3.82142518e-04
 -0.65663357   0.69873420  -0.28390647  6.53838078e-04
  0.74068871  -0.62405195   0.24887629  3.09351715e-04
  0.40450706  -0.65615448   0.63705207  4.71514113e-04
 -0.88516181  -0.04576813   0.46302684  3.08565895e-04
 -0.03474614   0.95359412  -0.29908353  2.43950920e-04
  0.69322504   0.13437321  -0.70808396  4.16385762e-04
 -0.78054430   0.27225719  -0.56269585  7.36491547e-04
 -0.13230845  -0.10892718  -0.98520523  1.78570080e-04
  0.41152719   0.84915926   0.33101951  1.89191530e-04
 -0.85840433  -0.50658269   0.08072159  6.66262469e-04
  0.62341439  -0.77382005   0.11205815  6.73927516e-04
 -0.86690105  -0.19069617   0.46056220  5.17043211e-04
 -0.68194962   0.59336987   0.42761772  5.19796386e-04
 -0.31973894   0.17426481  -0.93134247  1.87822632e-04
  0.31971510   0.93633525  -0.14511569  3.66261984e-04
 -0.60192521  -0.15195892  -0.78396080  1.90368939e-04
 -0.41085239   0.48885062  -0.76956181  1.57047978e-04
 -0.95033885  -0.24265603  -0.19486949  2.30231463e-04
 -0.39778129   0.05121335   0.91604980  2.03304529e-04
 -0.19607239   0.94226692  -0.27145657  4.57970717e-04
 -0.80357643   0.50416540  -0.31635765  1.86623238e-04
  0.78144867  -0.60811331   0.13977188  2.52360868e-04
 -0.35105083   0.79684051   0.49174029  1.76508036e-04
 -0.78391190   0.41545379  -0.46138951  3.83992970e-04
  0.47403261   0.61777018   0.62741780  6.11494669e-04
  0.11837834  -0.82241839   0.55643019  1.92189242e-04
  0.69506160   0.23841769  -0.67826719  1.59172496e-04
  0.92350070   0.07251977   0.37667937  2.33543962e-04
 -0.86040094  -0.19315340   0.47159515  2.48102270e-04
 -0.18255561   0.81858247   0.54460646  1.56139454e-04
  0.11284392  -0.87356992   0.47343621  5.69512209e-04
 -0.71641419  -0.50330523  -0.48315065  5.56247500e-04
 -0.51636662  -0.78737947   0.33674780  1.74885154e-04
 -0.19606183   0.92032591  -0.33846712  1.58267884e-04
  0.84756478  -0.49426408  -0.19322773  2.22431950e-04
  0.05124893  -0.91426357  -0.40186525  3.78991770e-04
 -0.04979242   0.10647431   0.99306794  1.72068637e-04
  0.59233624  -0.38169218  -0.70954130  3.71501560e-04
  0.07627787   0.10084377  -0.99197390  3.75730355e-04
  0.73760546   0.37353406  -0.56250377  3.07144369e-04
  0.41179012   0.65447390  -0.63410789  8.02804059e-04
  0.79658119  -0.49936948  -0.34071767  3.84568149e-04
  0.21842079  -0.79537699  -0.56539173  1.84474472e-04
  0.46904116  -0.76952112  -0.43340240  6.20090324e-04
 -0.94285796  -0.33113501   0.03699276  3.58279338e-04
 -0.11703525   0.79220063  -0.59893314  1.78797121e-04
 -0.43652961   0.87067077  -0.22665902  5.38475453e-04
 -0.40697623  -0.58325853   0.70297926  2.28023400e-04
 -0.77758474   0.57117716   0.26290423  2.92008978e-04
 -0.63068892   0.67173116   0.38859843  4.12505962e-04
  0.73276669   0.53103159  -0.42550961  2.19969017e-04
  0.30008841  -0.12118032  -0.94618300  1.90475695e-04
 -0.34549126  -0.93569267  -0.07151934  2.33132066e-04
 -0.49115651   0.67452890   0.55115882  2.70261851e-04
 -0.17986259  -0.33718091   0.92409874  3.44097788e-04
 -0.74605333   0.57527972  -0.33534711  2.03575148e-04
  0.76841790   0.38298649   0.51269413  2.78181415e-04
 -0.11975766   0.11524519   0.98609160  1.74135722e-04
 -0.13667802  -0.05915594   0.98884766  6.70269716e-04
  0.04007502   0.41374319  -0.90951117  2.53244559e-04
 -0.49822583  -0.76270935   0.41236570  4.34509652e-04
  0.67343168  -0.73564139   0.07294872  1.56036230e-04
 -0.31922934   0.81384748   0.48553570  3.52957347e-04
  0.55463399   0.69176850   0.46242565  1.81561119e-04
 -0.24833246  -0.57981566  -0.77597989  4.49702652e-04
  0.17454812   0.56786530  -0.80440161  3.15221570e-04
 -0.74979808  -0.25587824  -0.61018781  7.06264519e-04
  0.31309027   0.84296087  -0.43748310  2.97724082e-04
  0.59924752  -0.70398574   0.38119087  5.38210529e-04
  0.52217264   0.42923381  -0.73694917  2.12897094e-04
 -0.57109870   0.77896412  -0.25896172  3.76381955e-04
  0.80309128   0.05224134  -0.59356148  2.51960059e-04
 -0.39043698  -0.91185457   0.12680772  5.10601901e-04
 -0.17656053  -0.73449623  -0.65524169  4.19177364e-04
 -0.89715462  -0.07694896  -0.43496257  3.85189057e-04
 -0.05371518  -0.22200619  -0.97356455  2.52085239e-04
 -0.54197852  -0.50678627  -0.67039313  1.52603740e-04
 -0.67079865   0.64319650   0.36922545  2.31638822e-04
  0.71974656   0.11563406   0.68453901  1.50944840e-04
  0.19610584   0.44137451   0.87563180  1.52396897e-04
 -0.02292946  -0.99573750  -0.08933681  5.03879692e-04
 -0.20415074   0.95401262   0.21950487  8.28454599e-04
 -0.67994158  -0.22702019   0.69723833  1.67746288e-04
 -0.41892118  -0.03374625   0.90739530  1.56202129e-04
 -0.43355678  -0.30271630   0.84875872  1.47835714e-04
  0.73695647   0.31175187  -0.59975489  3.36850504e-04
  0.44152194  -0.81049615   0.38490825  1.69205960e-04
 -0.12233699   0.76354889  -0.63405580  2.69875653e-04
  0.96771513  -0.24769565  -0.04662936  1.62110434e-04
  0.98647909   0.14355557  -0.07906200  5.21665061e-04
 -0.26523952   0.46266781   0.84592346  2.54127025e-04
  0.36090742  -0.87828133   0.31363631  4.49444986e-04
  0.87731343   0.31924187   0.35833752  6.08084192e-04
 -0.56707105   0.74603099  -0.34909625  3.81342844e-04
  0.87647019  -0.34314101  -0.33771918  1.92573397e-04
 -0.59538989  -0.72140756   0.35366936  2.83358056e-04
  0.13336643   0.87050047  -0.47375345  4.11883622e-04
 -0.27606743  -0.75872085   0.59002495  1.85903845e-04
 -0.28765764  -0.30046469   0.90938114  2.57949846e-04
  0.18331519   0.09743762   0.97821340  3.92623081e-04
 -0.89238595   0.33676803  -0.30039077  2.17894038e-04
  0.10622207   0.60095538   0.79219284  2.04468730e-04
  0.82332773   0.56245005  -0.07603537  2.92701938e-04
  0.48655668   0.87336549   0.02225558  1.66163440e-04
  0.43811970   0.53865688  -0.71965262  1.81370487e-04
 -0.45922426  -0.33024035   0.82465410  1.79989968e-04
 -0.33721688  -0.51548568  -0.78775586  1.69030052e-04
 -0.77370165  -0.34984199  -0.52820104  1.61007870e-04
  0.12344149  -0.42341518   0.89748637  1.82838296e-04
