400
 -1.1407996218300525E+00 -2.3170985309886123E+00 3.8420614944644871E-01
 8.9480293903006734E-03 -5.9338275077284617E-03 -1.6304254998670527E-03
0
0.0
 -1.1407996218300525E+00 -2.3170985309886123E+00 3.8420614944644871E-01
 8.5133758724156988E-03 -5.9695409037384094E-03 -1.7136382608783018E-03
0
0.0
 -1.1407996218300525E+00 -2.3170985309886123E+00 3.8420614944644871E-01
 8.8495868421650820E-03 -6.1419611778976606E-03 -1.5435174835112407E-03
0
0.0
 -1.1407996218300525E+00 -2.3170985309886123E+00 3.8420614944644871E-01
 8.8696083051141295E-03 -5.9136382206380900E-03 -1.6366536975064383E-03
0
0.0
 -1.1407996218300525E+00 -2.3170985309886123E+00 3.8420614944644871E-01
 8.7017643871583634E-03 -6.0028308895244582E-03 -1.8171584221691318E-03
0
0.0
 -1.1407996218300525E+00 -2.3170985309886123E+00 3.8420614944644871E-01
 8.6109977561027885E-03 -5.8624635733009146E-03 -1.7113081753819966E-03
0
0.0
 -1.1407996218300525E+00 -2.3170985309886123E+00 3.8420614944644871E-01
 8.6436980517881762E-03 -5.8321489062112975E-03 -1.5697675846145060E-03
0
0.0
 -1.1407996218300525E+00 -2.3170985309886123E+00 3.8420614944644871E-01
 8.7464929319375443E-03 -6.0128001213453604E-03 -1.7506866030031277E-03
0
0.0
 -1.1407996218300525E+00 -2.3170985309886123E+00 3.8420614944644871E-01
 9.0572882243441268E-03 -5.9189119960016759E-03 -1.5391069599389139E-03
0
0.0
 -1.1407996218300525E+00 -2.3170985309886123E+00 3.8420614944644871E-01
 8.5201408226216000E-03 -6.0337656872186613E-03 -1.7870991300610959E-03
0
0.0
 -1.1407996218300525E+00 -2.3170985309886123E+00 3.8420614944644871E-01
 8.8526936095188746E-03 -6.1700712920997533E-03 -1.5631147286413812E-03
0
0.0
 -1.1407996218300525E+00 -2.3170985309886123E+00 3.8420614944644871E-01
 8.7130782545513773E-03 -5.9510513781346726E-03 -1.3459026353636067E-03
0
0.0
 -1.1407996218300525E+00 -2.3170985309886123E+00 3.8420614944644871E-01
 8.6676403355864847E-03 -5.8962540859050453E-03 -1.4969662449104660E-03
0
0.0
 -1.1407996218300525E+00 -2.3170985309886123E+00 3.8420614944644871E-01
 8.7035217308363035E-03 -6.0608771261500575E-03 -1.5057452824076400E-03
0
0.0
 -1.1407996218300525E+00 -2.3170985309886123E+00 3.8420614944644871E-01
 8.9979688357809794E-03 -5.9186193104922204E-03 -1.7906667525968412E-03
0
0.0
 -1.1407996218300525E+00 -2.3170985309886123E+00 3.8420614944644871E-01
 8.9052357867831569E-03 -5.8893772024175301E-03 -1.6466224082112586E-03
0
0.0
 -1.1407996218300525E+00 -2.3170985309886123E+00 3.8420614944644871E-01
 8.7896086474890563E-03 -5.9238241197898554E-03 -1.6079034607625051E-03
0
0.0
 -1.1407996218300525E+00 -2.3170985309886123E+00 3.8420614944644871E-01
 8.8128177915510406E-03 -5.9056488170820647E-03 -1.6406801184126137E-03
0
0.0
 -1.1407996218300525E+00 -2.3170985309886123E+00 3.8420614944644871E-01
 8.5496689801881996E-03 -6.0733207171673699E-03 -1.7419131908035016E-03
0
0.0
 -1.1407996218300525E+00 -2.3170985309886123E+00 3.8420614944644871E-01
 8.7057014569593277E-03 -5.8211558334456195E-03 -1.4501434516543958E-03
0
0.0
 -1.1407996218300525E+00 -2.3170985309886123E+00 3.8420614944644871E-01
 8.4597529012873998E-03 -5.8325643307726074E-03 -1.6424858686167020E-03
0
0.0
 -1.1407996218300525E+00 -2.3170985309886123E+00 3.8420614944644871E-01
 8.7097076737970344E-03 -5.9018472933062950E-03 -1.8339915542986266E-03
0
0.0
 -1.1407996218300525E+00 -2.3170985309886123E+00 3.8420614944644871E-01
 8.7372606122251232E-03 -5.9716750790077709E-03 -1.8794986718685123E-03
0
0.0
 -1.1407996218300525E+00 -2.3170985309886123E+00 3.8420614944644871E-01
 8.7326590619634398E-03 -5.9060451751916038E-03 -1.6612218412832144E-03
0
0.0
 -1.1407996218300525E+00 -2.3170985309886123E+00 3.8420614944644871E-01
 8.7621583718617280E-03 -5.9370310975009784E-03 -1.5978919571903161E-03
0
0.0
 -1.1407996218300525E+00 -2.3170985309886123E+00 3.8420614944644871E-01
 8.7464070514824965E-03 -5.9279804899056996E-03 -1.5526002249207989E-03
0
0.0
 -1.1407996218300525E+00 -2.3170985309886123E+00 3.8420614944644871E-01
 8.7665448563051616E-03 -5.7099535189017109E-03 -1.4247290566385608E-03
0
0.0
 -1.1407996218300525E+00 -2.3170985309886123E+00 3.8420614944644871E-01
 9.0548248019040392E-03 -5.8987595767720545E-03 -1.5281425903595773E-03
0
0.0
 -1.1407996218300525E+00 -2.3170985309886123E+00 3.8420614944644871E-01
 8.7105640779992343E-03 -5.8545972879974068E-03 -1.6169148977745996E-03
0
0.0
 -1.1407996218300525E+00 -2.3170985309886123E+00 3.8420614944644871E-01
 8.7038544290057220E-03 -6.0351681060225731E-03 -1.6590676237200328E-03
0
0.0
 -1.1407996218300525E+00 -2.3170985309886123E+00 3.8420614944644871E-01
 8.8347489440704103E-03 -6.1887661442549527E-03 -1.5885858133879184E-03
0
0.0
 -1.1407996218300525E+00 -2.3170985309886123E+00 3.8420614944644871E-01
 8.7453937566443086E-03 -5.8812567850196461E-03 -1.5747028554797097E-03
0
0.0
 -1.1407996218300525E+00 -2.3170985309886123E+00 3.8420614944644871E-01
 8.9022604801796568E-03 -5.9058388458429617E-03 -1.4320858201785345E-03
0
0.0
 -1.1407996218300525E+00 -2.3170985309886123E+00 3.8420614944644871E-01
 8.8927120791397109E-03 -5.9099361761991666E-03 -1.5210959770593077E-03
0
0.0
 -1.1407996218300525E+00 -2.3170985309886123E+00 3.8420614944644871E-01
 8.6843926842246743E-03 -6.1640353517061859E-03 -1.5973596310277411E-03
0
0.0
 -1.1407996218300525E+00 -2.3170985309886123E+00 3.8420614944644871E-01
 8.8408242789590179E-03 -5.9126535915597538E-03 -1.4755285915601679E-03
0
0.0
 -1.1407996218300525E+00 -2.3170985309886123E+00 3.8420614944644871E-01
 9.1012128744562843E-03 -6.0003027064705165E-03 -1.5502117805264812E-03
0
0.0
 -1.1407996218300525E+00 -2.3170985309886123E+00 3.8420614944644871E-01
 8.8561260777873518E-03 -5.8448563004735296E-03 -1.6510886011477590E-03
0
0.0
 -1.1407996218300525E+00 -2.3170985309886123E+00 3.8420614944644871E-01
 8.8053800122778053E-03 -5.8683949147761280E-03 -1.3299001133680642E-03
0
0.0
 -1.1407996218300525E+00 -2.3170985309886123E+00 3.8420614944644871E-01
 8.5962795524680384E-03 -5.6886663753932202E-03 -1.5866423674462961E-03
0
0.0
 -1.1407996218300525E+00 -2.3170985309886123E+00 3.8420614944644871E-01
 8.8810832254643101E-03 -5.9314591219687537E-03 -1.3616813337396295E-03
0
0.0
 -1.1407996218300525E+00 -2.3170985309886123E+00 3.8420614944644871E-01
 8.7815020858801173E-03 -5.8823723001379972E-03 -1.3266351593302873E-03
0
0.0
 -1.1407996218300525E+00 -2.3170985309886123E+00 3.8420614944644871E-01
 8.7303243310347632E-03 -6.0412500492405975E-03 -1.8775565873722336E-03
0
0.0
 -1.1407996218300525E+00 -2.3170985309886123E+00 3.8420614944644871E-01
 8.9181262758057031E-03 -6.0816683480873143E-03 -1.8689280394788058E-03
0
0.0
 -1.1407996218300525E+00 -2.3170985309886123E+00 3.8420614944644871E-01
 8.6660500343600372E-03 -6.0141610102343711E-03 -1.5665593049314294E-03
0
0.0
 -1.1407996218300525E+00 -2.3170985309886123E+00 3.8420614944644871E-01
 8.9029926536969371E-03 -6.0535424376389644E-03 -1.4040977498709219E-03
0
0.0
 -1.1407996218300525E+00 -2.3170985309886123E+00 3.8420614944644871E-01
 8.6238043636337972E-03 -5.9641678155537801E-03 -1.5585820628662703E-03
0
0.0
 -1.1407996218300525E+00 -2.3170985309886123E+00 3.8420614944644871E-01
 8.8538076156940166E-03 -5.8548253955265812E-03 -1.5756384075653637E-03
0
0.0
 -1.1407996218300525E+00 -2.3170985309886123E+00 3.8420614944644871E-01
 8.6933283762051852E-03 -5.6870590630195119E-03 -1.4678695138751448E-03
0
0.0
 -1.1407996218300525E+00 -2.3170985309886123E+00 3.8420614944644871E-01
 8.7878793777357977E-03 -5.9318879278913751E-03 -1.6099781238728974E-03
0
0.0
 -1.1407996218300525E+00 -2.3170985309886123E+00 3.8420614944644871E-01
 8.7480564058973493E-03 -6.0354525970497371E-03 -1.7995749903936045E-03
0
0.0
 -1.1407996218300525E+00 -2.3170985309886123E+00 3.8420614944644871E-01
 8.5496232014192781E-03 -5.9922134004835410E-03 -1.6336498756653727E-03
0
0.0
 -1.1407996218300525E+00 -2.3170985309886123E+00 3.8420614944644871E-01
 8.8315491501951577E-03 -5.9424359393905734E-03 -1.9302340259540181E-03
0
0.0
 -1.1407996218300525E+00 -2.3170985309886123E+00 3.8420614944644871E-01
 8.9652256059742225E-03 -5.9796352458031093E-03 -1.8334778490336923E-03
0
0.0
 -1.1407996218300525E+00 -2.3170985309886123E+00 3.8420614944644871E-01
 8.6995506863026921E-03 -5.8996704543382737E-03 -1.6795304446142719E-03
0
0.0
 -1.1407996218300525E+00 -2.3170985309886123E+00 3.8420614944644871E-01
 8.7183286637887922E-03 -5.8225231255172498E-03 -1.7612908625081237E-03
0
0.0
 -1.1407996218300525E+00 -2.3170985309886123E+00 3.8420614944644871E-01
 8.6426375554359280E-03 -5.9340990883543420E-03 -1.6272159904564092E-03
0
0.0
 -1.1407996218300525E+00 -2.3170985309886123E+00 3.8420614944644871E-01
 8.8166335650050678E-03 -5.9633601937102623E-03 -1.6508909274698938E-03
0
0.0
 -1.1407996218300525E+00 -2.3170985309886123E+00 3.8420614944644871E-01
 8.7361385384386488E-03 -6.2256006881500981E-03 -1.5384314351414676E-03
0
0.0
 -1.1407996218300525E+00 -2.3170985309886123E+00 3.8420614944644871E-01
 8.8067612697195138E-03 -5.6360151670324160E-03 -1.6984018522850182E-03
0
0.0
 -1.1407996218300525E+00 -2.3170985309886123E+00 3.8420614944644871E-01
 8.7305699533158695E-03 -6.0003309247278272E-03 -1.3990860346056963E-03
0
0.0
 -1.1407996218300525E+00 -2.3170985309886123E+00 3.8420614944644871E-01
 8.6635686736168671E-03 -5.7693636791967089E-03 -1.7980134777812432E-03
0
0.0
 -1.1407996218300525E+00 -2.3170985309886123E+00 3.8420614944644871E-01
 8.8068163417818653E-03 -5.9160454115878298E-03 -1.6443458783872054E-03
0
0.0
 -1.1407996218300525E+00 -2.3170985309886123E+00 3.8420614944644871E-01
 8.7266807219865718E-03 -5.9507861421343742E-03 -1.4803251229795384E-03
0
0.0
 -1.1407996218300525E+00 -2.3170985309886123E+00 3.8420614944644871E-01
 9.0362027471691028E-03 -6.0538652843134064E-03 -1.7112416617410620E-03
0
0.0
 -1.1407996218300525E+00 -2.3170985309886123E+00 3.8420614944644871E-01
 8.8733636785177927E-03 -5.9276337819015573E-03 -1.5914462566074066E-03
0
0.0
 -1.1407996218300525E+00 -2.3170985309886123E+00 3.8420614944644871E-01
 8.8839283948618786E-03 -5.9333662654849281E-03 -1.6491750095290198E-03
0
0.0
 -1.1407996218300525E+00 -2.3170985309886123E+00 3.8420614944644871E-01
 8.7883909149641930E-03 -5.7071452623160615E-03 -1.6680682433387278E-03
0
0.0
 -1.1407996218300525E+00 -2.3170985309886123E+00 3.8420614944644871E-01
 8.8634108780620315E-03 -5.9693860560936854E-03 -1.3235114413620117E-03
0
0.0
 -1.1407996218300525E+00 -2.3170985309886123E+00 3.8420614944644871E-01
 8.7569685630114729E-03 -5.8362197821719237E-03 -1.8526362577704221E-03
0
0.0
 -1.1407996218300525E+00 -2.3170985309886123E+00 3.8420614944644871E-01
 8.6040535230943287E-03 -5.6964324033154119E-03 -1.4946886102420291E-03
0
0.0
 -1.1407996218300525E+00 -2.3170985309886123E+00 3.8420614944644871E-01
 8.8525730418693785E-03 -5.9341286586683823E-03 -1.7377047403847592E-03
0
0.0
 -1.1407996218300525E+00 -2.3170985309886123E+00 3.8420614944644871E-01
 8.5268152828746908E-03 -5.7346017454747043E-03 -1.5820613013900729E-03
0
0.0
 -1.1407996218300525E+00 -2.3170985309886123E+00 3.8420614944644871E-01
 8.7602928175204500E-03 -5.8354635998827606E-03 -1.8094562464292749E-03
0
0.0
 -1.1407996218300525E+00 -2.3170985309886123E+00 3.8420614944644871E-01
 8.8602663180517068E-03 -5.7979059520128660E-03 -1.7119465821058071E-03
0
0.0
 -1.1407996218300525E+00 -2.3170985309886123E+00 3.8420614944644871E-01
 8.7873402746614926E-03 -6.0186200184884952E-03 -1.5969647756798680E-03
0
0.0
 -1.1407996218300525E+00 -2.3170985309886123E+00 3.8420614944644871E-01
 8.7630919712150517E-03 -5.9765907748895687E-03 -1.3337678597947081E-03
0
0.0
 -1.1407996218300525E+00 -2.3170985309886123E+00 3.8420614944644871E-01
 8.5490274496436095E-03 -5.7775874594004654E-03 -1.6024374621256413E-03
0
0.0
 -1.1407996218300525E+00 -2.3170985309886123E+00 3.8420614944644871E-01
 8.5632905474935760E-03 -5.9956634748850506E-03 -1.8037140069878232E-03
0
0.0
 -1.1407996218300525E+00 -2.3170985309886123E+00 3.8420614944644871E-01
 8.8902704927047681E-03 -6.0600098746031849E-03 -1.3428978205273149E-03
0
0.0
 -1.1407996218300525E+00 -2.3170985309886123E+00 3.8420614944644871E-01
 8.8779650917953281E-03 -5.9732205304615068E-03 -1.7185605884379512E-03
0
0.0
 -1.1407996218300525E+00 -2.3170985309886123E+00 3.8420614944644871E-01
 8.6050235921626434E-03 -6.0651724312933922E-03 -1.6427888374741012E-03
0
0.0
 -1.1407996218300525E+00 -2.3170985309886123E+00 3.8420614944644871E-01
 8.8174494481765495E-03 -5.8742582582221679E-03 -1.6614782525419807E-03
0
0.0
 -1.1407996218300525E+00 -2.3170985309886123E+00 3.8420614944644871E-01
 8.7472168230722357E-03 -5.9299604560373170E-03 -1.5782485179584556E-03
0
0.0
 -1.1407996218300525E+00 -2.3170985309886123E+00 3.8420614944644871E-01
 8.5691095121980636E-03 -5.8358570373452257E-03 -1.5591829244737234E-03
0
0.0
 -1.1407996218300525E+00 -2.3170985309886123E+00 3.8420614944644871E-01
 8.7686694816080882E-03 -5.8086489476259504E-03 -1.6531056846373622E-03
0
0.0
 -1.1407996218300525E+00 -2.3170985309886123E+00 3.8420614944644871E-01
 8.5740018839086021E-03 -5.9401175937745998E-03 -1.5123573454840415E-03
0
0.0
 -1.1407996218300525E+00 -2.3170985309886123E+00 3.8420614944644871E-01
 8.5937205092141873E-03 -6.0756017219013303E-03 -1.4865468267809328E-03
0
0.0
 -1.1407996218300525E+00 -2.3170985309886123E+00 3.8420614944644871E-01
 8.8966848265279782E-03 -5.8407146302690291E-03 -1.6115878690499156E-03
0
0.0
 -1.1407996218300525E+00 -2.3170985309886123E+00 3.8420614944644871E-01
 8.7531220893548485E-03 -5.9658411069621990E-03 -1.7602923042086055E-03
0
0.0
 -1.1407996218300525E+00 -2.3170985309886123E+00 3.8420614944644871E-01
 9.0240579898337950E-03 -5.8138012201263741E-03 -1.8339915679733698E-03
0
0.0
 -1.1407996218300525E+00 -2.3170985309886123E+00 3.8420614944644871E-01
 8.7790477524627604E-03 -5.9508951239147477E-03 -1.6331216260763626E-03
0
0.0
 -1.1407996218300525E+00 -2.3170985309886123E+00 3.8420614944644871E-01
 8.5851357929316845E-03 -6.0973669343396550E-03 -1.6027483760142657E-03
0
0.0
 -1.1407996218300525E+00 -2.3170985309886123E+00 3.8420614944644871E-01
 8.8439684800760976E-03 -5.8315839277228833E-03 -1.7010611390122137E-03
0
0.0
 -1.1407996218300525E+00 -2.3170985309886123E+00 3.8420614944644871E-01
 8.7841899716212916E-03 -6.0722692671057142E-03 -1.4106413480190951E-03
0
0.0
 -1.1407996218300525E+00 -2.3170985309886123E+00 3.8420614944644871E-01
 9.0340296556152798E-03 -5.8369346199237532E-03 -1.7090028616352560E-03
0
0.0
 -1.1407996218300525E+00 -2.3170985309886123E+00 3.8420614944644871E-01
 8.8869046297199508E-03 -5.9874252966540210E-03 -1.4653365445354172E-03
0
0.0
 -1.1407996218300525E+00 -2.3170985309886123E+00 3.8420614944644871E-01
 8.8435341569168529E-03 -5.9914352420914552E-03 -1.6019415855817647E-03
0
0.0
 -1.1407996218300525E+00 -2.3170985309886123E+00 3.8420614944644871E-01
 8.6877423341937630E-03 -6.1289973227647981E-03 -1.5902572243053504E-03
0
0.0
 -1.1407996218300525E+00 -2.3170985309886123E+00 3.8420614944644871E-01
 9.0276359271176006E-03 -6.0829416412998740E-03 -1.7769618359995394E-03
0
0.0
 -1.1407996218300525E+00 -2.3170985309886123E+00 3.8420614944644871E-01
 8.8899447064160180E-03 -5.7981737545421521E-03 -1.9003348899486745E-03
0
0.0
 -1.1407996218300525E+00 -2.3170985309886123E+00 3.8420614944644871E-01
 8.5656495175378006E-03 -6.0694019872407296E-03 -1.5946135700928448E-03
0
0.0
 -1.1407996218300525E+00 -2.3170985309886123E+00 3.8420614944644871E-01
 8.8423189411479183E-03 -6.1049932484355815E-03 -1.5870582452612474E-03
0
0.0
 -1.1407996218300525E+00 -2.3170985309886123E+00 3.8420614944644871E-01
 8.6358798552434099E-03 -5.7187174339270045E-03 -1.7127335342013179E-03
0
0.0
 -1.1407996218300525E+00 -2.3170985309886123E+00 3.8420614944644871E-01
 8.6905709124149143E-03 -5.7741734779919156E-03 -1.5682576179814286E-03
0
0.0
 -1.1407996218300525E+00 -2.3170985309886123E+00 3.8420614944644871E-01
 8.6449577105713275E-03 -5.8386622912821578E-03 -1.5994685795142568E-03
0
0.0
 -1.1407996218300525E+00 -2.3170985309886123E+00 3.8420614944644871E-01
 8.5724751696981214E-03 -5.8372920525912569E-03 -1.5732416984387786E-03
0
0.0
 -1.1407996218300525E+00 -2.3170985309886123E+00 3.8420614944644871E-01
 8.8553546684362657E-03 -5.9101401349902936E-03 -1.6390368360423536E-03
0
0.0
 -1.1407996218300525E+00 -2.3170985309886123E+00 3.8420614944644871E-01
 8.8536127275337141E-03 -6.0627010448106328E-03 -1.5966553315475902E-03
0
0.0
 -1.1407996218300525E+00 -2.3170985309886123E+00 3.8420614944644871E-01
 8.6854042275274473E-03 -5.7928147586946031E-03 -1.6792491040471065E-03
0
0.0
 -1.1407996218300525E+00 -2.3170985309886123E+00 3.8420614944644871E-01
 8.8992163242702319E-03 -5.8884198344758675E-03 -1.7309938042977208E-03
0
0.0
 -1.1407996218300525E+00 -2.3170985309886123E+00 3.8420614944644871E-01
 8.5457464037816365E-03 -6.0958505177451019E-03 -1.5654147667870017E-03
0
0.0
 -1.1407996218300525E+00 -2.3170985309886123E+00 3.8420614944644871E-01
 8.7626116434302032E-03 -5.8830908636005015E-03 -1.7418125220718919E-03
0
0.0
 -1.1407996218300525E+00 -2.3170985309886123E+00 3.8420614944644871E-01
 9.0770641312471860E-03 -5.8301911388515338E-03 -1.5911200551657718E-03
0
0.0
 -1.1407996218300525E+00 -2.3170985309886123E+00 3.8420614944644871E-01
 8.5690500149768686E-03 -5.9055344839958534E-03 -1.4177510328260614E-03
0
0.0
 -1.1407996218300525E+00 -2.3170985309886123E+00 3.8420614944644871E-01
 8.6476773668425124E-03 -5.8875872062422816E-03 -1.6330482250802574E-03
0
0.0
 -1.1407996218300525E+00 -2.3170985309886123E+00 3.8420614944644871E-01
 8.6755697656747659E-03 -5.9048054570563545E-03 -1.6403809837980080E-03
0
0.0
 -1.1407996218300525E+00 -2.3170985309886123E+00 3.8420614944644871E-01
 8.6849870619879199E-03 -5.7646516134306231E-03 -1.5721699842530074E-03
0
0.0
 -1.1407996218300525E+00 -2.3170985309886123E+00 3.8420614944644871E-01
 8.8658526888564654E-03 -6.0192126153258410E-03 -1.5762513781734854E-03
0
0.0
 -1.1407996218300525E+00 -2.3170985309886123E+00 3.8420614944644871E-01
 8.6617859328486698E-03 -5.9377831581377263E-03 -1.6170245741275412E-03
0
0.0
 -1.1407996218300525E+00 -2.3170985309886123E+00 3.8420614944644871E-01
 8.8688263948489034E-03 -5.7499507836907462E-03 -1.6238992384469326E-03
0
0.0
 -1.1407996218300525E+00 -2.3170985309886123E+00 3.8420614944644871E-01
 9.0694040094002996E-03 -5.9967555542437181E-03 -1.5472411882593029E-03
0
0.0
 -1.1407996218300525E+00 -2.3170985309886123E+00 3.8420614944644871E-01
 8.6150772872735752E-03 -6.0163259732921703E-03 -1.6581589200799283E-03
0
0.0
 -1.1407996218300525E+00 -2.3170985309886123E+00 3.8420614944644871E-01
 9.0985070628960187E-03 -5.8596980005115994E-03 -1.5122465097236371E-03
0
0.0
 -1.1407996218300525E+00 -2.3170985309886123E+00 3.8420614944644871E-01
 8.7154085232086110E-03 -5.8834976754338613E-03 -1.6662281931955519E-03
0
0.0
 -1.1407996218300525E+00 -2.3170985309886123E+00 3.8420614944644871E-01
 8.8327435754994646E-03 -5.9251020593158064E-03 -1.6148720719730099E-03
0
0.0
 -1.1407996218300525E+00 -2.3170985309886123E+00 3.8420614944644871E-01
 8.9294602452081231E-03 -6.0547532152091998E-03 -1.6183919882898018E-03
0
0.0
 -1.1407996218300525E+00 -2.3170985309886123E+00 3.8420614944644871E-01
 8.6792024034893205E-03 -5.8201884530840881E-03 -1.3237949312274841E-03
0
0.0
 -1.1407996218300525E+00 -2.3170985309886123E+00 3.8420614944644871E-01
 8.7838509408766606E-03 -6.1032024508455790E-03 -1.5906499726694569E-03
0
0.0
 -1.1407996218300525E+00 -2.3170985309886123E+00 3.8420614944644871E-01
 8.7501646665574390E-03 -5.7839761494185076E-03 -1.7541371166459071E-03
0
0.0
 -1.1407996218300525E+00 -2.3170985309886123E+00 3.8420614944644871E-01
 8.6489792659276508E-03 -5.8340166138021029E-03 -1.6546718995830035E-03
0
0.0
 -1.1407996218300525E+00 -2.3170985309886123E+00 3.8420614944644871E-01
 8.6350434231494133E-03 -5.7190037549834129E-03 -1.5646361960271113E-03
0
0.0
 -1.1407996218300525E+00 -2.3170985309886123E+00 3.8420614944644871E-01
 8.6516919618532234E-03 -5.9224959077590700E-03 -1.7759029041938480E-03
0
0.0
 -1.1407996218300525E+00 -2.3170985309886123E+00 3.8420614944644871E-01
 8.9581611488126368E-03 -5.8661690758458973E-03 -1.8863703659680391E-03
0
0.0
 -1.1407996218300525E+00 -2.3170985309886123E+00 3.8420614944644871E-01
 8.8960145893222133E-03 -6.1081890213247891E-03 -1.4154626663771478E-03
0
0.0
 -1.1407996218300525E+00 -2.3170985309886123E+00 3.8420614944644871E-01
 8.6535567882294277E-03 -5.8399197899196235E-03 -1.6588999530651278E-03
0
0.0
 -1.1407996218300525E+00 -2.3170985309886123E+00 3.8420614944644871E-01
 8.9951913208739329E-03 -5.9492744577688220E-03 -1.5420771708063463E-03
0
0.0
 -1.1407996218300525E+00 -2.3170985309886123E+00 3.8420614944644871E-01
 8.9062932429775071E-03 -5.7368709137075322E-03 -1.5847090991889393E-03
0
0.0
 -1.1407996218300525E+00 -2.3170985309886123E+00 3.8420614944644871E-01
 8.8888139890509841E-03 -5.9152031049821028E-03 -1.5007231207509507E-03
0
0.0
 -1.1407996218300525E+00 -2.3170985309886123E+00 3.8420614944644871E-01
 8.7131113164624994E-03 -5.7444097922013399E-03 -1.8220237740506086E-03
0
0.0
 -1.1407996218300525E+00 -2.3170985309886123E+00 3.8420614944644871E-01
 8.7507180898552146E-03 -5.9732893010692309E-03 -1.5145828620506377E-03
0
0.0
 -1.1407996218300525E+00 -2.3170985309886123E+00 3.8420614944644871E-01
 8.8361917540451494E-03 -5.9288230198225704E-03 -1.6294204195898933E-03
0
0.0
 -1.1407996218300525E+00 -2.3170985309886123E+00 3.8420614944644871E-01
 8.5944087696095597E-03 -5.7570252862158555E-03 -1.8639081508402770E-03
0
0.0
 -1.1407996218300525E+00 -2.3170985309886123E+00 3.8420614944644871E-01
 8.7156421214653491E-03 -6.0222648145134448E-03 -1.6253240658456001E-03
0
0.0
 -1.1407996218300525E+00 -2.3170985309886123E+00 3.8420614944644871E-01
 8.7195637394632368E-03 -5.8888815450277342E-03 -1.2987845699939655E-03
0
0.0
 -1.1407996218300525E+00 -2.3170985309886123E+00 3.8420614944644871E-01
 8.9522853968599901E-03 -6.1687904298817200E-03 -1.5685083753991843E-03
0
0.0
 -1.1407996218300525E+00 -2.3170985309886123E+00 3.8420614944644871E-01
 8.6182110453273224E-03 -5.7832923740642377E-03 -1.7009887609395146E-03
0
0.0
 -1.1407996218300525E+00 -2.3170985309886123E+00 3.8420614944644871E-01
 8.5579382705961004E-03 -5.9156879202576949E-03 -1.5531768536924883E-03
0
0.0
 -1.1407996218300525E+00 -2.3170985309886123E+00 3.8420614944644871E-01
 8.5230634844752559E-03 -5.8670435475221541E-03 -1.8288053034867650E-03
0
0.0
 -1.1407996218300525E+00 -2.3170985309886123E+00 3.8420614944644871E-01
 8.7572846797354421E-03 -6.0203987689710185E-03 -1.5155835129546896E-03
0
0.0
 -1.1407996218300525E+00 -2.3170985309886123E+00 3.8420614944644871E-01
 8.5957445924742058E-03 -5.9426289492871716E-03 -1.6726604101803997E-03
0
0.0
 -1.1407996218300525E+00 -2.3170985309886123E+00 3.8420614944644871E-01
 8.6407693739124960E-03 -5.9045377374400314E-03 -1.5579955860144724E-03
0
0.0
 -1.1407996218300525E+00 -2.3170985309886123E+00 3.8420614944644871E-01
 8.8851366323452734E-03 -5.8701022876389095E-03 -1.4630118695796201E-03
0
0.0
 -1.1407996218300525E+00 -2.3170985309886123E+00 3.8420614944644871E-01
 8.7515101752259194E-03 -5.9389027766081938E-03 -1.5522556163803010E-03
0
0.0
 -1.1407996218300525E+00 -2.3170985309886123E+00 3.8420614944644871E-01
 8.6715905568122992E-03 -5.8378279291253828E-03 -1.5061379808741350E-03
0
0.0
 -1.1407996218300525E+00 -2.3170985309886123E+00 3.8420614944644871E-01
 8.8958163221185740E-03 -6.1095532695017501E-03 -1.5939085222680903E-03
0
0.0
 -1.1407996218300525E+00 -2.3170985309886123E+00 3.8420614944644871E-01
 9.0340398990142404E-03 -5.9811724085973295E-03 -1.6219413128015633E-03
0
0.0
 -1.1407996218300525E+00 -2.3170985309886123E+00 3.8420614944644871E-01
 8.8317437395002852E-03 -6.0479977742985093E-03 -1.4471836268956512E-03
0
0.0
 -1.1407996218300525E+00 -2.3170985309886123E+00 3.8420614944644871E-01
 8.9885383537797736E-03 -6.0931959518263036E-03 -1.4597391277806203E-03
0
0.0
 -1.1407996218300525E+00 -2.3170985309886123E+00 3.8420614944644871E-01
 8.5142436903871098E-03 -5.7753275777780765E-03 -1.7231195032725612E-03
0
0.0
 -1.1407996218300525E+00 -2.3170985309886123E+00 3.8420614944644871E-01
 8.8223729580413929E-03 -5.8217303090079917E-03 -1.8912115895263878E-03
0
0.0
 -1.1407996218300525E+00 -2.3170985309886123E+00 3.8420614944644871E-01
 8.9485566790848282E-03 -6.0235623396833922E-03 -1.7661089337208545E-03
0
0.0
 -1.1407996218300525E+00 -2.3170985309886123E+00 3.8420614944644871E-01
 8.6569268985534058E-03 -5.9653233333884521E-03 -1.5695429644239701E-03
0
0.0
 -1.1407996218300525E+00 -2.3170985309886123E+00 3.8420614944644871E-01
 9.0020954899890180E-03 -5.8735230089220795E-03 -1.8051359561038829E-03
0
0.0
 -1.1407996218300525E+00 -2.3170985309886123E+00 3.8420614944644871E-01
 8.9413912438866781E-03 -5.7938422192328250E-03 -1.6766296447946502E-03
0
0.0
 -1.1407996218300525E+00 -2.3170985309886123E+00 3.8420614944644871E-01
 8.7819773842294432E-03 -5.9309062529877103E-03 -1.6629284909391248E-03
0
0.0
 -1.1407996218300525E+00 -2.3170985309886123E+00 3.8420614944644871E-01
 8.7046957364587934E-03 -5.7406389360892254E-03 -1.4801777314836012E-03
0
0.0
 -1.1407996218300525E+00 -2.3170985309886123E+00 3.8420614944644871E-01
 8.7909139240450618E-03 -5.8628547607872360E-03 -1.6133330148977527E-03
0
0.0
 -1.1407996218300525E+00 -2.3170985309886123E+00 3.8420614944644871E-01
 8.8692532527343999E-03 -5.6692708323098249E-03 -1.6412754143602640E-03
0
0.0
 -1.1407996218300525E+00 -2.3170985309886123E+00 3.8420614944644871E-01
 8.7409977954883439E-03 -5.7140848115717346E-03 -1.8936829761021052E-03
0
0.0
 -1.1407996218300525E+00 -2.3170985309886123E+00 3.8420614944644871E-01
 8.8421095359234800E-03 -6.0852382585632877E-03 -1.3328211309231162E-03
0
0.0
 -1.1407996218300525E+00 -2.3170985309886123E+00 3.8420614944644871E-01
 8.8633213536372206E-03 -5.9362683429800634E-03 -1.9224494338600116E-03
0
0.0
 -1.1407996218300525E+00 -2.3170985309886123E+00 3.8420614944644871E-01
 8.8716322147728687E-03 -6.0201818357777321E-03 -1.7494615453840577E-03
0
0.0
 -1.1407996218300525E+00 -2.3170985309886123E+00 3.8420614944644871E-01
 8.9351967896335489E-03 -5.9303007413675553E-03 -1.5934720778193999E-03
0
0.0
 -1.1407996218300525E+00 -2.3170985309886123E+00 3.8420614944644871E-01
 8.7164497936634572E-03 -6.1122488202375660E-03 -1.6351400293181399E-03
0
0.0
 -1.1407996218300525E+00 -2.3170985309886123E+00 3.8420614944644871E-01
 8.8677090710948571E-03 -6.0647506623240774E-03 -1.5544147466389833E-03
0
0.0
 -1.1407996218300525E+00 -2.3170985309886123E+00 3.8420614944644871E-01
 8.7533511451966250E-03 -6.0624180302367653E-03 -1.6354992140175969E-03
0
0.0
 -1.1407996218300525E+00 -2.3170985309886123E+00 3.8420614944644871E-01
 8.7170836637938797E-03 -6.0853415949662622E-03 -1.5486432416721614E-03
0
0.0
 -1.1407996218300525E+00 -2.3170985309886123E+00 3.8420614944644871E-01
 8.7874518445473244E-03 -5.9573832539787513E-03 -1.7186503244440579E-03
0
0.0
 -1.1407996218300525E+00 -2.3170985309886123E+00 3.8420614944644871E-01
 8.8567659583390478E-03 -6.0181067425085768E-03 -1.8203679336564018E-03
0
0.0
 -1.1407996218300525E+00 -2.3170985309886123E+00 3.8420614944644871E-01
 8.7356066285629811E-03 -5.8835571022743290E-03 -1.5093941034199779E-03
0
0.0
 -1.1407996218300525E+00 -2.3170985309886123E+00 3.8420614944644871E-01
 8.5944201474449245E-03 -5.7688928533724702E-03 -1.7969189867845909E-03
0
0.0
 -1.1407996218300525E+00 -2.3170985309886123E+00 3.8420614944644871E-01
 8.5830404294815442E-03 -6.0349344856377085E-03 -1.6925564179754112E-03
0
0.0
 -1.1407996218300525E+00 -2.3170985309886123E+00 3.8420614944644871E-01
 8.9114911031884150E-03 -5.8825385845038538E-03 -1.8194543797140504E-03
0
0.0
 -1.1407996218300525E+00 -2.3170985309886123E+00 3.8420614944644871E-01
 8.5973773724304543E-03 -5.8349677816111386E-03 -1.8395813385686348E-03
0
0.0
 -1.1407996218300525E+00 -2.3170985309886123E+00 3.8420614944644871E-01
 8.6351798790709096E-03 -5.6870099586561595E-03 -1.6684517907410287E-03
0
0.0
 -1.1407996218300525E+00 -2.3170985309886123E+00 3.8420614944644871E-01
 8.6933226707016278E-03 -6.0396875588492310E-03 -1.5843637325837529E-03
0
0.0
 -1.1407996218300525E+00 -2.3170985309886123E+00 3.8420614944644871E-01
 8.6729324446594720E-03 -5.9886530974426842E-03 -1.5700364707039267E-03
0
0.0
 -1.1407996218300525E+00 -2.3170985309886123E+00 3.8420614944644871E-01
 9.0508290779419479E-03 -5.8846517266484422E-03 -1.4846130277392545E-03
0
0.0
 -1.1407996218300525E+00 -2.3170985309886123E+00 3.8420614944644871E-01
 8.7334835366327506E-03 -6.0354183485306885E-03 -1.5860789143355024E-03
0
0.0
 -1.1407996218300525E+00 -2.3170985309886123E+00 3.8420614944644871E-01
 8.7462715663925734E-03 -5.8713573897701586E-03 -1.4423264757424353E-03
0
0.0
 -1.1407996218300525E+00 -2.3170985309886123E+00 3.8420614944644871E-01
 8.8300248518660678E-03 -5.9267493845169428E-03 -1.5827537948073359E-03
0
0.0
 -1.1407996218300525E+00 -2.3170985309886123E+00 3.8420614944644871E-01
 8.6245083630939502E-03 -5.9148323740331847E-03 -1.6627632475913661E-03
0
0.0
 -1.1407996218300525E+00 -2.3170985309886123E+00 3.8420614944644871E-01
 8.7858372405812298E-03 -6.0671161492869856E-03 -1.7906758801239521E-03
0
0.0
 -1.1407996218300525E+00 -2.3170985309886123E+00 3.8420614944644871E-01
 8.7969388140977378E-03 -5.7401323602622950E-03 -1.6017032407013672E-03
0
0.0
 -1.1407996218300525E+00 -2.3170985309886123E+00 3.8420614944644871E-01
 8.6558499595642928E-03 -5.9280929112154618E-03 -1.7429572717599594E-03
0
0.0
 -1.1407996218300525E+00 -2.3170985309886123E+00 3.8420614944644871E-01
 8.7403589941773396E-03 -5.8909468927433629E-03 -1.6076310945094755E-03
0
0.0
 -1.1407996218300525E+00 -2.3170985309886123E+00 3.8420614944644871E-01
 8.9918027004440241E-03 -5.8896067548775176E-03 -1.6035856014100314E-03
0
0.0
 -1.1407996218300525E+00 -2.3170985309886123E+00 3.8420614944644871E-01
 8.7020434902973631E-03 -5.8481858454187130E-03 -1.4383815873035093E-03
0
0.0
 -1.1407996218300525E+00 -2.3170985309886123E+00 3.8420614944644871E-01
 8.9404568633818637E-03 -5.9616576672455734E-03 -1.8704638919775269E-03
0
0.0
 -1.1407996218300525E+00 -2.3170985309886123E+00 3.8420614944644871E-01
 8.6658396124538305E-03 -5.9571162558121971E-03 -1.7880106929807483E-03
0
0.0
 -1.1407996218300525E+00 -2.3170985309886123E+00 3.8420614944644871E-01
 8.7302488677841877E-03 -6.0640024675949191E-03 -1.8392560793667574E-03
0
0.0
 -1.1407996218300525E+00 -2.3170985309886123E+00 3.8420614944644871E-01
 8.7681518553117416E-03 -6.0197148271829192E-03 -1.3173006764774665E-03
0
0.0
 -1.1407996218300525E+00 -2.3170985309886123E+00 3.8420614944644871E-01
 8.8947267089697375E-03 -6.1868631885724466E-03 -1.6346479914588329E-03
0
0.0
 -1.1407996218300525E+00 -2.3170985309886123E+00 3.8420614944644871E-01
 9.0427142685964405E-03 -5.9097068143262972E-03 -1.4702193581923066E-03
0
0.0
 -1.1407996218300525E+00 -2.3170985309886123E+00 3.8420614944644871E-01
 8.6438138416634683E-03 -5.9324954473660508E-03 -1.6277273948979445E-03
0
0.0
 -1.1407996218300525E+00 -2.3170985309886123E+00 3.8420614944644871E-01
 8.8299304363313388E-03 -5.9892293187146601E-03 -1.6533600045246777E-03
0
0.0
 -1.1407996218300525E+00 -2.3170985309886123E+00 3.8420614944644871E-01
 8.8184610961600362E-03 -6.0576405058551256E-03 -1.5206378965121512E-03
0
0.0
 -1.1407996218300525E+00 -2.3170985309886123E+00 3.8420614944644871E-01
 8.7883436418391622E-03 -5.8966211718226450E-03 -1.6467679329625815E-03
0
0.0
 -1.1407996218300525E+00 -2.3170985309886123E+00 3.8420614944644871E-01
 8.8113874535772092E-03 -5.9986135612468145E-03 -1.7748033370218888E-03
0
0.0
 -1.1407996218300525E+00 -2.3170985309886123E+00 3.8420614944644871E-01
 8.7023681042901601E-03 -5.6057306570090615E-03 -1.5484989043025080E-03
0
0.0
 -1.1407996218300525E+00 -2.3170985309886123E+00 3.8420614944644871E-01
 8.6663241658156524E-03 -5.9136212916648372E-03 -1.5066550910079809E-03
0
0.0
 -1.1407996218300525E+00 -2.3170985309886123E+00 3.8420614944644871E-01
 8.8150324828889254E-03 -6.0258787660157709E-03 -1.5154731276289404E-03
0
0.0
 -1.1407996218300525E+00 -2.3170985309886123E+00 3.8420614944644871E-01
 8.5829663016229168E-03 -5.7258828087597673E-03 -1.6081960809151714E-03
0
0.0
 -1.1407996218300525E+00 -2.3170985309886123E+00 3.8420614944644871E-01
 8.7064666180777465E-03 -5.9201797372981290E-03 -1.5930457703208448E-03
0
0.0
 -1.1407996218300525E+00 -2.3170985309886123E+00 3.8420614944644871E-01
 8.6977037805458287E-03 -5.7093130176653368E-03 -1.7925043730823136E-03
0
0.0
 -1.1407996218300525E+00 -2.3170985309886123E+00 3.8420614944644871E-01
 8.8063341289917937E-03 -6.0818097544602405E-03 -1.5283014186646712E-03
0
0.0
 -1.1407996218300525E+00 -2.3170985309886123E+00 3.8420614944644871E-01
 8.6969863307537407E-03 -5.9087874097760104E-03 -1.6388244352394065E-03
0
0.0
 -1.1407996218300525E+00 -2.3170985309886123E+00 3.8420614944644871E-01
 8.6965502075831650E-03 -5.9119625715786817E-03 -1.7742780705896429E-03
0
0.0
 -1.1407996218300525E+00 -2.3170985309886123E+00 3.8420614944644871E-01
 8.8233190445760248E-03 -5.8939644901465377E-03 -1.3487573729065302E-03
0
0.0
 -1.1407996218300525E+00 -2.3170985309886123E+00 3.8420614944644871E-01
 8.7241792104156366E-03 -5.8929511047515039E-03 -1.7000210365837277E-03
0
0.0
 -1.1407996218300525E+00 -2.3170985309886123E+00 3.8420614944644871E-01
 8.6540254534551164E-03 -5.6784551611625293E-03 -1.7210230516939706E-03
0
0.0
 -1.1407996218300525E+00 -2.3170985309886123E+00 3.8420614944644871E-01
 8.8383776456820839E-03 -5.9083590107654980E-03 -1.8369459491132142E-03
0
0.0
 -1.1407996218300525E+00 -2.3170985309886123E+00 3.8420614944644871E-01
 8.6429232953613294E-03 -5.8391121883945886E-03 -1.6634817661840638E-03
0
0.0
 -1.1407996218300525E+00 -2.3170985309886123E+00 3.8420614944644871E-01
 8.9923424982569951E-03 -5.8142867754268088E-03 -1.6663287007765626E-03
0
0.0
 -1.1407996218300525E+00 -2.3170985309886123E+00 3.8420614944644871E-01
 8.6565303978848925E-03 -5.8040724655184306E-03 -1.6865703390465932E-03
0
0.0
 -1.1407996218300525E+00 -2.3170985309886123E+00 3.8420614944644871E-01
 8.7958824859638053E-03 -6.0267142752445865E-03 -1.7465439235059344E-03
0
0.0
 -1.1407996218300525E+00 -2.3170985309886123E+00 3.8420614944644871E-01
 8.7714149215026484E-03 -5.9341332975563054E-03 -1.6200471738904271E-03
0
0.0
 -1.1407996218300525E+00 -2.3170985309886123E+00 3.8420614944644871E-01
 8.8086192242168744E-03 -5.8161786691600451E-03 -1.6330506640093885E-03
0
0.0
 -1.1407996218300525E+00 -2.3170985309886123E+00 3.8420614944644871E-01
 9.0067100947972076E-03 -5.9916613665531504E-03 -1.7538669722043851E-03
0
0.0
 -1.1407996218300525E+00 -2.3170985309886123E+00 3.8420614944644871E-01
 8.7873840045765445E-03 -5.7249366163602353E-03 -1.6340224913390026E-03
0
0.0
 -1.1407996218300525E+00 -2.3170985309886123E+00 3.8420614944644871E-01
 8.7732593959429818E-03 -5.8144604297227891E-03 -1.7901092087502118E-03
0
0.0
 -1.1407996218300525E+00 -2.3170985309886123E+00 3.8420614944644871E-01
 8.8642115542007464E-03 -6.0534201038785554E-03 -1.7634158341620861E-03
0
0.0
 -1.1407996218300525E+00 -2.3170985309886123E+00 3.8420614944644871E-01
 8.5912783509259853E-03 -5.6463665280560233E-03 -1.7090031314983885E-03
0
0.0
 -1.1407996218300525E+00 -2.3170985309886123E+00 3.8420614944644871E-01
 8.6174569539180200E-03 -5.8413157794978176E-03 -1.7531143792973388E-03
0
0.0
 -1.1407996218300525E+00 -2.3170985309886123E+00 3.8420614944644871E-01
 9.0037078272676950E-03 -5.7384813810519601E-03 -1.5753492975318268E-03
0
0.0
 -1.1407996218300525E+00 -2.3170985309886123E+00 3.8420614944644871E-01
 8.7766423515588110E-03 -5.9050838120259345E-03 -1.6267140913936806E-03
0
0.0
 -1.1407996218300525E+00 -2.3170985309886123E+00 3.8420614944644871E-01
 8.8081354087964150E-03 -5.9019169755401843E-03 -1.6297587667400339E-03
0
0.0
 -1.1407996218300525E+00 -2.3170985309886123E+00 3.8420614944644871E-01
 8.6245404655515088E-03 -5.7679800908820040E-03 -1.5662679240887527E-03
0
0.0
 -1.1407996218300525E+00 -2.3170985309886123E+00 3.8420614944644871E-01
 8.5671570776245220E-03 -5.8400179707066829E-03 -1.4997900061019284E-03
0
0.0
 -1.1407996218300525E+00 -2.3170985309886123E+00 3.8420614944644871E-01
 8.4735741596193535E-03 -5.9765678183851204E-03 -1.5970827369649041E-03
0
0.0
 -1.1407996218300525E+00 -2.3170985309886123E+00 3.8420614944644871E-01
 8.8141103229314993E-03 -5.8695813156669219E-03 -1.5045796278060053E-03
0
0.0
 -1.1407996218300525E+00 -2.3170985309886123E+00 3.8420614944644871E-01
 8.7030491831547353E-03 -6.0217701873184013E-03 -1.5847002328802707E-03
0
0.0
 -1.1407996218300525E+00 -2.3170985309886123E+00 3.8420614944644871E-01
 8.8581596595487654E-03 -6.1006413708406719E-03 -1.4975351581763034E-03
0
0.0
 -1.1407996218300525E+00 -2.3170985309886123E+00 3.8420614944644871E-01
 8.7620199233793498E-03 -5.8999890454874034E-03 -1.6341663258689183E-03
0
0.0
 -1.1407996218300525E+00 -2.3170985309886123E+00 3.8420614944644871E-01
 8.6070557955597038E-03 -6.0313721176920533E-03 -1.4183889642859473E-03
0
0.0
 -1.1407996218300525E+00 -2.3170985309886123E+00 3.8420614944644871E-01
 8.8720448249726466E-03 -6.0294587438063287E-03 -1.6686972566465604E-03
0
0.0
 -1.1407996218300525E+00 -2.3170985309886123E+00 3.8420614944644871E-01
 8.7415249431279669E-03 -6.1709805758107441E-03 -1.4385011857244660E-03
0
0.0
 -1.1407996218300525E+00 -2.3170985309886123E+00 3.8420614944644871E-01
 8.8678963510008812E-03 -6.1982100515390395E-03 -1.6722426367910236E-03
0
0.0
 -1.1407996218300525E+00 -2.3170985309886123E+00 3.8420614944644871E-01
 8.5871051415935054E-03 -5.8540449626845060E-03 -1.6539189066390543E-03
0
0.0
 -1.1407996218300525E+00 -2.3170985309886123E+00 3.8420614944644871E-01
 8.9373513001609634E-03 -5.9129012907414881E-03 -1.6880931865804465E-03
0
0.0
 -1.1407996218300525E+00 -2.3170985309886123E+00 3.8420614944644871E-01
 8.8922812165476879E-03 -5.7327127788793751E-03 -1.4848022552782613E-03
0
0.0
 -1.1407996218300525E+00 -2.3170985309886123E+00 3.8420614944644871E-01
 8.7783065139161055E-03 -5.8421250913673062E-03 -1.7520965131327252E-03
0
0.0
 -1.1407996218300525E+00 -2.3170985309886123E+00 3.8420614944644871E-01
 8.8107226545385466E-03 -6.0378117087172747E-03 -1.5899081756354883E-03
0
0.0
 -1.1407996218300525E+00 -2.3170985309886123E+00 3.8420614944644871E-01
 8.6564711351084130E-03 -5.9787082627570185E-03 -1.5613494233294074E-03
0
0.0
 -1.1407996218300525E+00 -2.3170985309886123E+00 3.8420614944644871E-01
 8.7870925243197159E-03 -5.9148541909400925E-03 -1.3758974235768260E-03
0
0.0
 -1.1407996218300525E+00 -2.3170985309886123E+00 3.8420614944644871E-01
 8.7890884591084115E-03 -5.8292259495148204E-03 -1.7402588522755858E-03
0
0.0
 -1.1407996218300525E+00 -2.3170985309886123E+00 3.8420614944644871E-01
 8.7499730451383283E-03 -5.6613673565406777E-03 -1.5318564555383434E-03
0
0.0
 -1.1407996218300525E+00 -2.3170985309886123E+00 3.8420614944644871E-01
 8.8819734824502825E-03 -5.8762577903173534E-03 -1.5148682311532905E-03
0
0.0
 -1.1407996218300525E+00 -2.3170985309886123E+00 3.8420614944644871E-01
 8.8126580836949877E-03 -5.9047785159878118E-03 -1.6066048691549032E-03
0
0.0
 -1.1407996218300525E+00 -2.3170985309886123E+00 3.8420614944644871E-01
 8.7450194208165341E-03 -5.8414307096451160E-03 -1.6697582243906158E-03
0
0.0
 -1.1407996218300525E+00 -2.3170985309886123E+00 3.8420614944644871E-01
 8.9520790900085578E-03 -5.8199998502823499E-03 -1.5122064899157042E-03
0
0.0
 -1.1407996218300525E+00 -2.3170985309886123E+00 3.8420614944644871E-01
 9.0100691621815537E-03 -6.0644040935987128E-03 -1.6077655936441249E-03
0
0.0
 -1.1407996218300525E+00 -2.3170985309886123E+00 3.8420614944644871E-01
 8.7826966672250092E-03 -5.8947561398447678E-03 -1.6496966113057278E-03
0
0.0
 -1.1407996218300525E+00 -2.3170985309886123E+00 3.8420614944644871E-01
 8.6669517135657334E-03 -5.9913963109525532E-03 -1.6398806542728759E-03
0
0.0
 -1.1407996218300525E+00 -2.3170985309886123E+00 3.8420614944644871E-01
 8.9502817317095289E-03 -5.7869578175028394E-03 -1.7563387010333627E-03
0
0.0
 -1.1407996218300525E+00 -2.3170985309886123E+00 3.8420614944644871E-01
 8.7302320106783099E-03 -5.7870760021380765E-03 -1.5656891055328133E-03
0
0.0
 -1.1407996218300525E+00 -2.3170985309886123E+00 3.8420614944644871E-01
 8.7767206201279924E-03 -5.7492535008028889E-03 -1.3477326298181075E-03
0
0.0
 -1.1407996218300525E+00 -2.3170985309886123E+00 3.8420614944644871E-01
 8.8600308227441242E-03 -5.7642061989920650E-03 -1.6222616884949558E-03
0
0.0
 -1.1407996218300525E+00 -2.3170985309886123E+00 3.8420614944644871E-01
 8.7660822257740450E-03 -5.9337784167382054E-03 -1.6282555390018610E-03
0
0.0
 -1.1407996218300525E+00 -2.3170985309886123E+00 3.8420614944644871E-01
 8.8150253362927131E-03 -5.9106608536994044E-03 -1.6406862068139370E-03
0
0.0
 -1.1407996218300525E+00 -2.3170985309886123E+00 3.8420614944644871E-01
 8.9560265591804213E-03 -5.9386265623260553E-03 -1.5600691197188462E-03
0
0.0
 -1.1407996218300525E+00 -2.3170985309886123E+00 3.8420614944644871E-01
 8.5860232318704949E-03 -5.9028832126390932E-03 -1.6849480212586801E-03
0
0.0
 -1.1407996218300525E+00 -2.3170985309886123E+00 3.8420614944644871E-01
 8.9367932293278746E-03 -5.9186135028134832E-03 -1.8638621432283144E-03
0
0.0
 -1.1407996218300525E+00 -2.3170985309886123E+00 3.8420614944644871E-01
 8.7490787908442082E-03 -5.8266728284902562E-03 -1.8981113667725057E-03
0
0.0
 -1.1407996218300525E+00 -2.3170985309886123E+00 3.8420614944644871E-01
 8.9580833379564774E-03 -6.0914811836055910E-03 -1.6106078272827948E-03
0
0.0
 -1.1407996218300525E+00 -2.3170985309886123E+00 3.8420614944644871E-01
 8.6759457035339022E-03 -6.0060252901110358E-03 -1.4643456126096715E-03
0
0.0
 -1.1407996218300525E+00 -2.3170985309886123E+00 3.8420614944644871E-01
 8.5649012037196000E-03 -6.0436377285810246E-03 -1.4414761633869092E-03
0
0.0
 -1.1407996218300525E+00 -2.3170985309886123E+00 3.8420614944644871E-01
 8.8299600591226022E-03 -5.9152153205879188E-03 -1.6268856840095699E-03
0
0.0
 -1.1407996218300525E+00 -2.3170985309886123E+00 3.8420614944644871E-01
 8.8601255738256137E-03 -6.1821804586521759E-03 -1.6437968489040194E-03
0
0.0
 -1.1407996218300525E+00 -2.3170985309886123E+00 3.8420614944644871E-01
 8.6322122858052512E-03 -6.0509831452785481E-03 -1.5884459964369030E-03
0
0.0
 -1.1407996218300525E+00 -2.3170985309886123E+00 3.8420614944644871E-01
 8.7424876233319192E-03 -5.8577075592555908E-03 -1.6334669018372027E-03
0
0.0
 -1.1407996218300525E+00 -2.3170985309886123E+00 3.8420614944644871E-01
 9.0234006874978113E-03 -5.8167315467440002E-03 -1.7221872215650723E-03
0
0.0
 -1.1407996218300525E+00 -2.3170985309886123E+00 3.8420614944644871E-01
 8.9950069570717932E-03 -5.7098367123131280E-03 -1.7414625568443829E-03
0
0.0
 -1.1407996218300525E+00 -2.3170985309886123E+00 3.8420614944644871E-01
 8.8598574087344444E-03 -5.8426658067658455E-03 -1.8189681589893402E-03
0
0.0
 -1.1407996218300525E+00 -2.3170985309886123E+00 3.8420614944644871E-01
 8.8430224858635931E-03 -5.8334122651569819E-03 -1.7482435256800145E-03
0
0.0
 -1.1407996218300525E+00 -2.3170985309886123E+00 3.8420614944644871E-01
 8.7305366339188294E-03 -5.8149488982110033E-03 -1.3744190638609144E-03
0
0.0
 -1.1407996218300525E+00 -2.3170985309886123E+00 3.8420614944644871E-01
 8.9423074887499399E-03 -6.1560582326795898E-03 -1.7718775723396046E-03
0
0.0
 -1.1407996218300525E+00 -2.3170985309886123E+00 3.8420614944644871E-01
 8.7122481963560171E-03 -5.7350403323130012E-03 -1.5220742948311755E-03
0
0.0
 -1.1407996218300525E+00 -2.3170985309886123E+00 3.8420614944644871E-01
 8.6725046819696727E-03 -6.0017290709803144E-03 -1.8402515862500008E-03
0
0.0
 -1.1407996218300525E+00 -2.3170985309886123E+00 3.8420614944644871E-01
 8.9921492618953262E-03 -6.1634478907738391E-03 -1.5279381060011620E-03
0
0.0
 -1.1407996218300525E+00 -2.3170985309886123E+00 3.8420614944644871E-01
 8.7157748977643879E-03 -5.9937253104266801E-03 -1.5671340119116982E-03
0
0.0
 -1.1407996218300525E+00 -2.3170985309886123E+00 3.8420614944644871E-01
 8.6995168844642978E-03 -5.8334547787976662E-03 -1.6743385222715180E-03
0
0.0
 -1.1407996218300525E+00 -2.3170985309886123E+00 3.8420614944644871E-01
 8.6797051113931024E-03 -5.9637289024378664E-03 -1.6049177940512614E-03
0
0.0
 -1.1407996218300525E+00 -2.3170985309886123E+00 3.8420614944644871E-01
 8.5745167610463864E-03 -5.8425918001483237E-03 -1.7922402757759338E-03
0
0.0
 -1.1407996218300525E+00 -2.3170985309886123E+00 3.8420614944644871E-01
 9.0893394726603190E-03 -5.9509608171909208E-03 -1.6024145925088063E-03
0
0.0
 -1.1407996218300525E+00 -2.3170985309886123E+00 3.8420614944644871E-01
 8.8800032651041253E-03 -5.8185896588088355E-03 -1.6046991462091975E-03
0
0.0
 -1.1407996218300525E+00 -2.3170985309886123E+00 3.8420614944644871E-01
 8.7529720994555284E-03 -5.8551384797251131E-03 -1.6586997998776715E-03
0
0.0
 -1.1407996218300525E+00 -2.3170985309886123E+00 3.8420614944644871E-01
 8.7323683068423058E-03 -5.9613251887888664E-03 -1.5805344812140462E-03
0
0.0
 -1.1407996218300525E+00 -2.3170985309886123E+00 3.8420614944644871E-01
 8.8108888086615936E-03 -5.8903288924124844E-03 -1.8189004571115882E-03
0
0.0
 -1.1407996218300525E+00 -2.3170985309886123E+00 3.8420614944644871E-01
 9.0322118845414055E-03 -5.9309335531504172E-03 -1.7380577866533671E-03
0
0.0
 -1.1407996218300525E+00 -2.3170985309886123E+00 3.8420614944644871E-01
 8.5267139528787620E-03 -6.0006720880719372E-03 -1.6441405935546007E-03
0
0.0
 -1.1407996218300525E+00 -2.3170985309886123E+00 3.8420614944644871E-01
 8.7100274472020449E-03 -6.0083481536698097E-03 -1.7759100584727461E-03
0
0.0
 -1.1407996218300525E+00 -2.3170985309886123E+00 3.8420614944644871E-01
 8.8307533880624591E-03 -5.8604104090865111E-03 -1.6436696385695392E-03
0
0.0
 -1.1407996218300525E+00 -2.3170985309886123E+00 3.8420614944644871E-01
 8.6743041203150295E-03 -5.9791447229152585E-03 -1.6074960630406976E-03
0
0.0
 -1.1407996218300525E+00 -2.3170985309886123E+00 3.8420614944644871E-01
 8.7124957533212290E-03 -5.8482905631919782E-03 -1.7515572899839088E-03
0
0.0
 -1.1407996218300525E+00 -2.3170985309886123E+00 3.8420614944644871E-01
 8.7304079488331517E-03 -5.8713647292037699E-03 -1.6793870727497616E-03
0
0.0
 -1.1407996218300525E+00 -2.3170985309886123E+00 3.8420614944644871E-01
 8.7954555004342207E-03 -5.8842119720095122E-03 -1.6751322093358524E-03
0
0.0
 -1.1407996218300525E+00 -2.3170985309886123E+00 3.8420614944644871E-01
 8.7534633484218586E-03 -5.9013216218800511E-03 -1.6730240683666439E-03
0
0.0
 -1.1407996218300525E+00 -2.3170985309886123E+00 3.8420614944644871E-01
 8.8625430731512182E-03 -5.8527723896365036E-03 -1.7676124199904790E-03
0
0.0
 -1.1407996218300525E+00 -2.3170985309886123E+00 3.8420614944644871E-01
 8.9317887235496832E-03 -5.9955374395629290E-03 -1.5870058430708853E-03
0
0.0
 -1.1407996218300525E+00 -2.3170985309886123E+00 3.8420614944644871E-01
 8.6500136619643269E-03 -5.8391786693114817E-03 -1.3479827990210353E-03
0
0.0
 -1.1407996218300525E+00 -2.3170985309886123E+00 3.8420614944644871E-01
 8.7089826579145636E-03 -5.8372385545635537E-03 -1.6463894688574551E-03
0
0.0
 -1.1407996218300525E+00 -2.3170985309886123E+00 3.8420614944644871E-01
 8.7756149845475313E-03 -5.8678326594020502E-03 -1.8211085231147205E-03
0
0.0
 -1.1407996218300525E+00 -2.3170985309886123E+00 3.8420614944644871E-01
 8.8058095066406473E-03 -6.0882149287445932E-03 -1.4870160278666388E-03
0
0.0
 -1.1407996218300525E+00 -2.3170985309886123E+00 3.8420614944644871E-01
 8.7684170555689476E-03 -5.9452925841804571E-03 -1.5769461256333289E-03
0
0.0
 -1.1407996218300525E+00 -2.3170985309886123E+00 3.8420614944644871E-01
 9.0014132599153963E-03 -5.9222421152437602E-03 -1.6383459357155812E-03
0
0.0
 -1.1407996218300525E+00 -2.3170985309886123E+00 3.8420614944644871E-01
 8.7745676235673632E-03 -5.7555335271399100E-03 -1.9312164694794266E-03
0
0.0
 -1.1407996218300525E+00 -2.3170985309886123E+00 3.8420614944644871E-01
 9.0220964784038706E-03 -6.0834171476382374E-03 -1.7580113319787516E-03
0
0.0
 -1.1407996218300525E+00 -2.3170985309886123E+00 3.8420614944644871E-01
 8.7826991657111390E-03 -5.9115507578730410E-03 -1.6201034342975158E-03
0
0.0
 -1.1407996218300525E+00 -2.3170985309886123E+00 3.8420614944644871E-01
 8.9291031639462410E-03 -5.9121753458963068E-03 -1.5250321228931609E-03
0
0.0
 -1.1407996218300525E+00 -2.3170985309886123E+00 3.8420614944644871E-01
 8.9068836385631216E-03 -5.8819662018356434E-03 -1.8856577493825452E-03
0
0.0
 -1.1407996218300525E+00 -2.3170985309886123E+00 3.8420614944644871E-01
 8.5190937029066809E-03 -5.7495639227121620E-03 -1.5837033148642769E-03
0
0.0
 -1.1407996218300525E+00 -2.3170985309886123E+00 3.8420614944644871E-01
 8.4634447449698329E-03 -5.8477278602044585E-03 -1.6831828916941695E-03
0
0.0
 -1.1407996218300525E+00 -2.3170985309886123E+00 3.8420614944644871E-01
 8.8938812473161894E-03 -5.9663179951407802E-03 -1.8431601666460344E-03
0
0.0
 -1.1407996218300525E+00 -2.3170985309886123E+00 3.8420614944644871E-01
 8.6427253877859982E-03 -5.9310393427639734E-03 -1.7352358525438052E-03
0
0.0
 -1.1407996218300525E+00 -2.3170985309886123E+00 3.8420614944644871E-01
 8.9582646749369107E-03 -6.0143774511524457E-03 -1.4365333034374308E-03
0
0.0
 -1.1407996218300525E+00 -2.3170985309886123E+00 3.8420614944644871E-01
 8.7315457582493421E-03 -5.8022068366023038E-03 -1.8122183940913173E-03
0
0.0
 -1.1407996218300525E+00 -2.3170985309886123E+00 3.8420614944644871E-01
 8.5424244808840373E-03 -6.1429734209563335E-03 -1.6363467777807206E-03
0
0.0
 -1.1407996218300525E+00 -2.3170985309886123E+00 3.8420614944644871E-01
 8.8772694366046952E-03 -5.8085420804149064E-03 -1.5940817923454653E-03
0
0.0
 -1.1407996218300525E+00 -2.3170985309886123E+00 3.8420614944644871E-01
 8.9741647029311939E-03 -5.9968557441703483E-03 -1.8782296432442187E-03
0
0.0
 -1.1407996218300525E+00 -2.3170985309886123E+00 3.8420614944644871E-01
 8.7012865240810033E-03 -5.8148908919712075E-03 -1.3093631354211084E-03
0
0.0
 -1.1407996218300525E+00 -2.3170985309886123E+00 3.8420614944644871E-01
 8.8663798796268754E-03 -5.7241354007148779E-03 -1.7900307117397962E-03
0
0.0
 -1.1407996218300525E+00 -2.3170985309886123E+00 3.8420614944644871E-01
 8.9411368199216225E-03 -5.8929092023619961E-03 -1.5750428277904974E-03
0
0.0
 -1.1407996218300525E+00 -2.3170985309886123E+00 3.8420614944644871E-01
 8.7663531938358304E-03 -5.8061665418777629E-03 -1.5311147229958653E-03
0
0.0
 -1.1407996218300525E+00 -2.3170985309886123E+00 3.8420614944644871E-01
 8.5976603100536564E-03 -5.9804703130859043E-03 -1.6081984275752408E-03
0
0.0
 -1.1407996218300525E+00 -2.3170985309886123E+00 3.8420614944644871E-01
 8.8459224735102926E-03 -5.7317229086411717E-03 -1.5962055006032855E-03
0
0.0
 -1.1407996218300525E+00 -2.3170985309886123E+00 3.8420614944644871E-01
 8.4996721567231620E-03 -6.0049303344899161E-03 -1.6235688670057135E-03
0
0.0
 -1.1407996218300525E+00 -2.3170985309886123E+00 3.8420614944644871E-01
 8.6993159310018130E-03 -5.9768461274697128E-03 -1.9001213893739010E-03
0
0.0
 -1.1407996218300525E+00 -2.3170985309886123E+00 3.8420614944644871E-01
 8.7173040884988666E-03 -5.9402277998703732E-03 -1.6619010094862852E-03
0
0.0
 -1.1407996218300525E+00 -2.3170985309886123E+00 3.8420614944644871E-01
 8.8980483608496926E-03 -5.9113876794874252E-03 -1.7904210920200209E-03
0
0.0
 -1.1407996218300525E+00 -2.3170985309886123E+00 3.8420614944644871E-01
 8.5500939924612086E-03 -5.7669447429827790E-03 -1.6636807117044062E-03
0
0.0
 -1.1407996218300525E+00 -2.3170985309886123E+00 3.8420614944644871E-01
 8.6773373722658989E-03 -5.9659196601521414E-03 -1.5506465291609203E-03
0
0.0
 -1.1407996218300525E+00 -2.3170985309886123E+00 3.8420614944644871E-01
 8.6458264345613042E-03 -5.7641610896672435E-03 -1.7814627540364510E-03
0
0.0
 -1.1407996218300525E+00 -2.3170985309886123E+00 3.8420614944644871E-01
 8.7465054552050368E-03 -5.7258004631517674E-03 -1.5711411734755406E-03
0
0.0
 -1.1407996218300525E+00 -2.3170985309886123E+00 3.8420614944644871E-01
 8.6882996015557375E-03 -5.6848654819511187E-03 -1.8159235790787764E-03
0
0.0
 -1.1407996218300525E+00 -2.3170985309886123E+00 3.8420614944644871E-01
 8.8238142497458500E-03 -5.7229138492357568E-03 -1.3818406426196598E-03
0
0.0
 -1.1407996218300525E+00 -2.3170985309886123E+00 3.8420614944644871E-01
 8.7898270365597327E-03 -5.7942790881230508E-03 -1.7655199986851056E-03
0
0.0
 -1.1407996218300525E+00 -2.3170985309886123E+00 3.8420614944644871E-01
 8.9338781542859860E-03 -5.8403755679584564E-03 -1.6569705350025041E-03
0
0.0
 -1.1407996218300525E+00 -2.3170985309886123E+00 3.8420614944644871E-01
 8.9570159582180141E-03 -5.8688022422000415E-03 -1.4278900448700662E-03
0
0.0
 -1.1407996218300525E+00 -2.3170985309886123E+00 3.8420614944644871E-01
 8.9465838272315776E-03 -5.9174520986740829E-03 -1.4664446627084479E-03
0
0.0
 -1.1407996218300525E+00 -2.3170985309886123E+00 3.8420614944644871E-01
 9.0454863034286452E-03 -5.9408894317781857E-03 -1.5932534678150350E-03
0
0.0
 -1.1407996218300525E+00 -2.3170985309886123E+00 3.8420614944644871E-01
 8.8717711656342031E-03 -5.8319583827174974E-03 -1.8028457267766633E-03
0
0.0
 -1.1407996218300525E+00 -2.3170985309886123E+00 3.8420614944644871E-01
 8.9724137065915876E-03 -5.9013150720692714E-03 -1.8045788433207629E-03
0
0.0
 -1.1407996218300525E+00 -2.3170985309886123E+00 3.8420614944644871E-01
 8.7797184169438464E-03 -6.1315529622243386E-03 -1.6961464335655096E-03
0
0.0
 -1.1407996218300525E+00 -2.3170985309886123E+00 3.8420614944644871E-01
 8.6794736298419894E-03 -5.7998726074654523E-03 -1.7538676383955520E-03
0
0.0
 -1.1407996218300525E+00 -2.3170985309886123E+00 3.8420614944644871E-01
 8.7634549624908634E-03 -5.9906246843004479E-03 -1.7219087126778322E-03
0
0.0
 -1.1407996218300525E+00 -2.3170985309886123E+00 3.8420614944644871E-01
 8.5564337730684170E-03 -5.6793268758217235E-03 -1.6417511283718981E-03
0
0.0
 -1.1407996218300525E+00 -2.3170985309886123E+00 3.8420614944644871E-01
 8.6154966551210566E-03 -5.7249553438161547E-03 -1.7662571727126040E-03
0
0.0
 -1.1407996218300525E+00 -2.3170985309886123E+00 3.8420614944644871E-01
 8.8892588022570808E-03 -5.9674014201121384E-03 -1.6160312768649606E-03
0
0.0
 -1.1407996218300525E+00 -2.3170985309886123E+00 3.8420614944644871E-01
 8.9205081082246035E-03 -6.0682431146761749E-03 -1.6776805004268911E-03
0
0.0
 -1.1407996218300525E+00 -2.3170985309886123E+00 3.8420614944644871E-01
 8.7406503467536024E-03 -5.8431726857871282E-03 -1.7133399957473567E-03
0
0.0
 -1.1407996218300525E+00 -2.3170985309886123E+00 3.8420614944644871E-01
 8.6970893476096146E-03 -5.9640554231452734E-03 -1.5416843491004575E-03
0
0.0
 -1.1407996218300525E+00 -2.3170985309886123E+00 3.8420614944644871E-01
 8.9810368150211890E-03 -6.0604458503430228E-03 -1.4868964003246551E-03
0
0.0
 -1.1407996218300525E+00 -2.3170985309886123E+00 3.8420614944644871E-01
 8.7843487251838010E-03 -5.9050510529375308E-03 -1.5813532951452155E-03
0
0.0
 -1.1407996218300525E+00 -2.3170985309886123E+00 3.8420614944644871E-01
 8.6312693508095555E-03 -5.7048680903842653E-03 -1.4013392439139944E-03
0
0.0
 -1.1407996218300525E+00 -2.3170985309886123E+00 3.8420614944644871E-01
 8.7122693537760188E-03 -5.9266267198074905E-03 -1.5452186742510921E-03
0
0.0
 -1.1407996218300525E+00 -2.3170985309886123E+00 3.8420614944644871E-01
 8.8538723983009725E-03 -6.0333358825978593E-03 -1.7171132066621504E-03
0
0.0
 -1.1407996218300525E+00 -2.3170985309886123E+00 3.8420614944644871E-01
 8.9844159218489365E-03 -5.9349564630620409E-03 -1.4711744287677468E-03
0
0.0
 -1.1407996218300525E+00 -2.3170985309886123E+00 3.8420614944644871E-01
 8.7445018412169225E-03 -6.0054791936502800E-03 -1.6430144571739868E-03
0
0.0
 -1.1407996218300525E+00 -2.3170985309886123E+00 3.8420614944644871E-01
 8.7744704553986193E-03 -5.5823449760383408E-03 -1.5496358042520033E-03
0
0.0
 -1.1407996218300525E+00 -2.3170985309886123E+00 3.8420614944644871E-01
 8.7019535336393238E-03 -5.9238630306969013E-03 -1.6974362450904990E-03
0
0.0
 -1.1407996218300525E+00 -2.3170985309886123E+00 3.8420614944644871E-01
 8.6653896053323701E-03 -5.9917025608544104E-03 -1.4517091132087725E-03
0
0.0
 -1.1407996218300525E+00 -2.3170985309886123E+00 3.8420614944644871E-01
 8.8802792328559598E-03 -6.0938283354879177E-03 -1.5058000878978997E-03
0
0.0
 -1.1407996218300525E+00 -2.3170985309886123E+00 3.8420614944644871E-01
 8.6812666995201692E-03 -5.8803635682190269E-03 -1.4278125632863692E-03
0
0.0
 -1.1407996218300525E+00 -2.3170985309886123E+00 3.8420614944644871E-01
 8.8961119078857943E-03 -5.8156010101049647E-03 -1.6414046744269576E-03
0
0.0
 -1.1407996218300525E+00 -2.3170985309886123E+00 3.8420614944644871E-01
 8.8183572005023116E-03 -5.7878786779373354E-03 -1.3347905124706594E-03
0
0.0
 -1.1407996218300525E+00 -2.3170985309886123E+00 3.8420614944644871E-01
 8.7288152699565389E-03 -5.7900365380266425E-03 -1.8592826499072945E-03
0
0.0
 -1.1407996218300525E+00 -2.3170985309886123E+00 3.8420614944644871E-01
 8.6844618616191572E-03 -5.8188254301546850E-03 -1.9088676134949895E-03
0
0.0
 -1.1407996218300525E+00 -2.3170985309886123E+00 3.8420614944644871E-01
 8.9869821645539860E-03 -5.9643944029837545E-03 -1.5590709704528067E-03
0
0.0
 -1.1407996218300525E+00 -2.3170985309886123E+00 3.8420614944644871E-01
 8.6925583781671239E-03 -5.9007710216502883E-03 -1.6542374233242813E-03
0
0.0
 -1.1407996218300525E+00 -2.3170985309886123E+00 3.8420614944644871E-01
 8.5690435917735557E-03 -6.1118151241017953E-03 -1.4987329293118699E-03
0
0.0
 -1.1407996218300525E+00 -2.3170985309886123E+00 3.8420614944644871E-01
 8.7796825279931462E-03 -5.9496038451290322E-03 -1.8033527863128014E-03
0
0.0
 -1.1407996218300525E+00 -2.3170985309886123E+00 3.8420614944644871E-01
 9.0359533737522646E-03 -5.8901653819238712E-03 -1.5247504223975183E-03
0
0.0
 -1.1407996218300525E+00 -2.3170985309886123E+00 3.8420614944644871E-01
 8.7751738661867515E-03 -6.0312626572253383E-03 -1.4094354028244493E-03
0
0.0
 -1.1407996218300525E+00 -2.3170985309886123E+00 3.8420614944644871E-01
 8.8687120547040563E-03 -5.6955973433739978E-03 -1.4026052047190797E-03
0
0.0
 -1.1407996218300525E+00 -2.3170985309886123E+00 3.8420614944644871E-01
 8.7017677873587728E-03 -6.0819878689679736E-03 -1.6705873190690469E-03
0
0.0
 -1.1407996218300525E+00 -2.3170985309886123E+00 3.8420614944644871E-01
 8.7087788188764254E-03 -5.9504774750356532E-03 -1.6912288432824954E-03
0
0.0
 -1.1407996218300525E+00 -2.3170985309886123E+00 3.8420614944644871E-01
 8.5159534636278962E-03 -5.9158357048277582E-03 -1.4891667733100149E-03
0
0.0
 -1.1407996218300525E+00 -2.3170985309886123E+00 3.8420614944644871E-01
 8.6394445017262244E-03 -5.9757543737849333E-03 -1.7376244080753750E-03
0
0.0
 -1.1407996218300525E+00 -2.3170985309886123E+00 3.8420614944644871E-01
 8.7101632526998922E-03 -6.0313487497449378E-03 -1.8187815330081192E-03
0
0.0
 -1.1407996218300525E+00 -2.3170985309886123E+00 3.8420614944644871E-01
 8.8010197722533535E-03 -5.9264045753092097E-03 -1.6130641024480674E-03
0
0.0
 -1.1407996218300525E+00 -2.3170985309886123E+00 3.8420614944644871E-01
 8.6415547431681009E-03 -5.7976457545959887E-03 -1.7062829703788115E-03
0
0.0
 -1.1407996218300525E+00 -2.3170985309886123E+00 3.8420614944644871E-01
 8.8563796594943716E-03 -5.8934682030474857E-03 -1.8095380903217816E-03
0
0.0
 -1.1407996218300525E+00 -2.3170985309886123E+00 3.8420614944644871E-01
 8.8327862896840966E-03 -5.9303193332578049E-03 -1.4671152610074385E-03
0
0.0
 -1.1407996218300525E+00 -2.3170985309886123E+00 3.8420614944644871E-01
 8.9743968113738699E-03 -6.0583637272514359E-03 -1.4613782518616291E-03
0
0.0
 -1.1407996218300525E+00 -2.3170985309886123E+00 3.8420614944644871E-01
 8.8269900607645200E-03 -5.8814926068952566E-03 -1.6539079455227515E-03
0
0.0
 -1.1407996218300525E+00 -2.3170985309886123E+00 3.8420614944644871E-01
 9.0694976353754616E-03 -5.9249473533143065E-03 -1.7123448211915761E-03
0
0.0
 -1.1407996218300525E+00 -2.3170985309886123E+00 3.8420614944644871E-01
 9.0747010920390822E-03 -5.9835713252356848E-03 -1.6161669118195134E-03
0
0.0
 -1.1407996218300525E+00 -2.3170985309886123E+00 3.8420614944644871E-01
 8.7902308117733721E-03 -5.9437742541624591E-03 -1.5755119156695666E-03
0
0.0
