20
-1
1
 -0.73760302  -0.60153443  -0.30675416  4.12910154e-04
 -0.27590517   0.69021088  -0.66894340  1.86532821e-04
 -0.51038623  -0.34737675  -0.78666085  1.84662066e-04
  0.25138870  -0.22888564   0.94043346  6.13422403e-04
 -0.71280884  -0.20723742  -0.67004194  1.94184579e-04
  0.12402313   0.99189212  -0.02771791  2.20814895e-04
 -0.53560366   0.40091136  -0.74323536  2.10569714e-04
 -0.07684631   0.40022112  -0.91319094  5.37143015e-04
 -0.00080508  -0.08075171  -0.99673392  2.12087315e-04
 -0.47416388   0.61779484   0.62729431  3.05354802e-04
  0.28602520  -0.91760843   0.27601512  1.89484519e-04
 -0.17951222  -0.49072706  -0.85262085  3.56974431e-04
 -0.87544347   0.10862063  -0.47095678  2.97748031e-04
 -0.20867783   0.46870095   0.85835481  1.61163761e-04
 -0.37742351  -0.36589572   0.85068903  2.58737978e-04
  0.65890436  -0.40531709   0.63369007  4.07185751e-04
 -0.14552034   0.43231211   0.88990453  2.93831721e-04
 -0.63984434  -0.09872187   0.76213726  3.39075081e-04
 -0.27494841   0.94241188  -0.19042905  1.96219105e-04
 -0.80730452  -0.58237479  -0.09538879  1.81402277e-04
