20
-1
1
 -0.07102980  -0.23894062   0.96843283  3.47832532e-04
  0.78367411  -0.61117637  -0.11098802  2.14375211e-04
  0.45026684  -0.01557153   0.89275825  6.34206797e-04
  0.60923161  -0.15306677   0.77807931  2.35847299e-04
 -0.48491280   0.87397064   0.03216988  1.54755778e-04
  0.30366512  -0.93413174  -0.18757766  2.22733360e-04
 -0.80361541  -0.59274258   0.05346495  1.83855717e-04
  0.50756869  -0.73468621   0.45012242  2.33466686e-04
  0.64393177   0.26142529   0.71903317  6.34677850e-04
 -0.74890663   0.24559403   0.61548552  2.70926123e-04
  0.60154255  -0.76882481  -0.21692159  3.48834447e-04
  0.47724815  -0.08380286   0.87476356  1.53295333e-04
 -0.67690627   0.15663328   0.71921062  4.66329774e-04
 -0.46540560   0.49327148   0.73490195  1.63296057e-04
 -0.04648149   0.73816055  -0.67302190  3.31421870e-04
  0.43046872   0.89356068   0.12745976  6.13919912e-04
  0.76560726   0.63928992  -0.07179083  4.25669130e-04
  0.06741082   0.66657886   0.74238023  1.72752538e-04
  0.83905845   0.44080696   0.31885755  2.03060575e-04
  0.45048376  -0.19896477  -0.87033177  3.35434926e-04
