20
 -1.1407996218300525E+00 -2.3170985309886123E+00 3.8420614944644871E-01
 8.8501075785502661E-03 -5.7785331600496226E-03 -1.7367677309235434E-03
0
0.0
 -1.1407996218300525E+00 -2.3170985309886123E+00 3.8420614944644871E-01
 8.7705515036882124E-03 -5.7154290177245408E-03 -1.8563930977748911E-03
0
0.0
 -1.1407996218300525E+00 -2.3170985309886123E+00 3.8420614944644871E-01
 8.8005616220789215E-03 -5.7603448883115785E-03 -1.5900085042316054E-03
0
0.0
 -1.1407996218300525E+00 -2.3170985309886123E+00 3.8420614944644871E-01
 8.6478582576711253E-03 -5.9342425055914673E-03 -1.4124151004745109E-03
0
0.0
 -1.1407996218300525E+00 -2.3170985309886123E+00 3.8420614944644871E-01
 8.6437931060617517E-03 -6.1244468356131763E-03 -1.6969989802637407E-03
0
0.0
 -1.1407996218300525E+00 -2.3170985309886123E+00 3.8420614944644871E-01
 8.8299880738053910E-03 -5.9374933602859611E-03 -1.6664477117246180E-03
0
0.0
 -1.1407996218300525E+00 -2.3170985309886123E+00 3.8420614944644871E-01
 8.6314867291738349E-03 -5.8976376662153119E-03 -1.3166363259002182E-03
0
0.0
 -1.1407996218300525E+00 -2.3170985309886123E+00 3.8420614944644871E-01
 8.9872654455410757E-03 -5.9640911638858566E-03 -1.4602052916495997E-03
0
0.0
 -1.1407996218300525E+00 -2.3170985309886123E+00 3.8420614944644871E-01
 8.9451928610502218E-03 -6.0109585988789693E-03 -1.3846782396540770E-03
0
0.0
 -1.1407996218300525E+00 -2.3170985309886123E+00 3.8420614944644871E-01
 8.7460777856696557E-03 -5.9933505725843312E-03 -1.6075134102635392E-03
0
0.0
 -1.1407996218300525E+00 -2.3170985309886123E+00 3.8420614944644871E-01
 8.8322362427838697E-03 -6.1052535257254160E-03 -1.4348207194869972E-03
0
0.0
 -1.1407996218300525E+00 -2.3170985309886123E+00 3.8420614944644871E-01
 8.8627682987342041E-03 -5.9340727002422490E-03 -1.8133675125839525E-03
0
0.0
 -1.1407996218300525E+00 -2.3170985309886123E+00 3.8420614944644871E-01
 8.9383713824937074E-03 -5.8325675328987463E-03 -1.6129318505967640E-03
0
0.0
 -1.1407996218300525E+00 -2.3170985309886123E+00 3.8420614944644871E-01
 8.9158899606890715E-03 -5.6870677875182395E-03 -1.5325990800517646E-03
0
0.0
 -1.1407996218300525E+00 -2.3170985309886123E+00 3.8420614944644871E-01
 8.7307274710411078E-03 -5.8176764427958954E-03 -1.5393186010953842E-03
0
0.0
 -1.1407996218300525E+00 -2.3170985309886123E+00 3.8420614944644871E-01
 8.7450504221209882E-03 -6.0480783374862335E-03 -1.6581898540426352E-03
0
0.0
 -1.1407996218300525E+00 -2.3170985309886123E+00 3.8420614944644871E-01
 8.6820510223477605E-03 -6.0221119958730083E-03 -1.6296829606045518E-03
0
0.0
 -1.1407996218300525E+00 -2.3170985309886123E+00 3.8420614944644871E-01
 8.9464575121259247E-03 -5.9279039454977010E-03 -1.8798827017471971E-03
0
0.0
 -1.1407996218300525E+00 -2.3170985309886123E+00 3.8420614944644871E-01
 8.6862921397753163E-03 -5.7533656399724213E-03 -1.6979631405289735E-03
0
0.0
 -1.1407996218300525E+00 -2.3170985309886123E+00 3.8420614944644871E-01
 8.9003893634894710E-03 -6.1553814841794350E-03 -1.5181926972509415E-03
0
0.0
