20
-1
1
 -0.48939980   0.87118484   0.03904868  2.81617581e-04
  0.48749585  -0.67327086   0.55592639  2.49199410e-04
 -0.49587862   0.54042676   0.67973768  1.86810901e-04
 -0.68583282   0.04721395  -0.72622599  4.19587757e-04
 -0.49941087  -0.86600160  -0.02510004  3.50192099e-04
 -0.92603456  -0.02224019  -0.37678292  2.83355178e-04
 -0.88939412  -0.45237185   0.06586205  2.04824157e-04
 -0.13363579  -0.96866925  -0.20933552  2.47763127e-04
 -0.68903081  -0.33844303  -0.64085322  2.04497907e-04
  0.22508134  -0.97366005  -0.03639356  2.85665461e-04
 -0.31830343   0.80245486  -0.50472677  1.91876970e-04
  0.81080007  -0.19948778   0.55027982  3.38985332e-04
  0.91743682   0.16185808  -0.36347164  4.18712315e-04
  0.36889057   0.43535616   0.82120933  1.94836311e-04
 -0.88046520   0.43246222  -0.19431279  6.74523252e-04
 -0.85471390  -0.31361228  -0.41365624  3.86944708e-04
  0.73994107   0.66654750  -0.09056288  4.76092962e-04
 -0.38098713  -0.18832067  -0.90519840  3.73851567e-04
 -0.93531058  -0.25250943  -0.24785704  1.83373673e-04
 -0.19287990   0.91678950  -0.34970611  3.49102003e-04
