20
 -1.1407996218300525E+00 -2.3170985309886123E+00 3.8420614944644871E-01
 8.8908064853478724E-03 -5.8361944178383007E-03 -1.6620059348880986E-03
0
0.0
 -1.1407996218300525E+00 -2.3170985309886123E+00 3.8420614944644871E-01
 8.8919251912334008E-03 -5.8519694250046038E-03 -1.6897213783451217E-03
0
0.0
 -1.1407996218300525E+00 -2.3170985309886123E+00 3.8420614944644871E-01
 8.5896025440671542E-03 -5.9555631137606516E-03 -1.5158940341641271E-03
0
0.0
 -1.1407996218300525E+00 -2.3170985309886123E+00 3.8420614944644871E-01
 8.7697661612284507E-03 -5.9169219033403993E-03 -1.6193082096858740E-03
0
0.0
 -1.1407996218300525E+00 -2.3170985309886123E+00 3.8420614944644871E-01
 8.8557199059237594E-03 -5.9387618362291656E-03 -1.6358862702687308E-03
0
0.0
 -1.1407996218300525E+00 -2.3170985309886123E+00 3.8420614944644871E-01
 8.7987545050230084E-03 -5.9258604366139505E-03 -1.5765769469402410E-03
0
0.0
 -1.1407996218300525E+00 -2.3170985309886123E+00 3.8420614944644871E-01
 8.7617144169963076E-03 -5.8389841509953683E-03 -1.7353935498925187E-03
0
0.0
 -1.1407996218300525E+00 -2.3170985309886123E+00 3.8420614944644871E-01
 8.8597549437671869E-03 -5.9604307469285182E-03 -1.4802653399208529E-03
0
0.0
 -1.1407996218300525E+00 -2.3170985309886123E+00 3.8420614944644871E-01
 8.6514008151940217E-03 -5.9488067311030731E-03 -1.5843041690327647E-03
0
0.0
 -1.1407996218300525E+00 -2.3170985309886123E+00 3.8420614944644871E-01
 8.7097292450593507E-03 -5.9368663114548201E-03 -1.6586613777876057E-03
0
0.0
 -1.1407996218300525E+00 -2.3170985309886123E+00 3.8420614944644871E-01
 8.9457226138345072E-03 -6.0034105122962539E-03 -1.7154779174878541E-03
0
0.0
 -1.1407996218300525E+00 -2.3170985309886123E+00 3.8420614944644871E-01
 8.6001457377124068E-03 -5.9863339797891751E-03 -1.6818661708816855E-03
0
0.0
 -1.1407996218300525E+00 -2.3170985309886123E+00 3.8420614944644871E-01
 8.7604456852618910E-03 -6.0291587345355415E-03 -1.5931100759720136E-03
0
0.0
 -1.1407996218300525E+00 -2.3170985309886123E+00 3.8420614944644871E-01
 8.6701051151452675E-03 -5.8034526768668089E-03 -1.7005742096559990E-03
0
0.0
 -1.1407996218300525E+00 -2.3170985309886123E+00 3.8420614944644871E-01
 8.6722919440574264E-03 -5.7663096466503208E-03 -1.6480720021977999E-03
0
0.0
 -1.1407996218300525E+00 -2.3170985309886123E+00 3.8420614944644871E-01
 8.7738521337799042E-03 -5.8991359319464460E-03 -1.6228771823237006E-03
0
0.0
 -1.1407996218300525E+00 -2.3170985309886123E+00 3.8420614944644871E-01
 8.8714076802746695E-03 -6.0231452846712698E-03 -1.6035565314027670E-03
0
0.0
 -1.1407996218300525E+00 -2.3170985309886123E+00 3.8420614944644871E-01
 8.6118197025933704E-03 -5.9839823800656635E-03 -1.5881321314202422E-03
0
0.0
 -1.1407996218300525E+00 -2.3170985309886123E+00 3.8420614944644871E-01
 8.6879105828795329E-03 -5.8570891135641080E-03 -1.5717527005439066E-03
0
0.0
 -1.1407996218300525E+00 -2.3170985309886123E+00 3.8420614944644871E-01
 8.8070726537256665E-03 -5.9743456554037537E-03 -1.7389100124673197E-03
0
0.0
