50
-1
1
 -0.98393805   0.16775253  -0.06103275  2.24328860e-04
 -0.37754716   0.78779423   0.48666044  1.51192368e-04
  0.07346818  -0.80964831  -0.58229892  2.42888770e-04
  0.34450379  -0.90354181  -0.25481235  2.99132573e-04
 -0.03407136   0.44912237   0.89282038  2.60513391e-04
 -0.28599843  -0.86647241   0.40918267  4.85841946e-04
 -0.76034031   0.41696838   0.49801605  1.67177338e-04
 -0.37974981   0.54562412   0.74705047  1.51281101e-04
 -0.16736433  -0.58671056   0.79231300  1.47397994e-04
  0.01190382   0.69289709   0.72093822  2.09717442e-04
  0.79341968   0.33759695  -0.50647163  1.52009869e-04
  0.86079449   0.50486740   0.06435646  1.81807982e-04
 -0.07892895   0.38198023  -0.92079386  2.84672403e-04
 -0.21754903   0.48896590   0.84473947  1.70589669e-04
  0.38791961  -0.91997782  -0.05620666  1.68232858e-04
 -0.84614817  -0.01089893  -0.53283626  2.48574585e-04
  0.24774816   0.79817815  -0.54911974  2.69538217e-04
 -0.31226676   0.93598674  -0.16253703  2.43994700e-04
 -0.65200872  -0.73245304  -0.19595198  7.61134105e-04
  0.19526220  -0.97842454  -0.06751363  2.06073232e-04
 -0.47319492   0.72454371  -0.50112172  1.70998803e-04
 -0.08317717   0.92554505  -0.36938859  1.58488001e-04
  0.69558245   0.19542509  -0.69135670  2.94135148e-04
 -0.23009406   0.88730630  -0.39968019  2.45561878e-04
  0.20281757  -0.59983236   0.77399366  2.61274348e-04
  0.22811228  -0.94541148  -0.23272715  1.65972017e-04
 -0.08891374  -0.05582084   0.99447392  1.55919833e-04
  0.03471921   0.09844044  -0.99453711  3.27901745e-04
 -0.46968628   0.05405674   0.88117687  2.95840064e-04
  0.36267626   0.04250022  -0.93094557  2.37474202e-04
  0.07490682   0.76737010   0.63681402  2.22006126e-04
  0.02267652   0.41499798   0.90953969  3.12506145e-04
  0.39271112  -0.50801165   0.76661734  8.53697789e-04
 -0.46380818   0.67171965  -0.57764582  3.78409450e-04
 -0.21321053  -0.10326163  -0.97153400  1.94394128e-04
  0.53229174   0.79933238  -0.27880682  2.23318166e-04
  0.59787368  -0.79447222   0.10658778  1.59679963e-04
  0.07044681  -0.83792037   0.54122703  4.62918578e-04
  0.66022746  -0.56015156  -0.50032983  1.86628044e-04
 -0.71636141   0.69630140   0.04461724  6.14904831e-04
  0.89743513   0.30114057   0.32237328  1.58460299e-04
  0.88089194   0.42742367   0.20331846  1.73937021e-04
  0.66398841   0.03343462   0.74699499  1.70280562e-04
 -0.34639661  -0.85940927  -0.37606528  4.08106985e-04
  0.18884939  -0.10863091   0.97597912  1.56407576e-04
  0.04704514  -0.47234600   0.88015681  1.84265340e-04
 -0.22175734  -0.66226438  -0.71570215  4.78916176e-04
 -0.66803980   0.57847267   0.46807285  3.85542644e-04
  0.51351910   0.55441607   0.65492057  4.67229504e-04
 -0.42635577  -0.24552201  -0.87059732  2.57620487e-04
