20
-1
1
  0.52539613   0.18859436   0.82969336  1.49663616e-04
  0.95055273   0.11128208  -0.28994104  1.58417360e-04
 -0.93432079   0.24549332  -0.25841379  3.73115965e-04
 -0.05509856  -0.28980620   0.95549805  6.21395923e-04
  0.68312878   0.60592777   0.40765992  1.98587300e-04
  0.90489491  -0.41863212  -0.07689178  3.36381651e-04
  0.06994609  -0.92973446  -0.36152646  2.77346383e-04
  0.54122843  -0.14642989  -0.82802782  5.33586503e-04
  0.10175876  -0.66510155   0.73978719  7.41637537e-04
 -0.05924335  -0.60892790  -0.79101014  2.51734058e-04
  0.47319536   0.88083360  -0.01477562  4.60835867e-04
 -0.72126609   0.69040870   0.05577685  1.79352703e-04
 -0.96858242  -0.03569926   0.24611717  3.83974931e-04
 -0.86918835  -0.46471624  -0.16896869  2.67626167e-04
  0.36695986  -0.27683099  -0.88809068  7.39372718e-04
 -0.57013287  -0.74107294   0.35462574  2.74178444e-04
 -0.73939692   0.52379442  -0.42300307  5.48693181e-04
  0.79129487  -0.47431468   0.38584714  2.24854148e-04
 -0.62071302   0.76799352   0.15780146  5.46106729e-04
 -0.04896854   0.48744731  -0.87177819  3.82745489e-04
