50
-1
1
  0.29497031  -0.13739381   0.94557679  1.86076911e-04
  0.59183756  -0.54269090  -0.59599907  3.10904319e-04
  0.37091627   0.43696850   0.81943862  2.20000890e-04
  0.00614450  -0.99563709  -0.09310759  2.29363938e-04
 -0.73670929   0.24709444   0.62944719  1.63943367e-04
 -0.90794201  -0.40429979   0.11037654  1.64436774e-04
  0.72220909  -0.10304133  -0.68395652  1.58440944e-04
 -0.46585293  -0.56362522  -0.68213464  1.80545115e-04
  0.11307651  -0.37034776  -0.92198495  2.41127738e-04
  0.02651292  -0.14483772  -0.98910015  2.43367228e-04
 -0.54285552   0.33230791  -0.77128422  2.37475466e-04
  0.62502047  -0.78020881  -0.02497254  1.83586605e-04
 -0.58859687   0.34530295  -0.73097168  2.94963921e-04
 -0.06230739  -0.93758224  -0.34213643  2.67004804e-04
 -0.80706637   0.38019488   0.45176955  1.74444125e-04
  0.63719603  -0.50564999  -0.58163503  2.08703383e-04
  0.13063253  -0.89173836   0.43328726  1.65079825e-04
 -0.80624871  -0.26269688  -0.53005034  1.53819207e-04
 -0.57497372   0.11415576  -0.81016892  2.04279295e-04
  0.41814228  -0.15867682   0.89441528  2.02320532e-04
 -0.67277476  -0.29194528   0.67981033  4.16607339e-04
  0.60505984  -0.79324723  -0.06827459  1.77335192e-04
 -0.47634525  -0.68174913   0.55525969  1.52896430e-04
 -0.55647483  -0.70226031  -0.44403403  3.89821357e-04
 -0.27210405  -0.08166696   0.95879606  1.66099867e-04
 -0.59055926  -0.43873181  -0.67731393  4.88235448e-04
 -0.41252689  -0.00786479  -0.91091147  3.14060566e-04
 -0.58495612   0.73331593  -0.34651709  1.86149423e-04
  0.41483236  -0.64378901  -0.64300064  3.34218716e-04
 -0.46655421   0.19219062  -0.86335968  1.69775769e-04
 -0.91473575   0.28237923   0.28899910  1.91368233e-04
  0.90299849  -0.42660091  -0.05104302  2.81031530e-04
 -0.35993857   0.76775200  -0.53009536  6.47646818e-04
 -0.84634466   0.40090978   0.35067373  3.39847466e-04
  0.52866818  -0.68418211   0.50239904  1.50243320e-04
 -0.28713171  -0.90557018  -0.31224674  1.79929239e-04
 -0.09982562  -0.16126431  -0.98184962  6.76856037e-04
 -0.03864010  -0.94941660   0.31163289  1.69643373e-04
  0.20625278   0.95046551  -0.23254055  3.76267345e-04
  0.83252780  -0.25940695  -0.48949515  1.86637053e-04
 -0.85637372  -0.24243081  -0.45590717  3.18849417e-04
  0.36720634  -0.07278912   0.92728703  1.96479487e-04
  0.55458677  -0.75606909   0.34755294  1.69308806e-04
 -0.85946005  -0.09297446  -0.50267701  3.70953932e-04
 -0.25627756   0.88787333   0.38210307  2.17523504e-04
  0.68941055  -0.49083451  -0.53272373  3.37664474e-04
 -0.84328503   0.46156820  -0.27536369  2.17412680e-04
  0.53624200   0.82800760  -0.16385339  2.37575705e-04
 -0.59062860   0.78210707  -0.19866150  4.31200538e-04
 -0.04582875  -0.97994937   0.19390450  6.51837494e-04
