50
 -1.1407996218300525E+00 -2.3170985309886123E+00 3.8420614944644871E-01
 8.5080727225394642E-03 -5.8228446378507702E-03 -1.5468980732035753E-03
0
0.0
 -1.1407996218300525E+00 -2.3170985309886123E+00 3.8420614944644871E-01
 8.7844429981908095E-03 -5.9513158413434112E-03 -1.7863268934508807E-03
0
0.0
 -1.1407996218300525E+00 -2.3170985309886123E+00 3.8420614944644871E-01
 8.8736378295927159E-03 -5.8854054857930393E-03 -1.6640135942190021E-03
0
0.0
 -1.1407996218300525E+00 -2.3170985309886123E+00 3.8420614944644871E-01
 8.7714210560477165E-03 -5.9848677875680295E-03 -1.5411145115066670E-03
0
0.0
 -1.1407996218300525E+00 -2.3170985309886123E+00 3.8420614944644871E-01
 8.7454012262982474E-03 -5.9287373006075648E-03 -1.6159458471745524E-03
0
0.0
 -1.1407996218300525E+00 -2.3170985309886123E+00 3.8420614944644871E-01
 8.6968157785657363E-03 -5.7779291957500787E-03 -1.8916986814698682E-03
0
0.0
 -1.1407996218300525E+00 -2.3170985309886123E+00 3.8420614944644871E-01
 8.8928912586420505E-03 -5.9339992669168451E-03 -1.4258411595391731E-03
0
0.0
 -1.1407996218300525E+00 -2.3170985309886123E+00 3.8420614944644871E-01
 8.8448749960766126E-03 -5.8542065748086224E-03 -1.4134209013068695E-03
0
0.0
 -1.1407996218300525E+00 -2.3170985309886123E+00 3.8420614944644871E-01
 8.8204103029017756E-03 -6.0854065297638212E-03 -1.5617529503757950E-03
0
0.0
 -1.1407996218300525E+00 -2.3170985309886123E+00 3.8420614944644871E-01
 8.7305986021495498E-03 -5.9431984153325151E-03 -1.7153433789815708E-03
0
0.0
 -1.1407996218300525E+00 -2.3170985309886123E+00 3.8420614944644871E-01
 8.8475463611023680E-03 -6.0110101091434198E-03 -1.6598369010941917E-03
0
0.0
 -1.1407996218300525E+00 -2.3170985309886123E+00 3.8420614944644871E-01
 8.7854440852998938E-03 -5.9080780497358680E-03 -1.6187309734541795E-03
0
0.0
 -1.1407996218300525E+00 -2.3170985309886123E+00 3.8420614944644871E-01
 8.8257644857862270E-03 -6.1728717095323833E-03 -1.5643782014500584E-03
0
0.0
 -1.1407996218300525E+00 -2.3170985309886123E+00 3.8420614944644871E-01
 8.7966428606070460E-03 -5.9165651968433510E-03 -1.5607498046652938E-03
0
0.0
 -1.1407996218300525E+00 -2.3170985309886123E+00 3.8420614944644871E-01
 8.7589594725771061E-03 -5.8929745567839397E-03 -1.5657135697133861E-03
0
0.0
 -1.1407996218300525E+00 -2.3170985309886123E+00 3.8420614944644871E-01
 8.7335215895284254E-03 -5.8827842933092773E-03 -1.7567740171241929E-03
0
0.0
 -1.1407996218300525E+00 -2.3170985309886123E+00 3.8420614944644871E-01
 8.8250706144514298E-03 -6.0630412231452583E-03 -1.6713429442213709E-03
0
0.0
 -1.1407996218300525E+00 -2.3170985309886123E+00 3.8420614944644871E-01
 8.8461240637675402E-03 -5.9236009801752667E-03 -1.7775402112185444E-03
0
0.0
 -1.1407996218300525E+00 -2.3170985309886123E+00 3.8420614944644871E-01
 8.6743996110949500E-03 -5.9432851675815454E-03 -1.7557545386256890E-03
0
0.0
 -1.1407996218300525E+00 -2.3170985309886123E+00 3.8420614944644871E-01
 8.7421788145805052E-03 -5.9417989727033223E-03 -1.6806785589314045E-03
0
0.0
 -1.1407996218300525E+00 -2.3170985309886123E+00 3.8420614944644871E-01
 8.7092680780942369E-03 -6.0344568546059716E-03 -1.5335531246685719E-03
0
0.0
 -1.1407996218300525E+00 -2.3170985309886123E+00 3.8420614944644871E-01
 8.9880201801234329E-03 -6.0188026075758249E-03 -1.5397828044870553E-03
0
0.0
 -1.1407996218300525E+00 -2.3170985309886123E+00 3.8420614944644871E-01
 8.8295701483169214E-03 -5.8340352345728728E-03 -1.4410897005173167E-03
0
0.0
 -1.1407996218300525E+00 -2.3170985309886123E+00 3.8420614944644871E-01
 8.6133159023668807E-03 -5.8279896512745434E-03 -1.4621204240826290E-03
0
0.0
 -1.1407996218300525E+00 -2.3170985309886123E+00 3.8420614944644871E-01
 8.7211522196137432E-03 -6.0078158025302884E-03 -1.6071294858585703E-03
0
0.0
 -1.1407996218300525E+00 -2.3170985309886123E+00 3.8420614944644871E-01
 9.0243287392930555E-03 -5.8080546876556798E-03 -1.6693033026413861E-03
0
0.0
 -1.1407996218300525E+00 -2.3170985309886123E+00 3.8420614944644871E-01
 8.8354143930916736E-03 -5.7533195909775800E-03 -1.8718282771911384E-03
0
0.0
 -1.1407996218300525E+00 -2.3170985309886123E+00 3.8420614944644871E-01
 8.6552138470237499E-03 -5.7668135501942781E-03 -1.4939049383940245E-03
0
0.0
 -1.1407996218300525E+00 -2.3170985309886123E+00 3.8420614944644871E-01
 8.8087393423401019E-03 -5.9848916905422848E-03 -1.8278573827352404E-03
0
0.0
 -1.1407996218300525E+00 -2.3170985309886123E+00 3.8420614944644871E-01
 8.8335311160232920E-03 -5.6520986450532109E-03 -1.8170813736675285E-03
0
0.0
 -1.1407996218300525E+00 -2.3170985309886123E+00 3.8420614944644871E-01
 8.8199276259705046E-03 -5.8174402728451294E-03 -1.5957349588486551E-03
0
0.0
 -1.1407996218300525E+00 -2.3170985309886123E+00 3.8420614944644871E-01
 8.9141046837513203E-03 -5.7760898938912465E-03 -1.6320183607398835E-03
0
0.0
 -1.1407996218300525E+00 -2.3170985309886123E+00 3.8420614944644871E-01
 8.7607969625050283E-03 -6.2143240723887064E-03 -1.6314544598909620E-03
0
0.0
 -1.1407996218300525E+00 -2.3170985309886123E+00 3.8420614944644871E-01
 8.7431519778773288E-03 -5.7356725479848457E-03 -1.5355583247240211E-03
0
0.0
 -1.1407996218300525E+00 -2.3170985309886123E+00 3.8420614944644871E-01
 8.9597518157382480E-03 -6.0815063981309496E-03 -1.5815313705603634E-03
0
0.0
 -1.1407996218300525E+00 -2.3170985309886123E+00 3.8420614944644871E-01
 8.5352543082604562E-03 -5.9655748272952796E-03 -1.4896330533970079E-03
0
0.0
 -1.1407996218300525E+00 -2.3170985309886123E+00 3.8420614944644871E-01
 8.7469103583999227E-03 -5.9978377106252008E-03 -1.6634069202918257E-03
0
0.0
 -1.1407996218300525E+00 -2.3170985309886123E+00 3.8420614944644871E-01
 8.7011515917284777E-03 -5.8182635953350969E-03 -1.6216890188611856E-03
0
0.0
 -1.1407996218300525E+00 -2.3170985309886123E+00 3.8420614944644871E-01
 8.6684969507642377E-03 -5.9048402447817797E-03 -1.6002961892305823E-03
0
0.0
 -1.1407996218300525E+00 -2.3170985309886123E+00 3.8420614944644871E-01
 8.7841108085504726E-03 -5.9646055783697510E-03 -1.7586889352965008E-03
0
0.0
 -1.1407996218300525E+00 -2.3170985309886123E+00 3.8420614944644871E-01
 8.8816605350940728E-03 -5.8063292058929440E-03 -1.6335740178669280E-03
0
0.0
 -1.1407996218300525E+00 -2.3170985309886123E+00 3.8420614944644871E-01
 8.7901282295068210E-03 -5.9936337222929415E-03 -1.7001154923665020E-03
0
0.0
 -1.1407996218300525E+00 -2.3170985309886123E+00 3.8420614944644871E-01
 8.8139346775102153E-03 -5.8069971062306063E-03 -1.5447658634204313E-03
0
0.0
 -1.1407996218300525E+00 -2.3170985309886123E+00 3.8420614944644871E-01
 8.8574891039068359E-03 -5.9306369311422228E-03 -1.7785892820508919E-03
0
0.0
 -1.1407996218300525E+00 -2.3170985309886123E+00 3.8420614944644871E-01
 8.8208894443436263E-03 -5.9276466191376673E-03 -1.4949105169303454E-03
0
0.0
 -1.1407996218300525E+00 -2.3170985309886123E+00 3.8420614944644871E-01
 8.5642928323473085E-03 -5.8828867233063475E-03 -1.4849185253602692E-03
0
0.0
 -1.1407996218300525E+00 -2.3170985309886123E+00 3.8420614944644871E-01
 8.6512031924217084E-03 -5.6174438736683050E-03 -1.5332027767561217E-03
0
0.0
 -1.1407996218300525E+00 -2.3170985309886123E+00 3.8420614944644871E-01
 8.8659551224556533E-03 -5.8948064923461906E-03 -1.6112326026535661E-03
0
0.0
 -1.1407996218300525E+00 -2.3170985309886123E+00 3.8420614944644871E-01
 8.9320536001476856E-03 -5.8209082750084323E-03 -1.4553708080772617E-03
0
0.0
 -1.1407996218300525E+00 -2.3170985309886123E+00 3.8420614944644871E-01
 8.6256346031972526E-03 -5.6979115172368349E-03 -1.8078072235082241E-03
0
0.0
