50
-1
1
  0.04720603   0.80885191   0.58611447  1.69878303e-04
  0.32275022  -0.76926709   0.55141675  2.05619280e-04
  0.12830710  -0.29324093  -0.94738959  2.59164079e-04
  0.25082030  -0.56882887   0.78327703  1.51747703e-04
  0.52824801  -0.79838649   0.28902085  2.81993483e-04
 -0.90798241   0.12336518  -0.40043598  1.91567358e-04
  0.54536106  -0.03436967   0.83749629  1.68724732e-04
 -0.58261444   0.32991925  -0.74277433  1.48155577e-04
  0.41599378  -0.59657426   0.68632961  8.43405446e-04
  0.02477091  -0.68131148   0.73157438  2.48800222e-04
  0.94080217  -0.33775095   0.02855820  1.83194618e-04
  0.27060679  -0.95901936   0.08398707  2.32477636e-04
 -0.08690587  -0.98244668   0.16506329  1.48433044e-04
  0.73895772   0.55068645  -0.38818284  1.92044343e-04
 -0.23327343  -0.81390771   0.53210689  2.22691953e-04
 -0.26138617   0.84814771   0.46078490  1.78649846e-04
 -0.30836472   0.94108872  -0.13879202  2.11409122e-04
  0.88853418  -0.08558733  -0.45075695  2.32015484e-04
  0.98689591  -0.05751493  -0.15075972  1.69420280e-04
 -0.70396693   0.68964434  -0.16976821  1.63856036e-04
  0.27561122  -0.29195564  -0.91586045  5.46519713e-04
  0.15330421  -0.98621062   0.06234121  2.66875722e-04
  0.58106822  -0.77283013   0.25513391  1.86539027e-04
 -0.30656908   0.40278838  -0.86242503  7.54399920e-04
 -0.07606709  -0.06848364  -0.99474810  1.82910982e-04
  0.05827140   0.27000044   0.96109531  4.11263485e-04
 -0.62615752  -0.62392121   0.46759928  6.29755087e-04
  0.84870025  -0.52855706  -0.01831184  1.63307527e-04
 -0.75434893   0.51647681  -0.40522759  2.89214028e-04
  0.60068240   0.17915363   0.77915636  3.27496858e-04
  0.25545485  -0.94471121   0.20558100  4.27688326e-04
 -0.73973468  -0.45234221  -0.49817580  4.20025836e-04
  0.58558909   0.10980172  -0.80313697  1.90245847e-04
  0.27069164   0.77920572   0.56530035  1.91612451e-04
 -0.32804761  -0.39073339  -0.86006522  2.56202070e-04
  0.58197894  -0.81235410  -0.03716635  3.96250103e-04
 -0.10840496   0.70989975  -0.69590999  3.32694014e-04
 -0.44160711   0.12828230   0.88799032  2.40332837e-04
 -0.16883710   0.76952574  -0.61589299  7.13035605e-04
  0.10534415   0.23734434   0.96569678  2.02671366e-04
 -0.30533803  -0.93879228   0.15949214  3.82142518e-04
 -0.65663357   0.69873420  -0.28390647  6.53838078e-04
  0.74068871  -0.62405195   0.24887629  3.09351715e-04
  0.40450706  -0.65615448   0.63705207  4.71514113e-04
 -0.88516181  -0.04576813   0.46302684  3.08565895e-04
 -0.03474614   0.95359412  -0.29908353  2.43950920e-04
  0.69322504   0.13437321  -0.70808396  4.16385762e-04
 -0.78054430   0.27225719  -0.56269585  7.36491547e-04
 -0.13230845  -0.10892718  -0.98520523  1.78570080e-04
  0.41152719   0.84915926   0.33101951  1.89191530e-04
