50
-1
1
 -0.52779269   0.72286381  -0.44598520  4.51868858e-04
  0.46347175  -0.33265628  -0.82130003  2.77174559e-04
  0.97345657  -0.22495235   0.04217527  1.49683712e-04
  0.71420564   0.42039098   0.55962642  4.40044734e-04
  0.09778581   0.73112501  -0.67519935  2.73721477e-04
  0.24275689   0.60793989  -0.75596176  1.45655425e-04
 -0.24593489  -0.13481894   0.95986451  3.97905482e-04
 -0.65047595   0.34668700  -0.67578781  6.51673194e-04
 -0.66521656  -0.72207784   0.18997505  1.82724646e-04
  0.25627431   0.92110866  -0.29305684  1.90012798e-04
  0.45125365   0.10046518  -0.88672255  2.03368834e-04
 -0.19661024  -0.45298209   0.86956980  3.56612546e-04
  0.43952174  -0.38319947   0.81239080  3.85949864e-04
 -0.02741229  -0.21796413   0.97557173  2.31796052e-04
  0.73339263   0.07064910   0.67612422  1.77682307e-04
 -0.01422614   0.88163120  -0.47172454  4.80134481e-04
 -0.19540807  -0.61838567  -0.76119304  5.32938954e-04
  0.79336417  -0.53610561   0.28838180  1.59798350e-04
  0.75567605   0.17532107  -0.63104377  2.43272062e-04
  0.73494071   0.67632017  -0.04952957  1.93785764e-04
 -0.25664781  -0.92803265  -0.26997649  4.81686012e-04
  0.34523198   0.17108022  -0.92279274  3.24466870e-04
 -0.40545584   0.91410822   0.00342295  1.77356314e-04
 -0.06860032   0.50043520   0.86305192  2.93893530e-04
  0.23297551  -0.37380543  -0.89777052  1.74785529e-04
 -0.64730516   0.18689269  -0.73896357  2.72311342e-04
 -0.22206919   0.63348732  -0.74120111  2.07504516e-04
 -0.88898666  -0.45414209  -0.05880196  4.75295034e-04
  0.67381255  -0.69553207  -0.24942289  6.72961799e-04
 -0.90377715   0.42348308   0.06203982  2.40667299e-04
  0.27245208   0.53733890   0.79814583  3.67824286e-04
  0.98165227  -0.04586748   0.18508104  1.52673996e-04
  0.69441055  -0.63824477   0.33232154  6.41931184e-04
  0.57590847   0.45576868   0.67867838  1.98618938e-04
 -0.55547021  -0.78401927   0.27706791  2.50868455e-04
  0.76705784  -0.45447588  -0.45285091  7.74900479e-04
  0.75102298   0.47799786  -0.45550250  3.36265167e-04
  0.86746162  -0.39656409   0.30041183  1.46487473e-04
 -0.08426523  -0.75003892  -0.65600380  1.57534341e-04
  0.56465062   0.41989117   0.71053577  1.51934713e-04
  0.68574916   0.22273746   0.69291855  1.57946986e-04
  0.04731878   0.03869936   0.99812990  1.70199522e-04
  0.17746664  -0.92519048   0.33545219  1.80967616e-04
  0.36448201   0.41824941   0.83199778  4.30526357e-04
 -0.71767681   0.48673753   0.49802265  1.60795059e-04
 -0.61867038   0.14724784   0.77172860  3.46897614e-04
  0.46409027   0.87536148   0.13550830  2.44776461e-04
  0.95387205   0.03254467  -0.29844421  2.54303699e-04
  0.92481662  -0.35492092  -0.13691369  4.46189234e-04
  0.81259826   0.15500884   0.56183300  1.95714226e-04
