50
 -1.1407996218300525E+00 -2.3170985309886123E+00 3.8420614944644871E-01
 8.7360918478922040E-03 -5.7620379503131340E-03 -1.8206401535024511E-03
0
0.0
 -1.1407996218300525E+00 -2.3170985309886123E+00 3.8420614944644871E-01
 8.7625769028483839E-03 -5.8713116232265161E-03 -1.6579665040883048E-03
0
0.0
 -1.1407996218300525E+00 -2.3170985309886123E+00 3.8420614944644871E-01
 8.9538950380650441E-03 -6.0069122178750120E-03 -1.5162790682909427E-03
0
0.0
 -1.1407996218300525E+00 -2.3170985309886123E+00 3.8420614944644871E-01
 8.6947499822682753E-03 -5.6074712924487650E-03 -1.7396823291873870E-03
0
0.0
 -1.1407996218300525E+00 -2.3170985309886123E+00 3.8420614944644871E-01
 8.7608542276153851E-03 -5.7069608935360070E-03 -1.4881619393350804E-03
0
0.0
 -1.1407996218300525E+00 -2.3170985309886123E+00 3.8420614944644871E-01
 8.7950807807253995E-03 -6.1022266040347446E-03 -1.8463444458584673E-03
0
0.0
 -1.1407996218300525E+00 -2.3170985309886123E+00 3.8420614944644871E-01
 8.8849470465478184E-03 -5.8315025876855588E-03 -1.4720213196597765E-03
0
0.0
 -1.1407996218300525E+00 -2.3170985309886123E+00 3.8420614944644871E-01
 9.0038860567386476E-03 -6.0166674481026486E-03 -1.7208959320777263E-03
0
0.0
 -1.1407996218300525E+00 -2.3170985309886123E+00 3.8420614944644871E-01
 8.5567693035577420E-03 -6.1195923568629716E-03 -1.5503108168796185E-03
0
0.0
 -1.1407996218300525E+00 -2.3170985309886123E+00 3.8420614944644871E-01
 9.0436208183616515E-03 -5.7759401204650175E-03 -1.6536000699389813E-03
0
0.0
 -1.1407996218300525E+00 -2.3170985309886123E+00 3.8420614944644871E-01
 8.8349618502808203E-03 -5.9082094655032603E-03 -1.5816897009714665E-03
0
0.0
 -1.1407996218300525E+00 -2.3170985309886123E+00 3.8420614944644871E-01
 8.8516650255738624E-03 -5.8994240150630249E-03 -1.5746012685007918E-03
0
0.0
 -1.1407996218300525E+00 -2.3170985309886123E+00 3.8420614944644871E-01
 8.7972834968943481E-03 -5.8572774142908526E-03 -1.4995839377357338E-03
0
0.0
 -1.1407996218300525E+00 -2.3170985309886123E+00 3.8420614944644871E-01
 8.8152123444069225E-03 -5.9021525381744910E-03 -1.3408455287359481E-03
0
0.0
 -1.1407996218300525E+00 -2.3170985309886123E+00 3.8420614944644871E-01
 8.7812202943951482E-03 -5.9095917309282021E-03 -1.4858872160619003E-03
0
0.0
 -1.1407996218300525E+00 -2.3170985309886123E+00 3.8420614944644871E-01
 8.8026936690109841E-03 -6.0437637441312113E-03 -1.5472582983222609E-03
0
0.0
 -1.1407996218300525E+00 -2.3170985309886123E+00 3.8420614944644871E-01
 8.6590983359766879E-03 -5.9955348087008019E-03 -1.8472971522857386E-03
0
0.0
 -1.1407996218300525E+00 -2.3170985309886123E+00 3.8420614944644871E-01
 8.8142070919580758E-03 -5.9805121681054891E-03 -1.4691296407285466E-03
0
0.0
 -1.1407996218300525E+00 -2.3170985309886123E+00 3.8420614944644871E-01
 8.7582562557975245E-03 -5.8960709484075146E-03 -1.6434428788131923E-03
0
0.0
 -1.1407996218300525E+00 -2.3170985309886123E+00 3.8420614944644871E-01
 8.8997359883456612E-03 -6.1041849661408179E-03 -1.5860048485666835E-03
0
0.0
 -1.1407996218300525E+00 -2.3170985309886123E+00 3.8420614944644871E-01
 8.7205847567576912E-03 -5.6929789998047290E-03 -1.8809893415826443E-03
0
0.0
 -1.1407996218300525E+00 -2.3170985309886123E+00 3.8420614944644871E-01
 8.8141908271050038E-03 -5.9705056658272346E-03 -1.7246265410536376E-03
0
0.0
 -1.1407996218300525E+00 -2.3170985309886123E+00 3.8420614944644871E-01
 8.6767550227657593E-03 -5.7551520039154300E-03 -1.6833936978373223E-03
0
0.0
 -1.1407996218300525E+00 -2.3170985309886123E+00 3.8420614944644871E-01
 8.7523797347300626E-03 -5.9113670458847420E-03 -1.3714217647467972E-03
0
0.0
 -1.1407996218300525E+00 -2.3170985309886123E+00 3.8420614944644871E-01
 8.9029586101085738E-03 -6.0645445925233766E-03 -1.7318891425580237E-03
0
0.0
 -1.1407996218300525E+00 -2.3170985309886123E+00 3.8420614944644871E-01
 8.5112731092022546E-03 -5.8118477335550181E-03 -1.4933702896679812E-03
0
0.0
 -1.1407996218300525E+00 -2.3170985309886123E+00 3.8420614944644871E-01
 8.7407937092474422E-03 -5.9395383366758515E-03 -1.6874592804153482E-03
0
0.0
 -1.1407996218300525E+00 -2.3170985309886123E+00 3.8420614944644871E-01
 8.7833277142679959E-03 -5.9226717365901882E-03 -1.7009851800259580E-03
0
0.0
 -1.1407996218300525E+00 -2.3170985309886123E+00 3.8420614944644871E-01
 8.8047537765667157E-03 -5.9026558717237181E-03 -1.6510179358638528E-03
0
0.0
 -1.1407996218300525E+00 -2.3170985309886123E+00 3.8420614944644871E-01
 8.8531114504904768E-03 -5.7383511367925842E-03 -1.6866112433800743E-03
0
0.0
 -1.1407996218300525E+00 -2.3170985309886123E+00 3.8420614944644871E-01
 8.9190117323090425E-03 -6.1005804593096402E-03 -1.5476296891066719E-03
0
0.0
 -1.1407996218300525E+00 -2.3170985309886123E+00 3.8420614944644871E-01
 8.7966204622776725E-03 -5.8049517156485552E-03 -1.4774045880925162E-03
0
0.0
 -1.1407996218300525E+00 -2.3170985309886123E+00 3.8420614944644871E-01
 8.8533530586338265E-03 -5.9976258259372556E-03 -1.7402855016735205E-03
0
0.0
 -1.1407996218300525E+00 -2.3170985309886123E+00 3.8420614944644871E-01
 8.6140534519519481E-03 -5.7409618501188669E-03 -1.5558983250688067E-03
0
0.0
 -1.1407996218300525E+00 -2.3170985309886123E+00 3.8420614944644871E-01
 8.7003590299192333E-03 -5.8838607554180938E-03 -1.5321536093737412E-03
0
0.0
 -1.1407996218300525E+00 -2.3170985309886123E+00 3.8420614944644871E-01
 8.8281973152944601E-03 -5.7785938681205531E-03 -1.3100459066508272E-03
0
0.0
 -1.1407996218300525E+00 -2.3170985309886123E+00 3.8420614944644871E-01
 9.0016912978900694E-03 -5.7569093529628024E-03 -1.5733625511931656E-03
0
0.0
 -1.1407996218300525E+00 -2.3170985309886123E+00 3.8420614944644871E-01
 8.4870599713246942E-03 -5.9701148068185194E-03 -1.5424465333103263E-03
0
0.0
 -1.1407996218300525E+00 -2.3170985309886123E+00 3.8420614944644871E-01
 8.6950970978599135E-03 -6.0670362398403720E-03 -1.4140349579247918E-03
0
0.0
 -1.1407996218300525E+00 -2.3170985309886123E+00 3.8420614944644871E-01
 8.6598182787901209E-03 -5.7979939911006334E-03 -1.5597120646527927E-03
0
0.0
 -1.1407996218300525E+00 -2.3170985309886123E+00 3.8420614944644871E-01
 8.7695467624478371E-03 -5.8989891107615921E-03 -1.5634081115463666E-03
0
0.0
 -1.1407996218300525E+00 -2.3170985309886123E+00 3.8420614944644871E-01
 8.6771720047128121E-03 -5.7892311629049540E-03 -1.5897382934535105E-03
0
0.0
 -1.1407996218300525E+00 -2.3170985309886123E+00 3.8420614944644871E-01
 8.7128870464782127E-03 -5.9039959821703177E-03 -1.7306786092851645E-03
0
0.0
 -1.1407996218300525E+00 -2.3170985309886123E+00 3.8420614944644871E-01
 8.9146105822736858E-03 -5.9105136566677463E-03 -1.6303593818369577E-03
0
0.0
 -1.1407996218300525E+00 -2.3170985309886123E+00 3.8420614944644871E-01
 8.6938318352920898E-03 -5.7808798923589585E-03 -1.8391278464000120E-03
0
0.0
 -1.1407996218300525E+00 -2.3170985309886123E+00 3.8420614944644871E-01
 8.7195470147354449E-03 -5.9989757500743717E-03 -1.6958389991944790E-03
0
0.0
 -1.1407996218300525E+00 -2.3170985309886123E+00 3.8420614944644871E-01
 8.6723268600336374E-03 -6.1350113774316624E-03 -1.8280073101682411E-03
0
0.0
 -1.1407996218300525E+00 -2.3170985309886123E+00 3.8420614944644871E-01
 9.0235267914749555E-03 -5.9695213489372925E-03 -1.6868469234154798E-03
0
0.0
 -1.1407996218300525E+00 -2.3170985309886123E+00 3.8420614944644871E-01
 8.7371715573659886E-03 -5.8323733127554744E-03 -1.6792109687475873E-03
0
0.0
 -1.1407996218300525E+00 -2.3170985309886123E+00 3.8420614944644871E-01
 8.5306183320545733E-03 -6.0835770487632805E-03 -1.7716541456768227E-03
0
0.0
