20
-1
1
  0.11183668  -0.77961668   0.61619022  1.62313326e-04
  0.05623507  -0.89024812   0.45199104  2.89145611e-04
 -0.42414491   0.89768881   0.11939805  1.51562175e-04
 -0.97477304   0.21010861  -0.07531192  1.68162193e-04
 -0.27925711  -0.86540241   0.41604583  5.26413821e-04
 -0.98828171   0.13338693  -0.07421045  5.95932475e-04
  0.01776312   0.46172109  -0.88684729  2.21217845e-04
  0.90035221  -0.13238633  -0.41453558  1.51453377e-04
 -0.59399336  -0.63822821  -0.48973119  4.99270298e-04
 -0.36522390   0.77956817   0.50880740  3.28231496e-04
  0.24118010  -0.58240411   0.77629737  2.24292135e-04
  0.73580969  -0.15249105  -0.65979586  3.34676361e-04
 -0.97862413  -0.03722562  -0.20225991  6.92889580e-04
  0.42272519   0.54948901  -0.72066999  2.15363394e-04
 -0.59864853   0.71559394   0.35992394  2.48405157e-04
  0.54755706  -0.46454589  -0.69597298  4.22533751e-04
  0.20634299  -0.26706318  -0.94132876  1.72720812e-04
  0.95998647  -0.26049091   0.10281275  1.81467254e-04
  0.11545502  -0.60218008   0.78996791  4.50854594e-04
  0.75369168   0.05971752  -0.65450949  3.91626330e-04
