50
-1
1
  0.83709690  -0.08953817  -0.53967741  1.45653172e-04
 -0.56035206   0.58958555  -0.58171681  4.23066502e-04
  0.95765643  -0.18374662   0.22165592  2.04444196e-04
 -0.36133653  -0.41356445  -0.83570351  3.11559126e-04
 -0.79075866  -0.42711281   0.43849217  1.53837516e-04
 -0.66917349   0.52914257  -0.52174226  1.56966760e-04
  0.92395110   0.32049820  -0.20879478  3.01397721e-04
  0.19444507  -0.93820142  -0.28630267  3.86177309e-04
  0.47243962  -0.79172054  -0.38727173  4.95066023e-04
 -0.15636602  -0.55929881   0.81408507  4.31029907e-04
 -0.25947130   0.81042868   0.52524279  2.77665768e-04
  0.94106402   0.18300047  -0.28444568  1.90468274e-04
  0.00489979   0.50420918  -0.86356766  4.24422912e-04
  0.51879421  -0.53622699   0.66581768  1.70370135e-04
  0.19598671   0.23448788  -0.95215789  1.97088810e-04
 -0.92135393  -0.37956839  -0.08387361  3.35381375e-04
  0.08218035  -0.26464270   0.96083850  1.66242732e-04
  0.76547680   0.48066412   0.42779348  1.74986240e-04
 -0.78639920   0.51550069  -0.34034591  2.78251311e-04
  0.23729843   0.89345827  -0.38134206  2.41026866e-04
  0.84535948  -0.52974608   0.06882184  4.88760137e-04
 -0.08395899  -0.92655017   0.36668198  1.79373471e-04
  0.35796744  -0.07263349  -0.93090477  1.77834508e-04
 -0.78876043  -0.60494029  -0.10910653  1.73966739e-04
  0.31816039  -0.24060634   0.91699649  4.60051444e-04
 -0.30159461  -0.92909249   0.21407438  1.64260205e-04
 -0.80493737  -0.59310600   0.01735229  4.89530400e-04
 -0.51814401   0.35806583  -0.77673396  1.49972904e-04
  0.73073945   0.22693650   0.64383203  1.72396495e-04
  0.36120999  -0.20206378  -0.91032828  4.14457441e-04
  0.27201131   0.90530635  -0.32623649  1.83706737e-04
  0.79625358  -0.51177863   0.32258778  3.28144610e-04
  0.87567190  -0.17174643   0.45133345  2.99181334e-04
  0.61067377   0.35653083  -0.70708084  1.47973070e-04
  0.97848724   0.19948203  -0.05262735  2.72987711e-04
 -0.89802837  -0.13903316  -0.41739051  4.55764877e-04
  0.86877162  -0.40743077  -0.28148897  1.58599647e-04
 -0.07833688  -0.82603714  -0.55814513  1.49634397e-04
  0.74183591   0.66569443   0.08081090  2.16935566e-04
 -0.44007931  -0.15061137  -0.88523806  1.70189707e-04
  0.60674801   0.66073707  -0.44190879  3.36260717e-04
  0.29016470   0.93126976  -0.22032039  1.86104309e-04
 -0.90772065   0.31671649  -0.27519791  2.81184792e-04
  0.63372190   0.64425109  -0.42817879  2.61749093e-04
  0.68284360   0.38482110  -0.62099705  1.83519383e-04
 -0.98838160  -0.11744378  -0.09648195  7.66813928e-04
 -0.95803099  -0.19900132  -0.20633735  1.88281884e-04
  0.66043615   0.75007515   0.03480446  6.69428514e-04
  0.39445962  -0.91273575   0.10637229  3.07255388e-04
 -0.13807054   0.95963027  -0.24504341  2.84911324e-04
