50
 -1.1407996218300525E+00 -2.3170985309886123E+00 3.8420614944644871E-01
 8.8039204862093608E-03 -5.8574480873840101E-03 -1.6353540042818616E-03
0
0.0
 -1.1407996218300525E+00 -2.3170985309886123E+00 3.8420614944644871E-01
 8.7843430728262936E-03 -5.9493430709565646E-03 -1.6603317225222050E-03
0
0.0
 -1.1407996218300525E+00 -2.3170985309886123E+00 3.8420614944644871E-01
 8.6145385332373290E-03 -5.8755501863955025E-03 -1.7394028546772054E-03
0
0.0
 -1.1407996218300525E+00 -2.3170985309886123E+00 3.8420614944644871E-01
 8.7645517061854441E-03 -5.9129377914235942E-03 -1.6142244849852046E-03
0
0.0
 -1.1407996218300525E+00 -2.3170985309886123E+00 3.8420614944644871E-01
 8.7110468220558280E-03 -5.7588697065277701E-03 -1.6350540538540947E-03
0
0.0
 -1.1407996218300525E+00 -2.3170985309886123E+00 3.8420614944644871E-01
 8.8957711945664795E-03 -5.6752445052769777E-03 -1.4441033092432796E-03
0
0.0
 -1.1407996218300525E+00 -2.3170985309886123E+00 3.8420614944644871E-01
 8.7359164232148501E-03 -5.8875703534921704E-03 -1.6654826673698846E-03
0
0.0
 -1.1407996218300525E+00 -2.3170985309886123E+00 3.8420614944644871E-01
 8.7792397005747105E-03 -5.8655866162960106E-03 -1.5488461998161851E-03
0
0.0
 -1.1407996218300525E+00 -2.3170985309886123E+00 3.8420614944644871E-01
 8.6708622977338754E-03 -5.9148106601461690E-03 -1.7802614755523995E-03
0
0.0
 -1.1407996218300525E+00 -2.3170985309886123E+00 3.8420614944644871E-01
 8.7475532661058179E-03 -5.7737784450256355E-03 -1.7140925551013598E-03
0
0.0
 -1.1407996218300525E+00 -2.3170985309886123E+00 3.8420614944644871E-01
 8.5411021486139181E-03 -5.7104036409763399E-03 -1.7572730560537373E-03
0
0.0
 -1.1407996218300525E+00 -2.3170985309886123E+00 3.8420614944644871E-01
 8.7411531639448210E-03 -5.9646434928845799E-03 -1.7369890006829795E-03
0
0.0
 -1.1407996218300525E+00 -2.3170985309886123E+00 3.8420614944644871E-01
 8.7989960785898342E-03 -5.9130439735780487E-03 -1.4384343464929983E-03
0
0.0
 -1.1407996218300525E+00 -2.3170985309886123E+00 3.8420614944644871E-01
 8.8058720617886777E-03 -5.8309159862186110E-03 -1.6350406939869284E-03
0
0.0
 -1.1407996218300525E+00 -2.3170985309886123E+00 3.8420614944644871E-01
 8.9771158792493477E-03 -5.8649275208247417E-03 -1.5193298196815440E-03
0
0.0
 -1.1407996218300525E+00 -2.3170985309886123E+00 3.8420614944644871E-01
 8.7955639358136845E-03 -6.1099355723097503E-03 -1.7658417509716926E-03
0
0.0
 -1.1407996218300525E+00 -2.3170985309886123E+00 3.8420614944644871E-01
 8.8656326544158219E-03 -5.9929249372472236E-03 -1.4795325830640172E-03
0
0.0
 -1.1407996218300525E+00 -2.3170985309886123E+00 3.8420614944644871E-01
 8.8101287325070138E-03 -5.8496887648626867E-03 -1.4593167372655969E-03
0
0.0
 -1.1407996218300525E+00 -2.3170985309886123E+00 3.8420614944644871E-01
 8.7940855384892463E-03 -5.9520149267574523E-03 -1.5576501165330498E-03
0
0.0
 -1.1407996218300525E+00 -2.3170985309886123E+00 3.8420614944644871E-01
 8.5321033742637130E-03 -5.7207922872236196E-03 -1.5137913453098003E-03
0
0.0
 -1.1407996218300525E+00 -2.3170985309886123E+00 3.8420614944644871E-01
 8.7357646256870387E-03 -5.8189382833197609E-03 -1.6072183360506822E-03
0
0.0
 -1.1407996218300525E+00 -2.3170985309886123E+00 3.8420614944644871E-01
 8.7353590213474254E-03 -6.1829284549452393E-03 -1.5428212916370873E-03
0
0.0
 -1.1407996218300525E+00 -2.3170985309886123E+00 3.8420614944644871E-01
 8.9063984502519549E-03 -5.8328048029669928E-03 -1.4079575770927337E-03
0
0.0
 -1.1407996218300525E+00 -2.3170985309886123E+00 3.8420614944644871E-01
 8.7345432339319320E-03 -5.8749824415998296E-03 -1.4365119713166976E-03
0
0.0
 -1.1407996218300525E+00 -2.3170985309886123E+00 3.8420614944644871E-01
 8.7631426094090508E-03 -5.9350268289362230E-03 -1.6276953335035073E-03
0
0.0
 -1.1407996218300525E+00 -2.3170985309886123E+00 3.8420614944644871E-01
 8.7685839262026805E-03 -5.8153273123632337E-03 -1.5161787558847317E-03
0
0.0
 -1.1407996218300525E+00 -2.3170985309886123E+00 3.8420614944644871E-01
 9.0843637513448507E-03 -5.9366349914333153E-03 -1.7057090415413313E-03
0
0.0
 -1.1407996218300525E+00 -2.3170985309886123E+00 3.8420614944644871E-01
 8.7504684092986323E-03 -5.9634679809877173E-03 -1.6677177700767400E-03
0
0.0
 -1.1407996218300525E+00 -2.3170985309886123E+00 3.8420614944644871E-01
 8.9962487150385059E-03 -5.8430748479889397E-03 -1.6489695820222469E-03
0
0.0
 -1.1407996218300525E+00 -2.3170985309886123E+00 3.8420614944644871E-01
 9.0009176316020196E-03 -5.6723350309958826E-03 -1.7349309028125571E-03
0
0.0
 -1.1407996218300525E+00 -2.3170985309886123E+00 3.8420614944644871E-01
 8.9015478239984139E-03 -5.8650272639235125E-03 -1.5591532359402378E-03
0
0.0
 -1.1407996218300525E+00 -2.3170985309886123E+00 3.8420614944644871E-01
 8.6856334236850036E-03 -5.9256433080959129E-03 -1.5921257274775188E-03
0
0.0
 -1.1407996218300525E+00 -2.3170985309886123E+00 3.8420614944644871E-01
 8.9505248036191327E-03 -5.8948407872489979E-03 -1.5113736631579022E-03
0
0.0
 -1.1407996218300525E+00 -2.3170985309886123E+00 3.8420614944644871E-01
 8.8429582551649202E-03 -5.7643040875207160E-03 -1.7339762388591635E-03
0
0.0
 -1.1407996218300525E+00 -2.3170985309886123E+00 3.8420614944644871E-01
 8.9185850522926127E-03 -5.9082885699484220E-03 -1.7584968392913003E-03
0
0.0
 -1.1407996218300525E+00 -2.3170985309886123E+00 3.8420614944644871E-01
 8.8132659427461544E-03 -5.8719314155622369E-03 -1.7285960507931191E-03
0
0.0
 -1.1407996218300525E+00 -2.3170985309886123E+00 3.8420614944644871E-01
 8.7678645381732388E-03 -6.0282768751414991E-03 -1.4632904751471405E-03
0
0.0
 -1.1407996218300525E+00 -2.3170985309886123E+00 3.8420614944644871E-01
 8.7895604807463334E-03 -5.8087029743534024E-03 -1.6609750559808652E-03
0
0.0
 -1.1407996218300525E+00 -2.3170985309886123E+00 3.8420614944644871E-01
 8.6326512628109777E-03 -6.0877865848140283E-03 -1.8428547181424052E-03
0
0.0
 -1.1407996218300525E+00 -2.3170985309886123E+00 3.8420614944644871E-01
 8.6534325958706991E-03 -5.7813311904397358E-03 -1.4803151212248612E-03
0
0.0
 -1.1407996218300525E+00 -2.3170985309886123E+00 3.8420614944644871E-01
 8.7985366818597432E-03 -5.8757397000979350E-03 -1.6287865550807983E-03
0
0.0
 -1.1407996218300525E+00 -2.3170985309886123E+00 3.8420614944644871E-01
 8.7190802312875643E-03 -5.8931951936418711E-03 -1.6106132992235278E-03
0
0.0
 -1.1407996218300525E+00 -2.3170985309886123E+00 3.8420614944644871E-01
 8.7487674916731165E-03 -5.9090732624301366E-03 -1.7138413094386928E-03
0
0.0
 -1.1407996218300525E+00 -2.3170985309886123E+00 3.8420614944644871E-01
 8.6843813743164681E-03 -6.0086539996984127E-03 -1.4043232531216192E-03
0
0.0
 -1.1407996218300525E+00 -2.3170985309886123E+00 3.8420614944644871E-01
 8.9409754043953127E-03 -5.7589988991215771E-03 -1.6997206310864711E-03
0
0.0
 -1.1407996218300525E+00 -2.3170985309886123E+00 3.8420614944644871E-01
 8.6702320564954923E-03 -5.9821637854513381E-03 -1.7592318937211032E-03
0
0.0
 -1.1407996218300525E+00 -2.3170985309886123E+00 3.8420614944644871E-01
 9.0614718155168847E-03 -6.0095239430211049E-03 -1.4961124516033272E-03
0
0.0
 -1.1407996218300525E+00 -2.3170985309886123E+00 3.8420614944644871E-01
 8.7870286718199613E-03 -5.9155640502610018E-03 -1.6113085768596448E-03
0
0.0
 -1.1407996218300525E+00 -2.3170985309886123E+00 3.8420614944644871E-01
 8.7790841526695761E-03 -5.8317256505349057E-03 -1.5746957323460350E-03
0
0.0
 -1.1407996218300525E+00 -2.3170985309886123E+00 3.8420614944644871E-01
 8.7210388648850286E-03 -6.0319558800841985E-03 -1.7011821724566621E-03
0
0.0
