20
 -1.1407996218300525E+00 -2.3170985309886123E+00 3.8420614944644871E-01
 8.7664784583731635E-03 -6.2187899549689526E-03 -1.6365325312229036E-03
0
0.0
 -1.1407996218300525E+00 -2.3170985309886123E+00 3.8420614944644871E-01
 8.6298321007641492E-03 -6.0604474253436406E-03 -1.6207242612620079E-03
0
0.0
 -1.1407996218300525E+00 -2.3170985309886123E+00 3.8420614944644871E-01
 8.6682701116324486E-03 -5.8496031296113617E-03 -1.5021758858762646E-03
0
0.0
 -1.1407996218300525E+00 -2.3170985309886123E+00 3.8420614944644871E-01
 8.8114476730900611E-03 -5.7506038447569605E-03 -1.6383462792493614E-03
0
0.0
 -1.1407996218300525E+00 -2.3170985309886123E+00 3.8420614944644871E-01
 8.7163845683642365E-03 -6.0406884092504025E-03 -1.5330539605217664E-03
0
0.0
 -1.1407996218300525E+00 -2.3170985309886123E+00 3.8420614944644871E-01
 8.8615480075438912E-03 -5.9678858215697914E-03 -1.6461770809706486E-03
0
0.0
 -1.1407996218300525E+00 -2.3170985309886123E+00 3.8420614944644871E-01
 8.8216975946546084E-03 -5.8816016205367827E-03 -1.5839018457500552E-03
0
0.0
 -1.1407996218300525E+00 -2.3170985309886123E+00 3.8420614944644871E-01
 8.6278368257731147E-03 -5.8267317668769620E-03 -1.6768181074004703E-03
0
0.0
 -1.1407996218300525E+00 -2.3170985309886123E+00 3.8420614944644871E-01
 8.7521268402780007E-03 -5.9105988014318128E-03 -1.7252495825897571E-03
0
0.0
 -1.1407996218300525E+00 -2.3170985309886123E+00 3.8420614944644871E-01
 8.7155716357138566E-03 -5.9150444343731741E-03 -1.7574902115619637E-03
0
0.0
 -1.1407996218300525E+00 -2.3170985309886123E+00 3.8420614944644871E-01
 8.7192825075077494E-03 -5.8619255511743289E-03 -1.6407703398321209E-03
0
0.0
 -1.1407996218300525E+00 -2.3170985309886123E+00 3.8420614944644871E-01
 8.8492004446523304E-03 -5.9348580877490167E-03 -1.5905597186817956E-03
0
0.0
 -1.1407996218300525E+00 -2.3170985309886123E+00 3.8420614944644871E-01
 8.8240626933291707E-03 -5.7895008895854742E-03 -1.7437450227458802E-03
0
0.0
 -1.1407996218300525E+00 -2.3170985309886123E+00 3.8420614944644871E-01
 8.6208379911469415E-03 -5.8581015170274071E-03 -1.5557541493267210E-03
0
0.0
 -1.1407996218300525E+00 -2.3170985309886123E+00 3.8420614944644871E-01
 8.5109473698334517E-03 -5.8609136725088825E-03 -1.4529208839106072E-03
0
0.0
 -1.1407996218300525E+00 -2.3170985309886123E+00 3.8420614944644871E-01
 8.9691650051895964E-03 -6.1235141459654802E-03 -1.5480242933750851E-03
0
0.0
 -1.1407996218300525E+00 -2.3170985309886123E+00 3.8420614944644871E-01
 8.8865966115338826E-03 -5.8435509280980033E-03 -1.6175197011668386E-03
0
0.0
 -1.1407996218300525E+00 -2.3170985309886123E+00 3.8420614944644871E-01
 8.8338217561334462E-03 -5.9551713871219252E-03 -1.6177354605318741E-03
0
0.0
 -1.1407996218300525E+00 -2.3170985309886123E+00 3.8420614944644871E-01
 8.7273327597268413E-03 -5.8342820552236500E-03 -1.7065382660817290E-03
0
0.0
 -1.1407996218300525E+00 -2.3170985309886123E+00 3.8420614944644871E-01
 8.7728204402634114E-03 -6.0266892923429571E-03 -1.5991088679181275E-03
0
0.0
