20
-1
1
  0.75194214   0.34659036  -0.56076567  2.75365312e-04
 -0.10203564   0.28217906   0.95392018  7.98236597e-04
 -0.64009514   0.08951445  -0.76306315  2.89855739e-04
  0.40242767   0.83657838   0.37173725  3.45652392e-04
 -0.71891405  -0.66145102  -0.21364723  3.51283093e-04
 -0.37486787  -0.89603858  -0.23788432  3.40764332e-04
 -0.88225263  -0.46599126   0.06695104  2.00296702e-04
 -0.94666883   0.12107991   0.29859301  2.23087715e-04
  0.01568023   0.98863877   0.14949085  1.49162655e-04
 -0.76913519   0.07143086  -0.63508165  2.31229202e-04
  0.05544039  -0.44344812   0.89458377  5.89859165e-04
  0.04057882   0.51802979   0.85439949  2.46271190e-04
 -0.89867074   0.26796314   0.34725589  2.72750073e-04
  0.04305355   0.99390909  -0.10144508  3.13946102e-04
 -0.78254180   0.53671711  -0.31553616  2.73444973e-04
 -0.13775133   0.89646327   0.42116288  1.75433688e-04
 -0.50649380  -0.58784641   0.63079365  4.55123009e-04
  0.86225939  -0.30862563  -0.40157062  5.06222450e-04
 -0.09240970  -0.90608172   0.41288784  2.45197050e-04
  0.89329582  -0.44944247   0.00490421  2.24668095e-04
