20
 -1.1407996218300525E+00 -2.3170985309886123E+00 3.8420614944644871E-01
 8.7740159127908460E-03 -5.9082389875588044E-03 -1.3999767823565012E-03
0
0.0
 -1.1407996218300525E+00 -2.3170985309886123E+00 3.8420614944644871E-01
 8.8085494489384287E-03 -5.8816664711087239E-03 -1.9298810083741157E-03
0
0.0
 -1.1407996218300525E+00 -2.3170985309886123E+00 3.8420614944644871E-01
 8.4940024048292644E-03 -5.8036705515779261E-03 -1.5910818048330405E-03
0
0.0
 -1.1407996218300525E+00 -2.3170985309886123E+00 3.8420614944644871E-01
 8.6504343695485812E-03 -5.7318753961096329E-03 -1.6573857682450357E-03
0
0.0
 -1.1407996218300525E+00 -2.3170985309886123E+00 3.8420614944644871E-01
 8.5905459330633243E-03 -6.0575270955440822E-03 -1.3816621075240776E-03
0
0.0
 -1.1407996218300525E+00 -2.3170985309886123E+00 3.8420614944644871E-01
 8.8931304002689820E-03 -6.0779409111585084E-03 -1.7130291026083392E-03
0
0.0
 -1.1407996218300525E+00 -2.3170985309886123E+00 3.8420614944644871E-01
 8.6914663788783247E-03 -5.7628127509339773E-03 -1.3700450308258821E-03
0
0.0
 -1.1407996218300525E+00 -2.3170985309886123E+00 3.8420614944644871E-01
 8.8217846030632686E-03 -5.6921581251897458E-03 -1.4365656310812312E-03
0
0.0
 -1.1407996218300525E+00 -2.3170985309886123E+00 3.8420614944644871E-01
 8.7701467241689483E-03 -5.9163879705634477E-03 -1.7306854643256680E-03
0
0.0
 -1.1407996218300525E+00 -2.3170985309886123E+00 3.8420614944644871E-01
 8.9414645973984637E-03 -5.9811934625017289E-03 -1.6850684413665974E-03
0
0.0
 -1.1407996218300525E+00 -2.3170985309886123E+00 3.8420614944644871E-01
 8.8261327209472433E-03 -5.8693115464976773E-03 -1.6892883924480853E-03
0
0.0
 -1.1407996218300525E+00 -2.3170985309886123E+00 3.8420614944644871E-01
 8.8239974423262920E-03 -6.0778881661218767E-03 -1.4196606623247442E-03
0
0.0
 -1.1407996218300525E+00 -2.3170985309886123E+00 3.8420614944644871E-01
 8.6579525660045540E-03 -5.7452718049842448E-03 -1.6136233000377609E-03
0
0.0
 -1.1407996218300525E+00 -2.3170985309886123E+00 3.8420614944644871E-01
 8.6268146384678081E-03 -6.0223163543849283E-03 -1.5674179212283896E-03
0
0.0
 -1.1407996218300525E+00 -2.3170985309886123E+00 3.8420614944644871E-01
 8.8379994277672305E-03 -5.8300758488140456E-03 -1.8199525699273175E-03
0
0.0
 -1.1407996218300525E+00 -2.3170985309886123E+00 3.8420614944644871E-01
 8.8564609893357887E-03 -5.9767658682697827E-03 -1.4386569596715226E-03
0
0.0
 -1.1407996218300525E+00 -2.3170985309886123E+00 3.8420614944644871E-01
 8.8290407052550035E-03 -5.6238210478579045E-03 -1.8051484698228355E-03
0
0.0
 -1.1407996218300525E+00 -2.3170985309886123E+00 3.8420614944644871E-01
 8.6861384639264592E-03 -6.1215846711550554E-03 -1.5507603166688851E-03
0
0.0
 -1.1407996218300525E+00 -2.3170985309886123E+00 3.8420614944644871E-01
 8.5794954634009022E-03 -5.9315605509661770E-03 -1.5488238982658922E-03
0
0.0
 -1.1407996218300525E+00 -2.3170985309886123E+00 3.8420614944644871E-01
 8.9268160786358727E-03 -5.7232056160683312E-03 -1.7838257774329572E-03
0
0.0
