20
-1
1
  0.65034956  -0.19473714  -0.73424989  7.08799357e-04
 -0.02286648   0.90541656   0.42390799  1.56168630e-04
 -0.10575572   0.58655301   0.80297652  5.95883197e-04
  0.76005082  -0.64397636  -0.08727662  2.44778806e-04
  0.86181005  -0.45845241   0.21703645  1.52150121e-04
 -0.18965205  -0.64427178  -0.74090888  5.26517443e-04
  0.66241664  -0.74256765  -0.09898218  1.89609134e-04
  0.63178584   0.36112174  -0.68588464  1.74949857e-04
  0.68013969   0.70794733   0.19031704  1.68315619e-04
  0.33804550  -0.27290403   0.90069342  1.84443514e-04
 -0.04385048  -0.75191064  -0.65780508  1.66486125e-04
  0.80316502  -0.09846316   0.58756358  1.65251199e-04
 -0.52667007   0.55108440  -0.64724387  2.43855406e-04
  0.36032500  -0.93198623  -0.03959246  2.96279949e-04
  0.74953449   0.21372673  -0.62651331  5.96544037e-04
  0.22540474   0.14421230  -0.96353283  3.93542196e-04
 -0.08322952   0.91989321   0.38323535  8.62408028e-04
 -0.36843999   0.82523829  -0.42805810  3.53942440e-04
 -0.23885942   0.29404935   0.92546267  2.45648906e-04
  0.25358031  -0.45168274   0.85538280  3.39586976e-04
