20
 -1.1407996218300525E+00 -2.3170985309886123E+00 3.8420614944644871E-01
 8.9348964696805977E-03 -5.8401251973725140E-03 -1.6191061483642117E-03
0
0.0
 -1.1407996218300525E+00 -2.3170985309886123E+00 3.8420614944644871E-01
 8.9826023549976330E-03 -5.7965545987129349E-03 -1.4597558424750039E-03
0
0.0
 -1.1407996218300525E+00 -2.3170985309886123E+00 3.8420614944644871E-01
 8.8871335973964675E-03 -6.1695190968728891E-03 -1.5315136668116679E-03
0
0.0
 -1.1407996218300525E+00 -2.3170985309886123E+00 3.8420614944644871E-01
 8.8790892829899472E-03 -5.9116847159364130E-03 -1.6912660196686986E-03
0
0.0
 -1.1407996218300525E+00 -2.3170985309886123E+00 3.8420614944644871E-01
 8.7873252105084114E-03 -5.9132798370671938E-03 -1.7780566821371129E-03
0
0.0
 -1.1407996218300525E+00 -2.3170985309886123E+00 3.8420614944644871E-01
 8.8033091526972147E-03 -5.8097518274480269E-03 -1.6482747435707474E-03
0
0.0
 -1.1407996218300525E+00 -2.3170985309886123E+00 3.8420614944644871E-01
 8.9469517333215023E-03 -5.8729325285823393E-03 -1.6128974370090644E-03
0
0.0
 -1.1407996218300525E+00 -2.3170985309886123E+00 3.8420614944644871E-01
 8.9774916972151942E-03 -5.8783098111435559E-03 -1.5622045375181988E-03
0
0.0
 -1.1407996218300525E+00 -2.3170985309886123E+00 3.8420614944644871E-01
 8.8297792774622332E-03 -5.8225002192467089E-03 -1.5553186198154446E-03
0
0.0
 -1.1407996218300525E+00 -2.3170985309886123E+00 3.8420614944644871E-01
 8.7617820113125629E-03 -5.8557873158077041E-03 -1.6094178498550224E-03
0
0.0
 -1.1407996218300525E+00 -2.3170985309886123E+00 3.8420614944644871E-01
 8.7080756971050742E-03 -5.6550057985128204E-03 -1.6646409873429672E-03
0
0.0
 -1.1407996218300525E+00 -2.3170985309886123E+00 3.8420614944644871E-01
 8.8106632407361444E-03 -5.6426980477234370E-03 -1.6771185124893424E-03
0
0.0
 -1.1407996218300525E+00 -2.3170985309886123E+00 3.8420614944644871E-01
 8.7146731025079770E-03 -5.7772765549698171E-03 -1.3809246600604557E-03
0
0.0
 -1.1407996218300525E+00 -2.3170985309886123E+00 3.8420614944644871E-01
 8.7997407751878969E-03 -5.7343249692825742E-03 -1.7459653319088098E-03
0
0.0
 -1.1407996218300525E+00 -2.3170985309886123E+00 3.8420614944644871E-01
 8.8663539263797754E-03 -5.9287788270513250E-03 -1.4748969214150366E-03
0
0.0
 -1.1407996218300525E+00 -2.3170985309886123E+00 3.8420614944644871E-01
 8.6502787631451087E-03 -5.8576119693741074E-03 -1.5701415887657618E-03
0
0.0
 -1.1407996218300525E+00 -2.3170985309886123E+00 3.8420614944644871E-01
 8.7174552498830108E-03 -5.5916556030281457E-03 -1.6886912598608978E-03
0
0.0
 -1.1407996218300525E+00 -2.3170985309886123E+00 3.8420614944644871E-01
 9.0358827722484426E-03 -5.8970035787253945E-03 -1.5845001495403035E-03
0
0.0
 -1.1407996218300525E+00 -2.3170985309886123E+00 3.8420614944644871E-01
 8.7634358624202255E-03 -5.9004027198837350E-03 -1.6208636648968001E-03
0
0.0
 -1.1407996218300525E+00 -2.3170985309886123E+00 3.8420614944644871E-01
 8.6593990082216004E-03 -5.6157902688000680E-03 -1.5861539240042291E-03
0
0.0
