20
 -1.1407996218300525E+00 -2.3170985309886123E+00 3.8420614944644871E-01
 8.8421483191793316E-03 -5.9179600662604562E-03 -1.6415477722793882E-03
0
0.0
 -1.1407996218300525E+00 -2.3170985309886123E+00 3.8420614944644871E-01
 8.9660697768946807E-03 -5.8059441470945496E-03 -1.6294403418591725E-03
0
0.0
 -1.1407996218300525E+00 -2.3170985309886123E+00 3.8420614944644871E-01
 8.8645497881211441E-03 -5.7844018987454589E-03 -1.4774543472613254E-03
0
0.0
 -1.1407996218300525E+00 -2.3170985309886123E+00 3.8420614944644871E-01
 8.6687812800197873E-03 -5.9033892574773339E-03 -1.7244062795843530E-03
0
0.0
 -1.1407996218300525E+00 -2.3170985309886123E+00 3.8420614944644871E-01
 8.8313339022533088E-03 -6.0505922158130138E-03 -1.6515137214183539E-03
0
0.0
 -1.1407996218300525E+00 -2.3170985309886123E+00 3.8420614944644871E-01
 8.7738760569018217E-03 -5.8922150441466431E-03 -1.6493727607065508E-03
0
0.0
 -1.1407996218300525E+00 -2.3170985309886123E+00 3.8420614944644871E-01
 8.8575653744685894E-03 -6.0213518106836386E-03 -1.4148521427861565E-03
0
0.0
 -1.1407996218300525E+00 -2.3170985309886123E+00 3.8420614944644871E-01
 8.6736795609004911E-03 -5.9130050478556611E-03 -1.5977602875406030E-03
0
0.0
 -1.1407996218300525E+00 -2.3170985309886123E+00 3.8420614944644871E-01
 8.8542927733424003E-03 -5.9317383509903772E-03 -1.3580518591788612E-03
0
0.0
 -1.1407996218300525E+00 -2.3170985309886123E+00 3.8420614944644871E-01
 8.8208006411781871E-03 -5.9522463868848805E-03 -1.7318431855690125E-03
0
0.0
 -1.1407996218300525E+00 -2.3170985309886123E+00 3.8420614944644871E-01
 8.8677245899411727E-03 -5.8161003525409810E-03 -1.6814347688087518E-03
0
0.0
 -1.1407996218300525E+00 -2.3170985309886123E+00 3.8420614944644871E-01
 8.7610709925748740E-03 -5.6866836042832030E-03 -1.5937252219353744E-03
0
0.0
 -1.1407996218300525E+00 -2.3170985309886123E+00 3.8420614944644871E-01
 8.8678309289225016E-03 -5.9505045975706914E-03 -1.6429765451550845E-03
0
0.0
 -1.1407996218300525E+00 -2.3170985309886123E+00 3.8420614944644871E-01
 8.6035192134253022E-03 -6.0389505223489501E-03 -1.5387187616719830E-03
0
0.0
 -1.1407996218300525E+00 -2.3170985309886123E+00 3.8420614944644871E-01
 8.4893734978491436E-03 -5.9119798940257219E-03 -1.6328732161450584E-03
0
0.0
 -1.1407996218300525E+00 -2.3170985309886123E+00 3.8420614944644871E-01
 8.7652765567064576E-03 -5.7660279702668122E-03 -1.6591775301739722E-03
0
0.0
 -1.1407996218300525E+00 -2.3170985309886123E+00 3.8420614944644871E-01
 8.6515740150110189E-03 -6.0900824323193393E-03 -1.6917134953596789E-03
0
0.0
 -1.1407996218300525E+00 -2.3170985309886123E+00 3.8420614944644871E-01
 8.7811720708829179E-03 -5.8895229710256352E-03 -1.5980020553288475E-03
0
0.0
 -1.1407996218300525E+00 -2.3170985309886123E+00 3.8420614944644871E-01
 8.8232188720850958E-03 -5.6806333362001233E-03 -1.4869216508841905E-03
0
0.0
 -1.1407996218300525E+00 -2.3170985309886123E+00 3.8420614944644871E-01
 8.7261011396657217E-03 -5.7553060975974240E-03 -1.7671592817425324E-03
0
0.0
