50
-1
1
  0.53124693  -0.80325296   0.26937218  3.84822393e-04
 -0.90736357   0.19369660  -0.37305894  8.56031916e-04
  0.72677834  -0.20878258  -0.65437227  3.11700528e-04
  0.87908715   0.36814225  -0.30278220  3.37835747e-04
  0.97699336   0.02036447   0.21229522  1.65457047e-04
  0.86681377   0.31322553  -0.38797378  1.66353072e-04
 -0.19969975   0.69938734   0.68627790  2.17984388e-04
  0.02969762  -0.46330660  -0.88570031  7.73676861e-04
  0.14591410  -0.53323975   0.83328533  3.22543959e-04
  0.45969766  -0.48239639   0.74563515  1.50596557e-04
  0.68592940   0.22274416  -0.69273797  4.34898697e-04
  0.98346910   0.01262746   0.18063520  2.88147268e-04
  0.03135090   0.87729933   0.47891857  1.93202922e-04
  0.29607641  -0.23874606   0.92484543  1.99798129e-04
  0.57363673  -0.61405256   0.54210733  6.00898297e-04
 -0.67871662  -0.54936293  -0.48738498  2.04932798e-04
 -0.52963204  -0.46320814  -0.71058295  4.95115197e-04
 -0.45521572  -0.18876446   0.87014173  6.68803906e-04
 -0.00792221   0.49631497   0.86810638  2.14969470e-04
  0.42461768  -0.87617967   0.22805483  2.38426593e-04
 -0.80094854  -0.56217185  -0.20602002  3.11341341e-04
 -0.48485130  -0.53602346   0.69108470  1.82976912e-04
 -0.61625980  -0.73020675   0.29499485  3.92088434e-04
  0.63957807  -0.76815690   0.02957821  2.35636318e-04
 -0.27345216   0.80019143   0.53377672  1.64675590e-04
 -0.23090451  -0.58732227  -0.77571622  2.05227843e-04
  0.43174162  -0.89924436  -0.07041844  1.58631218e-04
  0.01904558  -0.53404284   0.84524287  2.25334265e-04
 -0.26297207  -0.42018656   0.86849810  3.53545894e-04
  0.74839063  -0.64761015   0.14322205  1.53440286e-04
 -0.42256815  -0.41101407   0.80777694  1.59005217e-04
  0.91853325  -0.09604420   0.38349991  2.39555441e-04
 -0.64824551  -0.29566449   0.70168388  2.40722594e-04
 -0.10534413   0.92105309  -0.37491841  1.48129362e-04
  0.72746003   0.68509174   0.03809477  6.00847185e-04
  0.53301239   0.70901438   0.46173196  1.49092934e-04
 -0.31265469   0.52044722   0.79459533  1.88986948e-04
  0.43496525   0.78055893   0.44892426  2.21462339e-04
 -0.10666472   0.92729551  -0.35881147  2.79764130e-04
 -0.55288365  -0.63026718  -0.54505317  3.05865218e-04
 -0.51451248   0.77433438  -0.36835198  1.62260172e-04
 -0.32883395   0.56512380   0.75663950  1.59041713e-04
 -0.18724561  -0.57081326   0.79944437  2.16023831e-04
 -0.54004435  -0.21561857  -0.81354823  1.51104425e-04
 -0.04395094  -0.96805927   0.24683916  1.88187047e-04
  0.17755587  -0.97373353  -0.14253745  1.47794295e-04
  0.71502883   0.14553005  -0.68377977  6.62028311e-04
 -0.18947161   0.69070955  -0.69786877  5.02147428e-04
  0.54195909  -0.31832529   0.77778490  1.49080585e-04
  0.66007609   0.42087987   0.62222158  4.77877575e-04
