50
 -1.1407996218300525E+00 -2.3170985309886123E+00 3.8420614944644871E-01
 8.8752803651981124E-03 -5.8370279522577647E-03 -1.7371121312157001E-03
0
0.0
 -1.1407996218300525E+00 -2.3170985309886123E+00 3.8420614944644871E-01
 8.8373274456237903E-03 -5.7912354980079695E-03 -1.6225551388616383E-03
0
0.0
 -1.1407996218300525E+00 -2.3170985309886123E+00 3.8420614944644871E-01
 8.9123755536786413E-03 -5.9481979186783857E-03 -1.7237220021077628E-03
0
0.0
 -1.1407996218300525E+00 -2.3170985309886123E+00 3.8420614944644871E-01
 8.7021423398718194E-03 -5.7555464961022550E-03 -1.5227689413788413E-03
0
0.0
 -1.1407996218300525E+00 -2.3170985309886123E+00 3.8420614944644871E-01
 8.8621714093047275E-03 -6.0195880355328624E-03 -1.6836799507677163E-03
0
0.0
 -1.1407996218300525E+00 -2.3170985309886123E+00 3.8420614944644871E-01
 8.8156057381517383E-03 -6.2514885741709724E-03 -1.5708864639981145E-03
0
0.0
 -1.1407996218300525E+00 -2.3170985309886123E+00 3.8420614944644871E-01
 8.6543305454423285E-03 -5.9872201120098265E-03 -1.6454454377881674E-03
0
0.0
 -1.1407996218300525E+00 -2.3170985309886123E+00 3.8420614944644871E-01
 8.8615232381697127E-03 -6.1063982215011593E-03 -1.6376638947402187E-03
0
0.0
 -1.1407996218300525E+00 -2.3170985309886123E+00 3.8420614944644871E-01
 8.8817703529422524E-03 -5.8219631627893153E-03 -1.6009141447213486E-03
0
0.0
 -1.1407996218300525E+00 -2.3170985309886123E+00 3.8420614944644871E-01
 8.6114287600807804E-03 -5.7778238450702495E-03 -1.4781104398645781E-03
0
0.0
 -1.1407996218300525E+00 -2.3170985309886123E+00 3.8420614944644871E-01
 8.6798255925309657E-03 -5.9175327183329293E-03 -1.5435161985658404E-03
0
0.0
 -1.1407996218300525E+00 -2.3170985309886123E+00 3.8420614944644871E-01
 8.7326624815365992E-03 -6.0628508225931800E-03 -1.4965054736143270E-03
0
0.0
 -1.1407996218300525E+00 -2.3170985309886123E+00 3.8420614944644871E-01
 8.7845811483136284E-03 -5.9001332991544583E-03 -1.6277259589754926E-03
0
0.0
 -1.1407996218300525E+00 -2.3170985309886123E+00 3.8420614944644871E-01
 8.7290915061754969E-03 -6.0352469454364776E-03 -1.8591429108099113E-03
0
0.0
 -1.1407996218300525E+00 -2.3170985309886123E+00 3.8420614944644871E-01
 8.8128369486740708E-03 -6.1177470432879858E-03 -1.5473469259083160E-03
0
0.0
 -1.1407996218300525E+00 -2.3170985309886123E+00 3.8420614944644871E-01
 8.5504421791359701E-03 -5.9411980105805885E-03 -1.4654143824519325E-03
0
0.0
 -1.1407996218300525E+00 -2.3170985309886123E+00 3.8420614944644871E-01
 8.6828511293599083E-03 -5.8799786481840872E-03 -1.6587856110795109E-03
0
0.0
 -1.1407996218300525E+00 -2.3170985309886123E+00 3.8420614944644871E-01
 8.7516524496289855E-03 -5.5695561779385647E-03 -1.6208082781040013E-03
0
0.0
 -1.1407996218300525E+00 -2.3170985309886123E+00 3.8420614944644871E-01
 8.7905469021888859E-03 -5.9021127245542510E-03 -1.6289632138899778E-03
0
0.0
 -1.1407996218300525E+00 -2.3170985309886123E+00 3.8420614944644871E-01
 8.8045846538934089E-03 -5.9138948654949312E-03 -1.6644340941353837E-03
0
0.0
 -1.1407996218300525E+00 -2.3170985309886123E+00 3.8420614944644871E-01
 8.6985648812604767E-03 -5.8924680944377516E-03 -1.6635412333894082E-03
0
0.0
 -1.1407996218300525E+00 -2.3170985309886123E+00 3.8420614944644871E-01
 8.8000994674416449E-03 -5.8808552892569395E-03 -1.5580406869019779E-03
0
0.0
 -1.1407996218300525E+00 -2.3170985309886123E+00 3.8420614944644871E-01
 8.8207876610811187E-03 -5.8021444095699096E-03 -1.5191994859646743E-03
0
0.0
 -1.1407996218300525E+00 -2.3170985309886123E+00 3.8420614944644871E-01
 8.9654157419920763E-03 -5.8718615676572284E-03 -1.4966245136091021E-03
0
0.0
 -1.1407996218300525E+00 -2.3170985309886123E+00 3.8420614944644871E-01
 8.8203520478766853E-03 -5.8882133114867936E-03 -1.4846128051842463E-03
0
0.0
 -1.1407996218300525E+00 -2.3170985309886123E+00 3.8420614944644871E-01
 8.6236904910393913E-03 -5.7765085965580882E-03 -1.4302089080744903E-03
0
0.0
 -1.1407996218300525E+00 -2.3170985309886123E+00 3.8420614944644871E-01
 8.7962107968355494E-03 -5.9259763134013191E-03 -1.6577406495241224E-03
0
0.0
 -1.1407996218300525E+00 -2.3170985309886123E+00 3.8420614944644871E-01
 8.7181907977768296E-03 -5.8340146158292767E-03 -1.5839093444120485E-03
0
0.0
 -1.1407996218300525E+00 -2.3170985309886123E+00 3.8420614944644871E-01
 8.9566016488347652E-03 -5.9123795442320385E-03 -1.3896206239547807E-03
0
0.0
 -1.1407996218300525E+00 -2.3170985309886123E+00 3.8420614944644871E-01
 8.8821322042966205E-03 -5.9289833772552727E-03 -1.7344561779590402E-03
0
0.0
 -1.1407996218300525E+00 -2.3170985309886123E+00 3.8420614944644871E-01
 8.8384514644748186E-03 -6.0439491411873368E-03 -1.5799731519000721E-03
0
0.0
 -1.1407996218300525E+00 -2.3170985309886123E+00 3.8420614944644871E-01
 8.7930000087900872E-03 -6.1721415402834464E-03 -1.6174842157099549E-03
0
0.0
 -1.1407996218300525E+00 -2.3170985309886123E+00 3.8420614944644871E-01
 8.6396521943406159E-03 -6.1623938143278972E-03 -1.6250144884071356E-03
0
0.0
 -1.1407996218300525E+00 -2.3170985309886123E+00 3.8420614944644871E-01
 8.7237210272535157E-03 -5.8383722705079273E-03 -1.4907873756587816E-03
0
0.0
 -1.1407996218300525E+00 -2.3170985309886123E+00 3.8420614944644871E-01
 8.8250865040626174E-03 -5.8812468327607541E-03 -1.6250968989601497E-03
0
0.0
 -1.1407996218300525E+00 -2.3170985309886123E+00 3.8420614944644871E-01
 8.7863759458288605E-03 -5.8582486527943411E-03 -1.3635324051924714E-03
0
0.0
 -1.1407996218300525E+00 -2.3170985309886123E+00 3.8420614944644871E-01
 8.8269257952654865E-03 -5.8790217711448562E-03 -1.5629255837835963E-03
0
0.0
 -1.1407996218300525E+00 -2.3170985309886123E+00 3.8420614944644871E-01
 8.7558539158004885E-03 -6.1327128405966932E-03 -1.6827087900257594E-03
0
0.0
 -1.1407996218300525E+00 -2.3170985309886123E+00 3.8420614944644871E-01
 8.8166122799556504E-03 -6.1148125374986730E-03 -1.4946961290961496E-03
0
0.0
 -1.1407996218300525E+00 -2.3170985309886123E+00 3.8420614944644871E-01
 8.7713672646735144E-03 -5.9612787282734957E-03 -1.5928109507116755E-03
0
0.0
 -1.1407996218300525E+00 -2.3170985309886123E+00 3.8420614944644871E-01
 8.6792661366499428E-03 -5.8483571404475982E-03 -1.7423898931814552E-03
0
0.0
 -1.1407996218300525E+00 -2.3170985309886123E+00 3.8420614944644871E-01
 9.0351470897251530E-03 -5.8928455230608358E-03 -1.7992302656209141E-03
0
0.0
 -1.1407996218300525E+00 -2.3170985309886123E+00 3.8420614944644871E-01
 8.7824321341555614E-03 -5.9152669784929800E-03 -1.9214778726804010E-03
0
0.0
 -1.1407996218300525E+00 -2.3170985309886123E+00 3.8420614944644871E-01
 8.6229542353747843E-03 -5.9382327933399587E-03 -1.5548108801876257E-03
0
0.0
 -1.1407996218300525E+00 -2.3170985309886123E+00 3.8420614944644871E-01
 8.7767933628468686E-03 -6.0128592276089297E-03 -1.9318710699597075E-03
0
0.0
 -1.1407996218300525E+00 -2.3170985309886123E+00 3.8420614944644871E-01
 8.7615306763732578E-03 -5.9771329844085196E-03 -1.4611352834786259E-03
0
0.0
 -1.1407996218300525E+00 -2.3170985309886123E+00 3.8420614944644871E-01
 8.8471755894050739E-03 -5.6994158072282324E-03 -1.8610838794115233E-03
0
0.0
 -1.1407996218300525E+00 -2.3170985309886123E+00 3.8420614944644871E-01
 8.6915268220349798E-03 -5.9927875265117026E-03 -1.6042681553813999E-03
0
0.0
 -1.1407996218300525E+00 -2.3170985309886123E+00 3.8420614944644871E-01
 8.6076050148827347E-03 -5.9569903570082204E-03 -1.4931147402678468E-03
0
0.0
 -1.1407996218300525E+00 -2.3170985309886123E+00 3.8420614944644871E-01
 8.8302323159182346E-03 -5.7570177710052003E-03 -1.7428720955059470E-03
0
0.0
