20
-1
1
 -0.55744203  -0.66787072  -0.49316031  1.55387473e-04
  0.98956636   0.14346095  -0.01331784  1.59109901e-04
 -0.17310017  -0.12655842  -0.97673911  1.93036797e-04
  0.26263547  -0.89688125   0.35584636  2.68965930e-04
  0.20152607   0.44191956  -0.87412490  2.72020084e-04
  0.89491425  -0.01216403  -0.44607233  1.66393006e-04
  0.10048494   0.78291294  -0.61396263  3.71853593e-04
  0.66340377   0.73830578  -0.12165533  3.07989798e-04
  0.08583578   0.85452980   0.51226071  8.38466004e-04
 -0.80051073   0.18456902  -0.57019019  3.70833680e-04
 -0.90924503   0.37262660   0.18553411  4.48372194e-04
  0.47940592   0.54869350  -0.68491270  1.69250400e-04
  0.29475887   0.93241700  -0.20908311  2.31170692e-04
  0.65952335  -0.53164321  -0.53139858  3.04813684e-04
 -0.19807875   0.95555817  -0.21834239  6.98951030e-04
 -0.65566045   0.65385776   0.37759689  2.44468311e-04
  0.47397424  -0.51083621  -0.71721321  1.61627412e-04
 -0.18610187  -0.51711512   0.83543883  1.99530325e-04
  0.46133955   0.86182295   0.21077719  7.04959684e-04
 -0.60435598   0.50005789   0.62023863  2.67346733e-04
