20
 -1.1407996218300525E+00 -2.3170985309886123E+00 3.8420614944644871E-01
 8.7044920887137996E-03 -5.8967608352139024E-03 -1.4619513553572102E-03
0
0.0
 -1.1407996218300525E+00 -2.3170985309886123E+00 3.8420614944644871E-01
 8.6256389374096964E-03 -6.1664946883156794E-03 -1.5748231589446998E-03
0
0.0
 -1.1407996218300525E+00 -2.3170985309886123E+00 3.8420614944644871E-01
 9.0988068119504731E-03 -5.7964928569014425E-03 -1.5982351146849767E-03
0
0.0
 -1.1407996218300525E+00 -2.3170985309886123E+00 3.8420614944644871E-01
 8.9274445472705462E-03 -5.8109439874339088E-03 -1.8130754304668546E-03
0
0.0
 -1.1407996218300525E+00 -2.3170985309886123E+00 3.8420614944644871E-01
 8.8030326988346418E-03 -5.9176909747888796E-03 -1.6354589336082422E-03
0
0.0
 -1.1407996218300525E+00 -2.3170985309886123E+00 3.8420614944644871E-01
 8.7972352596518751E-03 -5.9926633092468691E-03 -1.5471398008232147E-03
0
0.0
 -1.1407996218300525E+00 -2.3170985309886123E+00 3.8420614944644871E-01
 8.9219366639691645E-03 -5.9171073619309726E-03 -1.8642125055080574E-03
0
0.0
 -1.1407996218300525E+00 -2.3170985309886123E+00 3.8420614944644871E-01
 8.8446409230837648E-03 -6.1873552931545270E-03 -1.7450086309657774E-03
0
0.0
 -1.1407996218300525E+00 -2.3170985309886123E+00 3.8420614944644871E-01
 8.8208234645386872E-03 -5.8243855608480248E-03 -1.5613787666693801E-03
0
0.0
 -1.1407996218300525E+00 -2.3170985309886123E+00 3.8420614944644871E-01
 9.0135131513236315E-03 -5.9931152253500132E-03 -1.6114547858207188E-03
0
0.0
 -1.1407996218300525E+00 -2.3170985309886123E+00 3.8420614944644871E-01
 8.7524567461997743E-03 -6.1981618096761922E-03 -1.5067199435661440E-03
0
0.0
 -1.1407996218300525E+00 -2.3170985309886123E+00 3.8420614944644871E-01
 8.9745247698360658E-03 -6.0719238541613683E-03 -1.7367735695426019E-03
0
0.0
 -1.1407996218300525E+00 -2.3170985309886123E+00 3.8420614944644871E-01
 8.6361404862527903E-03 -5.9659475764579327E-03 -1.5313055907882880E-03
0
0.0
 -1.1407996218300525E+00 -2.3170985309886123E+00 3.8420614944644871E-01
 8.9424458977974391E-03 -5.9078192236329419E-03 -1.7701085156548756E-03
0
0.0
 -1.1407996218300525E+00 -2.3170985309886123E+00 3.8420614944644871E-01
 9.0416770144189189E-03 -5.8820770254412614E-03 -1.7249549003073847E-03
0
0.0
 -1.1407996218300525E+00 -2.3170985309886123E+00 3.8420614944644871E-01
 8.8578464768689861E-03 -5.8254037605565143E-03 -1.6983382154345025E-03
0
0.0
 -1.1407996218300525E+00 -2.3170985309886123E+00 3.8420614944644871E-01
 8.9702353107752111E-03 -5.9049664889667822E-03 -1.7026605193050271E-03
0
0.0
 -1.1407996218300525E+00 -2.3170985309886123E+00 3.8420614944644871E-01
 8.6370522523538922E-03 -5.8998622709910088E-03 -1.6233567558101023E-03
0
0.0
 -1.1407996218300525E+00 -2.3170985309886123E+00 3.8420614944644871E-01
 9.0318931664571701E-03 -5.9161897164429957E-03 -1.7757079695166196E-03
0
0.0
 -1.1407996218300525E+00 -2.3170985309886123E+00 3.8420614944644871E-01
 8.5460421116895606E-03 -6.0837646675865860E-03 -1.6056954801742663E-03
0
0.0
