20
-1
1
 -0.14887817  -0.68249619   0.71556568  2.50711218e-04
  0.54614446   0.47550481   0.68965311  3.28872793e-04
 -0.62505613   0.58700308   0.51452134  1.59016075e-04
 -0.35077300  -0.59923295  -0.71963753  2.84180979e-04
 -0.16483528   0.98557440   0.03837228  3.50105794e-04
  0.08204797   0.74481057  -0.66221246  3.52600799e-04
 -0.97398699   0.09993413   0.20337774  1.58025605e-04
 -0.28468288  -0.94045805  -0.18572643  3.50001147e-04
  0.87547211  -0.26099703  -0.40672981  2.52334253e-04
 -0.23184951  -0.91836127  -0.32071541  3.55088332e-04
 -0.14454575   0.83069547  -0.53763516  2.02206130e-04
  0.61870986  -0.78382309   0.05309867  1.84820865e-04
  0.99863953  -0.04885160   0.01823736  3.47190587e-04
 -0.10186392   0.83554606  -0.53989492  4.09967496e-04
  0.13468460   0.94473969   0.29887620  1.72015890e-04
  0.47138825   0.07032256  -0.87911766  3.48645981e-04
 -0.35156010  -0.85221805  -0.38746598  2.57840703e-04
 -0.18422860   0.81896336  -0.54346926  3.43791832e-04
 -0.18335901  -0.12305707   0.97531350  5.44434874e-04
  0.13593734  -0.98820429   0.07052184  2.50020033e-04
