20
 -1.1407996218300525E+00 -2.3170985309886123E+00 3.8420614944644871E-01
 8.6521874418861583E-03 -5.9276625737614977E-03 -1.7433471093003840E-03
0
0.0
 -1.1407996218300525E+00 -2.3170985309886123E+00 3.8420614944644871E-01
 8.8221421396525151E-03 -5.9915734320743919E-03 -1.6819359666994623E-03
0
0.0
 -1.1407996218300525E+00 -2.3170985309886123E+00 3.8420614944644871E-01
 9.0003376836841308E-03 -5.7811547549319903E-03 -1.6965559192816670E-03
0
0.0
 -1.1407996218300525E+00 -2.3170985309886123E+00 3.8420614944644871E-01
 8.8320346842379605E-03 -5.9003916713004957E-03 -1.7991912983042441E-03
0
0.0
 -1.1407996218300525E+00 -2.3170985309886123E+00 3.8420614944644871E-01
 8.7664130852432957E-03 -5.9431280889707646E-03 -1.5740813736004132E-03
0
0.0
 -1.1407996218300525E+00 -2.3170985309886123E+00 3.8420614944644871E-01
 8.8111786072731686E-03 -5.7951301934468071E-03 -1.6809081052014297E-03
0
0.0
 -1.1407996218300525E+00 -2.3170985309886123E+00 3.8420614944644871E-01
 8.8553048573577781E-03 -6.0147800935699946E-03 -1.6844168645208922E-03
0
0.0
 -1.1407996218300525E+00 -2.3170985309886123E+00 3.8420614944644871E-01
 8.7306244394282917E-03 -5.8309349671537142E-03 -1.6496944507769561E-03
0
0.0
 -1.1407996218300525E+00 -2.3170985309886123E+00 3.8420614944644871E-01
 8.7198544475117334E-03 -5.9876113402108329E-03 -1.5720045169610310E-03
0
0.0
 -1.1407996218300525E+00 -2.3170985309886123E+00 3.8420614944644871E-01
 8.8169818802788773E-03 -5.8609818577239478E-03 -1.7125516499229005E-03
0
0.0
 -1.1407996218300525E+00 -2.3170985309886123E+00 3.8420614944644871E-01
 8.8716240833940155E-03 -5.8952357316963723E-03 -1.6943172230684637E-03
0
0.0
 -1.1407996218300525E+00 -2.3170985309886123E+00 3.8420614944644871E-01
 8.7954308387616989E-03 -5.9374349935240453E-03 -1.5952641411237643E-03
0
0.0
 -1.1407996218300525E+00 -2.3170985309886123E+00 3.8420614944644871E-01
 8.6819175392683912E-03 -6.0267326418443701E-03 -1.8593977357151015E-03
0
0.0
 -1.1407996218300525E+00 -2.3170985309886123E+00 3.8420614944644871E-01
 8.8351412186849741E-03 -5.9647662354986065E-03 -1.6049700976165700E-03
0
0.0
 -1.1407996218300525E+00 -2.3170985309886123E+00 3.8420614944644871E-01
 8.8040956846340002E-03 -5.9487235987199715E-03 -1.8070382124689968E-03
0
0.0
 -1.1407996218300525E+00 -2.3170985309886123E+00 3.8420614944644871E-01
 8.9680942800464368E-03 -5.8482834772562563E-03 -1.8014172329745204E-03
0
0.0
 -1.1407996218300525E+00 -2.3170985309886123E+00 3.8420614944644871E-01
 8.5922204546613860E-03 -6.0954829712796367E-03 -1.7839244725959085E-03
0
0.0
 -1.1407996218300525E+00 -2.3170985309886123E+00 3.8420614944644871E-01
 8.8023634141225233E-03 -5.9101155206761589E-03 -1.5630142705228499E-03
0
0.0
 -1.1407996218300525E+00 -2.3170985309886123E+00 3.8420614944644871E-01
 8.9217567020271043E-03 -5.8023159235808903E-03 -1.7535272382892496E-03
0
0.0
 -1.1407996218300525E+00 -2.3170985309886123E+00 3.8420614944644871E-01
 8.8623966209932323E-03 -6.1611354104689061E-03 -1.4748446774439572E-03
0
0.0
