20
-1
1
  0.58777255   0.28982609   0.75533057  2.55724052e-04
 -0.17152438  -0.73395010  -0.65718843  2.44982023e-04
  0.17614847  -0.20950858  -0.96180969  2.27389596e-04
  0.53340783   0.72608720   0.43390490  8.42025107e-04
  0.45251580  -0.71319062   0.53533969  4.81124229e-04
  0.13393630  -0.11182383  -0.98466060  4.08686460e-04
 -0.15589175   0.33271421   0.93005323  3.27491393e-04
  0.22260361  -0.94870469  -0.22451512  4.85112239e-04
 -0.27502137  -0.88711885  -0.37065267  7.00594612e-04
 -0.76286207  -0.59250450   0.25880472  5.29707950e-04
  0.96313779  -0.18180798   0.19827119  2.07609383e-04
  0.33173099  -0.78636141  -0.52114325  5.24113173e-04
  0.40490531   0.30363197   0.86247279  4.23647064e-04
 -0.28440495   0.85109745  -0.44130143  2.51589312e-04
 -0.14321805   0.98839806  -0.05057527  2.82283473e-04
  0.43545721   0.53715541   0.72238569  2.25442052e-04
  0.23626956  -0.81805347  -0.52437126  1.77758191e-04
  0.78963382  -0.48267006   0.37882457  1.63957313e-04
 -0.31489140  -0.91553027   0.25029527  1.45563813e-04
 -0.87493410   0.13569546  -0.46484089  1.54269279e-04
