20
 -1.1407996218300525E+00 -2.3170985309886123E+00 3.8420614944644871E-01
 8.7956123416146146E-03 -5.8815186411265109E-03 -1.5800040706256816E-03
0
0.0
 -1.1407996218300525E+00 -2.3170985309886123E+00 3.8420614944644871E-01
 8.8153408455889613E-03 -5.8229389485499952E-03 -1.5359393637144818E-03
0
0.0
 -1.1407996218300525E+00 -2.3170985309886123E+00 3.8420614944644871E-01
 8.7113161628455948E-03 -5.7749160560581995E-03 -1.7534415517950655E-03
0
0.0
 -1.1407996218300525E+00 -2.3170985309886123E+00 3.8420614944644871E-01
 8.7535646963390196E-03 -6.2450100999377903E-03 -1.6902446887113874E-03
0
0.0
 -1.1407996218300525E+00 -2.3170985309886123E+00 3.8420614944644871E-01
 8.9055663915964100E-03 -5.7590092348680250E-03 -1.6820297554329001E-03
0
0.0
 -1.1407996218300525E+00 -2.3170985309886123E+00 3.8420614944644871E-01
 8.6912741139743444E-03 -5.9142955655828115E-03 -1.7876703320924676E-03
0
0.0
 -1.1407996218300525E+00 -2.3170985309886123E+00 3.8420614944644871E-01
 8.7683930647545552E-03 -5.6995806187126966E-03 -1.7608546047340832E-03
0
0.0
 -1.1407996218300525E+00 -2.3170985309886123E+00 3.8420614944644871E-01
 8.9144619709769467E-03 -5.9063988550291206E-03 -1.8266976819961240E-03
0
0.0
 -1.1407996218300525E+00 -2.3170985309886123E+00 3.8420614944644871E-01
 8.8103658821598475E-03 -5.7820308808532121E-03 -1.7421867726784650E-03
0
0.0
 -1.1407996218300525E+00 -2.3170985309886123E+00 3.8420614944644871E-01
 8.7473224633351099E-03 -6.0488917741361760E-03 -1.7259815753394175E-03
0
0.0
 -1.1407996218300525E+00 -2.3170985309886123E+00 3.8420614944644871E-01
 9.1112483296107282E-03 -5.8920444140227448E-03 -1.6000760696583546E-03
0
0.0
 -1.1407996218300525E+00 -2.3170985309886123E+00 3.8420614944644871E-01
 8.6523214788031336E-03 -5.7628986664056267E-03 -1.6013905319650166E-03
0
0.0
 -1.1407996218300525E+00 -2.3170985309886123E+00 3.8420614944644871E-01
 8.7823086140589209E-03 -5.8774759633542870E-03 -1.5006929198031209E-03
0
0.0
 -1.1407996218300525E+00 -2.3170985309886123E+00 3.8420614944644871E-01
 8.5307611537718021E-03 -5.9254603090368807E-03 -1.5575070696212904E-03
0
0.0
 -1.1407996218300525E+00 -2.3170985309886123E+00 3.8420614944644871E-01
 8.7731892547707295E-03 -5.7339429789778256E-03 -1.6127757812909498E-03
0
0.0
 -1.1407996218300525E+00 -2.3170985309886123E+00 3.8420614944644871E-01
 9.0250617708771529E-03 -5.7602575005482630E-03 -1.6084665598862175E-03
0
0.0
 -1.1407996218300525E+00 -2.3170985309886123E+00 3.8420614944644871E-01
 8.7839069713535924E-03 -5.8732602796830909E-03 -1.6089133963338028E-03
0
0.0
 -1.1407996218300525E+00 -2.3170985309886123E+00 3.8420614944644871E-01
 8.6334089016032248E-03 -5.7510307834739583E-03 -1.7303166653649367E-03
0
0.0
 -1.1407996218300525E+00 -2.3170985309886123E+00 3.8420614944644871E-01
 8.8452951910055061E-03 -5.9708078300282647E-03 -1.5720954259642302E-03
0
0.0
 -1.1407996218300525E+00 -2.3170985309886123E+00 3.8420614944644871E-01
 8.9391295798670264E-03 -5.9297796989032977E-03 -1.6258596986171005E-03
0
0.0
