20
-1
1
  0.39251149  -0.74479111   0.53964890  7.52222045e-04
  0.18375611   0.97932074  -0.08464384  1.48210121e-04
  0.95629495   0.15558503  -0.24757478  3.41180425e-04
  0.17641184  -0.88162748   0.43773490  2.08170386e-04
 -0.63714526  -0.16458792  -0.75296529  2.19927775e-04
  0.43740995  -0.81897452  -0.37142060  3.91048089e-04
  0.96735241  -0.21957627  -0.12655269  2.84906002e-04
  0.41178586   0.90542588  -0.10313285  1.55583954e-04
  0.75524620  -0.64673547   0.10647261  7.01182527e-04
 -0.28446398  -0.01137078   0.95861929  1.60060978e-04
  0.38379418   0.78244703   0.49038625  1.46952324e-04
 -0.02964851   0.97066731  -0.23859156  3.02267045e-04
 -0.47443494  -0.25615310   0.84219777  3.47041692e-04
  0.82661436  -0.50770514   0.24278425  3.66246586e-04
 -0.61029669  -0.17947775   0.77157352  2.30216124e-04
 -0.43895981  -0.77346690  -0.45723435  2.51637208e-04
  0.62211085  -0.61916178  -0.47918345  1.57574604e-04
 -0.37839355   0.47035573   0.79723510  7.18575215e-04
 -0.49745889  -0.47913741   0.72316112  5.13106634e-04
 -0.16251389  -0.02300648  -0.98643800  1.46523069e-04
