20
-1
1
  0.07490682   0.76737010   0.63681402  2.22006126e-04
  0.02267652   0.41499798   0.90953969  3.12506145e-04
  0.39271112  -0.50801165   0.76661734  8.53697789e-04
 -0.46380818   0.67171965  -0.57764582  3.78409450e-04
 -0.21321053  -0.10326163  -0.97153400  1.94394128e-04
  0.53229174   0.79933238  -0.27880682  2.23318166e-04
  0.59787368  -0.79447222   0.10658778  1.59679963e-04
  0.07044681  -0.83792037   0.54122703  4.62918578e-04
  0.66022746  -0.56015156  -0.50032983  1.86628044e-04
 -0.71636141   0.69630140   0.04461724  6.14904831e-04
  0.89743513   0.30114057   0.32237328  1.58460299e-04
  0.88089194   0.42742367   0.20331846  1.73937021e-04
  0.66398841   0.03343462   0.74699499  1.70280562e-04
 -0.34639661  -0.85940927  -0.37606528  4.08106985e-04
  0.18884939  -0.10863091   0.97597912  1.56407576e-04
  0.04704514  -0.47234600   0.88015681  1.84265340e-04
 -0.22175734  -0.66226438  -0.71570215  4.78916176e-04
 -0.66803980   0.57847267   0.46807285  3.85542644e-04
  0.51351910   0.55441607   0.65492057  4.67229504e-04
 -0.42635577  -0.24552201  -0.87059732  2.57620487e-04
