20
 -1.1407996218300525E+00 -2.3170985309886123E+00 3.8420614944644871E-01
 8.9172245054438999E-03 -5.7450467684222158E-03 -1.6165582723166728E-03
0
0.0
 -1.1407996218300525E+00 -2.3170985309886123E+00 3.8420614944644871E-01
 8.9836929052844027E-03 -6.0081238530903663E-03 -1.6916078372581195E-03
0
0.0
 -1.1407996218300525E+00 -2.3170985309886123E+00 3.8420614944644871E-01
 8.9212868579170851E-03 -5.7791122216900711E-03 -1.6005587190992974E-03
0
0.0
 -1.1407996218300525E+00 -2.3170985309886123E+00 3.8420614944644871E-01
 8.8136853084873103E-03 -5.8541408238180007E-03 -1.5316385640404588E-03
0
0.0
 -1.1407996218300525E+00 -2.3170985309886123E+00 3.8420614944644871E-01
 8.9233142541401671E-03 -5.8948215567633669E-03 -1.7597853417217286E-03
0
0.0
 -1.1407996218300525E+00 -2.3170985309886123E+00 3.8420614944644871E-01
 8.8502356760374896E-03 -6.1616794653035021E-03 -1.5785505689133352E-03
0
0.0
 -1.1407996218300525E+00 -2.3170985309886123E+00 3.8420614944644871E-01
 8.8480452007761567E-03 -5.9630814094123021E-03 -1.6165793665049771E-03
0
0.0
 -1.1407996218300525E+00 -2.3170985309886123E+00 3.8420614944644871E-01
 8.7682889585157520E-03 -5.7271095763901780E-03 -1.7016988774234752E-03
0
0.0
 -1.1407996218300525E+00 -2.3170985309886123E+00 3.8420614944644871E-01
 8.7160357967971461E-03 -6.0507865567583892E-03 -1.7551205067991636E-03
0
0.0
 -1.1407996218300525E+00 -2.3170985309886123E+00 3.8420614944644871E-01
 8.7292678828497731E-03 -5.7776373667115730E-03 -1.4339026123678569E-03
0
0.0
 -1.1407996218300525E+00 -2.3170985309886123E+00 3.8420614944644871E-01
 8.9302550810386773E-03 -5.9405532706702678E-03 -1.6627453433830160E-03
0
0.0
 -1.1407996218300525E+00 -2.3170985309886123E+00 3.8420614944644871E-01
 8.7018515823338062E-03 -5.8949518410592715E-03 -1.8363941338745413E-03
0
0.0
 -1.1407996218300525E+00 -2.3170985309886123E+00 3.8420614944644871E-01
 8.8192054309734549E-03 -5.7422700541337850E-03 -1.3367589121071667E-03
0
0.0
 -1.1407996218300525E+00 -2.3170985309886123E+00 3.8420614944644871E-01
 8.5271311720670605E-03 -5.8693297995529659E-03 -1.5974281526215587E-03
0
0.0
 -1.1407996218300525E+00 -2.3170985309886123E+00 3.8420614944644871E-01
 8.8330471414672426E-03 -5.9551524876706062E-03 -1.8263625002709353E-03
0
0.0
 -1.1407996218300525E+00 -2.3170985309886123E+00 3.8420614944644871E-01
 8.7449681172454986E-03 -5.7933135358846487E-03 -1.9155092269364405E-03
0
0.0
 -1.1407996218300525E+00 -2.3170985309886123E+00 3.8420614944644871E-01
 8.6932699736028511E-03 -6.0081080793116717E-03 -1.6204416116840589E-03
0
0.0
 -1.1407996218300525E+00 -2.3170985309886123E+00 3.8420614944644871E-01
 8.7686448638979175E-03 -6.1792953095113406E-03 -1.7798658795964136E-03
0
0.0
 -1.1407996218300525E+00 -2.3170985309886123E+00 3.8420614944644871E-01
 9.0422708678041201E-03 -5.8709027951606091E-03 -1.7366321837356668E-03
0
0.0
 -1.1407996218300525E+00 -2.3170985309886123E+00 3.8420614944644871E-01
 8.6989626701042162E-03 -5.8231513896015146E-03 -1.6958946443285069E-03
0
0.0
