
# Surface 0 of 1 surfaces

# Curve title: ""2g_g5_g6.dat" matrix"

# Contour 0, label:      0.5
 5  39.7973  0.5 
 4  39.6684  0.5 
 3  39.5289  0.5 
 2  39.3775  0.5 
 1  39.2126  0.5 
 0  39.0324  0.5 

# Contour 1, label: 
 100  42.8476  0.5 
 99  42.8474  0.5 
 98  42.8461  0.5 
 97  42.8439  0.5 
 96  42.8408  0.5 
 95  42.8367  0.5 
 94  42.8319  0.5 
 93  42.8261  0.5 
 92  42.8197  0.5 
 91  42.8124  0.5 
 90  42.8045  0.5 
 89  42.7958  0.5 
 88  42.7865  0.5 
 87  42.7765  0.5 
 86  42.7659  0.5 
 85  42.7548  0.5 
 84  42.743  0.5 
 83  42.7307  0.5 
 82  42.7178  0.5 
 81  42.7044  0.5 
 80  42.6906  0.5 
 79  42.6762  0.5 
 78  42.6613  0.5 
 77  42.6461  0.5 
 76  42.6303  0.5 
 75  42.6141  0.5 
 74  42.5975  0.5 
 73  42.5805  0.5 
 72  42.563  0.5 
 71  42.5452  0.5 
 70  42.527  0.5 
 69  42.5084  0.5 
 68  42.4894  0.5 
 67  42.4701  0.5 
 66  42.4504  0.5 
 65  42.4304  0.5 
 64  42.41  0.5 
 63  42.3893  0.5 
 62  42.3681  0.5 
 61  42.3467  0.5 
 60  42.3249  0.5 
 59  42.3027  0.5 
 58  42.2802  0.5 
 57  42.2573  0.5 
 56  42.2341  0.5 
 55  42.2105  0.5 
 54  42.1865  0.5 
 53  42.1622  0.5 
 52  42.1375  0.5 
 51  42.1123  0.5 
 50  42.0868  0.5 
 49  42.0608  0.5 
 48  42.0344  0.5 
 47  42.0077  0.5 
 46.7185  42  0.5 
 46  41.9807  0.5 
 45  41.9534  0.5 
 44  41.9256  0.5 
 43  41.8972  0.5 
 42  41.8684  0.5 
 41  41.8391  0.5 
 40  41.8091  0.5 
 39  41.7785  0.5 
 38  41.7473  0.5 
 37  41.7153  0.5 
 36  41.6827  0.5 
 35  41.6493  0.5 
 34  41.6151  0.5 
 33  41.5801  0.5 
 32  41.5441  0.5 
 31  41.5072  0.5 
 30  41.4692  0.5 
 29  41.4302  0.5 
 28  41.3899  0.5 
 27  41.3485  0.5 
 26  41.3056  0.5 
 25  41.2613  0.5 
 24  41.2155  0.5 
 23  41.168  0.5 
 22  41.1186  0.5 
 21  41.0673  0.5 
 20  41.0139  0.5 
 19.7486  41  0.5 
 19  40.9589  0.5 
 18  40.9017  0.5 
 17  40.8418  0.5 
 16  40.779  0.5 
 15  40.7131  0.5 
 14  40.6437  0.5 
 13  40.5706  0.5 
 12  40.4933  0.5 
 11  40.4115  0.5 
 10  40.3247  0.5 
 9  40.2323  0.5 
 8  40.1337  0.5 
 7  40.0284  0.5 
 6.74723  40  0.5 
 6  39.9168  0.5 
 5  39.7973  0.5 


# Contour 2, label:     -0.5
 5  39.4187 -0.5 
 4  39.2875 -0.5 
 3  39.1456 -0.5 
 2.05282  39 -0.5 
 2  38.992 -0.5 
 1  38.8272 -0.5 
 0  38.6473 -0.5 

# Contour 3, label: 
 100  42.6356 -0.5 
 99  42.6339 -0.5 
 98  42.6311 -0.5 
 97  42.6274 -0.5 
 96  42.6227 -0.5 
 95  42.6172 -0.5 
 94  42.6108 -0.5 
 93  42.6035 -0.5 
 92  42.5955 -0.5 
 91  42.5867 -0.5 
 90  42.5772 -0.5 
 89  42.567 -0.5 
 88  42.5561 -0.5 
 87  42.5445 -0.5 
 86  42.5323 -0.5 
 85  42.5196 -0.5 
 84  42.5062 -0.5 
 83  42.4923 -0.5 
 82  42.4778 -0.5 
 81  42.4627 -0.5 
 80  42.4472 -0.5 
 79  42.4312 -0.5 
 78  42.4146 -0.5 
 77  42.3977 -0.5 
 76  42.3802 -0.5 
 75  42.3623 -0.5 
 74  42.344 -0.5 
 73  42.3253 -0.5 
 72  42.3061 -0.5 
 71  42.2866 -0.5 
 70  42.2666 -0.5 
 69  42.2462 -0.5 
 68  42.2255 -0.5 
 67  42.2044 -0.5 
 66  42.1829 -0.5 
 65  42.1611 -0.5 
 64  42.1389 -0.5 
 63  42.1163 -0.5 
 62  42.0934 -0.5 
 61  42.0701 -0.5 
 60  42.0464 -0.5 
 59  42.0224 -0.5 
 58.0802  42 -0.5 
 58  41.9981 -0.5 
 57  41.9737 -0.5 
 56  41.949 -0.5 
 55  41.9239 -0.5 
 54  41.8985 -0.5 
 53  41.8726 -0.5 
 52  41.8464 -0.5 
 51  41.8198 -0.5 
 50  41.7927 -0.5 
 49  41.7653 -0.5 
 48  41.7373 -0.5 
 47  41.709 -0.5 
 46  41.6802 -0.5 
 45  41.6509 -0.5 
 44  41.6212 -0.5 
 43  41.5909 -0.5 
 42  41.5601 -0.5 
 41  41.5287 -0.5 
 40  41.4967 -0.5 
 39  41.464 -0.5 
 38  41.4307 -0.5 
 37  41.3968 -0.5 
 36  41.362 -0.5 
 35  41.3266 -0.5 
 34  41.2903 -0.5 
 33  41.2531 -0.5 
 32  41.2151 -0.5 
 31  41.176 -0.5 
 30  41.1359 -0.5 
 29  41.0947 -0.5 
 28  41.0523 -0.5 
 27  41.0086 -0.5 
 26.8071  41 -0.5 
 26  40.9642 -0.5 
 25  40.9184 -0.5 
 24  40.8711 -0.5 
 23  40.8222 -0.5 
 22  40.7714 -0.5 
 21  40.7188 -0.5 
 20  40.664 -0.5 
 19  40.607 -0.5 
 18  40.5475 -0.5 
 17  40.4854 -0.5 
 16  40.4203 -0.5 
 15  40.3521 -0.5 
 14  40.2804 -0.5 
 13  40.205 -0.5 
 12  40.1254 -0.5 
 11  40.0413 -0.5 
 10.5357  40 -0.5 
 10  39.9528 -0.5 
 9  39.8595 -0.5 
 8  39.7602 -0.5 
 7  39.6542 -0.5 
 6  39.5406 -0.5 
 5  39.4187 -0.5 

