
# Surface 0 of 1 surfaces

# Curve title: ""2g_s_2g5_s7.dat" matrix"

# Contour 0, label:      0.5
 8  54.6827  0.5 
 7  54.4948  0.5 
 6  54.2942  0.5 
 5  54.0791  0.5 
 4.65618  54  0.5 
 4  53.8513  0.5 
 3  53.6077  0.5 
 2  53.3442  0.5 
 1  53.0584  0.5 
 0.811325  53  0.5 
 0  52.7525  0.5 

# Contour 1, label: 
 100  58.9816  0.5 
 99.1553  59  0.5 
 99  59.0035  0.5 
 98  59.0236  0.5 
 97  59.0416  0.5 
 96  59.0575  0.5 
 95  59.0714  0.5 
 94  59.0834  0.5 
 93  59.0935  0.5 
 92  59.1019  0.5 
 91  59.1085  0.5 
 90  59.1133  0.5 
 89  59.1165  0.5 
 88  59.1181  0.5 
 87  59.1182  0.5 
 86  59.1167  0.5 
 85  59.1139  0.5 
 84  59.1095  0.5 
 83  59.1037  0.5 
 82  59.0966  0.5 
 81  59.0882  0.5 
 80  59.0784  0.5 
 79  59.0673  0.5 
 78  59.055  0.5 
 77  59.0415  0.5 
 76  59.0268  0.5 
 75  59.0109  0.5 
 74.3605  59  0.5 
 74  58.994  0.5 
 73  58.9762  0.5 
 72  58.9574  0.5 
 71  58.9374  0.5 
 70  58.9163  0.5 
 69  58.8943  0.5 
 68  58.8711  0.5 
 67  58.8469  0.5 
 66  58.8217  0.5 
 65  58.7955  0.5 
 64  58.7681  0.5 
 63  58.7399  0.5 
 62  58.7106  0.5 
 61  58.6802  0.5 
 60  58.6489  0.5 
 59  58.6165  0.5 
 58  58.5831  0.5 
 57  58.5487  0.5 
 56  58.5132  0.5 
 55  58.4768  0.5 
 54  58.4392  0.5 
 53  58.4005  0.5 
 52  58.3608  0.5 
 51  58.3199  0.5 
 50  58.2779  0.5 
 49  58.2348  0.5 
 48  58.1905  0.5 
 47  58.145  0.5 
 46  58.0983  0.5 
 45  58.0505  0.5 
 44  58.0011  0.5 
 43.9786  58  0.5 
 43  57.9517  0.5 
 42  57.9009  0.5 
 41  57.8488  0.5 
 40  57.7953  0.5 
 39  57.7402  0.5 
 38  57.6836  0.5 
 37  57.6254  0.5 
 36  57.5655  0.5 
 35  57.5039  0.5 
 34  57.4404  0.5 
 33  57.3751  0.5 
 32  57.3078  0.5 
 31  57.2383  0.5 
 30  57.1666  0.5 
 29  57.0927  0.5 
 28  57.0161  0.5 
 27.7946  57  0.5 
 27  56.9385  0.5 
 26  56.8585  0.5 
 25  56.7756  0.5 
 24  56.6897  0.5 
 23  56.6005  0.5 
 22  56.5079  0.5 
 21  56.4115  0.5 
 20  56.3111  0.5 
 19  56.2064  0.5 
 18  56.0971  0.5 
 17.1482  56  0.5 
 17  55.9834  0.5 
 16  55.8663  0.5 
 15  55.7436  0.5 
 14  55.6147  0.5 
 13  55.4791  0.5 
 12  55.3361  0.5 
 11  55.1852  0.5 
 10  55.0254  0.5 
 9.84945  55  0.5 
 9  54.8589  0.5 
 8  54.6827  0.5 


# Contour 2, label:     -0.5
 7  53.8847 -0.5 
 6  53.6845 -0.5 
 5  53.4702 -0.5 
 4  53.2403 -0.5 
 3.02834  53 -0.5 
 3  52.9931 -0.5 
 2  52.7312 -0.5 
 1  52.4475 -0.5 
 0  52.1389 -0.5 

# Contour 3, label: 
 100  58.6144 -0.5 
 99  58.6337 -0.5 
 98  58.6509 -0.5 
 97  58.6659 -0.5 
 96  58.6789 -0.5 
 95  58.6899 -0.5 
 94  58.699 -0.5 
 93  58.7063 -0.5 
 92  58.7118 -0.5 
 91  58.7156 -0.5 
 90  58.7177 -0.5 
 89  58.7182 -0.5 
 88  58.7171 -0.5 
 87  58.7145 -0.5 
 86  58.7104 -0.5 
 85  58.7048 -0.5 
 84  58.6979 -0.5 
 83  58.6894 -0.5 
 82  58.6798 -0.5 
 81  58.6687 -0.5 
 80  58.6564 -0.5 
 79  58.6428 -0.5 
 78  58.628 -0.5 
 77  58.6119 -0.5 
 76  58.5947 -0.5 
 75  58.5763 -0.5 
 74  58.5568 -0.5 
 73  58.5361 -0.5 
 72  58.5143 -0.5 
 71  58.4914 -0.5 
 70  58.4674 -0.5 
 69  58.4424 -0.5 
 68  58.4163 -0.5 
 67  58.3891 -0.5 
 66  58.3609 -0.5 
 65  58.3316 -0.5 
 64  58.3013 -0.5 
 63  58.27 -0.5 
 62  58.2376 -0.5 
 61  58.2041 -0.5 
 60  58.1697 -0.5 
 59  58.1342 -0.5 
 58  58.0977 -0.5 
 57  58.0601 -0.5 
 56  58.0215 -0.5 
 55.4574  58 -0.5 
 55  57.9822 -0.5 
 54  57.9423 -0.5 
 53  57.9014 -0.5 
 52  57.8594 -0.5 
 51  57.8163 -0.5 
 50  57.7721 -0.5 
 49  57.7268 -0.5 
 48  57.6803 -0.5 
 47  57.6325 -0.5 
 46  57.5837 -0.5 
 45  57.5336 -0.5 
 44  57.4821 -0.5 
 43  57.4294 -0.5 
 42  57.3753 -0.5 
 41  57.3198 -0.5 
 40  57.2629 -0.5 
 39  57.2044 -0.5 
 38  57.1444 -0.5 
 37  57.0827 -0.5 
 36  57.0195 -0.5 
 35.6999  57 -0.5 
 35  56.9554 -0.5 
 34  56.8899 -0.5 
 33  56.8226 -0.5 
 32  56.7533 -0.5 
 31  56.6821 -0.5 
 30  56.6085 -0.5 
 29  56.5327 -0.5 
 28  56.4543 -0.5 
 27  56.3735 -0.5 
 26  56.29 -0.5 
 25  56.2035 -0.5 
 24  56.114 -0.5 
 23  56.0212 -0.5 
 22.7787  56 -0.5 
 22  55.9265 -0.5 
 21  55.8287 -0.5 
 20  55.7269 -0.5 
 19  55.6209 -0.5 
 18  55.5104 -0.5 
 17  55.3951 -0.5 
 16  55.2744 -0.5 
 15  55.148 -0.5 
 14  55.0154 -0.5 
 13.8892  55 -0.5 
 13  54.8787 -0.5 
 12  54.7351 -0.5 
 11  54.5837 -0.5 
 10  54.4236 -0.5 
 9  54.254 -0.5 
 8  54.074 -0.5 
 7.61273  54 -0.5 
 7  53.8847 -0.5 

