
# Surface 0 of 1 surfaces

# Curve title: ""g_s_g5_s6.dat" matrix"

# Contour 0, label:      0.5
 13  68.2007  0.5 
 12.562  68  0.5 
 12  67.7487  0.5 
 11  67.2869  0.5 
 10.4001  67  0.5 
 10  66.8132  0.5 
 9  66.3296  0.5 
 8.34473  66  0.5 
 8  65.8305  0.5 
 7  65.3194  0.5 
 6.40148  65  0.5 
 6  64.7904  0.5 
 5  64.2445  0.5 
 4.5729  64  0.5 
 4  63.6788  0.5 
 3  63.0888  0.5 
 2.85709  63  0.5 
 2  62.4781  0.5 
 1.25934  62  0.5 
 1  61.8358  0.5 
 0  61.1634  0.5 

# Contour 1, label: 
 79.9388  100  0.5 
 79.8024  99  0.5 
 79.3974  98  0.5 
 79  97.4106  0.5 
 78.7286  97  0.5 
 78  96.2056  0.5 
 77.8151  96  0.5 
 77  95.2907  0.5 
 76.6731  95  0.5 
 76  94.5072  0.5 
 75.321  94  0.5 
 75  93.7956  0.5 
 74  93.1449  0.5 
 73.7812  93  0.5 
 73  92.549  0.5 
 72.0702  92  0.5 
 72  91.9632  0.5 
 71  91.4302  0.5 
 70.2091  91  0.5 
 70  90.8976  0.5 
 69  90.3999  0.5 
 68.2123  90  0.5 
 68  89.9019  0.5 
 67  89.4328  0.5 
 66.0954  89  0.5 
 66  88.9581  0.5 
 65  88.5128  0.5 
 64  88.0589  0.5 
 63.8718  88  0.5 
 63  87.6288  0.5 
 62  87.1955  0.5 
 61.555  87  0.5 
 61  86.7728  0.5 
 60  86.3571  0.5 
 59.154  86  0.5 
 59  85.9391  0.5 
 58  85.5384  0.5 
 57  85.1311  0.5 
 56.6818  85  0.5 
 56  84.7355  0.5 
 55  84.3414  0.5 
 54.1469  84  0.5 
 54  83.9445  0.5 
 53  83.5621  0.5 
 52  83.1739  0.5 
 51.5581  83  0.5 
 51  82.7916  0.5 
 50  82.4134  0.5 
 49  82.029  0.5 
 48.9253  82  0.5 
 48  81.6583  0.5 
 47  81.2831  0.5 
 46.2561  81  0.5 
 46  80.9069  0.5 
 45  80.5396  0.5 
 44  80.1664  0.5 
 43.5601  80  0.5 
 43  79.7972  0.5 
 42  79.4308  0.5 
 41  79.0583  0.5 
 40.8453  79  0.5 
 40  78.6944  0.5 
 39  78.3274  0.5 
 38.1219  78  0.5 
 38  77.9563  0.5 
 37  77.5937  0.5 
 36  77.2249  0.5 
 35.3989  77  0.5 
 35  76.8562  0.5 
 34  76.4909  0.5 
 33  76.1191  0.5 
 32.6841  76  0.5 
 32  75.751  0.5 
 31  75.381  0.5 
 30  75.0042  0.5 
 29.9889  75  0.5 
 29  74.6349  0.5 
 28  74.2585  0.5 
 27.3254  74  0.5 
 27  73.8793  0.5 
 26  73.5021  0.5 
 25  73.1173  0.5 
 24.7005  73  0.5 
 24  72.7337  0.5 
 23  72.3461  0.5 
 22.127  72  0.5 
 22  71.9511  0.5 
 21  71.5588  0.5 
 20  71.1571  0.5 
 19.6173  71  0.5 
 19  70.7535  0.5 
 18  70.3447  0.5 
 17.1787  70  0.5 
 17  69.927  0.5 
 16  69.5087  0.5 
 15  69.0779  0.5 
 14.8237  69  0.5 
 14  68.6451  0.5 
 13  68.2007  0.5 


# Contour 2, label:     -0.5
 26  71.1336 -0.5 
 25.6396  71 -0.5 
 25  70.7693 -0.5 
 24  70.4021 -0.5 
 23  70.0268 -0.5 
 22.9299  70 -0.5 
 22  69.6545 -0.5 
 21  69.2744 -0.5 
 20.2932  69 -0.5 
 20  68.889 -0.5 
 19  68.5027 -0.5 
 18  68.1063 -0.5 
 17.7377  68 -0.5 
 17  67.7084 -0.5 
 16  67.3027 -0.5 
 15.2736  67 -0.5 
 15  66.8886 -0.5 
 14  66.4709 -0.5 
 13  66.0399 -0.5 
 12.9099  66 -0.5 
 12  65.606 -0.5 
 11  65.158 -0.5 
 10.6584  65 -0.5 
 10  64.7021 -0.5 
 9  64.2328 -0.5 
 8.52178  64 -0.5 
 8  63.7513 -0.5 
 7  63.2556 -0.5 
 6.50556  63 -0.5 
 6  62.744 -0.5 
 5  62.2148 -0.5 
 4.6126  62 -0.5 
 4  61.6669 -0.5 
 3  61.0953 -0.5 
 2.84166  61 -0.5 
 2  60.5029 -0.5 
 1.19615  60 -0.5 
 1  59.8795 -0.5 
 0  59.2283 -0.5 

# Contour 3, label: 
 95.3853  100 -0.5 
 95.1316  99 -0.5 
 95  98.8256 -0.5 
 94.4155  98 -0.5 
 94  97.6455 -0.5 
 93.2876  97 -0.5 
 93  96.8128 -0.5 
 92  96.1249 -0.5 
 91.8274  96 -0.5 
 91  95.5312 -0.5 
 90.1053  95 -0.5 
 90  94.9485 -0.5 
 89  94.437 -0.5 
 88.181  94 -0.5 
 88  93.9178 -0.5 
 87  93.446 -0.5 
 86.0892  93 -0.5 
 86  92.9619 -0.5 
 85  92.5206 -0.5 
 84  92.0632 -0.5 
 83.8656  92 -0.5 
 83  91.6387 -0.5 
 82  91.2076 -0.5 
 81.5309  91 -0.5 
 81  90.7883 -0.5 
 80  90.3788 -0.5 
 79.1  90 -0.5 
 79  89.9617 -0.5 
 78  89.5705 -0.5 
 77  89.1686 -0.5 
 76.5891  89 -0.5 
 76  88.7779 -0.5 
 75  88.3927 -0.5 
 74.004  88 -0.5 
 74  87.9985 -0.5 
 73  87.6276 -0.5 
 72  87.248 -0.5 
 71.3585  87 -0.5 
 71  86.8709 -0.5 
 70  86.5043 -0.5 
 69  86.1306 -0.5 
 68.6559  86 -0.5 
 68  85.7666 -0.5 
 67  85.4045 -0.5 
 66  85.0357 -0.5 
 65.9046  85 -0.5 
 65  84.6818 -0.5 
 64  84.3242 -0.5 
 63.1096  84 -0.5 
 63  83.9623 -0.5 
 62  83.6139 -0.5 
 61  83.2599 -0.5 
 60.2775  83 -0.5 
 60  82.9053 -0.5 
 59  82.56 -0.5 
 58  82.2087 -0.5 
 57.414  82 -0.5 
 57  81.8597 -0.5 
 56  81.5167 -0.5 
 55  81.1683 -0.5 
 54.5232  81 -0.5 
 54  80.8236 -0.5 
 53  80.4825 -0.5 
 52  80.1358 -0.5 
 51.6126  80 -0.5 
 51  79.7943 -0.5 
 50  79.4541 -0.5 
 49  79.1087 -0.5 
 48.6884  79 -0.5 
 48  78.7695 -0.5 
 47  78.4298 -0.5 
 46  78.0851 -0.5 
 45.7556  78 -0.5 
 45  77.7468 -0.5 
 44  77.4072 -0.5 
 43  77.062 -0.5 
 42.8222  77 -0.5 
 42  76.724 -0.5 
 41  76.3832 -0.5 
 40  76.0369 -0.5 
 39.8945  76 -0.5 
 39  75.6981 -0.5 
 38  75.3554 -0.5 
 37  75.0071 -0.5 
 36.9799  75 -0.5 
 36  74.6664 -0.5 
 35  74.3204 -0.5 
 34.089  74 -0.5 
 34  73.9697 -0.5 
 33  73.6253 -0.5 
 32  73.2746 -0.5 
 31.2287  73 -0.5 
 31  72.921 -0.5 
 30  72.5709 -0.5 
 29  72.2141 -0.5 
 28.4091  72 -0.5 
 28  71.856 -0.5 
 27  71.4985 -0.5 
 26  71.1336 -0.5 

