
# Surface 0 of 1 surfaces

# Curve title: ""z2.dat" matrix"

# Contour 0, label:      0.5
 91  70.3819  0.5 
 92  70.2825  0.5 
 93  70.1813  0.5 
 94  70.0782  0.5 
 94.7416  70  0.5 
 95  69.9738  0.5 
 96  69.8699  0.5 
 97  69.7639  0.5 
 98  69.6554  0.5 
 99  69.5448  0.5 
 100  69.4316  0.5 

# Contour 1, label: 
 0  71.6162  0.5 
 1  71.9651  0.5 
 1.11224  72  0.5 
 2  72.2838  0.5 
 3  72.5675  0.5 
 4  72.8192  0.5 
 4.80862  73  0.5 
 5  73.0441  0.5 
 6  73.2497  0.5 
 7  73.4318  0.5 
 8  73.5931  0.5 
 9  73.7359  0.5 
 10  73.8617  0.5 
 11  73.9722  0.5 
 11.2858  74  0.5 
 12  74.0717  0.5 
 13  74.1595  0.5 
 14  74.2352  0.5 
 15  74.3003  0.5 
 16  74.3556  0.5 
 17  74.4018  0.5 
 18  74.4399  0.5 
 19  74.4705  0.5 
 20  74.4941  0.5 
 21  74.5112  0.5 
 22  74.5223  0.5 
 23  74.5282  0.5 
 24  74.5288  0.5 
 25  74.5247  0.5 
 26  74.5163  0.5 
 27  74.5039  0.5 
 28  74.4877  0.5 
 29  74.4679  0.5 
 30  74.4448  0.5 
 31  74.4186  0.5 
 32  74.3895  0.5 
 33  74.3578  0.5 
 34  74.3234  0.5 
 35  74.2867  0.5 
 36  74.2477  0.5 
 37  74.2066  0.5 
 38  74.1634  0.5 
 39  74.1184  0.5 
 40  74.0715  0.5 
 41  74.0228  0.5 
 41.4523  74  0.5 
 42  73.9736  0.5 
 43  73.9237  0.5 
 44  73.8724  0.5 
 45  73.8197  0.5 
 46  73.7656  0.5 
 47  73.7102  0.5 
 48  73.6537  0.5 
 49  73.5959  0.5 
 50  73.537  0.5 
 51  73.4771  0.5 
 52  73.4161  0.5 
 53  73.3539  0.5 
 54  73.2907  0.5 
 55  73.2265  0.5 
 56  73.1612  0.5 
 57  73.0951  0.5 
 58  73.0279  0.5 
 58.4079  73  0.5 
 59  72.9612  0.5 
 60  72.8947  0.5 
 61  72.8271  0.5 
 62  72.7587  0.5 
 63  72.6894  0.5 
 64  72.6191  0.5 
 65  72.5479  0.5 
 66  72.4758  0.5 
 67  72.4028  0.5 
 68  72.3287  0.5 
 69  72.2537  0.5 
 70  72.1776  0.5 
 71  72.1007  0.5 
 72  72.0226  0.5 
 72.2848  72  0.5 
 73  71.9455  0.5 
 74  71.8682  0.5 
 75  71.7897  0.5 
 76  71.7103  0.5 
 77  71.6296  0.5 
 78  71.5478  0.5 
 79  71.4648  0.5 
 80  71.3807  0.5 
 81  71.2952  0.5 
 82  71.2084  0.5 
 83  71.1203  0.5 
 84  71.0308  0.5 
 84.3372  71  0.5 
 85  70.9419  0.5 
 86  70.8525  0.5 
 87  70.7616  0.5 
 88  70.6692  0.5 
 89  70.5751  0.5 
 90  70.4794  0.5 
 91  70.3819  0.5 


# Contour 2, label:     -0.5
 92  69.7494 -0.5 
 93  69.6549 -0.5 
 94  69.5586 -0.5 
 95  69.4603 -0.5 
 96  69.3598 -0.5 
 97  69.2572 -0.5 
 98  69.1523 -0.5 
 99  69.045 -0.5 
 99.4081  69 -0.5 
 100  68.9372 -0.5 

# Contour 3, label: 
 0  70.6188 -0.5 
 1  70.9619 -0.5 
 1.12431  71 -0.5 
 2  71.2757 -0.5 
 3  71.5557 -0.5 
 4  71.8048 -0.5 
 4.88003  72 -0.5 
 5  72.0274 -0.5 
 6  72.2318 -0.5 
 7  72.4137 -0.5 
 8  72.5754 -0.5 
 9  72.719 -0.5 
 10  72.8465 -0.5 
 11  72.9592 -0.5 
 11.4089  73 -0.5 
 12  73.0608 -0.5 
 13  73.1514 -0.5 
 14  73.2305 -0.5 
 15  73.2992 -0.5 
 16  73.3587 -0.5 
 17  73.4092 -0.5 
 18  73.452 -0.5 
 19  73.4874 -0.5 
 20  73.5161 -0.5 
 21  73.5386 -0.5 
 22  73.5552 -0.5 
 23  73.5667 -0.5 
 24  73.5732 -0.5 
 25  73.5751 -0.5 
 26  73.5727 -0.5 
 27  73.5665 -0.5 
 28  73.5567 -0.5 
 29  73.5434 -0.5 
 30  73.5268 -0.5 
 31  73.5073 -0.5 
 32  73.4849 -0.5 
 33  73.4599 -0.5 
 34  73.4324 -0.5 
 35  73.4026 -0.5 
 36  73.3706 -0.5 
 37  73.3364 -0.5 
 38  73.3003 -0.5 
 39  73.2623 -0.5 
 40  73.2226 -0.5 
 41  73.1812 -0.5 
 42  73.1382 -0.5 
 43  73.0936 -0.5 
 44  73.0474 -0.5 
 45  73 -0.5 
 46  72.9529 -0.5 
 47  72.9046 -0.5 
 48  72.855 -0.5 
 49  72.8043 -0.5 
 50  72.7524 -0.5 
 51  72.6995 -0.5 
 52  72.6456 -0.5 
 53  72.5905 -0.5 
 54  72.5344 -0.5 
 55  72.4773 -0.5 
 56  72.4192 -0.5 
 57  72.3602 -0.5 
 58  72.3001 -0.5 
 59  72.2392 -0.5 
 60  72.1772 -0.5 
 61  72.1143 -0.5 
 62  72.0505 -0.5 
 62.7801  72 -0.5 
 63  71.9863 -0.5 
 64  71.9229 -0.5 
 65  71.8585 -0.5 
 66  71.7933 -0.5 
 67  71.7271 -0.5 
 68  71.6599 -0.5 
 69  71.5918 -0.5 
 70  71.5227 -0.5 
 71  71.4527 -0.5 
 72  71.3816 -0.5 
 73  71.3095 -0.5 
 74  71.2363 -0.5 
 75  71.162 -0.5 
 76  71.0866 -0.5 
 77  71.0101 -0.5 
 77.1291  71 -0.5 
 78  70.9346 -0.5 
 79  70.8585 -0.5 
 80  70.781 -0.5 
 81  70.7022 -0.5 
 82  70.6222 -0.5 
 83  70.5409 -0.5 
 84  70.4583 -0.5 
 85  70.3742 -0.5 
 86  70.2886 -0.5 
 87  70.2015 -0.5 
 88  70.1128 -0.5 
 89  70.0225 -0.5 
 89.2431  70 -0.5 
 90  69.9327 -0.5 
 91  69.8419 -0.5 
 92  69.7494 -0.5 

