20
-1
1
 -0.50104809  -0.35517234   0.78917895  2.30261237e-04
  0.36032329   0.93006646  -0.07171821  4.26839014e-04
 -0.08623512  -0.57902218   0.81073844  2.87079773e-04
 -0.73894629  -0.09169865  -0.66749512  2.75700852e-04
  0.88730878   0.22772256   0.40103063  1.84605853e-04
 -0.85490797  -0.48887801   0.17358183  1.67311594e-04
  0.87795016  -0.27678146  -0.39063480  1.51371809e-04
  0.29379263   0.67306324   0.67872805  2.58812780e-04
 -0.13113482  -0.12573485   0.98335874  3.80225218e-04
 -0.98097941  -0.17056339  -0.09266894  3.12990665e-04
  0.08840181   0.96079623  -0.26278455  3.08264994e-04
  0.42250511   0.26698238   0.86614655  1.99031123e-04
  0.15977113  -0.95434313  -0.25239331  1.65935500e-04
  0.80735457   0.09551135   0.58228530  4.52687901e-04
  0.20895007  -0.32156948  -0.92354369  2.10065003e-04
 -0.45405091  -0.89078829   0.01827555  1.94315256e-04
  0.04499044  -0.98858612   0.14378225  2.38590023e-04
  0.38230149  -0.59236851  -0.70918623  1.70966974e-04
  0.36878358  -0.26889740   0.88977124  4.73945554e-04
  0.47812931  -0.55809436   0.67817627  4.42989305e-04
