20
 -1.1407996218300525E+00 -2.3170985309886123E+00 3.8420614944644871E-01
 8.5348593056774839E-03 -5.8835851114202855E-03 -1.6299969784432148E-03
0
0.0
 -1.1407996218300525E+00 -2.3170985309886123E+00 3.8420614944644871E-01
 8.7757422314904202E-03 -5.8520252256642523E-03 -1.5556587765748623E-03
0
0.0
 -1.1407996218300525E+00 -2.3170985309886123E+00 3.8420614944644871E-01
 8.9560835840256110E-03 -5.6730170826404802E-03 -1.5751569230824209E-03
0
0.0
 -1.1407996218300525E+00 -2.3170985309886123E+00 3.8420614944644871E-01
 8.5148879993523479E-03 -5.9489695589770315E-03 -1.8156146873217170E-03
0
0.0
 -1.1407996218300525E+00 -2.3170985309886123E+00 3.8420614944644871E-01
 8.7887708775108431E-03 -5.9711106495050834E-03 -1.6814019200179265E-03
0
0.0
 -1.1407996218300525E+00 -2.3170985309886123E+00 3.8420614944644871E-01
 8.7889056171873200E-03 -5.9033984324880929E-03 -1.6782323445978342E-03
0
0.0
 -1.1407996218300525E+00 -2.3170985309886123E+00 3.8420614944644871E-01
 8.5809205203066508E-03 -5.7671544124853211E-03 -1.6889927569898198E-03
0
0.0
 -1.1407996218300525E+00 -2.3170985309886123E+00 3.8420614944644871E-01
 9.0740386906012372E-03 -5.7935192387232499E-03 -1.5008582300761089E-03
0
0.0
 -1.1407996218300525E+00 -2.3170985309886123E+00 3.8420614944644871E-01
 8.7470135879050195E-03 -6.0420481154997005E-03 -1.5932078732911778E-03
0
0.0
 -1.1407996218300525E+00 -2.3170985309886123E+00 3.8420614944644871E-01
 8.5376866846506080E-03 -5.7479069707976173E-03 -1.6113567540199201E-03
0
0.0
 -1.1407996218300525E+00 -2.3170985309886123E+00 3.8420614944644871E-01
 8.7952759749141737E-03 -5.9478468361764862E-03 -1.7011335640068708E-03
0
0.0
 -1.1407996218300525E+00 -2.3170985309886123E+00 3.8420614944644871E-01
 8.8216787610254782E-03 -5.8671950439176043E-03 -1.7642650762435955E-03
0
0.0
 -1.1407996218300525E+00 -2.3170985309886123E+00 3.8420614944644871E-01
 8.7771188945758721E-03 -5.7949821950059426E-03 -1.6349722970332571E-03
0
0.0
 -1.1407996218300525E+00 -2.3170985309886123E+00 3.8420614944644871E-01
 8.9210548456738932E-03 -5.8509035448556105E-03 -1.6756473358304754E-03
0
0.0
 -1.1407996218300525E+00 -2.3170985309886123E+00 3.8420614944644871E-01
 8.6606494603644509E-03 -5.8066650256507904E-03 -1.6734231798933416E-03
0
0.0
 -1.1407996218300525E+00 -2.3170985309886123E+00 3.8420614944644871E-01
 8.8994739076560265E-03 -5.9926441667830233E-03 -1.5865325393847351E-03
0
0.0
 -1.1407996218300525E+00 -2.3170985309886123E+00 3.8420614944644871E-01
 8.7526053111647035E-03 -5.9233695855664369E-03 -1.5762555369747745E-03
0
0.0
 -1.1407996218300525E+00 -2.3170985309886123E+00 3.8420614944644871E-01
 8.7696480575035693E-03 -5.8956451525586772E-03 -1.6257190351488370E-03
0
0.0
 -1.1407996218300525E+00 -2.3170985309886123E+00 3.8420614944644871E-01
 8.7030824550271731E-03 -6.0725726628633025E-03 -1.7526983479674043E-03
0
0.0
 -1.1407996218300525E+00 -2.3170985309886123E+00 3.8420614944644871E-01
 8.5813008401473094E-03 -5.6955604012913488E-03 -1.6551269443799877E-03
0
0.0
