20
-1
1
  0.23510979  -0.88679686  -0.39788782  1.56091226e-04
 -0.46620676   0.30050611  -0.83207412  2.08877449e-04
 -0.10912938  -0.07931288  -0.99085834  4.87392024e-04
 -0.47993894   0.87729700  -0.00293217  2.09849661e-04
 -0.02161380  -0.15256730  -0.98805671  1.51059068e-04
 -0.93448142   0.03620534  -0.35416613  1.88933491e-04
  0.23432199  -0.92495624  -0.29924766  1.78337563e-04
 -0.66681180   0.68103989  -0.30256684  1.52911149e-04
 -0.49599888  -0.19771773  -0.84551334  2.06668795e-04
  0.38945075  -0.91120906   0.13426156  3.04691150e-04
  0.95125999  -0.23561014  -0.19897811  5.12246941e-04
 -0.97559130   0.15070027   0.15972178  1.64848387e-04
  0.31458821   0.94894216   0.02330308  3.51087522e-04
 -0.56739883  -0.82047377  -0.06986679  7.67811069e-04
  0.38610032   0.43830063   0.81167672  2.73524712e-04
 -0.89427256  -0.43824675  -0.09064424  7.21953357e-04
 -0.78873653  -0.23786260   0.56684748  1.93365858e-04
 -0.46455265  -0.15935872   0.87108877  2.18761363e-04
  0.36349188  -0.39516578  -0.84363361  5.66158094e-04
  0.91452215  -0.32751455   0.23745200  1.76679491e-04
