20
-1
1
  0.70237310  -0.37602700   0.60438044  2.73895964e-04
 -0.01967225  -0.19174184  -0.98124822  2.65646542e-04
 -0.42622460  -0.10132557   0.89892475  2.11772949e-04
 -0.56041720  -0.40513968  -0.72235338  4.18255749e-04
 -0.43301684  -0.05518452  -0.89969500  4.65270736e-04
  0.15115396  -0.79612517   0.58594982  4.41676336e-04
  0.69597514  -0.58636816   0.41447677  7.36037858e-04
 -0.29786499   0.93584070   0.18835771  2.89549499e-04
  0.82973184  -0.44653137   0.33489522  4.45832130e-04
 -0.62758879   0.05819317  -0.77636709  2.07528864e-04
  0.12123321  -0.70232661   0.70145551  2.09592265e-04
 -0.53933142   0.18189200   0.82221464  4.11495353e-04
  0.45522999   0.74817534   0.48270002  2.41805949e-04
 -0.00698558   0.44471442  -0.89564518  2.41893278e-04
 -0.45635938  -0.15005263   0.87705207  1.64580941e-04
  0.27417019   0.89184404  -0.35978456  1.55646259e-04
 -0.31684915   0.94486077   0.08273293  2.18032873e-04
  0.13972048   0.76757510  -0.62554509  4.10964660e-04
  0.77359148   0.46252788  -0.43315607  2.54288366e-04
 -0.38675498   0.90225354   0.19068068  1.91814743e-04
