20
 -1.1407996218300525E+00 -2.3170985309886123E+00 3.8420614944644871E-01
 9.0399917957767854E-03 -5.8718668022441859E-03 -1.4301978118648308E-03
0
0.0
 -1.1407996218300525E+00 -2.3170985309886123E+00 3.8420614944644871E-01
 8.7814999069380124E-03 -5.8888785025287133E-03 -1.4666118737069805E-03
0
0.0
 -1.1407996218300525E+00 -2.3170985309886123E+00 3.8420614944644871E-01
 8.8745159859385751E-03 -6.1579570856970097E-03 -1.6417295203384656E-03
0
0.0
 -1.1407996218300525E+00 -2.3170985309886123E+00 3.8420614944644871E-01
 8.9170601315764746E-03 -5.7127485557318504E-03 -1.6052521888268582E-03
0
0.0
 -1.1407996218300525E+00 -2.3170985309886123E+00 3.8420614944644871E-01
 8.9304017196467599E-03 -5.7675972579509793E-03 -1.5252037045942624E-03
0
0.0
 -1.1407996218300525E+00 -2.3170985309886123E+00 3.8420614944644871E-01
 8.8097231480094816E-03 -5.7194677131871229E-03 -1.4393045381972693E-03
0
0.0
 -1.1407996218300525E+00 -2.3170985309886123E+00 3.8420614944644871E-01
 8.6812637062560170E-03 -5.9096161653794223E-03 -1.5506162801727746E-03
0
0.0
 -1.1407996218300525E+00 -2.3170985309886123E+00 3.8420614944644871E-01
 8.8926498275696680E-03 -5.6937790375490597E-03 -1.8457152508645483E-03
0
0.0
 -1.1407996218300525E+00 -2.3170985309886123E+00 3.8420614944644871E-01
 8.8600015201858260E-03 -6.0878545053277174E-03 -1.4300485463313796E-03
0
0.0
 -1.1407996218300525E+00 -2.3170985309886123E+00 3.8420614944644871E-01
 8.8125605135153714E-03 -6.0681061636753512E-03 -1.7415720167949277E-03
0
0.0
 -1.1407996218300525E+00 -2.3170985309886123E+00 3.8420614944644871E-01
 8.6275749557606831E-03 -5.9950212271419820E-03 -1.6932525702909372E-03
0
0.0
 -1.1407996218300525E+00 -2.3170985309886123E+00 3.8420614944644871E-01
 8.8177226757602100E-03 -5.8018343362333993E-03 -1.6158253514812523E-03
0
0.0
 -1.1407996218300525E+00 -2.3170985309886123E+00 3.8420614944644871E-01
 8.8840303930146271E-03 -5.8472123024281147E-03 -1.4933639493763824E-03
0
0.0
 -1.1407996218300525E+00 -2.3170985309886123E+00 3.8420614944644871E-01
 8.8836708484923907E-03 -5.8767634310245634E-03 -1.4851920365486406E-03
0
0.0
 -1.1407996218300525E+00 -2.3170985309886123E+00 3.8420614944644871E-01
 8.9020229291876998E-03 -6.0108705318981503E-03 -1.6263983454388919E-03
0
0.0
 -1.1407996218300525E+00 -2.3170985309886123E+00 3.8420614944644871E-01
 8.8269942128825635E-03 -6.0771071817072014E-03 -1.7160485608134161E-03
0
0.0
 -1.1407996218300525E+00 -2.3170985309886123E+00 3.8420614944644871E-01
 8.5149333241211368E-03 -5.8320412167743004E-03 -1.7168643382083166E-03
0
0.0
 -1.1407996218300525E+00 -2.3170985309886123E+00 3.8420614944644871E-01
 8.9912379223184360E-03 -5.7930116296279642E-03 -1.6154455164372353E-03
0
0.0
 -1.1407996218300525E+00 -2.3170985309886123E+00 3.8420614944644871E-01
 8.5603306407385782E-03 -5.7954466359069774E-03 -1.7712939441111933E-03
0
0.0
 -1.1407996218300525E+00 -2.3170985309886123E+00 3.8420614944644871E-01
 9.0328428473096748E-03 -5.8224543574023806E-03 -1.7928511226874371E-03
0
0.0
