50
-1
1
 -0.12843942   0.99125633  -0.03023584  2.38739309e-04
  0.61231486  -0.78541216  -0.09054419  1.67954953e-04
 -0.45525660   0.43719099   0.77563230  1.76057735e-04
 -0.41388796  -0.45354187  -0.78930129  1.69655342e-04
  0.03158995   0.69433366   0.71895956  4.15127733e-04
  0.76220696   0.44066381   0.47418979  2.64808173e-04
  0.27610602  -0.57807410  -0.76785142  2.55655563e-04
 -0.95240309   0.30356657   0.02785112  3.71570306e-04
 -0.28528555  -0.66282675   0.69229535  2.49413704e-04
  0.22276121   0.35588589  -0.90759169  2.13982514e-04
 -0.79413401  -0.22397881   0.56496431  1.54267821e-04
  0.72650333  -0.08682002  -0.68165621  3.15066127e-04
  0.66250071  -0.70535997   0.25211133  1.90022203e-04
  0.53698642  -0.82167035   0.19105867  2.01072422e-04
 -0.75078144   0.63646053   0.17676319  1.46289714e-04
 -0.48191704   0.13809783  -0.86526583  2.64353910e-04
  0.26562116   0.96133041  -0.07272716  1.51278995e-04
  0.06348046   0.07395672  -0.99523898  1.64806036e-04
 -0.98584640   0.15908156   0.05291446  3.59794064e-04
 -0.36055149   0.66354619   0.65552199  8.05278142e-04
 -0.80822434  -0.49244646  -0.32290850  7.23595022e-04
 -0.11520134  -0.48932013   0.86446195  4.57486462e-04
 -0.76926457  -0.56174245   0.30442971  1.69128512e-04
  0.62337309  -0.34363294  -0.70236913  3.39977765e-04
  0.63389417   0.72577334   0.26726622  2.05457326e-04
 -0.03585315  -0.25757775   0.96559218  4.26914623e-04
  0.37060106  -0.18613693   0.90994939  3.22145744e-04
  0.43204499  -0.14109774   0.89074607  3.10146092e-04
 -0.42872956  -0.78132777   0.45356134  1.62611987e-04
  0.75440839  -0.57581676   0.31512386  8.43415242e-04
 -0.06432052  -0.99759663  -0.02576511  1.49191100e-04
  0.45497778  -0.29140434   0.84147414  1.48507127e-04
  0.27512850   0.93976436  -0.20284787  1.96278887e-04
 -0.09895122   0.82714187  -0.55321333  2.78754353e-04
  0.05472055  -0.96387261  -0.26068228  1.48359063e-04
 -0.51898597   0.85146508   0.07523810  3.82553221e-04
 -0.86264441   0.35787275  -0.35745169  1.70680850e-04
 -0.86514717  -0.34170314  -0.36709581  3.73528053e-04
  0.36402306   0.89618251  -0.25366143  2.08154706e-04
 -0.25601558  -0.79377987  -0.55169696  2.52544774e-04
 -0.25984487   0.86266390  -0.43392584  3.63934804e-04
 -0.57969942  -0.00326493   0.81482386  2.90017152e-04
 -0.13390768   0.61834926   0.77441134  1.63766149e-04
 -0.30389182   0.88638557  -0.34924259  1.49420879e-04
  0.22358071  -0.91415039  -0.33814306  4.65306400e-04
  0.92085667   0.18624683  -0.34254213  5.80761241e-04
  0.23423440  -0.83831209   0.49230792  2.16214170e-04
 -0.83533535  -0.48988139   0.24946156  1.85820646e-04
  0.50121583  -0.23625076  -0.83244716  6.27311257e-04
  0.45637288  -0.87882614   0.13924229  1.63723604e-04
