50
 -1.1407996218300525E+00 -2.3170985309886123E+00 3.8420614944644871E-01
 8.7727285762398809E-03 -5.9575416925632457E-03 -1.6760877201991656E-03
0
0.0
 -1.1407996218300525E+00 -2.3170985309886123E+00 3.8420614944644871E-01
 8.8982919434715639E-03 -6.0041550377993337E-03 -1.5954066424129479E-03
0
0.0
 -1.1407996218300525E+00 -2.3170985309886123E+00 3.8420614944644871E-01
 8.8193404784424594E-03 -6.0196852551816366E-03 -1.5853148880471421E-03
0
0.0
 -1.1407996218300525E+00 -2.3170985309886123E+00 3.8420614944644871E-01
 8.8086145006002897E-03 -5.9755166518600002E-03 -1.6217224363413731E-03
0
0.0
 -1.1407996218300525E+00 -2.3170985309886123E+00 3.8420614944644871E-01
 8.8292605068188319E-03 -5.8916488499312844E-03 -1.8586772847167909E-03
0
0.0
 -1.1407996218300525E+00 -2.3170985309886123E+00 3.8420614944644871E-01
 8.8032710965362040E-03 -6.0246459611080598E-03 -1.6591650722141433E-03
0
0.0
 -1.1407996218300525E+00 -2.3170985309886123E+00 3.8420614944644871E-01
 8.8108257213273672E-03 -5.7397184294901262E-03 -1.3372405749531701E-03
0
0.0
 -1.1407996218300525E+00 -2.3170985309886123E+00 3.8420614944644871E-01
 9.0434793511003485E-03 -5.7612075638255478E-03 -1.5158965794776606E-03
0
0.0
 -1.1407996218300525E+00 -2.3170985309886123E+00 3.8420614944644871E-01
 8.7954300244228907E-03 -5.9414030558271802E-03 -1.5421580085257509E-03
0
0.0
 -1.1407996218300525E+00 -2.3170985309886123E+00 3.8420614944644871E-01
 8.8204212402299316E-03 -5.9975217646939310E-03 -1.6552952591352976E-03
0
0.0
 -1.1407996218300525E+00 -2.3170985309886123E+00 3.8420614944644871E-01
 8.9104615537281308E-03 -6.1165863615286944E-03 -1.5589233053261383E-03
0
0.0
 -1.1407996218300525E+00 -2.3170985309886123E+00 3.8420614944644871E-01
 8.8512624327847927E-03 -6.1320907032518723E-03 -1.6154675734109389E-03
0
0.0
 -1.1407996218300525E+00 -2.3170985309886123E+00 3.8420614944644871E-01
 8.7638116994192185E-03 -5.9698099726648995E-03 -1.7877972665175004E-03
0
0.0
 -1.1407996218300525E+00 -2.3170985309886123E+00 3.8420614944644871E-01
 8.9996819052681424E-03 -6.0124572672223429E-03 -1.6957910679698642E-03
0
0.0
 -1.1407996218300525E+00 -2.3170985309886123E+00 3.8420614944644871E-01
 8.6975826118596607E-03 -6.0652858979948245E-03 -1.3307435205194588E-03
0
0.0
 -1.1407996218300525E+00 -2.3170985309886123E+00 3.8420614944644871E-01
 8.9357582678265251E-03 -5.6988064382059054E-03 -1.6722104427964236E-03
0
0.0
 -1.1407996218300525E+00 -2.3170985309886123E+00 3.8420614944644871E-01
 8.8146240179031252E-03 -5.8435301022343776E-03 -1.7761679380133453E-03
0
0.0
 -1.1407996218300525E+00 -2.3170985309886123E+00 3.8420614944644871E-01
 8.7023892296050256E-03 -6.0083753207003819E-03 -1.6516784535557853E-03
0
0.0
 -1.1407996218300525E+00 -2.3170985309886123E+00 3.8420614944644871E-01
 8.7391445123759237E-03 -5.9201058486657602E-03 -1.7557459520583596E-03
0
0.0
 -1.1407996218300525E+00 -2.3170985309886123E+00 3.8420614944644871E-01
 8.8578962924054042E-03 -5.9636398938240102E-03 -1.6385182068582214E-03
0
0.0
 -1.1407996218300525E+00 -2.3170985309886123E+00 3.8420614944644871E-01
 8.6171250458726180E-03 -5.9404312601105506E-03 -1.3416486783633589E-03
0
0.0
 -1.1407996218300525E+00 -2.3170985309886123E+00 3.8420614944644871E-01
 8.9021149560563877E-03 -5.9305373938546100E-03 -1.5748967055722392E-03
0
0.0
 -1.1407996218300525E+00 -2.3170985309886123E+00 3.8420614944644871E-01
 8.8456720071492505E-03 -6.0335657424012623E-03 -1.4758076333134928E-03
0
0.0
 -1.1407996218300525E+00 -2.3170985309886123E+00 3.8420614944644871E-01
 8.7415594565633178E-03 -5.8706249224500257E-03 -1.5965854834873283E-03
0
0.0
 -1.1407996218300525E+00 -2.3170985309886123E+00 3.8420614944644871E-01
 8.6578489579191825E-03 -5.7088839836020285E-03 -1.4603334248693392E-03
0
0.0
 -1.1407996218300525E+00 -2.3170985309886123E+00 3.8420614944644871E-01
 8.9364132289956304E-03 -5.9925999627694140E-03 -1.4786803534314321E-03
0
0.0
 -1.1407996218300525E+00 -2.3170985309886123E+00 3.8420614944644871E-01
 8.7951409914724422E-03 -5.9252378815028133E-03 -1.6337120820140590E-03
0
0.0
 -1.1407996218300525E+00 -2.3170985309886123E+00 3.8420614944644871E-01
 8.9891561113267914E-03 -5.9301005811278999E-03 -1.4200874962284602E-03
0
0.0
 -1.1407996218300525E+00 -2.3170985309886123E+00 3.8420614944644871E-01
 9.0270970989774196E-03 -6.0489073390615185E-03 -1.6261425493943750E-03
0
0.0
 -1.1407996218300525E+00 -2.3170985309886123E+00 3.8420614944644871E-01
 8.8419371673251462E-03 -5.8789479650876875E-03 -1.6750787913488887E-03
0
0.0
 -1.1407996218300525E+00 -2.3170985309886123E+00 3.8420614944644871E-01
 8.6666912389109681E-03 -6.0500360045890418E-03 -1.5473679488400391E-03
0
0.0
 -1.1407996218300525E+00 -2.3170985309886123E+00 3.8420614944644871E-01
 8.9457732857502574E-03 -5.7820066828505306E-03 -1.8705367987130264E-03
0
0.0
 -1.1407996218300525E+00 -2.3170985309886123E+00 3.8420614944644871E-01
 8.6128746192011291E-03 -5.8659066047033869E-03 -1.4809622451209556E-03
0
0.0
 -1.1407996218300525E+00 -2.3170985309886123E+00 3.8420614944644871E-01
 8.7200439746686360E-03 -5.9257064556616857E-03 -1.4630357435108897E-03
0
0.0
 -1.1407996218300525E+00 -2.3170985309886123E+00 3.8420614944644871E-01
 8.6097042479400740E-03 -5.9077995976429976E-03 -1.7354427038671319E-03
0
0.0
 -1.1407996218300525E+00 -2.3170985309886123E+00 3.8420614944644871E-01
 8.9458150626364839E-03 -6.0511374733830591E-03 -1.5153239060862887E-03
0
0.0
 -1.1407996218300525E+00 -2.3170985309886123E+00 3.8420614944644871E-01
 8.6321565648036207E-03 -5.6772159084078726E-03 -1.7386099149705341E-03
0
0.0
 -1.1407996218300525E+00 -2.3170985309886123E+00 3.8420614944644871E-01
 8.5504998490011086E-03 -5.9852138906375026E-03 -1.6292286876099463E-03
0
0.0
 -1.1407996218300525E+00 -2.3170985309886123E+00 3.8420614944644871E-01
 8.6465652045880637E-03 -5.9198476953952117E-03 -1.5687469234999265E-03
0
0.0
 -1.1407996218300525E+00 -2.3170985309886123E+00 3.8420614944644871E-01
 8.8526458818958213E-03 -5.8181571637506138E-03 -1.4851576171054477E-03
0
0.0
 -1.1407996218300525E+00 -2.3170985309886123E+00 3.8420614944644871E-01
 8.7257496141134750E-03 -5.8166120491623032E-03 -1.4330953003334646E-03
0
0.0
 -1.1407996218300525E+00 -2.3170985309886123E+00 3.8420614944644871E-01
 8.6601408066594669E-03 -5.8845310757711456E-03 -1.9150947932639658E-03
0
0.0
 -1.1407996218300525E+00 -2.3170985309886123E+00 3.8420614944644871E-01
 8.8090191067919689E-03 -5.9681585812410287E-03 -1.6059125364594937E-03
0
0.0
 -1.1407996218300525E+00 -2.3170985309886123E+00 3.8420614944644871E-01
 8.9761040277836004E-03 -5.9540429072050434E-03 -1.3744333365859774E-03
0
0.0
 -1.1407996218300525E+00 -2.3170985309886123E+00 3.8420614944644871E-01
 8.8786220655199029E-03 -5.7666206959487943E-03 -1.5610950898807059E-03
0
0.0
 -1.1407996218300525E+00 -2.3170985309886123E+00 3.8420614944644871E-01
 8.7751199331692880E-03 -5.9060605348041023E-03 -1.5790724718644528E-03
0
0.0
 -1.1407996218300525E+00 -2.3170985309886123E+00 3.8420614944644871E-01
 8.9087934218978777E-03 -5.8509298892168663E-03 -1.3404319640827754E-03
0
0.0
 -1.1407996218300525E+00 -2.3170985309886123E+00 3.8420614944644871E-01
 8.8510582786608064E-03 -5.6784792372990287E-03 -1.5405069156878147E-03
0
0.0
 -1.1407996218300525E+00 -2.3170985309886123E+00 3.8420614944644871E-01
 8.8740547340492564E-03 -5.9747328150932689E-03 -1.6416126236309505E-03
0
0.0
 -1.1407996218300525E+00 -2.3170985309886123E+00 3.8420614944644871E-01
 9.0486080981552700E-03 -5.8052354187757031E-03 -1.7746047732686207E-03
0
0.0
