20
-1
1
  0.52028807   0.47222638  -0.71154942  2.42925231e-04
  0.55644535   0.53220600   0.63806374  1.68898136e-04
 -0.57467306   0.65348232  -0.49265782  1.63371369e-04
  0.65910313   0.69374630  -0.29034315  4.04569322e-04
 -0.56376320   0.45219858   0.69114940  1.53705276e-04
 -0.26862852  -0.94090549  -0.20624156  5.22002725e-04
  0.29514722  -0.73044887   0.61589980  3.06075502e-04
 -0.45040294  -0.13893260  -0.88194950  3.36962855e-04
 -0.26811133   0.82537950   0.49685511  1.50735458e-04
 -0.18065146   0.92750290   0.32726659  3.67640609e-04
  0.83709690  -0.08953817  -0.53967741  1.45653172e-04
 -0.56035206   0.58958555  -0.58171681  4.23066502e-04
  0.95765643  -0.18374662   0.22165592  2.04444196e-04
 -0.36133653  -0.41356445  -0.83570351  3.11559126e-04
 -0.79075866  -0.42711281   0.43849217  1.53837516e-04
 -0.66917349   0.52914257  -0.52174226  1.56966760e-04
  0.92395110   0.32049820  -0.20879478  3.01397721e-04
  0.19444507  -0.93820142  -0.28630267  3.86177309e-04
  0.47243962  -0.79172054  -0.38727173  4.95066023e-04
 -0.15636602  -0.55929881   0.81408507  4.31029907e-04
