20
 -1.1407996218300525E+00 -2.3170985309886123E+00 3.8420614944644871E-01
 8.6621851074438847E-03 -5.6882021930105622E-03 -1.7752286788824639E-03
0
0.0
 -1.1407996218300525E+00 -2.3170985309886123E+00 3.8420614944644871E-01
 8.8293643553903362E-03 -6.1175057063603258E-03 -1.6512351849356218E-03
0
0.0
 -1.1407996218300525E+00 -2.3170985309886123E+00 3.8420614944644871E-01
 8.7004353044120991E-03 -6.0305831978772683E-03 -1.6188058165633526E-03
0
0.0
 -1.1407996218300525E+00 -2.3170985309886123E+00 3.8420614944644871E-01
 8.4623592658547870E-03 -5.8895032472932084E-03 -1.5062793493314025E-03
0
0.0
 -1.1407996218300525E+00 -2.3170985309886123E+00 3.8420614944644871E-01
 8.5875810108559745E-03 -5.8303892255453134E-03 -1.6889755392246377E-03
0
0.0
 -1.1407996218300525E+00 -2.3170985309886123E+00 3.8420614944644871E-01
 8.7658372943471546E-03 -5.9286080914480984E-03 -1.8847877107161953E-03
0
0.0
 -1.1407996218300525E+00 -2.3170985309886123E+00 3.8420614944644871E-01
 8.6828139302213298E-03 -6.0670869143618477E-03 -1.5172392013655372E-03
0
0.0
 -1.1407996218300525E+00 -2.3170985309886123E+00 3.8420614944644871E-01
 8.6393022409444603E-03 -5.9002044325047994E-03 -1.8637601284733176E-03
0
0.0
 -1.1407996218300525E+00 -2.3170985309886123E+00 3.8420614944644871E-01
 8.8380761408824830E-03 -5.8606913136613507E-03 -1.5344638988677105E-03
0
0.0
 -1.1407996218300525E+00 -2.3170985309886123E+00 3.8420614944644871E-01
 8.7890863055375586E-03 -5.8738616792447847E-03 -1.8429208871060202E-03
0
0.0
 -1.1407996218300525E+00 -2.3170985309886123E+00 3.8420614944644871E-01
 8.8039204862093608E-03 -5.8574480873840101E-03 -1.6353540042818616E-03
0
0.0
 -1.1407996218300525E+00 -2.3170985309886123E+00 3.8420614944644871E-01
 8.7843430728262936E-03 -5.9493430709565646E-03 -1.6603317225222050E-03
0
0.0
 -1.1407996218300525E+00 -2.3170985309886123E+00 3.8420614944644871E-01
 8.6145385332373290E-03 -5.8755501863955025E-03 -1.7394028546772054E-03
0
0.0
 -1.1407996218300525E+00 -2.3170985309886123E+00 3.8420614944644871E-01
 8.7645517061854441E-03 -5.9129377914235942E-03 -1.6142244849852046E-03
0
0.0
 -1.1407996218300525E+00 -2.3170985309886123E+00 3.8420614944644871E-01
 8.7110468220558280E-03 -5.7588697065277701E-03 -1.6350540538540947E-03
0
0.0
 -1.1407996218300525E+00 -2.3170985309886123E+00 3.8420614944644871E-01
 8.8957711945664795E-03 -5.6752445052769777E-03 -1.4441033092432796E-03
0
0.0
 -1.1407996218300525E+00 -2.3170985309886123E+00 3.8420614944644871E-01
 8.7359164232148501E-03 -5.8875703534921704E-03 -1.6654826673698846E-03
0
0.0
 -1.1407996218300525E+00 -2.3170985309886123E+00 3.8420614944644871E-01
 8.7792397005747105E-03 -5.8655866162960106E-03 -1.5488461998161851E-03
0
0.0
 -1.1407996218300525E+00 -2.3170985309886123E+00 3.8420614944644871E-01
 8.6708622977338754E-03 -5.9148106601461690E-03 -1.7802614755523995E-03
0
0.0
 -1.1407996218300525E+00 -2.3170985309886123E+00 3.8420614944644871E-01
 8.7475532661058179E-03 -5.7737784450256355E-03 -1.7140925551013598E-03
0
0.0
