20
-1
1
  0.19846402   0.96926647  -0.14537721  5.70680127e-04
 -0.37677560   0.34745576   0.85867027  1.63283798e-04
 -0.25245958  -0.04873752   0.96637923  2.69490515e-04
 -0.77393374  -0.34985882  -0.52784976  7.13525830e-04
 -0.66118690   0.52925243   0.53171773  3.14521992e-04
 -0.57498970  -0.80736863   0.13244901  1.72263429e-04
  0.70697011   0.35198242   0.61343430  1.56063665e-04
 -0.40533276   0.14481430  -0.90262626  4.92948925e-04
  0.92373058   0.35388403  -0.14658754  2.21455657e-04
 -0.56723435  -0.77803067   0.27002493  2.75707314e-04
  0.70501674  -0.56851198   0.42396407  4.53520538e-04
  0.16438147   0.96266461   0.21507110  5.52051512e-04
  0.20694015   0.97229830  -0.10868207  2.70118645e-04
  0.26706862   0.73337378  -0.62516978  1.88943093e-04
 -0.52642659  -0.83787031  -0.14438970  1.90100144e-04
 -0.00671680  -0.67124521   0.74120493  1.56444881e-04
 -0.96205274  -0.08805448  -0.25826522  1.75065433e-04
  0.94740772  -0.29929206  -0.11332638  3.37222780e-04
  0.03185845   0.96332859   0.26642646  1.71654889e-04
 -0.35014600  -0.73136653   0.58523566  1.51753878e-04
