20
 -1.1407996218300525E+00 -2.3170985309886123E+00 3.8420614944644871E-01
 9.0389211554292755E-03 -5.8675602619429361E-03 -1.7655155329716218E-03
0
0.0
 -1.1407996218300525E+00 -2.3170985309886123E+00 3.8420614944644871E-01
 8.6872722941572899E-03 -6.2032982146049010E-03 -1.6560698861432181E-03
0
0.0
 -1.1407996218300525E+00 -2.3170985309886123E+00 3.8420614944644871E-01
 8.5756959112253863E-03 -5.8782366435319667E-03 -1.3943045489604256E-03
0
0.0
 -1.1407996218300525E+00 -2.3170985309886123E+00 3.8420614944644871E-01
 8.9435792965875619E-03 -5.8336686846916898E-03 -1.5007060812632703E-03
0
0.0
 -1.1407996218300525E+00 -2.3170985309886123E+00 3.8420614944644871E-01
 8.5355964076501509E-03 -6.1337302249774850E-03 -1.6580517669999143E-03
0
0.0
 -1.1407996218300525E+00 -2.3170985309886123E+00 3.8420614944644871E-01
 8.7234772392182896E-03 -5.9421866455959520E-03 -1.5275513596655123E-03
0
0.0
 -1.1407996218300525E+00 -2.3170985309886123E+00 3.8420614944644871E-01
 9.0037494706120824E-03 -5.7639617300967892E-03 -1.5400829975515636E-03
0
0.0
 -1.1407996218300525E+00 -2.3170985309886123E+00 3.8420614944644871E-01
 8.7810693125930581E-03 -5.8025520462745466E-03 -1.5801914636878057E-03
0
0.0
 -1.1407996218300525E+00 -2.3170985309886123E+00 3.8420614944644871E-01
 8.7620592223955074E-03 -5.9893910491589557E-03 -1.6633311999574220E-03
0
0.0
 -1.1407996218300525E+00 -2.3170985309886123E+00 3.8420614944644871E-01
 8.8694314850976744E-03 -5.8864922875833678E-03 -1.6258594473733607E-03
0
0.0
 -1.1407996218300525E+00 -2.3170985309886123E+00 3.8420614944644871E-01
 8.7111341351891192E-03 -5.9903212103342447E-03 -1.8035479494014238E-03
0
0.0
 -1.1407996218300525E+00 -2.3170985309886123E+00 3.8420614944644871E-01
 8.7856469001118317E-03 -5.9739561688303203E-03 -1.7072853482062523E-03
0
0.0
 -1.1407996218300525E+00 -2.3170985309886123E+00 3.8420614944644871E-01
 8.8158605756356138E-03 -5.8757468043488187E-03 -1.4383992738902702E-03
0
0.0
 -1.1407996218300525E+00 -2.3170985309886123E+00 3.8420614944644871E-01
 8.6718385947986160E-03 -6.0495746229080371E-03 -1.5912039000971652E-03
0
0.0
 -1.1407996218300525E+00 -2.3170985309886123E+00 3.8420614944644871E-01
 8.8244441997866845E-03 -5.9564930173057976E-03 -1.5402315198178322E-03
0
0.0
 -1.1407996218300525E+00 -2.3170985309886123E+00 3.8420614944644871E-01
 8.8322883290627794E-03 -5.8355026706913386E-03 -1.3474723102037643E-03
0
0.0
 -1.1407996218300525E+00 -2.3170985309886123E+00 3.8420614944644871E-01
 8.8767481729268329E-03 -5.8862943914821464E-03 -1.6145846657406148E-03
0
0.0
 -1.1407996218300525E+00 -2.3170985309886123E+00 3.8420614944644871E-01
 8.6195122811380653E-03 -5.9323375666426601E-03 -1.5914097381473887E-03
0
0.0
 -1.1407996218300525E+00 -2.3170985309886123E+00 3.8420614944644871E-01
 8.6850357143767286E-03 -5.7672628322052635E-03 -1.4005319352445728E-03
0
0.0
 -1.1407996218300525E+00 -2.3170985309886123E+00 3.8420614944644871E-01
 8.8610154315332309E-03 -5.6061588547084906E-03 -1.6712429324570457E-03
0
0.0
