20
 -1.1407996218300525E+00 -2.3170985309886123E+00 3.8420614944644871E-01
 8.8523776475653900E-03 -5.8852293597351406E-03 -1.3601496716136188E-03
0
0.0
 -1.1407996218300525E+00 -2.3170985309886123E+00 3.8420614944644871E-01
 8.5262120100770156E-03 -5.7431297843108875E-03 -1.7730861347666127E-03
0
0.0
 -1.1407996218300525E+00 -2.3170985309886123E+00 3.8420614944644871E-01
 8.6083392799908547E-03 -5.8284281385149808E-03 -1.7671383539411640E-03
0
0.0
 -1.1407996218300525E+00 -2.3170985309886123E+00 3.8420614944644871E-01
 8.7641369547300473E-03 -6.0213097985447866E-03 -1.6008053120620384E-03
0
0.0
 -1.1407996218300525E+00 -2.3170985309886123E+00 3.8420614944644871E-01
 8.7662078926600186E-03 -5.9765543103373672E-03 -1.4770024777953519E-03
0
0.0
 -1.1407996218300525E+00 -2.3170985309886123E+00 3.8420614944644871E-01
 8.6714676610924971E-03 -6.0188049955014053E-03 -1.6648205019355827E-03
0
0.0
 -1.1407996218300525E+00 -2.3170985309886123E+00 3.8420614944644871E-01
 8.9766572818429161E-03 -5.8667186192103687E-03 -1.6883285458216240E-03
0
0.0
 -1.1407996218300525E+00 -2.3170985309886123E+00 3.8420614944644871E-01
 8.6663001306196835E-03 -5.7309453078774279E-03 -1.7186375054127150E-03
0
0.0
 -1.1407996218300525E+00 -2.3170985309886123E+00 3.8420614944644871E-01
 8.7670037162277791E-03 -6.0150429373889876E-03 -1.5765138822003506E-03
0
0.0
 -1.1407996218300525E+00 -2.3170985309886123E+00 3.8420614944644871E-01
 8.7976967561900835E-03 -5.8628377104412372E-03 -1.6389237875865932E-03
0
0.0
 -1.1407996218300525E+00 -2.3170985309886123E+00 3.8420614944644871E-01
 9.0293943799525638E-03 -5.7777667999556487E-03 -1.4514583086949534E-03
0
0.0
 -1.1407996218300525E+00 -2.3170985309886123E+00 3.8420614944644871E-01
 8.8880028959644943E-03 -5.8162464604642802E-03 -1.7649425451650902E-03
0
0.0
 -1.1407996218300525E+00 -2.3170985309886123E+00 3.8420614944644871E-01
 8.7895079071154836E-03 -5.8486275545652517E-03 -1.6115574019898019E-03
0
0.0
 -1.1407996218300525E+00 -2.3170985309886123E+00 3.8420614944644871E-01
 8.9953089017910885E-03 -5.7132661376686289E-03 -1.4657007808360780E-03
0
0.0
 -1.1407996218300525E+00 -2.3170985309886123E+00 3.8420614944644871E-01
 9.0246775243223842E-03 -6.0596815678649199E-03 -1.4530523023568536E-03
0
0.0
 -1.1407996218300525E+00 -2.3170985309886123E+00 3.8420614944644871E-01
 8.8299286027138726E-03 -5.9265730862224277E-03 -1.7284546492766608E-03
0
0.0
 -1.1407996218300525E+00 -2.3170985309886123E+00 3.8420614944644871E-01
 8.7637707770420112E-03 -5.9695012505191231E-03 -1.5526461360594543E-03
0
0.0
 -1.1407996218300525E+00 -2.3170985309886123E+00 3.8420614944644871E-01
 8.7689160009625615E-03 -5.8827948992368128E-03 -1.7503610392879511E-03
0
0.0
 -1.1407996218300525E+00 -2.3170985309886123E+00 3.8420614944644871E-01
 9.0689376499147739E-03 -6.0598699789993667E-03 -1.4993974892931433E-03
0
0.0
 -1.1407996218300525E+00 -2.3170985309886123E+00 3.8420614944644871E-01
 8.8820039465907011E-03 -5.6907952496089379E-03 -1.6046564076341882E-03
0
0.0
