50
-1
1
 -0.85840433  -0.50658269   0.08072159  6.66262469e-04
  0.62341439  -0.77382005   0.11205815  6.73927516e-04
 -0.86690105  -0.19069617   0.46056220  5.17043211e-04
 -0.68194962   0.59336987   0.42761772  5.19796386e-04
 -0.31973894   0.17426481  -0.93134247  1.87822632e-04
  0.31971510   0.93633525  -0.14511569  3.66261984e-04
 -0.60192521  -0.15195892  -0.78396080  1.90368939e-04
 -0.41085239   0.48885062  -0.76956181  1.57047978e-04
 -0.95033885  -0.24265603  -0.19486949  2.30231463e-04
 -0.39778129   0.05121335   0.91604980  2.03304529e-04
 -0.19607239   0.94226692  -0.27145657  4.57970717e-04
 -0.80357643   0.50416540  -0.31635765  1.86623238e-04
  0.78144867  -0.60811331   0.13977188  2.52360868e-04
 -0.35105083   0.79684051   0.49174029  1.76508036e-04
 -0.78391190   0.41545379  -0.46138951  3.83992970e-04
  0.47403261   0.61777018   0.62741780  6.11494669e-04
  0.11837834  -0.82241839   0.55643019  1.92189242e-04
  0.69506160   0.23841769  -0.67826719  1.59172496e-04
  0.92350070   0.07251977   0.37667937  2.33543962e-04
 -0.86040094  -0.19315340   0.47159515  2.48102270e-04
 -0.18255561   0.81858247   0.54460646  1.56139454e-04
  0.11284392  -0.87356992   0.47343621  5.69512209e-04
 -0.71641419  -0.50330523  -0.48315065  5.56247500e-04
 -0.51636662  -0.78737947   0.33674780  1.74885154e-04
 -0.19606183   0.92032591  -0.33846712  1.58267884e-04
  0.84756478  -0.49426408  -0.19322773  2.22431950e-04
  0.05124893  -0.91426357  -0.40186525  3.78991770e-04
 -0.04979242   0.10647431   0.99306794  1.72068637e-04
  0.59233624  -0.38169218  -0.70954130  3.71501560e-04
  0.07627787   0.10084377  -0.99197390  3.75730355e-04
  0.73760546   0.37353406  -0.56250377  3.07144369e-04
  0.41179012   0.65447390  -0.63410789  8.02804059e-04
  0.79658119  -0.49936948  -0.34071767  3.84568149e-04
  0.21842079  -0.79537699  -0.56539173  1.84474472e-04
  0.46904116  -0.76952112  -0.43340240  6.20090324e-04
 -0.94285796  -0.33113501   0.03699276  3.58279338e-04
 -0.11703525   0.79220063  -0.59893314  1.78797121e-04
 -0.43652961   0.87067077  -0.22665902  5.38475453e-04
 -0.40697623  -0.58325853   0.70297926  2.28023400e-04
 -0.77758474   0.57117716   0.26290423  2.92008978e-04
 -0.63068892   0.67173116   0.38859843  4.12505962e-04
  0.73276669   0.53103159  -0.42550961  2.19969017e-04
  0.30008841  -0.12118032  -0.94618300  1.90475695e-04
 -0.34549126  -0.93569267  -0.07151934  2.33132066e-04
 -0.49115651   0.67452890   0.55115882  2.70261851e-04
 -0.17986259  -0.33718091   0.92409874  3.44097788e-04
 -0.74605333   0.57527972  -0.33534711  2.03575148e-04
  0.76841790   0.38298649   0.51269413  2.78181415e-04
 -0.11975766   0.11524519   0.98609160  1.74135722e-04
 -0.13667802  -0.05915594   0.98884766  6.70269716e-04
