50
 -1.1407996218300525E+00 -2.3170985309886123E+00 3.8420614944644871E-01
 9.0322118845414055E-03 -5.9309335531504172E-03 -1.7380577866533671E-03
0
0.0
 -1.1407996218300525E+00 -2.3170985309886123E+00 3.8420614944644871E-01
 8.5267139528787620E-03 -6.0006720880719372E-03 -1.6441405935546007E-03
0
0.0
 -1.1407996218300525E+00 -2.3170985309886123E+00 3.8420614944644871E-01
 8.7100274472020449E-03 -6.0083481536698097E-03 -1.7759100584727461E-03
0
0.0
 -1.1407996218300525E+00 -2.3170985309886123E+00 3.8420614944644871E-01
 8.8307533880624591E-03 -5.8604104090865111E-03 -1.6436696385695392E-03
0
0.0
 -1.1407996218300525E+00 -2.3170985309886123E+00 3.8420614944644871E-01
 8.6743041203150295E-03 -5.9791447229152585E-03 -1.6074960630406976E-03
0
0.0
 -1.1407996218300525E+00 -2.3170985309886123E+00 3.8420614944644871E-01
 8.7124957533212290E-03 -5.8482905631919782E-03 -1.7515572899839088E-03
0
0.0
 -1.1407996218300525E+00 -2.3170985309886123E+00 3.8420614944644871E-01
 8.7304079488331517E-03 -5.8713647292037699E-03 -1.6793870727497616E-03
0
0.0
 -1.1407996218300525E+00 -2.3170985309886123E+00 3.8420614944644871E-01
 8.7954555004342207E-03 -5.8842119720095122E-03 -1.6751322093358524E-03
0
0.0
 -1.1407996218300525E+00 -2.3170985309886123E+00 3.8420614944644871E-01
 8.7534633484218586E-03 -5.9013216218800511E-03 -1.6730240683666439E-03
0
0.0
 -1.1407996218300525E+00 -2.3170985309886123E+00 3.8420614944644871E-01
 8.8625430731512182E-03 -5.8527723896365036E-03 -1.7676124199904790E-03
0
0.0
 -1.1407996218300525E+00 -2.3170985309886123E+00 3.8420614944644871E-01
 8.9317887235496832E-03 -5.9955374395629290E-03 -1.5870058430708853E-03
0
0.0
 -1.1407996218300525E+00 -2.3170985309886123E+00 3.8420614944644871E-01
 8.6500136619643269E-03 -5.8391786693114817E-03 -1.3479827990210353E-03
0
0.0
 -1.1407996218300525E+00 -2.3170985309886123E+00 3.8420614944644871E-01
 8.7089826579145636E-03 -5.8372385545635537E-03 -1.6463894688574551E-03
0
0.0
 -1.1407996218300525E+00 -2.3170985309886123E+00 3.8420614944644871E-01
 8.7756149845475313E-03 -5.8678326594020502E-03 -1.8211085231147205E-03
0
0.0
 -1.1407996218300525E+00 -2.3170985309886123E+00 3.8420614944644871E-01
 8.8058095066406473E-03 -6.0882149287445932E-03 -1.4870160278666388E-03
0
0.0
 -1.1407996218300525E+00 -2.3170985309886123E+00 3.8420614944644871E-01
 8.7684170555689476E-03 -5.9452925841804571E-03 -1.5769461256333289E-03
0
0.0
 -1.1407996218300525E+00 -2.3170985309886123E+00 3.8420614944644871E-01
 9.0014132599153963E-03 -5.9222421152437602E-03 -1.6383459357155812E-03
0
0.0
 -1.1407996218300525E+00 -2.3170985309886123E+00 3.8420614944644871E-01
 8.7745676235673632E-03 -5.7555335271399100E-03 -1.9312164694794266E-03
0
0.0
 -1.1407996218300525E+00 -2.3170985309886123E+00 3.8420614944644871E-01
 9.0220964784038706E-03 -6.0834171476382374E-03 -1.7580113319787516E-03
0
0.0
 -1.1407996218300525E+00 -2.3170985309886123E+00 3.8420614944644871E-01
 8.7826991657111390E-03 -5.9115507578730410E-03 -1.6201034342975158E-03
0
0.0
 -1.1407996218300525E+00 -2.3170985309886123E+00 3.8420614944644871E-01
 8.9291031639462410E-03 -5.9121753458963068E-03 -1.5250321228931609E-03
0
0.0
 -1.1407996218300525E+00 -2.3170985309886123E+00 3.8420614944644871E-01
 8.9068836385631216E-03 -5.8819662018356434E-03 -1.8856577493825452E-03
0
0.0
 -1.1407996218300525E+00 -2.3170985309886123E+00 3.8420614944644871E-01
 8.5190937029066809E-03 -5.7495639227121620E-03 -1.5837033148642769E-03
0
0.0
 -1.1407996218300525E+00 -2.3170985309886123E+00 3.8420614944644871E-01
 8.4634447449698329E-03 -5.8477278602044585E-03 -1.6831828916941695E-03
0
0.0
 -1.1407996218300525E+00 -2.3170985309886123E+00 3.8420614944644871E-01
 8.8938812473161894E-03 -5.9663179951407802E-03 -1.8431601666460344E-03
0
0.0
 -1.1407996218300525E+00 -2.3170985309886123E+00 3.8420614944644871E-01
 8.6427253877859982E-03 -5.9310393427639734E-03 -1.7352358525438052E-03
0
0.0
 -1.1407996218300525E+00 -2.3170985309886123E+00 3.8420614944644871E-01
 8.9582646749369107E-03 -6.0143774511524457E-03 -1.4365333034374308E-03
0
0.0
 -1.1407996218300525E+00 -2.3170985309886123E+00 3.8420614944644871E-01
 8.7315457582493421E-03 -5.8022068366023038E-03 -1.8122183940913173E-03
0
0.0
 -1.1407996218300525E+00 -2.3170985309886123E+00 3.8420614944644871E-01
 8.5424244808840373E-03 -6.1429734209563335E-03 -1.6363467777807206E-03
0
0.0
 -1.1407996218300525E+00 -2.3170985309886123E+00 3.8420614944644871E-01
 8.8772694366046952E-03 -5.8085420804149064E-03 -1.5940817923454653E-03
0
0.0
 -1.1407996218300525E+00 -2.3170985309886123E+00 3.8420614944644871E-01
 8.9741647029311939E-03 -5.9968557441703483E-03 -1.8782296432442187E-03
0
0.0
 -1.1407996218300525E+00 -2.3170985309886123E+00 3.8420614944644871E-01
 8.7012865240810033E-03 -5.8148908919712075E-03 -1.3093631354211084E-03
0
0.0
 -1.1407996218300525E+00 -2.3170985309886123E+00 3.8420614944644871E-01
 8.8663798796268754E-03 -5.7241354007148779E-03 -1.7900307117397962E-03
0
0.0
 -1.1407996218300525E+00 -2.3170985309886123E+00 3.8420614944644871E-01
 8.9411368199216225E-03 -5.8929092023619961E-03 -1.5750428277904974E-03
0
0.0
 -1.1407996218300525E+00 -2.3170985309886123E+00 3.8420614944644871E-01
 8.7663531938358304E-03 -5.8061665418777629E-03 -1.5311147229958653E-03
0
0.0
 -1.1407996218300525E+00 -2.3170985309886123E+00 3.8420614944644871E-01
 8.5976603100536564E-03 -5.9804703130859043E-03 -1.6081984275752408E-03
0
0.0
 -1.1407996218300525E+00 -2.3170985309886123E+00 3.8420614944644871E-01
 8.8459224735102926E-03 -5.7317229086411717E-03 -1.5962055006032855E-03
0
0.0
 -1.1407996218300525E+00 -2.3170985309886123E+00 3.8420614944644871E-01
 8.4996721567231620E-03 -6.0049303344899161E-03 -1.6235688670057135E-03
0
0.0
 -1.1407996218300525E+00 -2.3170985309886123E+00 3.8420614944644871E-01
 8.6993159310018130E-03 -5.9768461274697128E-03 -1.9001213893739010E-03
0
0.0
 -1.1407996218300525E+00 -2.3170985309886123E+00 3.8420614944644871E-01
 8.7173040884988666E-03 -5.9402277998703732E-03 -1.6619010094862852E-03
0
0.0
 -1.1407996218300525E+00 -2.3170985309886123E+00 3.8420614944644871E-01
 8.8980483608496926E-03 -5.9113876794874252E-03 -1.7904210920200209E-03
0
0.0
 -1.1407996218300525E+00 -2.3170985309886123E+00 3.8420614944644871E-01
 8.5500939924612086E-03 -5.7669447429827790E-03 -1.6636807117044062E-03
0
0.0
 -1.1407996218300525E+00 -2.3170985309886123E+00 3.8420614944644871E-01
 8.6773373722658989E-03 -5.9659196601521414E-03 -1.5506465291609203E-03
0
0.0
 -1.1407996218300525E+00 -2.3170985309886123E+00 3.8420614944644871E-01
 8.6458264345613042E-03 -5.7641610896672435E-03 -1.7814627540364510E-03
0
0.0
 -1.1407996218300525E+00 -2.3170985309886123E+00 3.8420614944644871E-01
 8.7465054552050368E-03 -5.7258004631517674E-03 -1.5711411734755406E-03
0
0.0
 -1.1407996218300525E+00 -2.3170985309886123E+00 3.8420614944644871E-01
 8.6882996015557375E-03 -5.6848654819511187E-03 -1.8159235790787764E-03
0
0.0
 -1.1407996218300525E+00 -2.3170985309886123E+00 3.8420614944644871E-01
 8.8238142497458500E-03 -5.7229138492357568E-03 -1.3818406426196598E-03
0
0.0
 -1.1407996218300525E+00 -2.3170985309886123E+00 3.8420614944644871E-01
 8.7898270365597327E-03 -5.7942790881230508E-03 -1.7655199986851056E-03
0
0.0
 -1.1407996218300525E+00 -2.3170985309886123E+00 3.8420614944644871E-01
 8.9338781542859860E-03 -5.8403755679584564E-03 -1.6569705350025041E-03
0
0.0
 -1.1407996218300525E+00 -2.3170985309886123E+00 3.8420614944644871E-01
 8.9570159582180141E-03 -5.8688022422000415E-03 -1.4278900448700662E-03
0
0.0
