20
-1
1
 -0.25325568  -0.93349070  -0.25388321  1.54947464e-04
 -0.41311505  -0.15944664  -0.89661180  4.11754697e-04
 -0.98934953  -0.04187971   0.13940442  5.02067121e-04
  0.21715535  -0.35793232  -0.90814537  1.48967183e-04
  0.75102567   0.10545892  -0.65179664  5.66027827e-04
 -0.11807644  -0.85818666   0.49957342  1.69813319e-04
 -0.07914102  -0.41043246  -0.90845027  1.60819233e-04
  0.01066816   0.99924463  -0.03736779  1.53076906e-04
 -0.30534300  -0.61464328   0.72730962  2.33435611e-04
  0.83862027  -0.50563519   0.20260577  1.63490825e-04
 -0.97317756   0.22919340  -0.01989553  1.88988852e-04
  0.64019019  -0.63107929  -0.43805873  4.64216778e-04
  0.02164459   0.73811633  -0.67432618  6.52869119e-04
  0.81458033   0.07155438   0.57562042  1.58342813e-04
 -0.86236288  -0.09537927   0.49722535  6.21777435e-04
  0.49800804  -0.73938525   0.45309760  4.51394465e-04
 -0.54635824  -0.78675156  -0.28725364  3.26731201e-04
  0.90030894  -0.12618328  -0.41655922  4.23045250e-04
 -0.13684129   0.78415622   0.60528793  1.56124846e-04
  0.74841466   0.62765933   0.21428782  8.05516824e-04
