20
-1
1
  0.26355084   0.94501561  -0.19361418  2.02257770e-04
 -0.43241982   0.82620609   0.36110470  1.67283953e-04
 -0.94113040   0.32758888  -0.08342118  4.03530693e-04
 -0.44239539  -0.87126572   0.21256141  1.53421274e-04
  0.63886209  -0.46647314   0.61176633  1.60309303e-04
  0.68135113  -0.27964284   0.67643220  6.08784764e-04
 -0.68290479  -0.11616453   0.72121207  5.71347458e-04
  0.08256621  -0.55749764   0.82606247  7.75101865e-04
  0.08826760   0.98610211  -0.14075319  2.21888173e-04
  0.11632054   0.95343352  -0.27826976  2.91144010e-04
  0.89459933   0.21635975  -0.39099935  2.80655525e-04
  0.47217586  -0.86920847  -0.14671942  1.61772835e-04
  0.31417496   0.94847932   0.04100085  1.74380863e-04
  0.25193386  -0.92728911   0.27688309  7.74598240e-04
 -0.37498726  -0.85185652   0.36568433  5.65117532e-04
  0.97316524   0.22994962   0.00851961  1.89676739e-04
 -0.93620502   0.09758731  -0.33763424  2.28611306e-04
 -0.12755344   0.58216418  -0.80300373  3.31742312e-04
  0.52336088  -0.68892996   0.50146675  5.17331188e-04
  0.63421566   0.74654316  -0.20110648  6.10293991e-04
