           6
 2.9591397914149967E-04
 0.0000000000000000E+00  0.0000000000000000E+00  0.0000000000000000E+00
 0.0000000000000000E+00  0.0000000000000000E+00  0.0000000000000000E+00
 3.00627812208716e-14
 8.7666551137658855E-01 -3.1036521516437765E+00 -5.8514023728412246E-01
 7.2675950826360212E-03  7.5173204646015416E-04 -4.5224456769862274E-03
 2.8253459095242259E-07
 3.4121410299606025E-01  5.0843035053049190E+00 -1.1832716205390299E-02
-7.6461003363277281E-03  9.2280036071410115E-04 -3.5259320001158346E-05
 8.4597151856806587E-08
-6.5061509922466616E+00  6.5960791969196810E+00  1.5192444381028369E-01
-4.1167772495266219E-03 -4.0054230422796513E-03  1.9898620689304226E-05
 1.2920249167819691E-08
-1.5677098500861185E+01  9.6295021662998153E+00 -2.1539549537308406E-01
-2.1191303191783425E-03 -3.5105204409653702E-03 -5.4453452218378638E-05
 1.5243589007842760E-08
 2.7022419412835582E+01 -1.2841579684631535E+01  1.3449302514669956E-01
 1.3232305858254148E-03  2.8584031757863939E-03 -3.7171335592167635E-05
