  10.070
   3.023
   3.356
  11.230
   7.560
   5.415
   3.807
   4.590
   3.066
   3.675
   4.055
   4.611
   5.250
   2.713
   2.564
   3.459
   2.309
   2.920
   4.440
   3.682
   3.447
   2.740
   2.360
   3.046
   4.418
   2.385
   2.939
   2.208
   4.018
   3.561
   3.053
   2.019
   1.856
   2.920
   2.752
   2.651
   1.759
   1.759
   1.264
   1.680
   1.217
   1.335
   1.335
   1.397
   1.468
   1.304
   1.680
   2.000
   0.842
   1.068
   1.110
   1.340
   1.110
   0.914
   0.630
   0.475
   3.007
   3.721
   4.864
   3.455
   3.371
   2.319
   3.170
   1.929
   3.170
   2.115
   1.842
   2.115
   2.194
   2.029
   1.397
   2.163
   1.532
   1.514
   2.115
   1.532
   0.890
   0.858
   1.274
   3.647
   2.884
   2.319
   2.688
   2.180
   4.178
   7.285
   3.632
   1.995
   3.255
   3.563
   3.078
   7.055
   2.122
   1.217
   2.115
   1.950
   2.682
   3.310
   2.238
   3.288
   1.842
   1.452
   1.397
   1.532
   1.840
   2.878
   1.335
   0.902
   1.848
   1.901
   1.335
   2.384
   5.378
   5.270
   2.126
   1.463
   2.336
   1.889
   2.920
   1.095
   1.802
   2.140
   2.405
   1.274
   5.575
   5.260
   1.060
   2.337
   0.482
   1.206
   1.680
   0.672
   1.759
   2.529
  10.770
   3.973
   1.759
   2.093
