1380
-1
1
  0.82594558   0.53949060   0.16359642  5.03968362e-04
 -0.93794723   0.29564022  -0.18125083  5.36515709e-04
 -0.16033208   0.98666137  -0.02815970  3.80274057e-04
  0.06777069   0.51107231  -0.85686185  2.14994295e-04
  0.81351000  -0.20008862   0.54604581  3.52898559e-04
 -0.97187687   0.23077886   0.04686657  1.56007507e-04
  0.97086304  -0.09633519  -0.21941854  2.18607654e-04
 -0.24832717   0.35205803  -0.90243491  2.02208151e-04
  0.98611217   0.01430315  -0.16546359  6.18751028e-04
  0.22472895   0.35454920  -0.90762975  1.91280714e-04
  0.61696541   0.47447606   0.62787431  2.35931566e-04
  0.00285242   0.87369128   0.48647242  6.71871014e-04
 -0.56538035  -0.73848575  -0.36740149  2.03422107e-04
  0.33538039  -0.21331209  -0.91761536  2.94990375e-04
 -0.68823076  -0.14825571   0.71018213  1.81964571e-04
  0.54426765  -0.69382473   0.47157181  2.07470250e-04
 -0.49979439  -0.84965812  -0.16818634  1.62003495e-04
 -0.02692230   0.50421656  -0.86315749  7.54218862e-04
 -0.91144061  -0.36015497   0.19890804  3.92892296e-04
  0.21108475   0.28591201  -0.93471790  2.31166665e-04
 -0.58812583  -0.77884457  -0.21796593  5.93277690e-04
  0.32903974   0.77735803   0.53614116  1.56617762e-04
 -0.55526625   0.62355012   0.55033140  1.58597978e-04
  0.42358913   0.84590433   0.32406499  1.55694143e-04
  0.48816131   0.67204153  -0.55682916  1.68893895e-04
  0.27642436  -0.95135619   0.13605501  1.64251260e-04
 -0.32713881   0.63716945   0.69785048  1.80363686e-04
  0.00847686  -0.69850414  -0.71555581  1.85553618e-04
  0.58465316   0.36272460  -0.72568006  1.74481464e-04
  0.26881522  -0.78348604  -0.56025709  3.47713662e-04
 -0.97154858   0.23626944   0.01643500  4.14901193e-04
 -0.31405501   0.61636430  -0.72212499  1.98626677e-04
  0.84535960  -0.40967653   0.34282983  1.87430708e-04
 -0.66093692   0.64296552   0.38698543  3.16482821e-04
 -0.06526876   0.91636749  -0.39498179  1.95190863e-04
  0.07626518   0.54654451  -0.83395007  1.67468469e-04
 -0.31781956  -0.93887198  -0.13232588  6.34480140e-04
 -0.04354109  -0.72508863  -0.68727772  7.46819435e-04
 -0.25161648   0.92680849  -0.27877440  2.94808345e-04
  0.94965301  -0.29598021   0.10273697  1.75305256e-04
  0.28156973  -0.10261631   0.95403793  2.38423830e-04
  0.42668410   0.89346531   0.14021565  2.01937446e-04
  0.57378376  -0.78388466   0.23726997  2.38100271e-04
  0.75433353  -0.55669139   0.34795921  2.25362710e-04
  0.00350018  -0.98459713  -0.17480345  3.27087573e-04
 -0.90707752   0.09372487   0.41039740  2.36306617e-04
 -0.29866512   0.51537216   0.80323762  1.81010196e-04
  0.40575196   0.25645480   0.87726637  1.92576286e-04
 -0.94607476   0.25411539   0.20091770  3.22572771e-04
 -0.89528053   0.42512247   0.13320534  3.07873808e-04
  0.47249169   0.85311058  -0.22125537  1.95814712e-04
  0.54001987   0.77715088   0.32313317  1.61271862e-04
  0.25263961   0.91734043  -0.30766827  7.76170443e-04
  0.92667562  -0.28162621   0.24891559  3.14109154e-04
 -0.10645078  -0.98334092  -0.14733928  1.78494224e-04
  0.91999962   0.23082524  -0.31673395  7.40178366e-04
 -0.08202882   0.94833434  -0.30648533  4.48738667e-04
  0.70797011  -0.60858018  -0.35834131  2.92884928e-04
  0.59593967   0.68775302  -0.41454999  3.31542728e-04
 -0.20960398  -0.19343425   0.95846198  3.05526681e-04
 -0.29394623   0.59370696   0.74907120  2.00582594e-04
 -0.73944313  -0.64785431   0.18305370  5.39422958e-04
 -0.21646726   0.63036600   0.74550696  2.36800744e-04
 -0.11987641   0.10224103  -0.98751021  2.36088941e-04
 -0.58373866   0.23929712  -0.77587761  1.96875402e-04
 -0.65963996   0.27527144   0.69935738  4.55371838e-04
 -0.48219208  -0.83788094  -0.25582480  1.57141409e-04
  0.02543115   0.70552242  -0.70823116  1.57222647e-04
  0.48070337  -0.00057883   0.87688308  2.06609719e-04
  0.72882522   0.55068897   0.40688507  7.13813301e-04
 -0.38923292   0.06428227  -0.91889364  2.87320272e-04
 -0.31943166  -0.16772381   0.93264792  2.03503555e-04
  0.37333588  -0.92607111  -0.05488732  3.14595981e-04
 -0.53425846  -0.21938308   0.81635713  1.54039137e-04
  0.75443669  -0.65603401   0.02108682  1.63698139e-04
 -0.25548639  -0.18324156  -0.94928880  1.73982665e-04
  0.42453485  -0.64818444  -0.63216066  4.15833648e-04
 -0.74684428   0.07794061   0.66041569  7.96412229e-04
  0.69624292  -0.46590300  -0.54605878  2.12100052e-04
  0.02576976  -0.44318046  -0.89606194  3.01753511e-04
  0.30451719  -0.00571416   0.95248970  3.18783056e-04
 -0.47613261  -0.87471453   0.09040042  4.20226935e-04
  0.47487771  -0.86588524  -0.15727020  2.34297615e-04
  0.51647545  -0.73422845   0.44063782  3.81605824e-04
 -0.58432543  -0.75305696   0.30243844  4.46962297e-04
 -0.60578213  -0.63357510   0.48125940  2.78297859e-04
  0.59443041  -0.68090657   0.42780688  1.59074239e-04
 -0.44986672  -0.19155476   0.87231113  1.66725206e-04
  0.71491328   0.46063077  -0.52604020  5.02860350e-04
  0.33719554   0.44552779  -0.82933959  1.87654248e-04
  0.49718607  -0.86456696   0.07300670  2.23470464e-04
  0.55314424   0.19899368  -0.80897031  2.48280880e-04
  0.36816637   0.20215205  -0.90751753  1.93092620e-04
 -0.22186365  -0.02079180   0.97485600  3.21890356e-04
  0.64362264  -0.44200206   0.62480723  1.84603732e-04
 -0.47306677  -0.51358318  -0.71584924  8.38041069e-04
 -0.75326858  -0.60183795   0.26528762  2.74506337e-04
 -0.17509200   0.98161637  -0.07597428  1.97943505e-04
  0.06883699   0.11670054   0.99077871  8.13527932e-04
  0.62319854  -0.33914905  -0.70469958  1.79832523e-04
 -0.96933215  -0.18348634   0.16348685  1.50441378e-04
  0.48070158  -0.13263237   0.86679562  3.62933310e-04
  0.95401951  -0.29967448  -0.00647975  1.91354876e-04
 -0.36310653  -0.09793426   0.92658649  2.46441284e-04
 -0.32707488   0.41743047  -0.84780530  3.27170447e-04
  0.95694272  -0.13045543   0.25931064  1.71086855e-04
 -0.74322168   0.24816134  -0.62131915  2.13761400e-04
 -0.78599588   0.09573649  -0.61077410  5.98141541e-04
 -0.54808245  -0.81592781   0.18403109  2.73200561e-04
 -0.83066568  -0.15813824   0.53384158  1.56672130e-04
  0.65556497   0.26380546  -0.70756007  1.62160546e-04
 -0.21753352  -0.83326657  -0.50827748  1.69965540e-04
  0.21925725  -0.20119214   0.95469785  2.56547393e-04
 -0.90792619  -0.36100412   0.21294613  3.41983397e-04
  0.35527350  -0.69481586   0.62530925  4.91826342e-04
  0.62369594   0.24283195   0.74299127  2.13641762e-04
  0.00935576   0.97570214  -0.21890134  2.91465163e-04
  0.96002323   0.03681636   0.27748866  6.35703415e-04
 -0.46717968   0.62105333   0.62931384  2.50626009e-04
 -0.50081121  -0.80662500   0.31391757  2.00267932e-04
 -0.73436273  -0.48025365   0.47965384  2.45697380e-04
  0.93916891   0.24196608   0.24375023  2.23183828e-04
 -0.96841014  -0.24325108  -0.05487004  1.83052118e-04
 -0.22383664  -0.77081597  -0.59643935  1.56690483e-04
 -0.94900814   0.27055364  -0.16181557  1.54823131e-04
 -0.19802306   0.93886470  -0.28163796  1.95523817e-04
 -0.43638427  -0.80668540  -0.39853159  5.43925664e-04
 -0.77499309  -0.36223161   0.51785517  3.03318009e-04
  0.27144968  -0.34490314  -0.89853041  5.09545296e-04
  0.29208113  -0.93093610  -0.21919532  1.69573288e-04
 -0.42060120   0.51372950  -0.74778114  7.26885766e-04
  0.69481207   0.51151324  -0.50555949  5.39485511e-04
  0.26798339  -0.46726145  -0.84252694  1.57861354e-04
  0.19772653  -0.82489097   0.52958391  3.92114972e-04
  0.33539544  -0.92541935  -0.17637720  1.89264033e-04
 -0.91777743  -0.28166987  -0.27990476  2.44131155e-04
 -0.88849761  -0.44574877  -0.10899551  6.65028629e-04
 -0.34182173   0.84900016   0.40293502  5.81234301e-04
  0.68402622   0.54015160   0.49024931  1.71165161e-04
  0.10633017   0.20027342   0.97395300  2.55402417e-04
  0.48883877   0.62966658   0.60378527  2.59185597e-04
  0.72554981   0.31704415   0.61078677  3.38405615e-04
 -0.18206170   0.23204463   0.95551496  2.29717595e-04
  0.80456243   0.57639231   0.14300768  3.32466383e-04
  0.82898639   0.15805304  -0.53647068  5.04962707e-04
 -0.22791371  -0.16874781  -0.95894709  1.52054458e-04
  0.11766708   0.97656798   0.18019276  3.61547055e-04
  0.83479748  -0.24926854  -0.49089548  3.03309390e-04
  0.85908549  -0.30919318   0.40788686  6.24769358e-04
  0.21431255  -0.09197873   0.97242483  5.30916035e-04
  0.83512561  -0.41155998  -0.36494329  5.03301473e-04
 -0.96380480  -0.03613804   0.26414836  2.00110049e-04
  0.04104630  -0.27976905  -0.95918949  5.07477324e-04
  0.45318207  -0.06653839  -0.88893118  1.50311264e-04
 -0.00887871  -0.99960255   0.02675668  1.82092525e-04
 -0.28389825  -0.12036935   0.95126916  1.94400470e-04
  0.02951642   0.97715180   0.21048311  5.45149383e-04
 -0.23826779  -0.65104779  -0.72066999  4.34043567e-04
 -0.81819436  -0.06712216  -0.57101016  3.39047191e-04
 -0.65513955   0.35399891  -0.66744059  1.47166538e-04
  0.38402883   0.59087674  -0.70949738  2.10631923e-04
  0.14573922  -0.97774944   0.15088444  7.01408767e-04
  0.40883810   0.35770199   0.83958364  4.00725361e-04
 -0.83142223  -0.53813779   0.13836468  5.30569349e-04
  0.11089056   0.79318956   0.59879346  5.38082569e-04
  0.55061638   0.80308015  -0.22778030  2.38516006e-04
  0.48318437   0.53558776  -0.69258834  5.78809990e-04
 -0.26473994   0.46445806   0.84509850  4.30638815e-04
  0.53243801   0.82866792  -0.17268252  1.76458542e-04
 -0.09894764  -0.98734823  -0.12390658  2.43284531e-04
 -0.94936935   0.28958409  -0.12181498  2.27306215e-04
 -0.78025526   0.02472785   0.62497221  1.50555175e-04
 -0.57864360   0.12847605  -0.80539772  1.80026274e-04
 -0.95656992  -0.26279194   0.12615220  1.92429077e-04
 -0.35477830  -0.80312829   0.47866199  1.93823316e-04
 -0.36095240   0.11964017   0.92487815  1.89519374e-04
 -0.19009989   0.85685137  -0.47923665  1.50695514e-04
  0.22719928   0.75325954   0.61723621  1.54621639e-04
 -0.60948010  -0.59388108   0.52520403  1.49850812e-04
 -0.91412314   0.12870078   0.38446715  8.43120419e-04
 -0.88365516   0.42834050   0.18888612  2.23645962e-04
 -0.04555462  -0.63900938   0.76784881  2.44944694e-04
 -0.15530147   0.67309739   0.72306387  1.57185338e-04
  0.45216824   0.07092443   0.88910832  4.59180371e-04
  0.12778719  -0.93923873  -0.31859227  2.60629983e-04
 -0.32360949  -0.94617103  -0.00610497  2.12505961e-04
  0.11819495  -0.72692091  -0.67647316  1.95334366e-04
  0.12849820  -0.24571448   0.96078749  6.19061985e-04
 -0.81181175   0.48435400  -0.32613324  2.35149284e-04
 -0.19208579  -0.60841027  -0.77002597  1.58080758e-04
 -0.34294943  -0.40502192  -0.84755114  2.19918105e-04
  0.95721172   0.28795177  -0.02880098  6.88679588e-04
 -0.91645567  -0.28755182  -0.27824981  3.35551638e-04
  0.14184236  -0.62781326   0.76533081  2.04814491e-04
  0.29110138   0.80573820   0.51579641  2.62496218e-04
  0.37487595   0.50716465   0.77604900  2.21348357e-04
  0.00224683   0.00054031   0.99999733  1.89519649e-04
  0.88322213   0.03147693  -0.46789728  4.11407227e-04
 -0.76315940   0.37321094  -0.52754272  4.78168609e-04
  0.23492260  -0.96674373   0.10108383  2.44015595e-04
  0.92795174  -0.04088760   0.37045078  1.95613467e-04
  0.65670082   0.61977331   0.42968020  3.52422045e-04
  0.53680884   0.11614195   0.83567177  2.76871136e-04
 -0.20658599  -0.96591287   0.15599535  2.53548325e-04
 -0.99302556  -0.08207099  -0.08464385  2.08329181e-04
 -0.72915031   0.46726820   0.50000025  4.15893220e-04
  0.85483914  -0.48966671  -0.17168737  7.41227583e-04
  0.12170687  -0.30119612   0.94576336  2.01448400e-04
 -0.99764726   0.04341636  -0.05305622  2.31046065e-04
  0.90569718  -0.17402587  -0.38655868  1.66389418e-04
 -0.89711025  -0.29317691   0.33051551  2.26862889e-04
  0.23785873   0.86967804  -0.43253130  1.62000373e-04
  0.87308222  -0.45270642  -0.18106446  2.63287350e-04
  0.96433257   0.06850987  -0.25567379  1.95598840e-04
 -0.95075257   0.13430861  -0.27933984  8.21403561e-04
  0.09715594   0.35342673   0.93040328  2.76993057e-04
 -0.87799778  -0.47404150  -0.06636689  6.83597310e-04
  0.48444276   0.31985589  -0.81425268  1.72157794e-04
  0.23643876  -0.50686590  -0.82896542  3.42388407e-04
 -0.02543942  -0.31968923   0.94718089  5.15464739e-04
  0.89439710  -0.44491756  -0.04584969  1.46379922e-04
  0.93603443  -0.08658207   0.34109103  3.10126820e-04
 -0.79256038   0.08409243  -0.60396730  2.51758720e-04
 -0.97948796  -0.16883203  -0.10999579  1.62299121e-04
 -0.62937496  -0.40971785  -0.66031692  2.03370184e-04
  0.45836720   0.85048823   0.25801022  3.73908442e-04
 -0.44303277  -0.88423021  -0.14784753  2.06368519e-04
 -0.27608044  -0.11525772   0.95419875  8.21083869e-04
  0.35955987  -0.72035814   0.59312801  2.63265421e-04
  0.95247275  -0.27003161  -0.14099147  1.47296677e-04
  0.84344516  -0.24679898  -0.47716929  5.62360333e-04
 -0.49915971  -0.79345905  -0.34822738  1.59358999e-04
  0.77795477   0.58585286  -0.22707445  3.76291250e-04
  0.37429355   0.90672158   0.19432013  6.71127982e-04
  0.89542084   0.43064734  -0.11297961  5.19736191e-04
 -0.24161877  -0.20893607   0.94761073  1.47125417e-04
  0.25368769   0.68552925  -0.68241645  2.21238515e-04
  0.47623739   0.83716073   0.26899789  1.96145325e-04
  0.13464080  -0.64628289   0.75112601  1.96245696e-04
 -0.98052831  -0.05442632   0.18868494  1.58077996e-04
 -0.61343775  -0.75548118   0.23009197  1.83017753e-04
 -0.30928198  -0.65911162  -0.68550458  4.99270298e-04
  0.52396164   0.59353665   0.61088334  4.73989765e-04
 -0.41534135  -0.58235081   0.69882694  3.21619957e-04
  0.63517203  -0.67780119  -0.37032693  4.47274136e-04
  0.08562104  -0.41930223   0.90380013  2.15445303e-04
  0.19302729  -0.96470365  -0.17912936  1.98962503e-04
 -0.50124741   0.66073158   0.55873501  2.79207221e-04
  0.36579460  -0.02752906   0.93028838  1.48197081e-04
  0.31116582  -0.92994378   0.19590917  6.68942222e-04
  0.98861995   0.10563259  -0.10710907  2.76442748e-04
 -0.72088989   0.62716545   0.29492586  1.82218777e-04
 -0.76041807   0.42774384   0.48867123  2.07887640e-04
 -0.03246771  -0.66904837  -0.74250934  2.94535858e-04
 -0.66893642  -0.36918433  -0.64515656  3.98949911e-04
 -0.31188513   0.80500288   0.50467616  1.60394372e-04
 -0.99873984  -0.01019119  -0.04914134  2.63758043e-04
 -0.43609318  -0.64435446   0.62819588  2.89446633e-04
 -0.72932892  -0.34695745  -0.58966079  1.59393135e-04
 -0.43646586  -0.89339864   0.10647261  3.94339536e-04
  0.00849129  -0.95119501  -0.30847360  3.87974287e-04
  0.77568080  -0.63099728   0.01271692  3.79421234e-04
  0.55163946  -0.21772686  -0.80516391  3.90459154e-04
 -0.57515872   0.52739648  -0.62533623  3.14160846e-04
  0.70077317   0.03062040   0.71272670  4.37391282e-04
  0.88293919   0.40782100  -0.23259496  2.25518867e-04
 -0.57031554   0.72601192  -0.38424846  1.56114679e-04
 -0.19546335  -0.59406124  -0.78031104  1.76821052e-04
  0.34548856   0.41950378   0.83943685  3.20349594e-04
 -0.45505039   0.79355403  -0.40398163  3.66883597e-04
  0.82890284   0.43627104   0.35012521  1.86472493e-04
  0.01462196  -0.79890172  -0.60128383  2.10100664e-04
  0.93929246   0.09927185   0.32844294  2.80580513e-04
  0.53062651  -0.83045345   0.16965428  4.11264447e-04
  0.57471671  -0.12217058  -0.80918172  2.53689504e-04
  0.78302368   0.35794188  -0.50867625  2.55485321e-04
  0.25963742  -0.96163163   0.08861729  2.75960001e-04
  0.90033010  -0.39579339  -0.18097874  1.62928101e-04
 -0.93470175  -0.15728456  -0.31873847  1.84961216e-04
 -0.39275027   0.91882129   0.03891860  2.84050519e-04
  0.80097424   0.52338366   0.29070571  1.60423898e-04
 -0.15502417  -0.18588689   0.97026469  4.01234999e-04
  0.67616524   0.68731771   0.26532045  1.59732436e-04
  0.25333011  -0.44201364   0.86049277  4.62656975e-04
 -0.81070968  -0.31587127   0.49292511  5.77894289e-04
  0.28343552   0.23139074   0.93065710  4.79012170e-04
  0.10228151   0.96687605   0.23385722  4.46551888e-04
 -0.67453140  -0.20436926   0.70939453  1.79435791e-04
 -0.97134910   0.17213638   0.16385970  3.06741912e-04
 -0.98817933  -0.05806049  -0.14188232  1.79214175e-04
  0.76904635   0.61014745  -0.19049358  1.98226853e-04
  0.04716625  -0.98976086  -0.13471746  4.73485931e-04
  0.57432141  -0.30860547  -0.75823320  1.83411054e-04
  0.11400833  -0.98428514  -0.13485125  1.65494196e-04
 -0.30359040  -0.84505556  -0.44012949  2.47804674e-04
 -0.97471526   0.17972176   0.13277895  6.86143462e-04
  0.69229884   0.67179696  -0.26345997  1.65998496e-04
 -0.48488213  -0.61216330  -0.62461622  2.12806305e-04
 -0.35237251  -0.12494077   0.92748230  1.68636090e-04
 -0.58963417   0.69921608   0.40426280  2.70279220e-04
  0.05658080  -0.89572129  -0.44100112  1.95239501e-04
  0.22251000  -0.96523163  -0.13717579  3.36053513e-04
  0.44498443  -0.11804636   0.88772401  4.60689804e-04
 -0.16404354   0.45427730   0.87562655  1.69371945e-04
 -0.50905789  -0.84015275   0.18709200  1.79785086e-04
 -0.25566955   0.46563542  -0.84724066  4.61245346e-04
 -0.20214670   0.84527229  -0.49462255  2.82851074e-04
 -0.51895179  -0.71687674  -0.46559293  2.65227724e-04
  0.69454378   0.02126265   0.71913617  2.09713573e-04
  0.73567240   0.56569930   0.37251903  6.83775134e-04
 -0.14598303  -0.06272588   0.98729652  1.80390702e-04
  0.63139169  -0.63720002  -0.44195098  1.50524928e-04
 -0.14657631  -0.69836762  -0.70056981  3.36723070e-04
  0.06119045   0.95847715  -0.27852698  5.58807793e-04
  0.67894002  -0.63209997  -0.37348370  4.74435738e-04
  0.45621253  -0.53088628  -0.71416377  2.06003057e-04
  0.68455685   0.62854333   0.36920889  1.85876519e-04
  0.54278754  -0.64300765  -0.54029886  6.20532257e-04
 -0.08972055  -0.55844283   0.82467680  2.38274231e-04
  0.37438925   0.22690372  -0.89908142  1.60796542e-04
  0.00848830   0.43967204   0.89811828  2.93426554e-04
  0.55799108   0.81939357  -0.13130169  5.31639531e-04
  0.81678510  -0.48755117  -0.30847360  2.01743314e-04
 -0.70562125  -0.69552654   0.13543075  1.84385244e-04
  0.19289012   0.06498628   0.97906598  1.71109995e-04
 -0.52977768   0.05578100  -0.84630024  1.66596862e-04
  0.38271312   0.78187916  -0.49213377  2.76016399e-04
 -0.06205038  -0.32185339   0.94475401  2.96106674e-04
  0.89386891   0.22771600  -0.38619139  1.80871826e-04
  0.12000665  -0.95845119   0.25878507  3.78074089e-04
 -0.29628209   0.33198006  -0.89554797  5.67632853e-04
 -0.44376331  -0.83260514   0.33142541  2.75618926e-04
 -0.34820600   0.92130277   0.17307160  2.33948635e-04
 -0.08098692   0.98134582  -0.17436024  1.87438502e-04
  0.92608599  -0.17063229  -0.33652543  2.70985179e-04
 -0.43501846   0.85707165   0.27602017  1.73511838e-04
 -0.38148312  -0.68237019   0.62357161  2.64836892e-04
 -0.77775317  -0.41014508  -0.47632030  8.69134754e-04
  0.37556416  -0.44032918  -0.81551320  4.67281960e-04
  0.62873812  -0.46804735   0.62098314  3.21435752e-04
 -0.90330350   0.42716243  -0.03968674  3.08589013e-04
 -0.75457219  -0.64455957   0.12314121  1.50930401e-04
  0.76237698   0.64068053   0.09115812  1.99723922e-04
 -0.42225319  -0.26139933   0.86797041  2.18409432e-04
  0.13756130   0.80193694   0.58135533  2.36736884e-04
 -0.83728469  -0.52374346   0.15699406  2.91616620e-04
  0.29332881  -0.26925890   0.91731012  1.73441735e-04
  0.84706224  -0.08627833  -0.52444410  2.00588106e-04
 -0.73986803   0.61368423  -0.27565732  1.83410511e-04
  0.15271054  -0.57525104  -0.80359550  1.64164944e-04
 -0.59018234  -0.65254746  -0.47525426  2.41064346e-04
  0.35957047  -0.29755314   0.88440443  6.99034179e-04
 -0.17208831  -0.95902010  -0.22509122  1.70994304e-04
  0.62557981   0.65130201   0.42948294  3.78783349e-04
 -0.48154347  -0.07279049   0.87339420  2.01110764e-04
 -0.21729767  -0.25882212   0.94116568  2.83954514e-04
 -0.06450348  -0.96733088  -0.24517397  4.55345446e-04
  0.56563497  -0.75666170   0.32790266  5.40396847e-04
 -0.11762229  -0.36361404   0.92409406  1.50089461e-04
  0.25059080  -0.48989200   0.83499107  5.99764976e-04
  0.79867144  -0.05450492   0.59929388  5.09397589e-04
 -0.40072534  -0.19576246  -0.89503981  2.82386573e-04
  0.96479019   0.18766038   0.18429180  2.33168795e-04
 -0.43393575  -0.68146168  -0.58932991  1.61723464e-04
 -0.95990919   0.19924080  -0.19717367  8.70392525e-04
  0.03918921   0.23304535  -0.97167591  2.32275012e-04
  0.57149660   0.69410359   0.43773490  5.49937344e-04
  0.40195289  -0.00208631   0.91565797  1.81028147e-04
 -0.00303117  -0.23707620   0.97148633  2.03929526e-04
  0.94271476   0.27802248  -0.18437023  4.85606755e-04
  0.41084708  -0.13146889  -0.90217549  1.56944453e-04
 -0.75726837  -0.22025690   0.61484268  3.28420646e-04
  0.13220138   0.72793434  -0.67278108  4.22304723e-04
  0.85803207  -0.37112195  -0.35503444  5.08579669e-04
 -0.03133725   0.23184184   0.97224860  3.90544196e-04
  0.11842240  -0.90210819   0.41494210  3.03368895e-04
  0.24416734   0.02178317   0.96948842  2.91181716e-04
  0.64288613   0.76527525   0.03242230  1.94031329e-04
 -0.77953759  -0.26238618  -0.56874831  3.24050686e-04
  0.05662118   0.01408547  -0.99829637  1.49979598e-04
  0.22074768  -0.88361165   0.41291757  1.74977196e-04
  0.22462350  -0.95905102   0.17252657  1.87894191e-04
 -0.30241341   0.90715112  -0.29261405  1.79605561e-04
  0.31564587  -0.92510978  -0.21104402  1.52696678e-04
 -0.62905598  -0.47391791   0.61619022  1.96700908e-04
  0.55992729   0.82089808   0.11228438  2.30660982e-04
  0.15222235  -0.79394786   0.58862140  3.19823095e-04
 -0.80425478   0.07048342  -0.59009011  3.34147058e-04
 -0.38969047   0.80830337  -0.44134679  7.16923763e-04
  0.21413192  -0.80429295   0.55431071  2.75721429e-04
 -0.62879479   0.08486751   0.77292601  7.09843938e-04
  0.41668853  -0.00894210  -0.90900534  1.50775857e-04
 -0.92489071  -0.01519163  -0.37992945  2.07415226e-04
  0.20913202  -0.24370156  -0.94703398  3.96873455e-04
  0.45511372   0.89041671  -0.00543825  2.07664057e-04
  0.51486389  -0.31844952   0.79593032  5.06095133e-04
  0.83620897  -0.49003401   0.24621379  1.45635528e-04
  0.10291622   0.00815440   0.99465660  2.92485418e-04
 -0.43198682  -0.09804822  -0.89653440  1.83479034e-04
 -0.32616649   0.94458466   0.03708429  1.65099197e-04
  0.48297402  -0.37006309   0.79359272  1.64574912e-04
 -0.56542929  -0.77282889  -0.28814099  4.93881223e-04
  0.92850807  -0.36757625   0.05254023  3.83454401e-04
 -0.53665820  -0.19845274   0.82013078  1.97923036e-04
 -0.64987397   0.06491713   0.75726454  1.70836644e-04
 -0.75129911   0.38640199  -0.53501697  1.55861834e-04
  0.86135751   0.43562728   0.26132760  4.50607472e-04
  0.83425266  -0.17289261   0.52357487  5.67578418e-04
 -0.66742316  -0.44500020   0.59709391  5.43935461e-04
 -0.83820301   0.31752361   0.44338975  1.80836552e-04
 -0.88415925  -0.32810389  -0.33258119  1.80542466e-04
  0.01971391   0.67631378  -0.73634980  4.62093854e-04
  0.37930448   0.73623426  -0.56043486  4.62525066e-04
 -0.08478359  -0.18006260   0.97999449  2.09910493e-04
 -0.99850028   0.03554261   0.04164025  1.81693495e-04
  0.91035181  -0.39131269  -0.13466238  6.39017834e-04
  0.64013458  -0.06064158   0.76586573  7.66184989e-04
  0.92915674  -0.34490404   0.13307499  2.28159481e-04
 -0.87367202  -0.46289694   0.14974521  1.48970215e-04
 -0.99205614  -0.04439655   0.11770112  3.42159464e-04
 -0.51263136  -0.44066977  -0.73689839  1.46827889e-04
  0.61874966  -0.54802753   0.56286293  2.07298791e-04
 -0.24583576   0.92343351   0.29467835  1.74405668e-04
 -0.05146964  -0.88329338  -0.46598679  2.41679741e-04
  0.18695769   0.10055642   0.97720787  2.00514346e-04
  0.20222189   0.29587952  -0.93357465  1.65457730e-04
 -0.18267175   0.98289369   0.02347389  2.76365423e-04
 -0.68659575  -0.02611723  -0.72657014  3.33050766e-04
 -0.11588429   0.43408860  -0.89338565  4.83723034e-04
  0.02751016  -0.99399603   0.10590131  1.99735259e-04
  0.54925818   0.49158097   0.67576890  2.17343971e-04
  0.53800276   0.84283624  -0.01342050  3.79416328e-04
 -0.96107435  -0.03241439   0.27438185  1.71972074e-04
  0.81125032  -0.05525602  -0.58208221  2.97681837e-04
  0.42149279   0.18639987  -0.88746770  1.96605930e-04
  0.37837904   0.83197167   0.40577389  2.63058076e-04
 -0.60244383   0.44430115   0.66306706  1.57996910e-04
  0.64471447  -0.53589679   0.54512189  1.74470865e-04
 -0.03611431  -0.92454720  -0.37935239  1.62313326e-04
 -0.31391750   0.09586521  -0.94459815  1.45529356e-04
 -0.49358582  -0.01990494  -0.86946928  3.03346808e-04
  0.64799430  -0.04745051  -0.76016566  5.65549426e-04
  0.83484028  -0.03546571   0.54934861  2.83050885e-04
 -0.24955639  -0.92414345  -0.28927582  4.90134708e-04
  0.59008634  -0.44695645  -0.67233031  1.96989539e-04
  0.07867146  -0.85876908   0.50628694  2.79893258e-04
 -0.85969629  -0.45969088   0.22272535  2.61978175e-04
 -0.02494878  -0.87381846  -0.48561185  1.96386058e-04
  0.32017428   0.88538438  -0.33702066  2.04004978e-04
  0.03584014  -0.01238354  -0.99928081  4.83241421e-04
  0.86086475  -0.50492509  -0.06294872  5.09813002e-04
 -0.03164838   0.58948643  -0.80715806  1.94044643e-04
  0.60447608  -0.73984325  -0.29536525  2.14857062e-04
  0.63563836   0.57975254   0.50975570  2.26734175e-04
 -0.78708974  -0.30561279   0.53580833  4.92737033e-04
  0.16501345   0.87943245  -0.44650769  1.49881102e-04
  0.43288879   0.56938831   0.69885925  3.40282210e-04
 -0.23700211  -0.96764086   0.08660930  2.69355473e-04
 -0.32748171   0.53370054  -0.77969190  1.57164693e-04
 -0.20902664  -0.30466600   0.92923974  1.67835631e-04
 -0.24758220   0.89984777  -0.35913373  3.35814496e-04
  0.28647564  -0.55237987   0.78282066  3.73917900e-04
 -0.03123147   0.96776865  -0.24989685  2.55292253e-04
 -0.85871485   0.12550604  -0.49684710  2.01030865e-04
 -0.63145133   0.62190180   0.46314939  1.60465487e-04
  0.09520448  -0.43236401   0.89665906  2.09189191e-04
 -0.57791800   0.42618353  -0.69597298  2.25034459e-04
  0.48214505   0.69744753   0.53019157  4.04660091e-04
  0.83768536  -0.12317190  -0.53208262  1.55460655e-04
  0.73594611   0.66929633  -0.10210659  5.73217550e-04
  0.42056452   0.14113897  -0.89621720  4.22533751e-04
  0.67759369   0.70929821   0.19432662  1.85770111e-04
  0.58491269  -0.00717866  -0.81106449  1.75601455e-04
 -0.08285652  -0.11859266  -0.98947995  2.13474749e-04
 -0.09241349  -0.99552566  -0.01970820  6.71500432e-04
 -0.71478563  -0.66165866  -0.22647147  2.35544842e-04
  0.02756933  -0.38237231  -0.92359696  8.61136673e-04
  0.04345970   0.05920484   0.99729937  3.41180425e-04
  0.98045419   0.14474236   0.13326373  8.13305947e-04
 -0.59716067   0.79857826  -0.07531192  3.04672722e-04
  0.17807077   0.03067479   0.98353945  1.69174556e-04
  0.70540937   0.70016188  -0.11032209  1.80943927e-04
 -0.84137707  -0.53926476  -0.03575115  1.83933303e-04
  0.97000480   0.02454790  -0.24184310  1.64229533e-04
 -0.52495510   0.83134857   0.18243270  3.79909945e-04
 -0.63474148  -0.72563960  -0.26561331  3.83707086e-04
  0.21387456   0.05398996   0.97536801  2.12323410e-04
  0.74981604   0.09896069  -0.65420386  1.84013061e-04
  0.77001194  -0.54324118   0.33462014  1.58865954e-04
  0.44238696  -0.44026753  -0.78131830  7.52222046e-04
  0.57887156   0.79130040   0.19685376  1.93301268e-04
  0.02203613  -0.79004016   0.61265893  7.95529500e-04
  0.52094643   0.69866741   0.49038625  2.54902969e-04
 -0.98220543   0.10687407   0.15443584  3.05590714e-04
  0.33363694   0.05085827  -0.94132876  2.06080380e-04
 -0.49277059   0.45017392   0.74466139  1.54147594e-04
 -0.45810681  -0.15237435   0.87573981  2.57102662e-04
  0.05460295   0.89485939  -0.44299569  3.62718928e-04
 -0.89672630   0.41922062  -0.14190143  1.85553825e-04
  0.08225634  -0.93723011  -0.33887109  3.20149122e-04
 -0.23796436  -0.69292424  -0.68060925  2.38254212e-04
 -0.92552815  -0.36441942   0.10293751  2.99297281e-04
 -0.42541251  -0.02019104   0.90477429  1.90339420e-04
 -0.28886550   0.76199254   0.57958958  2.36274450e-04
 -0.51777180  -0.14239537   0.84358516  1.77275315e-04
  0.64145401   0.63480014   0.43077318  1.48564879e-04
 -0.22753066  -0.18922224   0.95520927  4.03577532e-04
 -0.11981585   0.86849799  -0.48099419  1.61377821e-04
  0.43159136  -0.30372475  -0.84939989  1.70478731e-04
 -0.14679270  -0.96587634  -0.21338883  3.54797146e-04
  0.44422732   0.77660435  -0.44670769  3.43116688e-04
 -0.44617980   0.12010612  -0.88684729  1.81903165e-04
 -0.92957803  -0.08151468  -0.35949970  3.23423362e-04
 -0.84277959   0.06541124  -0.53426953  1.90212395e-04
  0.25545569   0.79160337   0.55507341  5.00568153e-04
  0.37470236   0.71033437  -0.59583825  1.66380668e-04
  0.07186725   0.60500222  -0.79297377  7.40303394e-04
 -0.85367395  -0.51845314   0.04946837  8.57320939e-04
  0.03840456   0.99825910   0.04476448  1.73913485e-04
  0.09510650   0.94056625   0.32602130  2.89145611e-04
  0.49518978   0.86877664  -0.00377385  1.67293401e-04
 -0.88654665  -0.23134569   0.40064225  4.03199131e-04
  0.25110678  -0.91632357  -0.31192386  1.88240517e-04
  0.07472928   0.77642088  -0.62576845  1.58081102e-04
  0.01865385   0.07610122  -0.99692559  2.35783785e-04
  0.11902418   0.06832559  -0.99053766  1.76427491e-04
  0.82679811  -0.50002823   0.25763667  2.17185842e-04
  0.17643017   0.76713525  -0.61674623  2.79659277e-04
 -0.13760415  -0.38917948   0.91082623  1.68316892e-04
 -0.05205280  -0.77544560   0.62926515  2.08170386e-04
 -0.56430964   0.64489281   0.51542982  6.99143933e-04
  0.20619399   0.97842714  -0.01282100  1.74139579e-04
 -0.06081536   0.92861348  -0.36603074  6.31296924e-04
 -0.48096855  -0.30687898   0.82127617  3.87609439e-04
 -0.02545779  -0.33567033   0.94163546  1.96460611e-04
  0.72176302  -0.60705250   0.33248369  1.71968615e-04
  0.78182970  -0.06075660  -0.62052475  7.31073132e-04
 -0.12075459   0.95986419  -0.25313844  2.86500255e-04
  0.99882823  -0.02477133   0.04157578  2.40945327e-04
  0.10388814  -0.90214383  -0.41874068  5.93263114e-04
 -0.08826172   0.16505671   0.98232691  2.93441403e-04
 -0.44052217  -0.18191306  -0.87911766  1.58132156e-04
 -0.66093689   0.24104638  -0.71067508  3.02204377e-04
  0.48099913   0.87626484   0.02828028  3.95478783e-04
 -0.93457277   0.14171268   0.32632996  2.27482407e-04
  0.14989573  -0.81410867   0.56103328  3.35162569e-04
 -0.80847420   0.55929883  -0.18317828  4.38886228e-04
  0.67211644   0.56392230   0.47984490  3.21107994e-04
 -0.81089209  -0.30673478   0.49836512  4.67573379e-04
  0.51783260  -0.55713197   0.64919440  2.02585382e-04
 -0.66787985   0.47974907  -0.56901435  1.65605681e-04
  0.06049731   0.29986421   0.95206173  7.73402619e-04
  0.04089782   0.88043301   0.47240351  2.36346985e-04
  0.19346952  -0.61016005  -0.76829308  4.44873087e-04
  0.18819582  -0.90280147   0.38669346  1.52613491e-04
 -0.39694704  -0.86575589   0.30479465  3.22740743e-04
  0.07855338   0.60615044   0.79146131  1.91659176e-04
 -0.20127874  -0.59765999   0.77607307  1.54896429e-04
  0.32548279   0.93509014   0.14024045  1.47995843e-04
  0.98801364  -0.15417459  -0.00769752  7.91465863e-04
  0.13040459  -0.52475003  -0.84120869  4.67181361e-04
 -0.99983952  -0.01093074  -0.01419331  1.60463070e-04
 -0.95086989   0.30888422   0.02090418  2.84177972e-04
  0.07086533  -0.08731415  -0.99365706  3.00553911e-04
 -0.46796262  -0.15467563  -0.87010714  3.44744813e-04
  0.20045405  -0.97361644  -0.10903761  8.20488828e-04
  0.25629151  -0.95574842   0.14442860  1.59688972e-04
 -0.26343656   0.87316997   0.41009191  1.58275166e-04
  0.85841020   0.07474001   0.50748977  5.87102808e-04
 -0.55247586  -0.81112214  -0.19196694  2.24540178e-04
 -0.83922153   0.29338460  -0.45785663  1.54099430e-04
 -0.49828189   0.86146954   0.09790500  2.89508636e-04
 -0.71008267  -0.67674708   0.19441190  2.12101419e-04
  0.64973547  -0.73244884   0.20337774  5.13106635e-04
  0.42243309  -0.17027478  -0.89025659  3.90285968e-04
  0.87904078   0.16711972   0.44649558  2.01335770e-04
 -0.03383560   0.04753464  -0.99829635  3.22233173e-04
 -0.89981309  -0.43120996  -0.06629007  4.62342403e-04
  0.60365030  -0.59764190   0.52766512  1.95971340e-04
  0.75680378  -0.64806926  -0.08517199  2.74110949e-04
 -0.49151176   0.30295599   0.81647649  1.54624027e-04
 -0.16304674  -0.78789177   0.59383695  1.49109009e-04
 -0.36124233   0.06364239   0.93029760  1.65774774e-04
 -0.25403129   0.73678625   0.62658928  4.08300144e-04
  0.48875683   0.29309080  -0.82171440  2.60556394e-04
  0.55483947   0.07240764  -0.82880052  2.94885504e-04
  0.44523224   0.86283846   0.23932832  2.09678783e-04
 -0.10795652   0.05579494   0.99258869  1.60232238e-04
  0.24441776   0.57354372   0.78186160  1.75648447e-04
  0.35064965  -0.92846918   0.12243288  2.03301100e-04
 -0.34896465   0.83022157   0.43469049  3.52851491e-04
 -0.01224825  -0.21905170  -0.97563637  1.52459632e-04
 -0.13347218   0.74428696   0.65438681  4.05840937e-04
  0.59084048  -0.80016944  -0.10313285  6.43300774e-04
  0.91944102  -0.38562160   0.07696883  1.98641251e-04
 -0.69360284  -0.63234267   0.34504759  1.55872464e-04
  0.89170880  -0.29210632   0.34573013  3.23364838e-04
 -0.35054062  -0.85683562   0.37809256  7.56596058e-04
 -0.40576364  -0.30189854  -0.86267789  3.91190692e-04
  0.45834447   0.44112885   0.77157352  2.24800267e-04
 -0.52519397   0.12195989   0.84219777  3.12882527e-04
  0.11658114  -0.92707190   0.35629557  2.16299329e-04
 -0.29438669   0.58294148  -0.75730820  5.98019695e-04
 -0.91841822  -0.39126298   0.05849145  2.99844901e-04
 -0.39760722  -0.91754877  -0.00357093  1.88546279e-04
  0.22584100  -0.55359028   0.80158196  3.05855768e-04
 -0.77483074   0.63047699  -0.04621788  1.63304468e-04
  0.91143131   0.25205455   0.32520988  3.52600799e-04
 -0.17430050  -0.88549233   0.43072343  2.16915783e-04
  0.23455408  -0.90184323   0.36285421  2.58538102e-04
 -0.14746897   0.71102570   0.68752844  2.48530721e-04
  0.39966417  -0.91429221   0.06586583  1.69850394e-04
 -0.89637387  -0.41274715   0.16172101  2.40522170e-04
  0.32050860  -0.91024750   0.26215210  1.64478582e-04
 -0.17215154  -0.71421956  -0.67842042  4.03919563e-04
  0.44389500   0.79431378   0.41475637  2.97831644e-04
  0.93561058   0.02154372   0.35237582  2.19288883e-04
 -0.79273326  -0.23312920  -0.56322709  2.30216124e-04
  0.01136668   0.49162237   0.87073431  1.49678903e-04
 -0.87588916  -0.39783366   0.27303216  1.61205390e-04
  0.62447886   0.01816587   0.78083043  2.61744562e-04
  0.64427389  -0.30074714   0.70318014  4.26300807e-04
  0.94111242  -0.12296458   0.31493987  3.75845162e-04
 -0.76977046  -0.48042162   0.42029574  1.74184672e-04
 -0.40802493   0.45643676   0.79068397  3.65575738e-04
  0.96910360  -0.23369681  -0.07889248  4.51887862e-04
  0.60347738  -0.00804359   0.79733954  3.71894382e-04
 -0.36684744  -0.58289741  -0.72501970  8.46228606e-04
  0.86293522   0.27552962   0.42358735  8.44047216e-04
 -0.15011888  -0.98165131  -0.11757984  7.09998502e-04
  0.51582590  -0.85595801   0.03548990  1.46319439e-04
 -0.10283553   0.63967701  -0.76173366  2.12484293e-04
 -0.31521906   0.13177672   0.93982543  1.74973636e-04
 -0.29869922   0.33387058   0.89404094  2.59465929e-04
 -0.09614217   0.57108448   0.81524180  1.80163115e-04
 -0.95213703   0.11356829   0.28379098  1.62508330e-04
  0.83447648   0.23047208   0.50053134  5.19014277e-04
  0.49406676   0.59677973   0.63225944  2.85168750e-04
  0.73461981  -0.20069524  -0.64811662  1.86852462e-04
  0.55129457  -0.06827623   0.83151227  1.61334911e-04
 -0.53340699   0.17457477  -0.82764765  1.49320153e-04
  0.67630233  -0.11375188   0.72778820  3.28872793e-04
 -0.04445067   0.63108793  -0.77443667  3.34229873e-04
 -0.12615821   0.37604547   0.91797272  4.12255654e-04
  0.38034635  -0.92376706   0.04462148  3.32881121e-04
 -0.36033088  -0.91692451   0.17149664  1.64163126e-04
  0.41289576  -0.80401300  -0.42787872  2.59609097e-04
 -0.94808103   0.17980653  -0.26232037  2.08236505e-04
 -0.29905626   0.94567563  -0.12752632  2.71653003e-04
 -0.80405254   0.04210380  -0.59306558  4.25432509e-04
  0.89232607  -0.37886614  -0.24538670  2.80091524e-04
 -0.04936678   0.83079694   0.55438197  1.79928595e-04
  0.71154422   0.20857166  -0.67097144  1.77027884e-04
  0.13376441   0.77757126  -0.61440217  1.46631798e-04
 -0.57012224   0.72142203  -0.39307874  1.78802214e-04
  0.36937023   0.12689866   0.92057719  1.87864123e-04
  0.17597872   0.68797157   0.70407855  1.88473766e-04
  0.11851367  -0.99221070   0.03837228  2.04021394e-04
  0.27434616  -0.93540025   0.22307073  7.80666214e-04
  0.72261424  -0.08610516  -0.68586775  1.59955503e-04
  0.56596115  -0.59124469   0.57455869  2.00823904e-04
  0.59282814   0.54796677  -0.59015863  4.66951345e-04
  0.12632271   0.16769679  -0.97771180  3.22108875e-04
 -0.71952557  -0.54403467   0.43163553  7.33294536e-04
 -0.48810405   0.77418946  -0.40297037  2.41776972e-04
 -0.35342365   0.60593098   0.71269865  4.58501551e-04
  0.68683669  -0.72166146  -0.08637190  3.35652051e-04
  0.60473064   0.78457556  -0.13690155  1.58114264e-04
 -0.61424516   0.62193065   0.48570068  3.00401973e-04
 -0.27360079  -0.57901782  -0.76803709  2.30112974e-04
  0.82732585   0.26961808  -0.49278599  2.62908118e-04
 -0.67309347   0.48934263   0.55451688  4.35910968e-04
 -0.82357054   0.21238017  -0.52595268  8.43008365e-04
  0.78000760   0.26660151  -0.56613759  8.60456437e-04
  0.14991010   0.97517833  -0.16295454  2.86682141e-04
  0.04837851  -0.50358075  -0.86259258  1.67044879e-04
  0.55860092  -0.41944101   0.71556568  2.21820391e-04
  0.27760996  -0.91330387   0.29800797  3.03516005e-04
  0.58424329   0.74309922   0.32628718  3.36541507e-04
  0.67310235   0.58604166   0.45109688  1.83889664e-04
 -0.07831019  -0.62756427   0.77461642  1.78378326e-04
 -0.58331046  -0.80249371  -0.12551000  5.69755689e-04
  0.15443934   0.97803143  -0.14001079  2.17144026e-04
  0.00543436  -0.85150418   0.52431965  5.74113282e-04
 -0.26346435  -0.95225160  -0.15428360  2.64095606e-04
  0.18593345  -0.56740396  -0.80217298  2.12640371e-04
  0.75141944  -0.21918938   0.62235428  1.46440321e-04
  0.60755249  -0.70772252  -0.36056735  2.07852013e-04
  0.18070206  -0.80398534  -0.56652833  5.44434874e-04
 -0.85053252   0.02893939  -0.52512565  2.13252002e-04
 -0.29369354   0.94035679  -0.17167764  1.48839196e-04
  0.88527245   0.12750980  -0.44725154  1.85628015e-04
  0.35037601   0.42451516   0.83487935  5.49145621e-04
 -0.68641919  -0.36431860   0.62936528  1.70822915e-04
  0.40465821  -0.40907893  -0.81786683  5.93842929e-04
 -0.37251949   0.79647106   0.47630146  5.03043920e-04
  0.23313724  -0.14347846   0.96180089  1.70155339e-04
 -0.16525083  -0.97285431   0.16200817  4.74499887e-04
  0.95002493  -0.21367404   0.22758741  1.46810583e-04
  0.54139368   0.59715205   0.59186343  5.54884601e-04
  0.05623120   0.41473899   0.90820131  1.93234487e-04
 -0.85313774   0.37902562  -0.35846281  5.83310451e-04
 -0.00402920  -0.77888275  -0.62715663  3.54200986e-04
 -0.44199455  -0.04971049   0.89563926  2.32219700e-04
 -0.15973012   0.46556846  -0.87047820  4.73290076e-04
  0.65051426  -0.64396137  -0.40267227  1.81893405e-04
 -0.88175558  -0.34868109   0.31769260  3.63886568e-04
  0.04068260   0.41542100  -0.90871905  7.34946612e-04
  0.67152793  -0.48545274  -0.55980879  1.64685765e-04
 -0.42321596  -0.54546692   0.72343216  1.47622471e-04
 -0.89396204   0.13078907   0.42863282  3.27606622e-04
 -0.28232142  -0.30418909  -0.90981515  8.01639899e-04
  0.90055974   0.23416457  -0.36627737  6.78876692e-04
  0.20731152   0.60268859  -0.77057666  4.03508906e-04
  0.35757181  -0.89986818   0.24975919  2.69924918e-04
 -0.42320229   0.88869729  -0.17639998  2.47317396e-04
  0.45216015  -0.88285382   0.12696587  1.91702451e-04
 -0.70199154  -0.68141831   0.20706753  2.77361844e-04
  0.50854283   0.72340940   0.46697219  1.58477405e-04
  0.66594522  -0.74491613  -0.04021095  2.60993491e-04
 -0.78631059  -0.58279119  -0.20510992  2.45135959e-04
 -0.05473910  -0.91949405   0.38927410  2.91931693e-04
  0.35118913  -0.62648619  -0.69583133  3.86737680e-04
  0.77964900   0.00231249  -0.62621250  2.56800188e-04
  0.45477111  -0.00723023   0.89057900  2.50450888e-04
  0.20955288  -0.65223748   0.72847366  7.49061722e-04
  0.68146893  -0.43966876  -0.58505681  1.49556190e-04
 -0.76674992  -0.13103343  -0.62843042  2.62289746e-04
 -0.26980030  -0.82829911   0.49104825  1.77551092e-04
 -0.24006591  -0.53962648   0.80695206  1.81188022e-04
 -0.74438832   0.48396637  -0.46006802  3.85914185e-04
 -0.12986861  -0.98506058  -0.11309195  1.78787066e-04
 -0.83073453   0.54840856  -0.09554158  2.60516707e-04
 -0.75435513  -0.04953581   0.65459494  1.60950590e-04
  0.69220044   0.38999799  -0.60725622  2.77516595e-04
  0.04688888   0.68400072   0.72797283  3.41829683e-04
 -0.27563212  -0.29843244  -0.91376420  2.33076621e-04
 -0.34015362   0.34378789   0.87527447  2.05799214e-04
 -0.08603779   0.65755037   0.74848180  3.46638229e-04
 -0.75397940   0.21400689  -0.62106047  6.00221493e-04
  0.95579107  -0.26547024  -0.12644758  1.57876709e-04
 -0.58734839  -0.02590410   0.80891956  2.83128616e-04
  0.39227005   0.59294604   0.70323481  3.88305904e-04
  0.73873623   0.41090276  -0.53425434  2.55102363e-04
 -0.93493968   0.09051039   0.34306803  4.96991544e-04
  0.34695961   0.46912088  -0.81212353  2.20700603e-04
 -0.67226973   0.55409670  -0.49094832  3.57995767e-04
  0.32465010   0.92606162  -0.19238555  3.05762044e-04
  0.44305537  -0.33156227  -0.83292761  2.33034793e-04
  0.00109107   0.14971513   0.98872857  1.78574892e-04
 -0.93329769   0.23497367  -0.27155626  5.32938743e-04
 -0.77144038  -0.17621471   0.61141485  6.76573865e-04
  0.19460793  -0.81959173  -0.53888510  8.44120715e-04
 -0.58377838   0.35071508   0.73225798  3.25573717e-04
  0.53438281  -0.77044988   0.34762336  2.30193810e-04
 -0.47227747  -0.56986498   0.67246405  3.75225126e-04
 -0.96430756  -0.02574876  -0.26352974  1.98599264e-04
 -0.35268091   0.88852701  -0.29348923  1.58367199e-04
 -0.13455229   0.80895732  -0.57226195  1.64352466e-04
  0.11123434   0.12247661  -0.98621823  3.41958216e-04
  0.04220229  -0.40870127   0.91169197  7.07680152e-04
  0.99260132   0.02188521  -0.11943051  3.19782617e-04
  0.51614234  -0.68473708   0.51452135  4.67034418e-04
 -0.37491285   0.67506539  -0.63539522  2.76257979e-04
 -0.86851805  -0.06870332   0.49087294  4.06264028e-04
 -0.21688009  -0.94909285  -0.22844210  2.36828922e-04
 -0.32637592  -0.76216640   0.55908957  3.06005992e-04
  0.01634256  -0.24393229  -0.96965456  3.47190587e-04
 -0.59233069   0.00358683   0.80568696  3.68480030e-04
  0.41315223   0.76752555  -0.49011199  1.73854801e-04
  0.40067364   0.13785854  -0.90579007  1.70364051e-04
 -0.20943742   0.93102577   0.29887620  1.78654552e-04
 -0.24789765   0.59666311  -0.76324301  4.63758644e-04
  0.77009985  -0.18004140  -0.61198964  4.35495971e-04
 -0.75093470  -0.65925871  -0.03840612  1.71636559e-04
 -0.48951485  -0.80892583  -0.32559824  1.59332481e-04
 -0.94278654  -0.21236120  -0.25701411  2.08613027e-04
  0.63303138   0.77391128   0.01823736  4.49898697e-04
 -0.71147150   0.00860235   0.70266230  1.83062035e-04
  0.84355653   0.15894268  -0.51298110  5.71391767e-04
  0.06424238   0.85776393  -0.51001368  2.31051400e-04
 -0.39029198   0.80612605  -0.44478418  3.32928947e-04
 -0.39615810   0.74545467   0.53605607  5.56166459e-04
  0.87455823  -0.18618938   0.44775151  1.59016075e-04
  0.13394322   0.97471366  -0.17886448  1.67442906e-04
 -0.36802536   0.47503110  -0.79931395  3.29339907e-04
  0.95221760   0.27141430  -0.14005682  1.49565968e-04
 -0.56949241  -0.81069494  -0.13583853  1.74108344e-04
 -0.91109645  -0.38132122   0.15651641  1.61461214e-04
 -0.65660475   0.61663105  -0.43432286  2.30712605e-04
 -0.03593907  -0.25718533   0.96569358  1.76877022e-04
  0.33808598  -0.53654584   0.77318590  1.91570573e-04
  0.95632918  -0.02235940   0.29143533  2.80307852e-04
 -0.06510988  -0.70381449   0.70739372  7.58703015e-04
  0.77996211  -0.03192643  -0.62501184  2.96692375e-04
  0.99930086   0.01840024  -0.03254571  3.48645981e-04
  0.89416800  -0.20582873  -0.39761554  4.40080682e-04
 -0.06926469  -0.60486992  -0.79330624  1.85676936e-04
  0.71472342  -0.66389480  -0.22003210  2.24357808e-04
  0.46111541   0.23860387   0.85465827  1.98166731e-04
 -0.10334894  -0.40652555   0.90777529  6.72989000e-04
 -0.29263362   0.95245080   0.08487075  5.86032813e-04
 -0.80411643   0.44481428   0.39438183  7.88223537e-04
 -0.37540528   0.52241584  -0.76560601  4.04938279e-04
  0.17383375   0.50904424   0.84300403  1.71264782e-04
  0.95268120   0.29208582  -0.08416894  3.48885520e-04
 -0.48241342  -0.71143511   0.51101603  6.11418581e-04
  0.68126070   0.72226430   0.11923987  2.40221712e-04
  0.42018574   0.87977975   0.22233204  2.84438739e-04
  0.98330171  -0.14505338   0.10989663  2.74462909e-04
  0.24004953  -0.54620550  -0.80251840  2.04075801e-04
 -0.71516424   0.64552335  -0.26802931  4.94802296e-04
  0.65190804  -0.03189013   0.75762717  2.20962178e-04
 -0.72337505  -0.43492832  -0.53625170  2.04246396e-04
 -0.66088246   0.54785090  -0.51292667  3.68541166e-04
 -0.10658512   0.99014177  -0.09087839  1.67365809e-04
  0.53205985  -0.77498684  -0.34103918  2.10259720e-04
 -0.50851546  -0.34127815   0.79053226  5.98003963e-04
  0.23235498  -0.46528520   0.85411992  2.01297042e-04
 -0.46100376  -0.14311460   0.87578179  2.43824708e-04
 -0.83756158  -0.54500019   0.03828049  4.36465416e-04
  0.57918421  -0.36625490   0.72828772  1.55349749e-04
  0.15442025   0.83589325   0.52672276  1.64470232e-04
 -0.05641135   0.28818146   0.95591276  1.45519040e-04
 -0.57903205   0.81242175  -0.06850399  1.94626304e-04
  0.61065107  -0.47745757   0.63177491  2.09029014e-04
 -0.28650434  -0.63260297  -0.71953370  2.72498387e-04
  0.58710355   0.40254581   0.70232918  1.53554291e-04
  0.88509745   0.39142147   0.25177716  4.95216083e-04
 -0.22784173   0.40520753   0.88537845  3.13742323e-04
 -0.31424961   0.54706617   0.77586455  3.33180205e-04
  0.54434887   0.65583428  -0.52303509  1.59577596e-04
 -0.16094705   0.94471189   0.28568425  1.75308706e-04
  0.22180523  -0.91638868   0.33321799  3.82340218e-04
  0.28875006  -0.43872400  -0.85096689  1.87864141e-04
  0.70544993   0.65316252  -0.27517107  2.08773366e-04
  0.78620849  -0.54844121  -0.28476036  4.35849741e-04
  0.92807771   0.27721198  -0.24864689  8.48239117e-04
 -0.80959438  -0.58690789  -0.00980172  2.21781674e-04
 -0.80075772   0.50345068  -0.32453735  8.52323895e-04
 -0.94555033  -0.32492912  -0.01885831  8.45670958e-04
 -0.52497162  -0.37239196  -0.76532936  3.37448617e-04
  0.08140350   0.57118739  -0.81677318  8.11414197e-04
  0.00435017   0.04940838   0.99876919  1.64565668e-04
  0.40901772   0.50293214  -0.76142220  5.47690103e-04
 -0.48957842   0.10227910   0.86593993  2.10349276e-04
 -0.93656466  -0.14300092  -0.31999591  1.48542212e-04
 -0.44213327  -0.67114768   0.59504535  3.98464021e-04
 -0.38958889   0.67149512  -0.63032913  5.42945433e-04
  0.29703338   0.71997138   0.62722594  1.49678652e-04
 -0.25163372   0.81659531  -0.51947336  2.19109101e-04
  0.69807815  -0.33095234   0.63494680  5.11357659e-04
 -0.19373718   0.98027503   0.03907385  2.84600829e-04
 -0.34635588  -0.87659581  -0.33409188  5.31256036e-04
  0.85296658  -0.49491042   0.16586648  1.67913901e-04
 -0.35535442  -0.78127711   0.51315623  2.54563630e-04
 -0.28337512  -0.21836856   0.93381675  2.17377980e-04
 -0.68598784  -0.02569937   0.72715901  6.61053514e-04
  0.76933100   0.63822725  -0.02820983  2.52341310e-04
  0.82660382   0.53547861   0.17317268  4.67234470e-04
 -0.46313552  -0.27082713   0.84389464  1.54903503e-04
 -0.33847842   0.04405620   0.93994224  1.48367553e-04
 -0.82396229  -0.41690046   0.38377095  8.34691137e-04
  0.07916009   0.93576047  -0.34363646  3.21258383e-04
 -0.86746475  -0.47195178   0.15737356  2.73026013e-04
 -0.80161140  -0.44454325   0.39975050  1.71354942e-04
 -0.18424895   0.80598967  -0.56252375  1.66464829e-04
 -0.63021503   0.64966249   0.42516782  1.96644452e-04
 -0.39225252   0.57839034  -0.71526399  3.00720635e-04
 -0.13502850  -0.58763849   0.79777711  7.92091885e-04
  0.07585754   0.28123273  -0.95663670  1.46946320e-04
 -0.21973515   0.97421824   0.05113990  5.41813820e-04
  0.63925888   0.21514145   0.73828330  8.29314408e-04
 -0.20189135   0.75646662   0.62209174  4.11342219e-04
  0.74116376  -0.44202102  -0.50526597  3.03063350e-04
 -0.17332209   0.63796502   0.75030666  1.90835530e-04
 -0.57371795   0.43566098  -0.69357568  2.08067529e-04
  0.03418341   0.81422734  -0.57953890  1.72270800e-04
 -0.32503944   0.70111132  -0.63465919  3.90722504e-04
 -0.45305115   0.56980676   0.68561280  3.26559014e-04
 -0.19885079   0.09983240  -0.97493172  4.52065589e-04
  0.11739505  -0.91563658   0.38448415  2.13114699e-04
  0.41128865   0.29240175  -0.86333242  7.13285090e-04
 -0.67798012  -0.63059269  -0.37775099  3.35496160e-04
 -0.59791220  -0.22289631   0.76994690  4.07546845e-04
  0.34451719  -0.91079296  -0.22751721  1.70193796e-04
 -0.51146117   0.34253086  -0.78808634  1.55208942e-04
  0.24453644   0.95918883  -0.14198137  3.65531902e-04
 -0.56488486  -0.77809807  -0.27471529  6.97578760e-04
 -0.78810708   0.61097361   0.07482301  1.56140541e-04
 -0.67476352  -0.73546960   0.06147088  2.32376028e-04
  0.04753190  -0.82600159   0.56166012  1.80197878e-04
  0.93128251   0.32782702   0.15887835  1.93588565e-04
  0.01970376  -0.96938539   0.24475239  2.09565921e-04
  0.78442665  -0.40379393   0.47077096  1.50500091e-04
  0.45935781  -0.46458574  -0.75706703  2.50275813e-04
  0.23240423  -0.91511573   0.32947151  3.01278165e-04
  0.08327097  -0.50633168   0.85830891  2.27261526e-04
  0.10908409  -0.26904897  -0.95692911  1.68685173e-04
  0.53723950   0.77739982  -0.32714407  2.22868471e-04
  0.76677990  -0.30341091   0.56567695  5.50058107e-04
 -0.95729504  -0.26672104   0.11156202  1.85306698e-04
 -0.80416925  -0.06153343  -0.59120678  1.70549068e-04
  0.17492736  -0.09371739   0.98011095  7.43502145e-04
 -0.20822672  -0.30222553   0.93021576  3.59616126e-04
  0.48736057  -0.74578060   0.45419266  1.51065143e-04
  0.05769908  -0.71012198  -0.70171048  1.48584185e-04
 -0.73180480   0.68099330  -0.02664321  2.85566474e-04
 -0.31638832  -0.30258972  -0.89907613  3.30593276e-04
  0.93880485  -0.13062219  -0.31872135  2.95399205e-04
  0.20911605  -0.91179400  -0.35341502  3.95688871e-04
  0.68479018  -0.70281111  -0.19266281  1.51143692e-04
 -0.22489047  -0.97432697  -0.01054640  3.76725489e-04
 -0.24940760   0.55555070   0.79319560  2.18667973e-04
 -0.19012619   0.25690789   0.94754966  2.16379539e-04
 -0.86741979  -0.17081372  -0.46733882  4.09685262e-04
  0.67163107   0.48872047  -0.55683391  1.89927421e-04
 -0.75586358  -0.04053931  -0.65347288  2.31915312e-04
 -0.41421591   0.77040707  -0.48466290  1.70167902e-04
 -0.61841747  -0.71908377   0.31698323  2.51793755e-04
 -0.15443328  -0.20412113   0.96668761  2.27711671e-04
 -0.90615204  -0.03700925  -0.42132980  2.87707046e-04
  0.95076431  -0.30970792   0.01132410  3.89998690e-04
  0.02261621  -0.37152877   0.92814594  1.76754378e-04
 -0.23282026  -0.88716267   0.39841827  1.86875394e-04
 -0.72852223   0.61876648  -0.29391052  2.08179789e-04
 -0.80508887   0.09914385  -0.58480972  4.80881279e-04
  0.47061030  -0.23664071  -0.85001595  6.99160831e-04
 -0.49968452   0.23377919   0.83406395  3.30421236e-04
  0.02149991  -0.00703566  -0.99974409  3.30513172e-04
 -0.32983223   0.89728696   0.29340554  7.34750923e-04
  0.31499199  -0.63366814  -0.70657253  2.96925699e-04
 -0.06364043   0.94225164   0.32880349  2.13065872e-04
 -0.37639915   0.65466137   0.65554724  5.99639651e-04
 -0.77177989   0.50197012  -0.39036112  1.58237108e-04
 -0.02310607   0.83897059  -0.54368599  1.68669549e-04
 -0.64104679   0.72064046   0.26407639  1.64956337e-04
  0.74159647  -0.19951685  -0.64049021  1.58853993e-04
 -0.82397904   0.54327059   0.16098327  5.24023068e-04
 -0.87267218   0.21486712   0.43849217  2.34304665e-04
  0.30417315   0.66643788   0.68069028  3.27144908e-04
  0.37093329  -0.04586738   0.92752611  2.39011676e-04
  0.91269028   0.21441792  -0.34788132  1.87127843e-04
 -0.32138894  -0.71268750  -0.62352680  2.74527114e-04
  0.24617389   0.68968002  -0.68098450  1.52172709e-04
 -0.53258017  -0.79536716  -0.28939495  6.03385661e-04
 -0.74315160   0.10722973   0.66047520  2.61037080e-04
  0.69020139  -0.22852363  -0.68658502  3.35865408e-04
  0.02639368   0.93295712  -0.35901865  3.06132221e-04
  0.28080722  -0.85551620   0.43501649  7.10287143e-04
  0.13357432  -0.00387209   0.99103124  3.33343955e-04
 -0.61369735  -0.65061144  -0.44730339  3.39631853e-04
  0.58655382   0.68510678  -0.43195291  2.00192948e-04
  0.89424674  -0.40338445   0.19391688  4.19440889e-04
 -0.92337265  -0.29461333  -0.24614211  2.61279978e-04
  0.54867303  -0.54036860  -0.63793391  6.14516675e-04
 -0.52261265   0.84211480   0.13311152  2.90250497e-04
  0.10457456  -0.97381308  -0.20187186  3.81810396e-04
  0.21153700   0.95456316  -0.20990777  3.53486993e-04
 -0.27269611  -0.85709309  -0.43706781  2.84010637e-04
  0.69894084  -0.68928427   0.19070632  5.12954187e-04
 -0.32290476   0.66330255  -0.67510165  2.50782781e-04
 -0.98188562   0.14685133  -0.11973022  1.49127236e-04
  0.94174219   0.04196098  -0.33370783  6.56534721e-04
 -0.00485428  -0.48715597   0.87330149  3.04909380e-04
 -0.81094091  -0.36826574   0.45470340  1.99627858e-04
 -0.44926610   0.81255204   0.37137468  1.79018531e-04
 -0.00738018   0.54981722  -0.83525239  2.32404617e-04
 -0.94955025  -0.00059476   0.31361436  1.48354502e-04
  0.17465488   0.98096298   0.08489579  1.56873575e-04
 -0.22787275  -0.96373421  -0.13888981  2.58079148e-04
 -0.98207055   0.17671679  -0.06563995  1.76160274e-04
 -0.80673757   0.44082068   0.39351191  8.28566188e-04
  0.59257397   0.79394461  -0.13604425  5.74496745e-04
  0.93875842   0.21826457   0.26663310  1.66312899e-04
 -0.67071704   0.49650484   0.55101869  3.93534184e-04
  0.66970921   0.62664509  -0.39850409  2.98467014e-04
 -0.15225891  -0.89439640  -0.42056189  1.95876111e-04
 -0.67572956   0.18229104   0.71425453  5.55401106e-04
 -0.42814625   0.78418045   0.44916792  7.99398390e-04
 -0.01063939  -0.05447966  -0.99845820  2.83654804e-04
 -0.16303477   0.61244135   0.77352133  7.68829645e-04
 -0.58312263   0.81205484   0.02312878  8.41053719e-04
 -0.52720751   0.05355203   0.84804741  1.59480194e-04
  0.69023982  -0.49179342  -0.53076193  3.48745959e-04
  0.22771341   0.07220958   0.97104705  3.12820752e-04
  0.85029157  -0.42803164   0.30625669  3.30918434e-04
 -0.51991308  -0.79480267  -0.31301614  5.48095452e-04
 -0.68411049   0.72328159  -0.09410943  8.55836225e-04
 -0.73452986  -0.01861385  -0.67832102  5.17444205e-04
 -0.37739117   0.46055852   0.80340635  1.72076743e-04
 -0.39584072  -0.06862560   0.91575141  2.75222347e-04
  0.80273416  -0.53953563  -0.25400625  4.79803742e-04
 -0.77610593  -0.45351952  -0.43815481  3.55054113e-04
 -0.62154918   0.24825320   0.74299863  1.48500652e-04
  0.95447484   0.07004508   0.28995079  2.51343331e-04
  0.73655955  -0.58645054   0.33698041  1.56955268e-04
  0.92355092   0.18646061  -0.33509125  1.90284917e-04
 -0.82625103   0.32484283   0.46020253  2.80988704e-04
  0.63936699  -0.60646862   0.47265808  1.66130751e-04
  0.24966609   0.53155119   0.80939495  1.55412825e-04
 -0.59987347  -0.74715283   0.28620705  6.75426662e-04
 -0.49877597   0.68821914  -0.52685572  3.76486638e-04
 -0.50115247  -0.42910698  -0.75147415  5.26050325e-04
 -0.74496731  -0.66236074   0.07938485  2.75254386e-04
 -0.50695406   0.85047158   0.14034124  1.63019014e-04
  0.51294420  -0.28408703   0.81005112  3.76994954e-04
  0.27401933   0.67633683   0.68372648  4.72626464e-04
  0.35029141  -0.66575112  -0.65884094  3.56907241e-04
 -0.34004929  -0.53276574  -0.77493686  5.51509242e-04
 -0.60085566  -0.56777876   0.56267198  1.56023255e-04
 -0.13383874   0.75593870  -0.64081501  1.46191355e-04
 -0.99028310  -0.13261174  -0.04187486  1.56782762e-04
  0.33108297  -0.71484187  -0.61594250  3.14028023e-04
  0.77132515  -0.30564500  -0.55824605  2.44977716e-04
  0.72808256  -0.22666666   0.64692969  1.74748639e-04
  0.36912535  -0.92508906  -0.08920037  1.51794123e-04
  0.55035847  -0.83462410   0.02254268  2.80031010e-04
 -0.78572650   0.22843917   0.57484730  2.47690013e-04
  0.88133050  -0.31714357   0.35025206  5.89111614e-04
  0.89511248  -0.13908427   0.42359086  2.28934340e-04
 -0.04511158  -0.95462803   0.29436418  2.26604362e-04
  0.16390529   0.68351927   0.71129211  1.56665251e-04
 -0.08698419   0.99620932   0.00086725  1.81047570e-04
 -0.71468586   0.69944285   0.00195681  2.09584131e-04
  0.00807732   0.81724139   0.57623889  4.13391093e-04
 -0.62450736  -0.23710187  -0.74415943  1.45620118e-04
  0.66425201  -0.37583766   0.64615426  6.10179499e-04
 -0.09951033   0.63420680  -0.76673296  3.59182931e-04
  0.68362849   0.58762911  -0.43283266  2.25903792e-04
  0.10617929   0.94460250  -0.31056734  2.63971670e-04
  0.59908324   0.33761739   0.72602601  1.77796006e-04
  0.79410673   0.31173629  -0.52174226  4.03082886e-04
  0.02222169  -0.84550124  -0.53351088  5.03761291e-04
  0.71152184  -0.15673868  -0.68495960  2.44681035e-04
 -0.89726178   0.27133619   0.34827860  4.51475495e-04
  0.24637947   0.29235306   0.92402751  1.81657660e-04
 -0.29016797  -0.13923292  -0.94679287  1.48361404e-04
  0.39618967  -0.85326051  -0.33908737  1.83002430e-04
  0.03194523   0.12029418   0.99222417  2.49064241e-04
 -0.61456123   0.21786186  -0.75818910  4.18373559e-04
  0.20737015   0.55021542   0.80886378  2.61745864e-04
  0.17742610   0.67840798   0.71293940  2.78504235e-04
 -0.64114843  -0.76734826  -0.01026361  2.86627864e-04
 -0.35298281  -0.66951101  -0.65357336  1.53471932e-04
 -0.30374334   0.71486441   0.62984828  2.69472990e-04
 -0.33200560  -0.94274990  -0.03154218  1.92550450e-04
 -0.08686064   0.97256514  -0.21580612  2.95494736e-04
 -0.24387980   0.63100282  -0.73644965  4.17732206e-04
 -0.97479281   0.04547388   0.21842871  1.59371749e-04
  0.90791971   0.04644775  -0.41656261  1.63985821e-04
  0.81604103   0.56591153  -0.11756348  1.58321044e-04
  0.71620381  -0.07189967   0.69417760  2.10601393e-04
 -0.19626642  -0.48040887   0.85480220  4.84280667e-04
  0.61003664  -0.36296021  -0.70435444  3.53103692e-04
 -0.06052664   0.98436548  -0.16541198  1.54371682e-04
 -0.34846215   0.31165810  -0.88399285  3.92573200e-04
 -0.70581752   0.63710837  -0.30970075  5.70501487e-04
 -0.40365165  -0.81916511   0.40747254  1.98301296e-04
 -0.75164269   0.00318743   0.65956281  2.22760431e-04
  0.21405060  -0.78848732   0.57660220  3.56877362e-04
 -0.06685489  -0.69951760   0.71148124  6.39523968e-04
 -0.07326756   0.74764731  -0.66004194  2.08576332e-04
  0.51897307  -0.75271391   0.40507867  5.30142416e-04
  0.10183562  -0.87495114  -0.47338145  2.00100237e-04
 -0.56174730   0.82650591   0.03644098  2.66279236e-04
  0.11982909  -0.97836655   0.16864126  7.52287119e-04
 -0.11212999  -0.81020806  -0.57531709  1.56004512e-04
  0.40433166   0.90221432   0.15008407  1.49725182e-04
 -0.14991439   0.97072303  -0.18767653  2.11818925e-04
  0.66349926   0.59656090   0.45153496  2.12612098e-04
 -0.37221198  -0.39157240   0.84150419  1.77178328e-04
  0.68793423  -0.63334997  -0.35442109  4.10483902e-04
  0.11676115   0.44617886  -0.88729435  1.97192586e-04
 -0.64182988   0.65518798  -0.39847598  2.63980566e-04
 -0.70958217   0.70304551   0.04711846  1.71473564e-04
  0.88338033   0.46854620  -0.01018118  2.79024387e-04
  0.24723340  -0.63166898   0.73475843  5.59461058e-04
 -0.73239802   0.02254649   0.68050334  1.52273490e-04
 -0.67045154  -0.65638965  -0.34590079  8.42382174e-04
 -0.94409171  -0.03866680  -0.32740757  1.55861249e-04
 -0.23658566  -0.97161047   0.00057379  1.76413021e-04
 -0.95955290  -0.14690101  -0.24016313  2.67348560e-04
 -0.12432944  -0.61746486   0.77671059  2.40689482e-04
 -0.36070243   0.37831843  -0.85250743  4.33121556e-04
  0.83399871  -0.15146897  -0.53056884  1.57671096e-04
 -0.01031055   0.84138268   0.54034145  4.10066068e-04
  0.98684682  -0.03090140   0.15867719  2.15116432e-04
 -0.53006103   0.84160807   0.10359133  2.60277762e-04
 -0.47852233  -0.69012945  -0.54289752  4.42707572e-04
 -0.64909904   0.12963829   0.74957611  2.49775085e-04
 -0.70997769  -0.62841916  -0.31783808  1.50203124e-04
 -0.84066850  -0.54103867   0.02352964  3.51290160e-04
  0.43482282   0.90051286   0.00238948  1.88402562e-04
  0.16380300  -0.07009468   0.98399965  1.98991235e-04
  0.90713486   0.29758053  -0.29757716  1.72400391e-04
  0.34351161   0.83832625   0.42333068  2.39247796e-04
 -0.47335390  -0.37738727  -0.79593652  2.39893587e-04
 -0.41881615   0.68908218  -0.59140408  3.38069050e-04
  0.35838397  -0.88295472   0.30323570  2.18768185e-04
  0.17967543   0.97899880   0.09632284  2.31061974e-04
  0.90599898   0.37105535  -0.20367568  3.36962856e-04
  0.98055496   0.18669806   0.06046328  3.35915249e-04
  0.46302554  -0.69294693  -0.55265894  1.99124922e-04
 -0.71160590   0.55286727  -0.43353758  1.73084463e-04
  0.37245242   0.78605253  -0.49335648  2.65939945e-04
 -0.84983820   0.41505237   0.32481774  2.26857070e-04
  0.42585745  -0.88610173   0.18294578  1.71599540e-04
  0.37135854  -0.90275203  -0.21709814  8.60647406e-04
 -0.33714115   0.51503198   0.78808496  3.09123076e-04
  0.85656349   0.09792149  -0.50666593  2.72321854e-04
  0.69323540  -0.44279858   0.56864233  3.61290840e-04
  0.68542373  -0.50862873  -0.52104811  4.34750608e-04
  0.24262791  -0.88759932  -0.39153435  2.17875590e-04
  0.16546188  -0.88328612  -0.43866615  8.42951037e-04
  0.46243777  -0.17408719   0.86939344  2.14998893e-04
 -0.12068476  -0.19620458  -0.97310788  1.70140623e-04
  0.88902373   0.07796489   0.45117433  3.83509534e-04
  0.24066356  -0.28279959   0.92849634  2.52291308e-04
  0.16959418  -0.31450219  -0.93398404  3.17753116e-04
  0.41584074   0.66110581   0.62451228  2.86093933e-04
 -0.52110781  -0.56313778  -0.64134429  1.86730338e-04
  0.22831885  -0.75832413  -0.61058580  2.44901418e-04
 -0.50123830  -0.13749838  -0.85431514  2.94611752e-04
  0.08651416   0.99300745  -0.08032132  5.18919689e-04
 -0.76258661  -0.15151312   0.62889223  2.12116941e-04
  0.14829065  -0.43409925  -0.88857623  2.45130902e-04
  0.90948622  -0.36212752   0.20420207  4.69865478e-04
  0.98468808  -0.04485483   0.16845604  2.90248508e-04
  0.22266374   0.95205928   0.20977129  2.16092145e-04
  0.69014473  -0.22460094   0.68793508  4.27175667e-04
  0.14573116   0.98788816  -0.05328609  1.56635201e-04
  0.43666068  -0.87325221   0.21623603  1.59945932e-04
  0.08273238  -0.32566366  -0.94185908  4.05394873e-04
  0.92862502   0.13510339  -0.34554688  1.54687526e-04
 -0.05608648  -0.20637043   0.97686517  1.45993712e-04
  0.61659289  -0.25232296   0.74575219  2.54918629e-04
  0.44284000   0.58516883  -0.67931596  1.47141413e-04
  0.89235526   0.00044608   0.45133345  1.47813953e-04
  0.43512976  -0.65811265   0.61445084  3.49753683e-04
  0.51044619   0.52824320  -0.67853062  2.45818666e-04
 -0.47791814  -0.87773844  -0.03419753  1.59688907e-04
 -0.90300056  -0.13792082   0.40690029  2.73507218e-04
  0.09518304   0.98538932  -0.14123764  1.52824613e-04
 -0.98875364   0.09560874   0.11500089  1.51778695e-04
  0.37385932   0.88037062   0.29185061  1.77684281e-04
 -0.25942987   0.61557930  -0.74414936  1.83575879e-04
 -0.92213872  -0.31980287   0.21768394  5.43985997e-04
  0.87804624   0.35104912   0.32526807  1.68779730e-04
  0.45687035  -0.87157066  -0.17785969  1.72396495e-04
  0.95254235   0.15594745   0.26142581  3.98121460e-04
  0.13360395   0.32728585  -0.93543250  3.95893855e-04
 -0.46183583   0.09549696   0.88180950  1.65407635e-04
 -0.39055987  -0.81616726  -0.42583329  4.61382036e-04
  0.10808432  -0.02211603   0.99389570  4.08289382e-04
 -0.00290059   0.98784930   0.15538776  2.47218205e-04
  0.18136230   0.78251775  -0.59562882  4.38890972e-04
  0.12224834   0.14016099  -0.98255292  2.51711473e-04
 -0.50825556  -0.61658732   0.60124568  1.76871059e-04
  0.22946212  -0.97299509   0.02505372  2.51746756e-04
 -0.36169675   0.60064876  -0.71301930  2.71643600e-04
 -0.80194721  -0.37880732   0.46193688  3.95788492e-04
  0.83061618  -0.51533868  -0.21095687  3.58032841e-04
  0.37728019  -0.92560989   0.03009970  1.51349380e-04
  0.37002234   0.89894827   0.23446850  2.29865907e-04
  0.94212254   0.26691737   0.20287987  2.32290248e-04
 -0.07664152  -0.96938863  -0.23326327  4.77345005e-04
 -0.96841660   0.12783369   0.21407438  3.12907983e-04
  0.84670736  -0.53059073   0.03949844  2.07631441e-04
 -0.29085928  -0.91714359  -0.27248580  4.38696776e-04
  0.97980550   0.15320648  -0.12848722  3.89452957e-04
 -0.08813878   0.58063630   0.80937818  5.08723336e-04
 -0.47088269   0.83900962  -0.27263959  2.16935566e-04
  0.20363258   0.09910240  -0.97401873  1.63395997e-04
 -0.71142138  -0.21702565   0.66841566  8.21367333e-04
  0.29552580  -0.03663938   0.95463190  4.31169563e-04
 -0.34299984   0.09905067  -0.93409854  2.36194249e-04
  0.00701926  -0.41508982   0.90975336  4.95066023e-04
 -0.21834205   0.88751262  -0.40576854  1.76206786e-04
 -0.76493973   0.35537657  -0.53719150  7.99931554e-04
  0.31563406  -0.87593092  -0.36485637  1.72657947e-04
  0.54694901   0.72489868  -0.41877045  1.87041951e-04
 -0.11979499   0.34384970  -0.93135200  3.67206403e-04
  0.38089469   0.91015856   0.16288228  1.63279909e-04
 -0.33542086  -0.71887256  -0.60886377  5.00456992e-04
 -0.21725926   0.35907618   0.90766883  2.44746930e-04
 -0.68397591  -0.25627168  -0.68300936  1.91825534e-04
 -0.70934309   0.24388129   0.66132767  1.45894371e-04
 -0.54353123   0.08465786  -0.83510888  2.72612828e-04
 -0.39805054   0.53976875   0.74175836  2.45313381e-04
  0.23015033   0.96110036   0.15269881  1.79156321e-04
  0.25622487  -0.80788420  -0.53072774  2.55619133e-04
  0.04019443  -0.94557896   0.32290067  1.73745756e-04
  0.65693128   0.75395005  -0.00078552  5.73847140e-04
  0.35023215   0.70071763  -0.62155631  6.78111222e-04
 -0.78608320  -0.60584565  -0.12257346  2.68015754e-04
 -0.89376939   0.40984230  -0.18222395  2.14498882e-04
  0.54912770   0.25392321  -0.79622973  2.07573865e-04
 -0.74747069   0.59105533  -0.30321803  2.48999898e-04
  0.13747265  -0.54496408  -0.82711270  1.62063103e-04
 -0.35371259   0.93207446   0.07825980  2.30462870e-04
 -0.60531265   0.70999663   0.35986300  2.52656631e-04
 -0.33358226  -0.39264533   0.85706040  2.02556162e-04
  0.05044597  -0.01127349   0.99866316  3.67723538e-04
 -0.39389513   0.09705510  -0.91401692  1.56966760e-04
 -0.68343655  -0.44849369   0.57599296  1.53537639e-04
 -0.12247435   0.82901931  -0.54564367  1.85615259e-04
 -0.29199074   0.95233538  -0.08831048  4.77260795e-04
 -0.75356147  -0.64764709  -0.11268703  2.72727731e-04
  0.08063732  -0.04744199   0.99561382  2.73549876e-04
  0.23075789  -0.91885862   0.32007754  4.69795861e-04
 -0.29093161   0.25942827   0.92089944  1.86737485e-04
 -0.82536242  -0.17646432   0.53631820  3.87038885e-04
  0.93993153   0.04554190   0.33831149  2.59071498e-04
 -0.48163509  -0.39647632  -0.78155881  4.22223786e-04
 -0.75928373   0.63137825   0.15763795  2.08721521e-04
  0.05447936   0.93180887   0.35883732  5.27891637e-04
 -0.30988188  -0.12766144   0.94216547  2.22402850e-04
 -0.48891649  -0.70687797   0.51115966  2.92642576e-04
  0.17135982  -0.66884407  -0.72338331  2.07964442e-04
 -0.90056403   0.43368484   0.03003128  2.94839111e-04
 -0.26510668  -0.81046218  -0.52236913  1.75210963e-04
  0.40031657   0.61776260   0.67684268  3.29797538e-04
  0.59841254  -0.12538562   0.79131591  2.30464317e-04
 -0.98925593  -0.13963514   0.04329826  1.75184620e-04
 -0.04510914   0.91612089  -0.39835622  4.22872300e-04
  0.33373792  -0.92407046   0.18631366  2.39118820e-04
  0.11278151  -0.32444961  -0.93915536  1.79798063e-04
  0.90889348   0.41427742   0.04782117  1.96190876e-04
 -0.28242623   0.82320447   0.49251378  4.51912123e-04
  0.48057013   0.35645595  -0.80124372  2.36684415e-04
 -0.10638855   0.20381219   0.97321224  4.87366765e-04
 -0.96501561  -0.26213830   0.00532832  3.99108112e-04
  0.13011024  -0.98842836   0.07797891  1.76307707e-04
  0.29422412  -0.95342636  -0.06641047  1.53034475e-04
 -0.90131266  -0.29344567   0.31863009  1.62707208e-04
 -0.05635068   0.72899639   0.68219415  2.57690377e-04
 -0.19544738  -0.95901542  -0.20515785  2.39728635e-04
  0.40475412   0.25771613  -0.87735768  2.06283834e-04
 -0.14071622   0.43516169  -0.88928805  2.67787509e-04
  0.05074676   0.96943803  -0.24003055  7.96122260e-04
 -0.35825127   0.12190088   0.92563287  3.14600534e-04
  0.85773713   0.30553214  -0.41344543  6.03069923e-04
  0.00742039   0.56161894  -0.82736274  2.83548571e-04
 -0.66356246   0.60258682  -0.44336665  1.68528809e-04
 -0.40836966   0.50682328   0.75918666  1.99267324e-04
  0.77494174  -0.34286807  -0.53094895  2.69649902e-04
 -0.01097895   0.72262851   0.69114940  3.03284924e-04
  0.35223640   0.73316783  -0.58171681  1.47927064e-04
  0.94509927   0.29350751   0.14366875  3.78233613e-04
 -0.85133139  -0.36233912  -0.37940113  2.50582329e-04
 -0.74971586  -0.53100511   0.39491735  4.01348345e-04
 -0.92213648  -0.37474389   0.09607982  1.92608450e-04
  0.00886530   0.86478428   0.50206530  1.46871199e-04
  0.05268669  -0.91338180  -0.40368032  6.05820515e-04
  0.71964223  -0.62858746  -0.29494552  3.54016179e-04
  0.55217791  -0.83371228   0.00483564  3.03483383e-04
 -0.64943337  -0.75919880  -0.04305208  1.51009956e-04
 -0.23701148  -0.45643054  -0.85761105  2.18374107e-04
 -0.32110881  -0.80330010   0.50159554  2.92409117e-04
 -0.28409692  -0.81562865   0.50402267  4.32257898e-04
 -0.71503127   0.25516219   0.65086292  1.67071470e-04
 -0.22990044   0.84118330  -0.48944504  2.15458437e-04
 -0.20574944  -0.34549922   0.91558586  7.06038279e-04
 -0.27160354   0.93272886  -0.23716742  1.75067362e-04
  0.42649980   0.90056422  -0.08415470  3.53628150e-04
 -0.57904532  -0.81292125   0.06217365  4.28869861e-04
  0.61412837   0.74868917  -0.24962146  1.70701232e-04
  0.48244256   0.24530019   0.84087870  3.51941592e-04
 -0.91821638   0.14759811   0.36755065  2.02091473e-04
 -0.21559031  -0.87512501  -0.43321708  2.34324722e-04
  0.76480266   0.62365578  -0.16164886  1.56435683e-04
 -0.81330250  -0.07051899  -0.57755182  2.70136951e-04
  0.99269564   0.04696636   0.11112846  3.78007403e-04
 -0.87672606  -0.05563876  -0.47776119  3.88317409e-04
  0.92096712   0.04998642  -0.38642066  2.93390278e-04
 -0.18427662   0.94611525   0.26628568  1.54981791e-04
  0.10736323  -0.88314099  -0.45665647  2.06115960e-04
 -0.18117826   0.83144119   0.52524280  1.90041782e-04
 -0.77702101   0.62519475  -0.07327949  6.64638092e-04
  0.01303733  -0.99989850   0.00574563  1.58702071e-04
 -0.78338992  -0.54257967  -0.30316255  2.32033314e-04
  0.76313931  -0.01133695   0.64613456  2.01137935e-04
  0.79669854  -0.20355147  -0.56906787  1.70189707e-04
 -0.99259276   0.06222633  -0.10434313  2.51116103e-04
  0.18808371  -0.73012866  -0.65691449  1.49366211e-04
  0.58383707   0.78369284   0.21203726  1.58728643e-04
 -0.52115866  -0.17318571  -0.83570351  3.56838979e-04
 -0.71655615   0.33843986   0.60992273  2.10939335e-04
 -0.28636973  -0.92615295   0.24542430  1.56024292e-04
 -0.41778869   0.33144730  -0.84592866  1.85541281e-04
 -0.84256913   0.26079649   0.47123503  3.63268857e-04
 -0.60423632   0.50418501   0.61700562  1.88850087e-04
  0.07522897   0.99197216  -0.10164562  1.59351839e-04
  0.81635716  -0.57151045  -0.08328747  1.89694332e-04
  0.12430880   0.99209033  -0.01743859  1.85527243e-04
 -0.00182277  -0.46045587  -0.88768072  2.68082122e-04
 -0.11070551  -0.95636260  -0.27039760  3.55498691e-04
  0.87519006   0.34782530  -0.33624384  1.48078843e-04
 -0.02528097   0.31376191  -0.94916507  1.84923823e-04
  0.64361063   0.73911764   0.19867176  2.02489820e-04
 -0.47347471   0.28400472   0.83376437  1.71677209e-04
 -0.72828597   0.44289221   0.52292068  3.39789978e-04
 -0.25619641   0.63211634  -0.73129497  1.74170641e-04
  0.02272484  -0.29421385   0.95546941  1.73966739e-04
 -0.23535537   0.84383370   0.48223701  4.00169670e-04
  0.78587465   0.13092606  -0.60436694  4.76466862e-04
 -0.21310187   0.49756592   0.84084228  1.71112545e-04
 -0.68631718   0.72125397  -0.09360254  1.85218734e-04
  0.14086712   0.26435907   0.95408109  2.16959672e-04
 -0.17870334   0.48001258   0.85886730  1.66529475e-04
  0.05078309   0.93029206  -0.36328744  6.73806613e-04
 -0.86022547  -0.06091430  -0.50626237  2.39967199e-04
  0.77319976  -0.44653339   0.45029996  2.68786078e-04
 -0.26357246  -0.63396166  -0.72706408  7.53155169e-04
  0.89529183  -0.39058567  -0.21423204  5.57687086e-04
 -0.41058310   0.61977954   0.66880104  2.25162907e-04
 -0.43820912   0.86661089  -0.23865946  1.69168092e-04
 -0.47600580  -0.20022837   0.85634519  4.16422165e-04
 -0.17866216   0.95844131   0.22241872  2.20967474e-04
  0.39342519  -0.52293816   0.75614304  2.12357808e-04
  0.04729134  -0.95717711  -0.28561425  7.96491402e-04
 -0.87099721   0.38908399  -0.29996251  4.76016680e-04
 -0.83178433  -0.45520082  -0.31769018  2.04178803e-04
  0.58758284  -0.12712316  -0.79911583  1.58303329e-04
 -0.48900663  -0.82438975   0.28505097  2.70266827e-04
 -0.06856658  -0.99685940  -0.03962274  1.90468274e-04
 -0.02197378  -0.47288058   0.88085249  5.69006433e-04
 -0.83438288   0.45098531  -0.31688713  4.82741246e-04
 -0.23172632  -0.04813398   0.97158944  1.88053643e-04
  0.53144921  -0.38519787   0.75444306  2.56037184e-04
  0.21502843  -0.87405446   0.43565075  2.27883793e-04
  0.23310721  -0.62036067  -0.74887493  4.53818175e-04
 -0.15513754  -0.43814519   0.88541580  2.60486085e-04
 -0.47715704   0.41182734  -0.77635005  2.29297807e-04
  0.00945644   0.97310751  -0.23015724  2.83030775e-04
 -0.51824135   0.70224474   0.48813752  1.65116765e-04
  0.11255105   0.34748895  -0.93090477  2.15555702e-04
  0.85065980  -0.37320802  -0.37026164  5.03583042e-04
 -0.23928350  -0.93082115   0.27625240  1.65081800e-04
  0.56788301   0.65719538   0.49558361  3.24621950e-04
  0.18492477   0.46968453  -0.86324925  1.96047856e-04
 -0.75021603   0.25362849   0.61061322  1.70370135e-04
 -0.04643422   0.97547025   0.21517821  1.79147392e-04
 -0.55945300   0.73127935   0.39018310  3.17392677e-04
 -0.39715598   0.90240219  -0.16714493  3.36319558e-04
  0.96254359  -0.09867866   0.25253188  6.41556686e-04
  0.34044171  -0.84254650  -0.41739051  8.40552633e-04
  0.00145443  -0.92442823   0.38135330  1.74986240e-04
  0.19493149   0.97342340   0.12020231  1.89370757e-04
 -0.02276829   0.85390825  -0.51992528  1.49411073e-04
  0.58958204  -0.64127229   0.49108335  4.08539471e-04
  0.88008562   0.08656155   0.46685801  3.49544974e-04
  0.66217118   0.52384366  -0.53583314  2.83024279e-04
  0.34734286   0.29669769  -0.88956361  2.40653406e-04
  0.25905992  -0.16005136  -0.95250802  2.22360816e-04
  0.41320995  -0.71540244  -0.56343313  2.09036364e-04
  0.88434661  -0.07729103   0.46038806  2.21707573e-04
  0.17800939  -0.74417268   0.64383203  2.76332709e-04
 -0.62015044   0.69630697   0.36134476  1.69902307e-04
 -0.73981717  -0.17618043  -0.64933120  7.50403087e-04
  0.26839758   0.48222484   0.83391963  3.83918250e-04
 -0.94036414   0.33912963   0.02657767  4.32498673e-04
 -0.57716915  -0.81207638  -0.08606817  3.62553028e-04
 -0.68623369  -0.17146915  -0.70688163  1.55721566e-04
 -0.05296168   0.33798857   0.93965887  3.35817635e-04
 -0.29253468  -0.33481791  -0.89572341  3.05614781e-04
 -0.16671373   0.21540514   0.96218873  6.89470957e-04
  0.47682483  -0.54597234  -0.68887756  4.80539672e-04
  0.83698802  -0.50604317   0.20825791  2.90144286e-04
 -0.56007001  -0.52649137  -0.63963148  1.58402639e-04
  0.54434677   0.81272063  -0.20777816  3.09318387e-04
  0.03198390   0.29088325   0.95622381  4.30601219e-04
  0.07582638   0.41047686   0.90871288  3.84712471e-04
 -0.62738797   0.75652186   0.18455083  8.35299074e-04
  0.55124465   0.52723185  -0.64664976  1.93512401e-04
 -0.72575827  -0.63051799   0.27517630  4.13098823e-04
  0.83777512   0.30673442  -0.45171545  1.57366907e-04
  0.76567487  -0.59231687   0.25080414  4.22983611e-04
  0.76518070  -0.00003954   0.64381558  3.84847355e-04
