6210			! number of TPs
1.0d3			! dt_YORP [yr]; time step for the YORP integrator
1.0d5			! dt_YORP_out [yr]; time step for the output (reorient.out)
200			! number of Gaussian spheres in fg_functions/ directory
7			! number of data points in each fg_functions/ file
30.0			! dobliq [deg], corresponding step in obliquity
2.5			! a_0 [AU] reference value of semimajor axis
1.0d3			! R_0 [m] reference radius
2500.d0			! rho_0 [kg/m^3] reference density
2.9088821d-4		! omega_0 [rad/s] reference spin rate <=> P_0 = 6 hours
0.33d0			! c_YORP efficiency parameter
T                       ! change Gauss sphere randomly after reaching omega_crit
../fg_functions_K1e-3/
1    18
2    6
3    65
4    11
5    125
6    158
7    51
8    83
9    158
10    141
11    115
12    153
13    90
14    39
15    32
16    65
17    188
18    57
19    85
20    32
21    119
22    124
23    37
24    22
25    94
26    181
27    122
28    107
29    43
30    27
31    64
32    122
33    11
34    70
35    43
36    75
37    140
38    169
39    57
40    128
41    140
42    98
43    125
44    182
45    8
46    183
47    125
48    153
49    137
50    80
51    60
52    61
53    60
54    86
55    172
56    123
57    15
58    146
59    58
60    113
61    60
62    32
63    10
64    130
65    53
66    63
67    144
68    196
69    23
70    99
71    60
72    45
73    145
74    184
75    72
76    112
77    141
78    47
79    12
80    185
81    115
82    86
83    146
84    64
85    133
86    46
87    80
88    136
89    178
90    171
91    68
92    117
93    31
94    90
95    50
96    92
97    192
98    13
99    39
100    151
101    92
102    186
103    154
104    36
105    145
106    110
107    89
108    162
109    2
110    157
111    92
112    180
113    189
114    82
115    15
116    129
117    27
118    16
119    78
120    167
121    194
122    128
123    101
124    158
125    56
126    29
127    141
128    26
129    27
130    21
131    188
132    151
133    2
134    43
135    72
136    50
137    64
138    104
139    177
140    156
141    12
142    21
143    195
144    127
145    33
146    44
147    56
148    63
149    80
150    15
151    131
152    99
153    9
154    48
155    6
156    145
157    162
158    117
159    45
160    147
161    106
162    40
163    134
164    132
165    171
166    7
167    149
168    52
169    199
170    75
171    121
172    96
173    11
174    30
175    3
176    43
177    25
178    102
179    51
180    83
181    109
182    79
183    46
184    119
185    198
186    49
187    81
188    47
189    146
190    109
191    58
192    177
193    2
194    112
195    42
196    144
197    124
198    127
199    24
200    185
201    151
202    46
203    148
204    166
205    37
206    123
207    178
208    36
209    41
210    129
211    178
212    84
213    131
214    35
215    130
216    66
217    86
218    109
219    18
220    41
221    165
222    128
223    177
224    130
225    45
226    122
227    21
228    179
229    105
230    14
231    118
232    53
233    153
234    67
235    128
236    181
237    105
238    140
239    78
240    112
241    159
242    185
243    91
244    67
245    46
246    199
247    111
248    68
249    122
250    95
251    84
252    113
253    51
254    106
255    147
256    25
257    148
258    166
259    193
260    95
261    60
262    135
263    192
264    16
265    12
266    75
267    190
268    91
269    47
270    190
271    97
272    166
273    128
274    126
275    122
276    34
277    179
278    71
279    152
280    109
281    74
282    45
283    35
284    68
285    91
286    166
287    76
288    158
289    160
290    107
291    133
292    125
293    189
294    195
295    16
296    157
297    3
298    66
299    182
300    141
301    2
302    194
303    110
304    63
305    92
306    67
307    194
308    96
309    95
310    159
311    129
312    141
313    122
314    15
315    31
316    126
317    65
318    26
319    49
320    36
321    166
322    106
323    162
324    122
325    90
326    94
327    183
328    182
329    109
330    115
331    47
332    149
333    38
334    6
335    88
336    3
337    187
338    197
339    13
340    17
341    86
342    140
343    166
344    92
345    8
346    39
347    160
348    167
349    21
350    20
351    156
352    39
353    14
354    115
355    2
356    137
357    89
358    70
359    158
360    173
361    198
362    150
363    123
364    172
365    110
366    188
367    70
368    122
369    122
370    1
371    163
372    200
373    117
374    71
375    96
376    189
377    48
378    6
379    74
380    108
381    117
382    111
383    126
384    39
385    158
386    30
387    18
388    166
389    70
390    103
391    133
392    95
393    32
394    92
395    175
396    135
397    94
398    94
399    7
400    72
401    74
402    42
403    191
404    194
405    18
406    154
407    137
408    75
409    33
410    26
411    9
412    128
413    71
414    134
415    20
416    156
417    125
418    59
419    40
420    144
421    186
422    23
423    44
424    117
425    194
426    29
427    124
428    66
429    152
430    181
431    181
432    76
433    82
434    122
435    49
436    84
437    41
438    160
439    136
440    8
441    134
442    102
443    26
444    16
445    192
446    74
447    151
448    62
449    91
450    87
451    101
452    175
453    95
454    14
455    25
456    57
457    40
458    81
459    118
460    27
461    50
462    4
463    12
464    71
465    172
466    18
467    173
468    40
469    192
470    118
471    64
472    79
473    36
474    83
475    145
476    92
477    173
478    112
479    200
480    50
481    64
482    4
483    29
484    177
485    53
486    160
487    163
488    66
489    28
490    103
491    71
492    168
493    86
494    21
495    151
496    162
497    51
498    200
499    155
500    94
501    194
502    146
503    97
504    129
505    63
506    133
507    40
508    54
509    24
510    180
511    6
512    113
513    155
514    139
515    189
516    44
517    145
518    87
519    141
520    113
521    154
522    90
523    133
524    172
525    150
526    174
527    26
528    49
529    58
530    65
531    144
532    121
533    82
534    79
535    50
536    189
537    193
538    102
539    85
540    51
541    146
542    136
543    150
544    200
545    55
546    85
547    148
548    140
549    200
550    85
551    53
552    50
553    48
554    133
555    32
556    3
557    76
558    87
559    182
560    86
561    97
562    104
563    182
564    183
565    50
566    136
567    36
568    80
569    49
570    79
571    95
572    133
573    102
574    114
575    172
576    49
577    140
578    81
579    35
580    28
581    114
582    156
583    129
584    88
585    99
586    34
587    121
588    71
589    27
590    9
591    14
592    54
593    41
594    59
595    117
596    59
597    147
598    151
599    70
600    20
601    69
602    179
603    121
604    171
605    113
606    127
607    87
608    14
609    199
610    26
611    163
612    125
613    132
614    170
615    14
616    151
617    66
618    200
619    43
620    91
621    107
622    143
623    150
624    12
625    137
626    7
627    155
628    100
629    70
630    16
631    190
632    20
633    157
634    82
635    78
636    130
637    56
638    94
639    172
640    54
641    42
642    183
643    101
644    41
645    61
646    158
647    129
648    92
649    168
650    103
651    101
652    188
653    44
654    130
655    142
656    129
657    51
658    74
659    104
660    35
661    141
662    134
663    111
664    178
665    174
666    125
667    65
668    68
669    162
670    95
671    121
672    197
673    84
674    145
675    131
676    111
677    1
678    145
679    119
680    70
681    35
682    178
683    76
684    134
685    70
686    148
687    141
688    57
689    85
690    161
691    24
692    178
693    181
694    195
695    139
696    74
697    20
698    148
699    110
700    80
701    72
702    130
703    36
704    11
705    111
706    197
707    24
708    2
709    183
710    52
711    33
712    95
713    174
714    153
715    140
716    6
717    167
718    97
719    174
720    186
721    170
722    109
723    105
724    89
725    66
726    180
727    176
728    145
729    69
730    192
731    68
732    94
733    143
734    193
735    102
736    32
737    183
738    181
739    7
740    23
741    198
742    7
743    107
744    96
745    54
746    9
747    84
748    144
749    163
750    193
751    91
752    4
753    150
754    139
755    57
756    94
757    171
758    85
759    113
760    103
761    56
762    84
763    16
764    77
765    128
766    29
767    171
768    76
769    11
770    168
771    77
772    68
773    113
774    110
775    174
776    131
777    156
778    18
779    157
780    146
781    140
782    109
783    47
784    163
785    191
786    70
787    19
788    199
789    117
790    37
791    74
792    4
793    160
794    69
795    162
796    95
797    117
798    73
799    13
800    171
801    30
802    130
803    99
804    1
805    66
806    65
807    42
808    150
809    80
810    32
811    63
812    174
813    166
814    179
815    173
816    62
817    153
818    15
819    130
820    58
821    161
822    52
823    26
824    18
825    103
826    31
827    185
828    200
829    194
830    110
831    152
832    140
833    30
834    164
835    102
836    197
837    174
838    30
839    83
840    28
841    131
842    137
843    45
844    122
845    17
846    48
847    77
848    194
849    186
850    90
851    171
852    67
853    2
854    8
855    190
856    80
857    33
858    172
859    44
860    54
861    26
862    16
863    132
864    145
865    44
866    73
867    141
868    171
869    109
870    81
871    38
872    121
873    147
874    97
875    3
876    124
877    154
878    43
879    130
880    56
881    38
882    128
883    1
884    60
885    166
886    108
887    109
888    177
889    5
890    46
891    101
892    193
893    37
894    115
895    46
896    192
897    21
898    63
899    56
900    15
901    12
902    159
903    109
904    15
905    186
906    26
907    191
908    70
909    123
910    6
911    87
912    147
913    33
914    62
915    183
916    112
917    107
918    155
919    122
920    57
921    40
922    129
923    117
924    74
925    180
926    196
927    176
928    108
929    148
930    37
931    3
932    92
933    103
934    69
935    87
936    35
937    97
938    74
939    182
940    196
941    85
942    101
943    134
944    127
945    192
946    22
947    126
948    77
949    155
950    196
951    176
952    80
953    129
954    11
955    190
956    49
957    41
958    3
959    64
960    178
961    13
962    196
963    147
964    174
965    76
966    32
967    147
968    87
969    64
970    164
971    91
972    26
973    70
974    53
975    189
976    176
977    78
978    200
979    187
980    124
981    174
982    117
983    128
984    110
985    101
986    39
987    162
988    46
989    108
990    170
991    99
992    70
993    108
994    128
995    18
996    19
997    187
998    194
999    140
1000    117
1001    193
1002    153
1003    40
1004    28
1005    70
1006    44
1007    126
1008    137
1009    113
1010    52
1011    133
1012    200
1013    173
1014    109
1015    177
1016    108
1017    166
1018    110
1019    83
1020    120
1021    52
1022    39
1023    12
1024    111
1025    107
1026    29
1027    186
1028    189
1029    192
1030    105
1031    10
1032    127
1033    28
1034    136
1035    161
1036    84
1037    24
1038    155
1039    194
1040    80
1041    46
1042    16
1043    164
1044    179
1045    83
1046    96
1047    154
1048    200
1049    50
1050    56
1051    187
1052    154
1053    87
1054    95
1055    185
1056    185
1057    185
1058    176
1059    8
1060    103
1061    19
1062    120
1063    122
1064    19
1065    97
1066    74
1067    130
1068    188
1069    52
1070    116
1071    49
1072    171
1073    95
1074    113
1075    55
1076    129
1077    63
1078    127
1079    93
1080    41
1081    176
1082    181
1083    81
1084    4
1085    23
1086    186
1087    175
1088    116
1089    32
1090    163
1091    78
1092    180
1093    91
1094    152
1095    99
1096    70
1097    71
1098    100
1099    168
1100    1
1101    65
1102    38
1103    60
1104    3
1105    32
1106    126
1107    129
1108    90
1109    30
1110    68
1111    14
1112    43
1113    41
1114    166
1115    88
1116    138
1117    156
1118    152
1119    84
1120    120
1121    13
1122    38
1123    181
1124    120
1125    106
1126    164
1127    44
1128    183
1129    77
1130    84
1131    52
1132    80
1133    155
1134    42
1135    161
1136    48
1137    19
1138    151
1139    39
1140    82
1141    142
1142    74
1143    133
1144    27
1145    102
1146    65
1147    60
1148    65
1149    64
1150    62
1151    144
1152    93
1153    59
1154    179
1155    190
1156    29
1157    51
1158    107
1159    77
1160    30
1161    169
1162    19
1163    79
1164    23
1165    45
1166    110
1167    13
1168    141
1169    148
1170    146
1171    186
1172    64
1173    22
1174    49
1175    160
1176    53
1177    187
1178    26
1179    49
1180    172
1181    31
1182    73
1183    71
1184    191
1185    109
1186    159
1187    127
1188    1
1189    34
1190    172
1191    32
1192    42
1193    40
1194    51
1195    109
1196    93
1197    170
1198    81
1199    94
1200    147
1201    135
1202    16
1203    132
1204    93
1205    37
1206    88
1207    55
1208    35
1209    93
1210    134
1211    52
1212    53
1213    51
1214    116
1215    177
1216    178
1217    68
1218    102
1219    186
1220    111
1221    34
1222    176
1223    170
1224    60
1225    148
1226    96
1227    100
1228    140
1229    50
1230    169
1231    41
1232    92
1233    100
1234    124
1235    9
1236    67
1237    12
1238    114
1239    45
1240    9
1241    106
1242    140
1243    62
1244    152
1245    139
1246    47
1247    84
1248    169
1249    148
1250    44
1251    87
1252    196
1253    130
1254    20
1255    64
1256    92
1257    174
1258    126
1259    109
1260    149
1261    65
1262    44
1263    171
1264    194
1265    56
1266    39
1267    10
1268    149
1269    59
1270    24
1271    55
1272    90
1273    176
1274    85
1275    83
1276    119
1277    46
1278    126
1279    118
1280    5
1281    23
1282    167
1283    67
1284    200
1285    134
1286    154
1287    44
1288    180
1289    154
1290    154
1291    168
1292    121
1293    33
1294    141
1295    104
1296    28
1297    102
1298    194
1299    70
1300    70
1301    118
1302    47
1303    168
1304    58
1305    192
1306    179
1307    106
1308    162
1309    29
1310    80
1311    135
1312    102
1313    160
1314    128
1315    128
1316    51
1317    118
1318    200
1319    101
1320    44
1321    97
1322    35
1323    130
1324    86
1325    59
1326    28
1327    47
1328    6
1329    24
1330    175
1331    57
1332    28
1333    21
1334    63
1335    146
1336    65
1337    171
1338    28
1339    165
1340    88
1341    112
1342    62
1343    193
1344    122
1345    61
1346    25
1347    129
1348    68
1349    38
1350    39
1351    194
1352    6
1353    67
1354    179
1355    56
1356    48
1357    16
1358    176
1359    141
1360    84
1361    150
1362    133
1363    126
1364    170
1365    65
1366    55
1367    180
1368    1
1369    93
1370    164
1371    69
1372    13
1373    32
1374    50
1375    13
1376    39
1377    99
1378    33
1379    137
1380    196
1381    50
1382    48
1383    171
1384    93
1385    189
1386    134
1387    48
1388    100
1389    98
1390    147
1391    168
1392    179
1393    115
1394    94
1395    41
1396    130
1397    150
1398    101
1399    135
1400    127
1401    173
1402    96
1403    57
1404    116
1405    154
1406    180
1407    112
1408    141
1409    17
1410    68
1411    172
1412    42
1413    159
1414    112
1415    95
1416    50
1417    134
1418    185
1419    161
1420    138
1421    84
1422    170
1423    70
1424    107
1425    80
1426    94
1427    143
1428    129
1429    142
1430    2
1431    132
1432    105
1433    70
1434    30
1435    70
1436    146
1437    68
1438    182
1439    37
1440    4
1441    17
1442    77
1443    90
1444    6
1445    26
1446    33
1447    91
1448    35
1449    175
1450    170
1451    58
1452    155
1453    191
1454    139
1455    144
1456    45
1457    68
1458    18
1459    11
1460    93
1461    193
1462    106
1463    31
1464    43
1465    33
1466    28
1467    128
1468    37
1469    12
1470    147
1471    106
1472    86
1473    181
1474    1
1475    67
1476    135
1477    59
1478    101
1479    85
1480    122
1481    160
1482    186
1483    15
1484    144
1485    118
1486    79
1487    15
1488    93
1489    99
1490    153
1491    190
1492    86
1493    183
1494    79
1495    26
1496    97
1497    21
1498    47
1499    44
1500    80
1501    169
1502    23
1503    155
1504    95
1505    15
1506    88
1507    186
1508    183
1509    182
1510    69
1511    8
1512    192
1513    3
1514    2
1515    105
1516    63
1517    96
1518    36
1519    184
1520    131
1521    14
1522    45
1523    102
1524    63
1525    179
1526    144
1527    14
1528    50
1529    34
1530    27
1531    24
1532    7
1533    127
1534    110
1535    72
1536    138
1537    54
1538    129
1539    28
1540    156
1541    151
1542    77
1543    27
1544    146
1545    108
1546    123
1547    56
1548    129
1549    11
1550    143
1551    50
1552    39
1553    117
1554    123
1555    117
1556    50
1557    163
1558    32
1559    107
1560    5
1561    52
1562    47
1563    197
1564    19
1565    109
1566    189
1567    5
1568    169
1569    40
1570    64
1571    178
1572    37
1573    28
1574    103
1575    110
1576    135
1577    62
1578    133
1579    125
1580    167
1581    153
1582    10
1583    86
1584    6
1585    151
1586    98
1587    115
1588    51
1589    125
1590    55
1591    151
1592    167
1593    184
1594    190
1595    133
1596    78
1597    40
1598    140
1599    36
1600    162
1601    51
1602    157
1603    148
1604    71
1605    138
1606    103
1607    40
1608    104
1609    149
1610    54
1611    47
1612    61
1613    156
1614    1
1615    114
1616    50
1617    88
1618    40
1619    105
1620    85
1621    97
1622    147
1623    132
1624    163
1625    88
1626    12
1627    127
1628    161
1629    80
1630    118
1631    31
1632    98
1633    37
1634    162
1635    87
1636    153
1637    123
1638    79
1639    40
1640    105
1641    152
1642    70
1643    184
1644    73
1645    122
1646    35
1647    109
1648    176
1649    152
1650    60
1651    22
1652    12
1653    148
1654    79
1655    177
1656    31
1657    188
1658    44
1659    132
1660    168
1661    82
1662    116
1663    63
1664    138
1665    149
1666    107
1667    176
1668    54
1669    198
1670    42
1671    117
1672    93
1673    142
1674    196
1675    6
1676    58
1677    175
1678    145
1679    11
1680    77
1681    104
1682    197
1683    6
1684    177
1685    189
1686    95
1687    111
1688    56
1689    121
1690    70
1691    23
1692    184
1693    135
1694    76
1695    46
1696    87
1697    192
1698    119
1699    199
1700    189
1701    8
1702    148
1703    150
1704    130
1705    36
1706    50
1707    145
1708    22
1709    41
1710    197
1711    30
1712    40
1713    47
1714    11
1715    181
1716    3
1717    180
1718    38
1719    176
1720    89
1721    75
1722    30
1723    76
1724    87
1725    92
1726    122
1727    82
1728    4
1729    63
1730    68
1731    75
1732    139
1733    162
1734    136
1735    7
1736    166
1737    15
1738    145
1739    71
1740    124
1741    130
1742    81
1743    34
1744    25
1745    198
1746    39
1747    50
1748    38
1749    137
1750    127
1751    65
1752    9
1753    105
1754    128
1755    119
1756    127
1757    88
1758    22
1759    182
1760    159
1761    136
1762    56
1763    78
1764    76
1765    2
1766    52
1767    105
1768    136
1769    37
1770    189
1771    135
1772    52
1773    66
1774    169
1775    50
1776    119
1777    194
1778    144
1779    155
1780    110
1781    119
1782    193
1783    133
1784    56
1785    110
1786    19
1787    163
1788    130
1789    68
1790    185
1791    35
1792    117
1793    133
1794    135
1795    21
1796    72
1797    94
1798    136
1799    196
1800    130
1801    73
1802    36
1803    184
1804    41
1805    114
1806    3
1807    30
1808    160
1809    77
1810    176
1811    4
1812    80
1813    61
1814    83
1815    189
1816    123
1817    161
1818    3
1819    146
1820    184
1821    107
1822    5
1823    17
1824    140
1825    185
1826    12
1827    68
1828    100
1829    83
1830    197
1831    167
1832    64
1833    20
1834    137
1835    185
1836    148
1837    63
1838    148
1839    109
1840    137
1841    141
1842    105
1843    22
1844    14
1845    153
1846    178
1847    88
1848    144
1849    25
1850    97
1851    23
1852    83
1853    193
1854    149
1855    184
1856    26
1857    181
1858    92
1859    27
1860    126
1861    170
1862    81
1863    142
1864    14
1865    157
1866    63
1867    137
1868    72
1869    181
1870    73
1871    98
1872    135
1873    57
1874    15
1875    127
1876    190
1877    183
1878    147
1879    156
1880    131
1881    183
1882    110
1883    181
1884    101
1885    106
1886    122
1887    99
1888    148
1889    194
1890    103
1891    52
1892    99
1893    139
1894    160
1895    46
1896    189
1897    155
1898    148
1899    57
1900    190
1901    41
1902    156
1903    14
1904    86
1905    15
1906    90
1907    135
1908    172
1909    8
1910    142
1911    199
1912    171
1913    116
1914    191
1915    99
1916    19
1917    91
1918    186
1919    23
1920    118
1921    129
1922    12
1923    41
1924    2
1925    173
1926    94
1927    37
1928    96
1929    144
1930    176
1931    25
1932    162
1933    185
1934    22
1935    200
1936    156
1937    169
1938    31
1939    182
1940    17
1941    8
1942    121
1943    196
1944    160
1945    181
1946    30
1947    128
1948    182
1949    186
1950    175
1951    114
1952    163
1953    76
1954    162
1955    197
1956    191
1957    71
1958    82
1959    147
1960    5
1961    36
1962    8
1963    154
1964    146
1965    159
1966    149
1967    75
1968    86
1969    44
1970    96
1971    170
1972    189
1973    194
1974    84
1975    48
1976    110
1977    20
1978    23
1979    6
1980    123
1981    44
1982    183
1983    135
1984    98
1985    65
1986    142
1987    155
1988    137
1989    73
1990    105
1991    199
1992    19
1993    57
1994    128
1995    124
1996    60
1997    74
1998    65
1999    160
2000    190
2001    14
2002    152
2003    191
2004    183
2005    123
2006    156
2007    142
2008    102
2009    121
2010    152
2011    29
2012    123
2013    181
2014    69
2015    43
2016    122
2017    27
2018    103
2019    119
2020    4
2021    77
2022    100
2023    2
2024    173
2025    125
2026    165
2027    66
2028    142
2029    5
2030    117
2031    168
2032    11
2033    5
2034    147
2035    11
2036    186
2037    195
2038    143
2039    29
2040    72
2041    151
2042    104
2043    52
2044    86
2045    160
2046    45
2047    182
2048    48
2049    48
2050    42
2051    149
2052    156
2053    37
2054    55
2055    143
2056    40
2057    5
2058    83
2059    190
2060    71
2061    108
2062    197
2063    195
2064    174
2065    82
2066    31
2067    107
2068    156
2069    165
2070    139
2071    157
2072    107
2073    65
2074    50
2075    155
2076    57
2077    159
2078    141
2079    50
2080    127
2081    7
2082    14
2083    142
2084    143
2085    193
2086    105
2087    126
2088    197
2089    179
2090    148
2091    51
2092    96
2093    77
2094    157
2095    89
2096    130
2097    128
2098    115
2099    37
2100    116
2101    149
2102    159
2103    27
2104    44
2105    161
2106    70
2107    144
2108    122
2109    30
2110    2
2111    137
2112    98
2113    196
2114    158
2115    124
2116    135
2117    200
2118    191
2119    133
2120    81
2121    73
2122    148
2123    27
2124    176
2125    69
2126    196
2127    19
2128    174
2129    139
2130    47
2131    187
2132    125
2133    114
2134    85
2135    143
2136    99
2137    158
2138    17
2139    197
2140    8
2141    147
2142    115
2143    84
2144    171
2145    153
2146    133
2147    56
2148    66
2149    195
2150    169
2151    184
2152    25
2153    94
2154    12
2155    79
2156    60
2157    138
2158    98
2159    159
2160    151
2161    188
2162    102
2163    69
2164    177
2165    7
2166    176
2167    54
2168    109
2169    128
2170    109
2171    83
2172    129
2173    67
2174    38
2175    140
2176    106
2177    134
2178    6
2179    1
2180    68
2181    18
2182    13
2183    49
2184    76
2185    54
2186    74
2187    160
2188    117
2189    14
2190    15
2191    190
2192    49
2193    180
2194    40
2195    154
2196    170
2197    50
2198    20
2199    107
2200    195
2201    173
2202    181
2203    177
2204    34
2205    112
2206    75
2207    37
2208    65
2209    41
2210    186
2211    60
2212    139
2213    5
2214    164
2215    73
2216    3
2217    173
2218    168
2219    164
2220    95
2221    77
2222    5
2223    71
2224    125
2225    169
2226    131
2227    122
2228    65
2229    176
2230    81
2231    121
2232    16
2233    20
2234    190
2235    177
2236    86
2237    186
2238    149
2239    19
2240    96
2241    137
2242    195
2243    101
2244    142
2245    166
2246    98
2247    63
2248    170
2249    174
2250    191
2251    70
2252    61
2253    8
2254    30
2255    185
2256    95
2257    169
2258    104
2259    193
2260    21
2261    108
2262    151
2263    20
2264    17
2265    47
2266    45
2267    181
2268    120
2269    157
2270    20
2271    86
2272    181
2273    50
2274    2
2275    122
2276    93
2277    149
2278    80
2279    139
2280    33
2281    75
2282    82
2283    121
2284    83
2285    58
2286    129
2287    94
2288    138
2289    150
2290    74
2291    73
2292    176
2293    1
2294    44
2295    94
2296    121
2297    35
2298    1
2299    61
2300    170
2301    50
2302    91
2303    80
2304    149
2305    176
2306    101
2307    165
2308    49
2309    188
2310    123
2311    26
2312    4
2313    153
2314    162
2315    146
2316    127
2317    62
2318    194
2319    155
2320    61
2321    38
2322    76
2323    77
2324    150
2325    113
2326    56
2327    198
2328    85
2329    83
2330    171
2331    88
2332    156
2333    170
2334    115
2335    159
2336    78
2337    139
2338    60
2339    152
2340    160
2341    145
2342    115
2343    169
2344    66
2345    192
2346    102
2347    23
2348    76
2349    164
2350    106
2351    94
2352    88
2353    181
2354    169
2355    166
2356    121
2357    127
2358    190
2359    178
2360    193
2361    5
2362    6
2363    50
2364    46
2365    75
2366    141
2367    171
2368    165
2369    28
2370    101
2371    148
2372    114
2373    57
2374    13
2375    186
2376    51
2377    171
2378    160
2379    35
2380    38
2381    109
2382    146
2383    82
2384    19
2385    175
2386    92
2387    17
2388    164
2389    48
2390    53
2391    196
2392    138
2393    53
2394    17
2395    138
2396    86
2397    129
2398    145
2399    168
2400    96
2401    23
2402    139
2403    54
2404    138
2405    135
2406    21
2407    9
2408    178
2409    30
2410    145
2411    70
2412    198
2413    80
2414    31
2415    160
2416    159
2417    154
2418    52
2419    32
2420    161
2421    43
2422    94
2423    174
2424    34
2425    152
2426    40
2427    51
2428    188
2429    75
2430    129
2431    197
2432    174
2433    78
2434    104
2435    127
2436    130
2437    122
2438    188
2439    104
2440    106
2441    99
2442    120
2443    110
2444    66
2445    100
2446    192
2447    165
2448    72
2449    193
2450    141
2451    13
2452    73
2453    56
2454    159
2455    13
2456    104
2457    173
2458    13
2459    188
2460    64
2461    117
2462    78
2463    37
2464    134
2465    87
2466    96
2467    122
2468    16
2469    71
2470    165
2471    139
2472    187
2473    51
2474    22
2475    118
2476    124
2477    115
2478    191
2479    169
2480    102
2481    76
2482    128
2483    160
2484    82
2485    63
2486    122
2487    58
2488    93
2489    193
2490    107
2491    120
2492    39
2493    78
2494    44
2495    140
2496    85
2497    151
2498    75
2499    63
2500    126
2501    111
2502    155
2503    134
2504    57
2505    133
2506    84
2507    185
2508    32
2509    184
2510    39
2511    79
2512    12
2513    105
2514    135
2515    196
2516    32
2517    121
2518    128
2519    199
2520    101
2521    179
2522    141
2523    160
2524    4
2525    20
2526    62
2527    19
2528    71
2529    21
2530    163
2531    114
2532    82
2533    64
2534    25
2535    63
2536    133
2537    195
2538    129
2539    185
2540    148
2541    142
2542    153
2543    172
2544    74
2545    24
2546    104
2547    89
2548    167
2549    190
2550    55
2551    75
2552    190
2553    13
2554    163
2555    37
2556    51
2557    6
2558    6
2559    143
2560    135
2561    40
2562    68
2563    29
2564    1
2565    157
2566    60
2567    108
2568    139
2569    114
2570    104
2571    165
2572    133
2573    77
2574    128
2575    77
2576    18
2577    78
2578    180
2579    47
2580    80
2581    109
2582    19
2583    76
2584    141
2585    193
2586    35
2587    181
2588    17
2589    64
2590    48
2591    64
2592    55
2593    62
2594    35
2595    187
2596    109
2597    16
2598    89
2599    56
2600    170
2601    88
2602    114
2603    180
2604    175
2605    8
2606    155
2607    17
2608    198
2609    163
2610    72
2611    69
2612    8
2613    35
2614    160
2615    130
2616    68
2617    42
2618    150
2619    72
2620    7
2621    7
2622    162
2623    81
2624    29
2625    113
2626    102
2627    39
2628    189
2629    187
2630    31
2631    33
2632    21
2633    44
2634    143
2635    187
2636    188
2637    22
2638    75
2639    125
2640    84
2641    86
2642    89
2643    101
2644    137
2645    194
2646    181
2647    77
2648    170
2649    133
2650    190
2651    4
2652    129
2653    82
2654    157
2655    28
2656    67
2657    30
2658    129
2659    112
2660    59
2661    96
2662    178
2663    180
2664    29
2665    93
2666    56
2667    63
2668    121
2669    7
2670    138
2671    174
2672    98
2673    142
2674    23
2675    41
2676    145
2677    162
2678    149
2679    62
2680    128
2681    154
2682    71
2683    131
2684    133
2685    138
2686    100
2687    44
2688    147
2689    194
2690    10
2691    31
2692    148
2693    96
2694    5
2695    98
2696    29
2697    180
2698    57
2699    11
2700    36
2701    81
2702    170
2703    13
2704    167
2705    87
2706    90
2707    137
2708    38
2709    22
2710    145
2711    75
2712    113
2713    95
2714    58
2715    120
2716    12
2717    163
2718    97
2719    134
2720    180
2721    23
2722    29
2723    154
2724    107
2725    24
2726    177
2727    195
2728    1
2729    12
2730    109
2731    127
2732    182
2733    124
2734    42
2735    159
2736    200
2737    51
2738    120
2739    116
2740    184
2741    165
2742    52
2743    81
2744    152
2745    21
2746    62
2747    68
2748    82
2749    87
2750    194
2751    96
2752    173
2753    37
2754    34
2755    100
2756    188
2757    93
2758    92
2759    75
2760    187
2761    193
2762    157
2763    42
2764    26
2765    26
2766    49
2767    175
2768    196
2769    128
2770    40
2771    174
2772    135
2773    138
2774    117
2775    161
2776    188
2777    134
2778    22
2779    147
2780    77
2781    191
2782    43
2783    166
2784    82
2785    103
2786    188
2787    34
2788    179
2789    170
2790    195
2791    200
2792    163
2793    185
2794    97
2795    157
2796    144
2797    49
2798    27
2799    159
2800    24
2801    160
2802    198
2803    192
2804    198
2805    129
2806    123
2807    127
2808    152
2809    39
2810    186
2811    68
2812    182
2813    46
2814    27
2815    62
2816    156
2817    180
2818    31
2819    117
2820    19
2821    75
2822    13
2823    100
2824    25
2825    180
2826    47
2827    99
2828    74
2829    81
2830    180
2831    49
2832    133
2833    12
2834    35
2835    165
2836    101
2837    14
2838    162
2839    124
2840    58
2841    26
2842    128
2843    14
2844    28
2845    154
2846    163
2847    191
2848    125
2849    182
2850    127
2851    97
2852    37
2853    3
2854    8
2855    82
2856    29
2857    90
2858    116
2859    136
2860    128
2861    179
2862    63
2863    197
2864    84
2865    85
2866    64
2867    60
2868    156
2869    14
2870    94
2871    25
2872    161
2873    51
2874    41
2875    157
2876    35
2877    47
2878    110
2879    130
2880    18
2881    140
2882    197
2883    175
2884    163
2885    103
2886    117
2887    121
2888    60
2889    88
2890    193
2891    36
2892    40
2893    80
2894    184
2895    74
2896    6
2897    130
2898    136
2899    60
2900    127
2901    117
2902    162
2903    79
2904    96
2905    141
2906    137
2907    92
2908    157
2909    63
2910    20
2911    186
2912    184
2913    135
2914    34
2915    175
2916    32
2917    6
2918    35
2919    154
2920    76
2921    97
2922    7
2923    6
2924    93
2925    40
2926    72
2927    64
2928    84
2929    7
2930    115
2931    98
2932    58
2933    93
2934    188
2935    85
2936    91
2937    142
2938    50
2939    84
2940    111
2941    43
2942    99
2943    112
2944    25
2945    84
2946    171
2947    135
2948    32
2949    93
2950    16
2951    76
2952    147
2953    119
2954    161
2955    188
2956    64
2957    145
2958    102
2959    31
2960    93
2961    109
2962    149
2963    22
2964    117
2965    65
2966    34
2967    147
2968    3
2969    95
2970    191
2971    195
2972    78
2973    136
2974    9
2975    166
2976    7
2977    68
2978    194
2979    99
2980    35
2981    18
2982    140
2983    49
2984    198
2985    180
2986    68
2987    97
2988    192
2989    40
2990    64
2991    172
2992    69
2993    105
2994    111
2995    185
2996    154
2997    87
2998    100
2999    88
3000    20
3001    120
3002    57
3003    26
3004    131
3005    177
3006    183
3007    48
3008    5
3009    139
3010    177
3011    109
3012    171
3013    147
3014    119
3015    71
3016    83
3017    37
3018    31
3019    65
3020    95
3021    170
3022    111
3023    79
3024    61
3025    89
3026    40
3027    174
3028    68
3029    63
3030    24
3031    44
3032    71
3033    11
3034    156
3035    171
3036    132
3037    82
3038    33
3039    187
3040    15
3041    125
3042    169
3043    47
3044    37
3045    190
3046    150
3047    192
3048    191
3049    23
3050    120
3051    141
3052    149
3053    47
3054    101
3055    53
3056    137
3057    13
3058    85
3059    79
3060    137
3061    47
3062    180
3063    87
3064    114
3065    110
3066    68
3067    134
3068    41
3069    71
3070    134
3071    44
3072    62
3073    81
3074    124
3075    60
3076    103
3077    73
3078    82
3079    3
3080    154
3081    154
3082    186
3083    168
3084    153
3085    15
3086    19
3087    45
3088    97
3089    174
3090    65
3091    80
3092    187
3093    42
3094    141
3095    27
3096    80
3097    182
3098    179
3099    60
3100    7
3101    191
3102    58
3103    109
3104    112
3105    14
3106    190
3107    107
3108    162
3109    80
3110    193
3111    104
3112    46
3113    128
3114    126
3115    119
3116    175
3117    12
3118    21
3119    130
3120    60
3121    103
3122    121
3123    175
3124    162
3125    36
3126    149
3127    161
3128    69
3129    5
3130    49
3131    103
3132    74
3133    107
3134    152
3135    187
3136    200
3137    94
3138    26
3139    108
3140    135
3141    8
3142    168
3143    157
3144    64
3145    85
3146    56
3147    177
3148    133
3149    47
3150    123
3151    178
3152    53
3153    128
3154    189
3155    15
3156    92
3157    161
3158    20
3159    86
3160    10
3161    61
3162    182
3163    87
3164    163
3165    106
3166    71
3167    33
3168    43
3169    145
3170    175
3171    8
3172    160
3173    72
3174    86
3175    14
3176    163
3177    135
3178    103
3179    82
3180    68
3181    124
3182    158
3183    190
3184    178
3185    10
3186    125
3187    122
3188    144
3189    55
3190    37
3191    63
3192    40
3193    32
3194    43
3195    23
3196    9
3197    199
3198    120
3199    8
3200    3
3201    183
3202    133
3203    141
3204    2
3205    189
3206    109
3207    198
3208    20
3209    105
3210    146
3211    79
3212    189
3213    150
3214    146
3215    67
3216    24
3217    29
3218    182
3219    78
3220    7
3221    98
3222    178
3223    15
3224    65
3225    197
3226    10
3227    116
3228    116
3229    58
3230    27
3231    93
3232    104
3233    132
3234    69
3235    115
3236    76
3237    174
3238    86
3239    1
3240    52
3241    4
3242    117
3243    199
3244    14
3245    35
3246    147
3247    175
3248    46
3249    64
3250    137
3251    83
3252    96
3253    190
3254    59
3255    34
3256    178
3257    118
3258    107
3259    9
3260    13
3261    73
3262    40
3263    43
3264    137
3265    49
3266    105
3267    29
3268    138
3269    33
3270    172
3271    97
3272    88
3273    48
3274    182
3275    179
3276    88
3277    49
3278    131
3279    118
3280    104
3281    88
3282    12
3283    77
3284    3
3285    93
3286    96
3287    46
3288    32
3289    91
3290    100
3291    6
3292    59
3293    15
3294    30
3295    140
3296    98
3297    164
3298    90
3299    128
3300    45
3301    30
3302    111
3303    43
3304    103
3305    40
3306    135
3307    6
3308    144
3309    155
3310    119
3311    55
3312    53
3313    90
3314    11
3315    5
3316    50
3317    28
3318    93
3319    124
3320    44
3321    49
3322    82
3323    14
3324    190
3325    168
3326    162
3327    64
3328    199
3329    48
3330    9
3331    38
3332    161
3333    69
3334    179
3335    153
3336    123
3337    11
3338    62
3339    167
3340    97
3341    16
3342    153
3343    185
3344    170
3345    120
3346    42
3347    191
3348    26
3349    69
3350    24
3351    79
3352    169
3353    140
3354    13
3355    49
3356    70
3357    16
3358    172
3359    162
3360    20
3361    1
3362    23
3363    40
3364    113
3365    193
3366    142
3367    71
3368    112
3369    77
3370    56
3371    91
3372    170
3373    190
3374    98
3375    11
3376    85
3377    120
3378    176
3379    23
3380    8
3381    80
3382    109
3383    117
3384    134
3385    154
3386    24
3387    52
3388    111
3389    66
3390    135
3391    194
3392    14
3393    143
3394    74
3395    18
3396    185
3397    175
3398    23
3399    109
3400    52
3401    188
3402    131
3403    30
3404    71
3405    49
3406    156
3407    38
3408    73
3409    17
3410    194
3411    185
3412    156
3413    180
3414    177
3415    106
3416    7
3417    93
3418    17
3419    196
3420    49
3421    192
3422    56
3423    191
3424    197
3425    47
3426    54
3427    159
3428    138
3429    59
3430    188
3431    131
3432    6
3433    49
3434    101
3435    83
3436    72
3437    151
3438    174
3439    179
3440    108
3441    77
3442    70
3443    5
3444    2
3445    148
3446    49
3447    107
3448    51
3449    173
3450    3
3451    63
3452    45
3453    79
3454    110
3455    105
3456    8
3457    182
3458    53
3459    45
3460    74
3461    178
3462    56
3463    75
3464    43
3465    59
3466    197
3467    73
3468    11
3469    57
3470    39
3471    80
3472    97
3473    52
3474    21
3475    35
3476    118
3477    34
3478    190
3479    95
3480    95
3481    192
3482    118
3483    7
3484    93
3485    52
3486    137
3487    91
3488    84
3489    146
3490    71
3491    101
3492    128
3493    194
3494    124
3495    106
3496    96
3497    178
3498    193
3499    41
3500    180
3501    155
3502    53
3503    185
3504    130
3505    182
3506    196
3507    4
3508    179
3509    45
3510    19
3511    43
3512    172
3513    28
3514    4
3515    1
3516    192
3517    67
3518    82
3519    33
3520    65
3521    116
3522    76
3523    157
3524    189
3525    77
3526    128
3527    47
3528    18
3529    186
3530    99
3531    22
3532    25
3533    16
3534    19
3535    158
3536    9
3537    191
3538    118
3539    176
3540    135
3541    113
3542    175
3543    179
3544    40
3545    98
3546    4
3547    2
3548    1
3549    126
3550    53
3551    134
3552    197
3553    92
3554    21
3555    114
3556    109
3557    111
3558    66
3559    158
3560    136
3561    118
3562    53
3563    10
3564    169
3565    137
3566    188
3567    180
3568    113
3569    180
3570    89
3571    179
3572    30
3573    14
3574    34
3575    184
3576    16
3577    166
3578    186
3579    109
3580    123
3581    121
3582    175
3583    187
3584    42
3585    44
3586    127
3587    191
3588    93
3589    50
3590    200
3591    144
3592    22
3593    29
3594    74
3595    133
3596    85
3597    160
3598    159
3599    189
3600    16
3601    20
3602    149
3603    34
3604    90
3605    159
3606    149
3607    177
3608    166
3609    184
3610    130
3611    54
3612    181
3613    5
3614    58
3615    28
3616    76
3617    37
3618    102
3619    61
3620    124
3621    38
3622    9
3623    187
3624    174
3625    98
3626    183
3627    140
3628    36
3629    19
3630    164
3631    45
3632    100
3633    178
3634    196
3635    150
3636    32
3637    125
3638    117
3639    173
3640    153
3641    50
3642    86
3643    98
3644    166
3645    198
3646    110
3647    151
3648    51
3649    180
3650    163
3651    90
3652    182
3653    19
3654    182
3655    141
3656    163
3657    149
3658    106
3659    176
3660    130
3661    145
3662    79
3663    86
3664    182
3665    110
3666    46
3667    8
3668    168
3669    91
3670    35
3671    30
3672    94
3673    90
3674    133
3675    148
3676    174
3677    196
3678    195
3679    55
3680    68
3681    158
3682    189
3683    176
3684    114
3685    140
3686    173
3687    176
3688    63
3689    137
3690    161
3691    66
3692    61
3693    99
3694    183
3695    118
3696    30
3697    122
3698    64
3699    155
3700    120
3701    172
3702    99
3703    141
3704    57
3705    57
3706    151
3707    75
3708    126
3709    80
3710    102
3711    126
3712    199
3713    94
3714    90
3715    109
3716    130
3717    167
3718    132
3719    48
3720    122
3721    138
3722    12
3723    6
3724    30
3725    165
3726    62
3727    49
3728    145
3729    4
3730    31
3731    26
3732    34
3733    169
3734    52
3735    129
3736    21
3737    156
3738    196
3739    199
3740    178
3741    114
3742    10
3743    31
3744    139
3745    83
3746    84
3747    73
3748    22
3749    22
3750    99
3751    119
3752    130
3753    6
3754    156
3755    5
3756    88
3757    166
3758    174
3759    132
3760    79
3761    165
3762    31
3763    139
3764    53
3765    164
3766    82
3767    141
3768    194
3769    94
3770    180
3771    17
3772    120
3773    78
3774    121
3775    117
3776    24
3777    77
3778    154
3779    8
3780    75
3781    200
3782    52
3783    70
3784    12
3785    30
3786    144
3787    84
3788    42
3789    46
3790    192
3791    4
3792    82
3793    81
3794    108
3795    117
3796    104
3797    154
3798    76
3799    127
3800    40
3801    199
3802    182
3803    135
3804    143
3805    168
3806    57
3807    192
3808    96
3809    38
3810    185
3811    66
3812    9
3813    97
3814    71
3815    123
3816    100
3817    178
3818    43
3819    90
3820    114
3821    102
3822    180
3823    79
3824    179
3825    197
3826    73
3827    4
3828    144
3829    197
3830    28
3831    113
3832    141
3833    73
3834    107
3835    100
3836    124
3837    55
3838    167
3839    73
3840    17
3841    183
3842    86
3843    146
3844    70
3845    163
3846    11
3847    66
3848    85
3849    167
3850    35
3851    192
3852    112
3853    133
3854    153
3855    41
3856    95
3857    153
3858    58
3859    75
3860    197
3861    151
3862    20
3863    161
3864    65
3865    189
3866    27
3867    96
3868    154
3869    173
3870    90
3871    145
3872    53
3873    131
3874    172
3875    185
3876    117
3877    187
3878    163
3879    38
3880    174
3881    77
3882    193
3883    57
3884    107
3885    194
3886    174
3887    19
3888    87
3889    105
3890    161
3891    46
3892    158
3893    69
3894    52
3895    123
3896    48
3897    123
3898    54
3899    16
3900    96
3901    14
3902    101
3903    22
3904    128
3905    153
3906    29
3907    82
3908    51
3909    63
3910    59
3911    30
3912    27
3913    171
3914    85
3915    69
3916    119
3917    18
3918    46
3919    42
3920    90
3921    73
3922    154
3923    82
3924    176
3925    63
3926    161
3927    168
3928    70
3929    161
3930    2
3931    93
3932    102
3933    74
3934    178
3935    56
3936    31
3937    2
3938    200
3939    199
3940    8
3941    121
3942    184
3943    26
3944    191
3945    104
3946    140
3947    122
3948    19
3949    1
3950    193
3951    12
3952    166
3953    196
3954    42
3955    36
3956    140
3957    6
3958    142
3959    150
3960    190
3961    32
3962    112
3963    42
3964    40
3965    81
3966    150
3967    155
3968    11
3969    9
3970    83
3971    42
3972    104
3973    116
3974    143
3975    151
3976    158
3977    74
3978    31
3979    131
3980    31
3981    65
3982    168
3983    48
3984    152
3985    89
3986    173
3987    19
3988    96
3989    119
3990    88
3991    25
3992    126
3993    111
3994    105
3995    176
3996    74
3997    141
3998    142
3999    173
4000    195
4001    88
4002    125
4003    28
4004    59
4005    138
4006    98
4007    70
4008    76
4009    105
4010    130
4011    84
4012    98
4013    150
4014    37
4015    162
4016    2
4017    3
4018    171
4019    154
4020    112
4021    37
4022    98
4023    162
4024    64
4025    195
4026    19
4027    166
4028    39
4029    31
4030    136
4031    44
4032    95
4033    75
4034    16
4035    82
4036    125
4037    192
4038    137
4039    58
4040    199
4041    166
4042    72
4043    109
4044    51
4045    172
4046    37
4047    137
4048    83
4049    69
4050    172
4051    145
4052    60
4053    72
4054    115
4055    75
4056    46
4057    26
4058    95
4059    14
4060    93
4061    2
4062    58
4063    13
4064    48
4065    2
4066    27
4067    124
4068    158
4069    84
4070    170
4071    129
4072    170
4073    11
4074    138
4075    165
4076    199
4077    72
4078    155
4079    42
4080    23
4081    35
4082    1
4083    190
4084    148
4085    151
4086    184
4087    86
4088    71
4089    6
4090    17
4091    54
4092    44
4093    188
4094    104
4095    23
4096    67
4097    175
4098    140
4099    6
4100    53
4101    56
4102    200
4103    170
4104    101
4105    38
4106    44
4107    44
4108    52
4109    48
4110    38
4111    77
4112    37
4113    146
4114    164
4115    41
4116    41
4117    40
4118    150
4119    25
4120    85
4121    16
4122    100
4123    105
4124    176
4125    42
4126    150
4127    196
4128    101
4129    122
4130    151
4131    141
4132    105
4133    117
4134    175
4135    78
4136    98
4137    115
4138    199
4139    25
4140    1
4141    130
4142    174
4143    157
4144    78
4145    133
4146    47
4147    86
4148    42
4149    161
4150    175
4151    77
4152    192
4153    82
4154    52
4155    35
4156    84
4157    42
4158    186
4159    188
4160    175
4161    64
4162    75
4163    126
4164    114
4165    45
4166    195
4167    62
4168    98
4169    57
4170    152
4171    59
4172    14
4173    194
4174    195
4175    100
4176    57
4177    15
4178    97
4179    173
4180    103
4181    125
4182    142
4183    98
4184    38
4185    90
4186    152
4187    63
4188    14
4189    41
4190    133
4191    98
4192    110
4193    178
4194    184
4195    174
4196    171
4197    133
4198    89
4199    136
4200    165
4201    167
4202    151
4203    113
4204    140
4205    20
4206    50
4207    158
4208    34
4209    104
4210    155
4211    126
4212    100
4213    34
4214    98
4215    162
4216    169
4217    140
4218    64
4219    179
4220    7
4221    22
4222    167
4223    140
4224    123
4225    107
4226    89
4227    162
4228    42
4229    72
4230    37
4231    110
4232    170
4233    36
4234    148
4235    122
4236    192
4237    31
4238    185
4239    27
4240    160
4241    100
4242    14
4243    69
4244    43
4245    167
4246    63
4247    110
4248    120
4249    184
4250    188
4251    119
4252    153
4253    25
4254    192
4255    167
4256    88
4257    175
4258    18
4259    11
4260    123
4261    27
4262    108
4263    68
4264    39
4265    35
4266    19
4267    15
4268    144
4269    10
4270    102
4271    102
4272    178
4273    135
4274    59
4275    94
4276    32
4277    105
4278    165
4279    178
4280    53
4281    27
4282    178
4283    65
4284    154
4285    164
4286    109
4287    44
4288    94
4289    23
4290    67
4291    105
4292    36
4293    141
4294    187
4295    165
4296    131
4297    87
4298    132
4299    118
4300    70
4301    44
4302    35
4303    12
4304    56
4305    126
4306    194
4307    46
4308    119
4309    196
4310    91
4311    172
4312    156
4313    135
4314    39
4315    126
4316    45
4317    5
4318    97
4319    29
4320    132
4321    128
4322    129
4323    117
4324    63
4325    1
4326    5
4327    39
4328    149
4329    71
4330    168
4331    107
4332    93
4333    189
4334    120
4335    86
4336    182
4337    11
4338    120
4339    188
4340    46
4341    106
4342    189
4343    71
4344    167
4345    134
4346    64
4347    158
4348    90
4349    111
4350    66
4351    125
4352    191
4353    166
4354    126
4355    6
4356    106
4357    98
4358    66
4359    57
4360    96
4361    1
4362    107
4363    50
4364    72
4365    85
4366    84
4367    151
4368    25
4369    142
4370    75
4371    22
4372    34
4373    75
4374    59
4375    13
4376    12
4377    127
4378    186
4379    179
4380    148
4381    60
4382    99
4383    96
4384    125
4385    146
4386    148
4387    77
4388    170
4389    95
4390    100
4391    186
4392    158
4393    1
4394    69
4395    165
4396    110
4397    114
4398    200
4399    62
4400    28
4401    181
4402    105
4403    88
4404    54
4405    9
4406    85
4407    25
4408    67
4409    125
4410    59
4411    167
4412    73
4413    22
4414    114
4415    126
4416    83
4417    59
4418    144
4419    61
4420    133
4421    187
4422    174
4423    9
4424    169
4425    91
4426    22
4427    123
4428    72
4429    154
4430    86
4431    48
4432    120
4433    52
4434    73
4435    51
4436    31
4437    100
4438    8
4439    199
4440    40
4441    172
4442    194
4443    35
4444    91
4445    146
4446    44
4447    115
4448    8
4449    24
4450    157
4451    112
4452    81
4453    110
4454    153
4455    188
4456    31
4457    189
4458    148
4459    119
4460    186
4461    148
4462    25
4463    133
4464    121
4465    137
4466    29
4467    72
4468    41
4469    85
4470    14
4471    25
4472    49
4473    119
4474    8
4475    65
4476    132
4477    23
4478    50
4479    153
4480    147
4481    138
4482    8
4483    69
4484    106
4485    46
4486    154
4487    22
4488    73
4489    153
4490    177
4491    16
4492    171
4493    155
4494    51
4495    32
4496    61
4497    91
4498    26
4499    113
4500    88
4501    191
4502    130
4503    112
4504    198
4505    10
4506    71
4507    174
4508    7
4509    90
4510    8
4511    72
4512    69
4513    175
4514    47
4515    110
4516    90
4517    88
4518    108
4519    59
4520    193
4521    31
4522    59
4523    163
4524    121
4525    69
4526    128
4527    175
4528    194
4529    8
4530    163
4531    167
4532    46
4533    81
4534    155
4535    171
4536    168
4537    82
4538    81
4539    184
4540    30
4541    113
4542    72
4543    79
4544    152
4545    185
4546    130
4547    86
4548    24
4549    6
4550    163
4551    91
4552    32
4553    154
4554    73
4555    159
4556    104
4557    43
4558    157
4559    84
4560    78
4561    83
4562    41
4563    135
4564    86
4565    121
4566    59
4567    191
4568    55
4569    136
4570    47
4571    108
4572    3
4573    188
4574    9
4575    97
4576    21
4577    64
4578    160
4579    65
4580    13
4581    173
4582    134
4583    43
4584    60
4585    33
4586    9
4587    190
4588    64
4589    184
4590    35
4591    19
4592    179
4593    166
4594    23
4595    46
4596    134
4597    43
4598    22
4599    154
4600    51
4601    114
4602    32
4603    152
4604    6
4605    28
4606    121
4607    127
4608    75
4609    52
4610    22
4611    12
4612    149
4613    176
4614    145
4615    118
4616    135
4617    159
4618    100
4619    167
4620    190
4621    157
4622    195
4623    73
4624    114
4625    40
4626    169
4627    17
4628    23
4629    197
4630    83
4631    66
4632    86
4633    22
4634    117
4635    171
4636    86
4637    21
4638    180
4639    60
4640    72
4641    183
4642    35
4643    84
4644    137
4645    86
4646    91
4647    81
4648    106
4649    35
4650    17
4651    66
4652    137
4653    164
4654    121
4655    5
4656    97
4657    33
4658    128
4659    68
4660    152
4661    61
4662    48
4663    61
4664    177
4665    16
4666    149
4667    139
4668    75
4669    171
4670    82
4671    4
4672    123
4673    189
4674    126
4675    2
4676    63
4677    185
4678    78
4679    113
4680    42
4681    139
4682    29
4683    178
4684    83
4685    135
4686    178
4687    130
4688    46
4689    193
4690    87
4691    106
4692    26
4693    77
4694    45
4695    112
4696    97
4697    76
4698    71
4699    105
4700    196
4701    155
4702    75
4703    27
4704    183
4705    3
4706    148
4707    46
4708    102
4709    69
4710    64
4711    138
4712    49
4713    118
4714    26
4715    116
4716    169
4717    143
4718    44
4719    186
4720    197
4721    42
4722    93
4723    159
4724    162
4725    105
4726    49
4727    134
4728    175
4729    88
4730    119
4731    147
4732    1
4733    86
4734    102
4735    198
4736    106
4737    35
4738    50
4739    123
4740    49
4741    183
4742    20
4743    42
4744    140
4745    74
4746    12
4747    136
4748    6
4749    10
4750    144
4751    149
4752    168
4753    73
4754    101
4755    100
4756    114
4757    198
4758    29
4759    82
4760    129
4761    60
4762    19
4763    132
4764    98
4765    59
4766    99
4767    198
4768    57
4769    75
4770    133
4771    173
4772    109
4773    6
4774    193
4775    57
4776    135
4777    165
4778    3
4779    43
4780    109
4781    75
4782    76
4783    180
4784    105
4785    39
4786    105
4787    191
4788    6
4789    130
4790    45
4791    192
4792    15
4793    95
4794    191
4795    46
4796    19
4797    23
4798    7
4799    200
4800    140
4801    143
4802    11
4803    124
4804    124
4805    57
4806    73
4807    155
4808    70
4809    132
4810    140
4811    81
4812    10
4813    91
4814    101
4815    103
4816    17
4817    37
4818    15
4819    175
4820    184
4821    63
4822    132
4823    108
4824    2
4825    117
4826    29
4827    69
4828    10
4829    176
4830    134
4831    57
4832    107
4833    93
4834    158
4835    193
4836    153
4837    75
4838    119
4839    99
4840    39
4841    12
4842    174
4843    74
4844    131
4845    142
4846    89
4847    57
4848    20
4849    131
4850    138
4851    123
4852    192
4853    104
4854    65
4855    171
4856    168
4857    178
4858    67
4859    180
4860    134
4861    44
4862    29
4863    41
4864    12
4865    64
4866    182
4867    28
4868    112
4869    104
4870    157
4871    186
4872    79
4873    190
4874    179
4875    98
4876    4
4877    70
4878    27
4879    21
4880    181
4881    168
4882    89
4883    198
4884    32
4885    11
4886    10
4887    6
4888    133
4889    173
4890    127
4891    25
4892    1
4893    141
4894    20
4895    157
4896    184
4897    17
4898    48
4899    115
4900    179
4901    92
4902    50
4903    190
4904    157
4905    143
4906    112
4907    49
4908    10
4909    147
4910    136
4911    72
4912    94
4913    87
4914    190
4915    159
4916    122
4917    136
4918    87
4919    35
4920    185
4921    65
4922    183
4923    79
4924    116
4925    85
4926    165
4927    73
4928    20
4929    116
4930    160
4931    146
4932    60
4933    168
4934    128
4935    142
4936    10
4937    7
4938    156
4939    55
4940    134
4941    32
4942    139
4943    169
4944    94
4945    96
4946    100
4947    66
4948    52
4949    31
4950    127
4951    77
4952    74
4953    74
4954    36
4955    127
4956    174
4957    56
4958    142
4959    97
4960    5
4961    47
4962    109
4963    123
4964    111
4965    48
4966    108
4967    53
4968    125
4969    144
4970    109
4971    189
4972    176
4973    56
4974    95
4975    154
4976    20
4977    51
4978    2
4979    138
4980    66
4981    2
4982    37
4983    69
4984    101
4985    140
4986    132
4987    60
4988    39
4989    146
4990    26
4991    152
4992    26
4993    37
4994    45
4995    130
4996    85
4997    194
4998    77
4999    194
5000    97
5001    27
5002    194
5003    163
5004    200
5005    56
5006    157
5007    63
5008    48
5009    109
5010    134
5011    151
5012    182
5013    189
5014    43
5015    77
5016    98
5017    133
5018    127
5019    138
5020    92
5021    84
5022    182
5023    150
5024    18
5025    74
5026    153
5027    120
5028    68
5029    69
5030    74
5031    12
5032    133
5033    99
5034    56
5035    151
5036    172
5037    164
5038    151
5039    155
5040    59
5041    192
5042    132
5043    86
5044    2
5045    84
5046    62
5047    30
5048    68
5049    47
5050    139
5051    18
5052    149
5053    46
5054    59
5055    169
5056    57
5057    142
5058    167
5059    80
5060    200
5061    153
5062    27
5063    157
5064    53
5065    145
5066    67
5067    193
5068    148
5069    52
5070    156
5071    187
5072    41
5073    128
5074    83
5075    86
5076    25
5077    189
5078    157
5079    67
5080    155
5081    88
5082    175
5083    67
5084    109
5085    178
5086    94
5087    132
5088    50
5089    19
5090    167
5091    94
5092    115
5093    139
5094    172
5095    9
5096    177
5097    72
5098    173
5099    121
5100    132
5101    199
5102    108
5103    16
5104    15
5105    1
5106    171
5107    88
5108    5
5109    68
5110    175
5111    80
5112    148
5113    120
5114    172
5115    155
5116    194
5117    173
5118    166
5119    35
5120    79
5121    54
5122    107
5123    100
5124    13
5125    101
5126    83
5127    54
5128    8
5129    163
5130    8
5131    192
5132    117
5133    153
5134    174
5135    22
5136    88
5137    175
5138    75
5139    152
5140    48
5141    40
5142    128
5143    128
5144    106
5145    17
5146    117
5147    118
5148    52
5149    110
5150    197
5151    185
5152    185
5153    144
5154    150
5155    97
5156    167
5157    19
5158    5
5159    86
5160    30
5161    50
5162    48
5163    93
5164    135
5165    65
5166    132
5167    3
5168    135
5169    129
5170    191
5171    90
5172    45
5173    111
5174    71
5175    188
5176    194
5177    62
5178    117
5179    34
5180    133
5181    45
5182    98
5183    148
5184    81
5185    29
5186    84
5187    146
5188    120
5189    136
5190    33
5191    42
5192    123
5193    152
5194    89
5195    181
5196    84
5197    76
5198    193
5199    175
5200    19
5201    166
5202    107
5203    156
5204    160
5205    3
5206    110
5207    158
5208    175
5209    125
5210    87
5211    57
5212    155
5213    81
5214    76
5215    24
5216    177
5217    142
5218    122
5219    90
5220    173
5221    151
5222    152
5223    158
5224    70
5225    182
5226    78
5227    138
5228    77
5229    199
5230    185
5231    149
5232    106
5233    34
5234    181
5235    60
5236    120
5237    42
5238    92
5239    176
5240    189
5241    178
5242    67
5243    140
5244    35
5245    126
5246    3
5247    105
5248    8
5249    11
5250    178
5251    120
5252    36
5253    127
5254    176
5255    13
5256    91
5257    118
5258    19
5259    192
5260    111
5261    181
5262    15
5263    41
5264    34
5265    159
5266    42
5267    186
5268    132
5269    133
5270    88
5271    6
5272    4
5273    156
5274    145
5275    14
5276    148
5277    88
5278    132
5279    153
5280    21
5281    184
5282    199
5283    72
5284    38
5285    151
5286    105
5287    97
5288    70
5289    51
5290    7
5291    7
5292    139
5293    109
5294    24
5295    178
5296    151
5297    73
5298    196
5299    113
5300    128
5301    66
5302    138
5303    47
5304    122
5305    4
5306    47
5307    141
5308    116
5309    75
5310    41
5311    180
5312    80
5313    10
5314    37
5315    150
5316    149
5317    150
5318    166
5319    28
5320    8
5321    67
5322    29
5323    84
5324    164
5325    45
5326    150
5327    90
5328    183
5329    63
5330    151
5331    17
5332    72
5333    47
5334    54
5335    94
5336    144
5337    145
5338    9
5339    9
5340    138
5341    111
5342    169
5343    146
5344    43
5345    35
5346    166
5347    86
5348    200
5349    58
5350    174
5351    197
5352    138
5353    172
5354    34
5355    184
5356    121
5357    79
5358    164
5359    10
5360    17
5361    6
5362    104
5363    94
5364    62
5365    38
5366    119
5367    116
5368    196
5369    191
5370    1
5371    56
5372    18
5373    2
5374    48
5375    129
5376    66
5377    83
5378    106
5379    8
5380    102
5381    92
5382    6
5383    48
5384    158
5385    30
5386    54
5387    26
5388    115
5389    126
5390    152
5391    111
5392    168
5393    115
5394    150
5395    93
5396    76
5397    22
5398    101
5399    94
5400    198
5401    108
5402    118
5403    102
5404    111
5405    108
5406    151
5407    65
5408    110
5409    17
5410    124
5411    173
5412    11
5413    54
5414    82
5415    187
5416    126
5417    155
5418    33
5419    72
5420    90
5421    173
5422    34
5423    181
5424    16
5425    129
5426    79
5427    109
5428    69
5429    101
5430    52
5431    100
5432    58
5433    165
5434    29
5435    126
5436    106
5437    143
5438    34
5439    172
5440    195
5441    63
5442    143
5443    60
5444    152
5445    200
5446    182
5447    56
5448    178
5449    85
5450    89
5451    10
5452    150
5453    77
5454    112
5455    166
5456    149
5457    68
5458    112
5459    70
5460    140
5461    156
5462    93
5463    103
5464    144
5465    11
5466    56
5467    6
5468    55
5469    130
5470    90
5471    112
5472    5
5473    60
5474    69
5475    102
5476    5
5477    7
5478    164
5479    32
5480    106
5481    155
5482    106
5483    25
5484    155
5485    169
5486    8
5487    62
5488    175
5489    182
5490    74
5491    149
5492    3
5493    140
5494    151
5495    8
5496    121
5497    116
5498    12
5499    133
5500    160
5501    83
5502    171
5503    59
5504    172
5505    86
5506    90
5507    133
5508    188
5509    146
5510    45
5511    91
5512    119
5513    50
5514    93
5515    86
5516    34
5517    40
5518    111
5519    123
5520    176
5521    32
5522    175
5523    129
5524    46
5525    162
5526    88
5527    117
5528    185
5529    187
5530    91
5531    146
5532    2
5533    1
5534    103
5535    67
5536    60
5537    79
5538    173
5539    181
5540    166
5541    24
5542    44
5543    79
5544    155
5545    113
5546    200
5547    82
5548    41
5549    118
5550    116
5551    15
5552    70
5553    96
5554    82
5555    40
5556    66
5557    64
5558    189
5559    4
5560    118
5561    33
5562    48
5563    93
5564    119
5565    142
5566    35
5567    197
5568    3
5569    122
5570    162
5571    83
5572    198
5573    190
5574    150
5575    68
5576    86
5577    93
5578    105
5579    100
5580    186
5581    194
5582    34
5583    71
5584    140
5585    44
5586    159
5587    124
5588    188
5589    2
5590    128
5591    104
5592    69
5593    57
5594    189
5595    155
5596    131
5597    164
5598    69
5599    16
5600    160
5601    57
5602    182
5603    128
5604    137
5605    100
5606    185
5607    177
5608    110
5609    135
5610    66
5611    41
5612    172
5613    78
5614    99
5615    50
5616    55
5617    172
5618    152
5619    3
5620    143
5621    130
5622    198
5623    86
5624    199
5625    72
5626    194
5627    129
5628    158
5629    40
5630    107
5631    115
5632    73
5633    128
5634    110
5635    108
5636    182
5637    162
5638    81
5639    79
5640    134
5641    149
5642    31
5643    122
5644    1
5645    52
5646    100
5647    187
5648    52
5649    142
5650    102
5651    123
5652    4
5653    139
5654    188
5655    144
5656    152
5657    131
5658    194
5659    19
5660    103
5661    198
5662    12
5663    175
5664    182
5665    48
5666    72
5667    74
5668    150
5669    75
5670    3
5671    88
5672    44
5673    184
5674    190
5675    35
5676    67
5677    86
5678    97
5679    130
5680    94
5681    67
5682    61
5683    184
5684    19
5685    175
5686    147
5687    137
5688    7
5689    37
5690    198
5691    67
5692    33
5693    49
5694    78
5695    31
5696    150
5697    197
5698    31
5699    189
5700    147
5701    182
5702    18
5703    83
5704    42
5705    17
5706    58
5707    132
5708    188
5709    142
5710    151
5711    177
5712    99
5713    186
5714    9
5715    98
5716    158
5717    11
5718    143
5719    60
5720    69
5721    169
5722    118
5723    151
5724    159
5725    26
5726    102
5727    127
5728    37
5729    200
5730    42
5731    127
5732    152
5733    145
5734    56
5735    3
5736    34
5737    169
5738    69
5739    89
5740    191
5741    17
5742    133
5743    66
5744    160
5745    185
5746    48
5747    122
5748    136
5749    193
5750    23
5751    17
5752    46
5753    121
5754    49
5755    162
5756    32
5757    131
5758    140
5759    182
5760    139
5761    126
5762    143
5763    170
5764    136
5765    149
5766    92
5767    23
5768    191
5769    20
5770    173
5771    159
5772    108
5773    191
5774    68
5775    28
5776    93
5777    66
5778    26
5779    24
5780    71
5781    143
5782    156
5783    108
5784    11
5785    74
5786    13
5787    179
5788    87
5789    165
5790    108
5791    44
5792    183
5793    100
5794    6
5795    33
5796    167
5797    162
5798    21
5799    124
5800    136
5801    4
5802    9
5803    133
5804    196
5805    48
5806    13
5807    187
5808    31
5809    153
5810    143
5811    113
5812    139
5813    124
5814    60
5815    88
5816    157
5817    67
5818    184
5819    108
5820    61
5821    120
5822    35
5823    166
5824    2
5825    190
5826    125
5827    172
5828    127
5829    142
5830    100
5831    89
5832    41
5833    102
5834    47
5835    189
5836    150
5837    121
5838    182
5839    147
5840    149
5841    157
5842    28
5843    36
5844    99
5845    30
5846    71
5847    198
5848    113
5849    190
5850    135
5851    164
5852    183
5853    65
5854    75
5855    149
5856    28
5857    137
5858    158
5859    185
5860    171
5861    146
5862    48
5863    65
5864    146
5865    13
5866    52
5867    188
5868    165
5869    124
5870    190
5871    113
5872    6
5873    85
5874    79
5875    166
5876    122
5877    186
5878    167
5879    6
5880    184
5881    126
5882    10
5883    200
5884    188
5885    180
5886    34
5887    87
5888    90
5889    90
5890    112
5891    192
5892    106
5893    189
5894    117
5895    88
5896    174
5897    135
5898    143
5899    52
5900    181
5901    188
5902    40
5903    136
5904    155
5905    66
5906    15
5907    139
5908    124
5909    84
5910    133
5911    1
5912    198
5913    89
5914    126
5915    64
5916    69
5917    170
5918    101
5919    86
5920    166
5921    190
5922    26
5923    101
5924    119
5925    97
5926    161
5927    125
5928    96
5929    91
5930    37
5931    82
5932    183
5933    122
5934    156
5935    149
5936    192
5937    33
5938    151
5939    96
5940    19
5941    37
5942    124
5943    3
5944    46
5945    56
5946    177
5947    33
5948    148
5949    96
5950    22
5951    57
5952    18
5953    74
5954    93
5955    29
5956    197
5957    23
5958    183
5959    67
5960    89
5961    41
5962    192
5963    192
5964    138
5965    145
5966    63
5967    185
5968    103
5969    87
5970    191
5971    183
5972    5
5973    149
5974    158
5975    89
5976    70
5977    107
5978    53
5979    142
5980    166
5981    30
5982    20
5983    190
5984    18
5985    133
5986    80
5987    14
5988    77
5989    176
5990    17
5991    4
5992    164
5993    82
5994    136
5995    6
5996    182
5997    22
5998    59
5999    60
6000    30
6001    30
6002    48
6003    44
6004    121
6005    61
6006    41
6007    87
6008    185
6009    123
6010    37
6011    133
6012    121
6013    152
6014    105
6015    9
6016    6
6017    77
6018    111
6019    61
6020    162
6021    68
6022    96
6023    70
6024    86
6025    37
6026    103
6027    177
6028    140
6029    66
6030    149
6031    147
6032    42
6033    66
6034    171
6035    107
6036    59
6037    181
6038    41
6039    76
6040    112
6041    57
6042    47
6043    132
6044    69
6045    154
6046    136
6047    155
6048    157
6049    89
6050    187
6051    85
6052    19
6053    48
6054    196
6055    117
6056    156
6057    100
6058    74
6059    158
6060    27
6061    34
6062    118
6063    18
6064    11
6065    77
6066    4
6067    36
6068    74
6069    167
6070    23
6071    38
6072    90
6073    13
6074    14
6075    84
6076    17
6077    9
6078    11
6079    135
6080    37
6081    37
6082    59
6083    48
6084    14
6085    190
6086    55
6087    54
6088    2
6089    101
6090    63
6091    192
6092    54
6093    126
6094    77
6095    38
6096    43
6097    163
6098    32
6099    47
6100    100
6101    2
6102    28
6103    155
6104    188
6105    109
6106    51
6107    104
6108    196
6109    133
6110    105
6111    100
6112    2
6113    27
6114    21
6115    153
6116    132
6117    74
6118    147
6119    74
6120    188
6121    129
6122    68
6123    6
6124    43
6125    125
6126    170
6127    76
6128    6
6129    69
6130    89
6131    53
6132    195
6133    50
6134    10
6135    11
6136    47
6137    153
6138    126
6139    152
6140    36
6141    76
6142    177
6143    80
6144    82
6145    73
6146    12
6147    19
6148    67
6149    152
6150    21
6151    145
6152    22
6153    99
6154    74
6155    154
6156    24
6157    117
6158    122
6159    48
6160    86
6161    97
6162    176
6163    94
6164    51
6165    25
6166    178
6167    4
6168    80
6169    67
6170    169
6171    49
6172    75
6173    147
6174    102
6175    146
6176    140
6177    105
6178    23
6179    198
6180    135
6181    141
6182    173
6183    61
6184    41
6185    40
6186    121
6187    163
6188    160
6189    97
6190    143
6191    59
6192    80
6193    96
6194    115
6195    183
6196    93
6197    144
6198    183
6199    74
6200    128
6201    153
6202    34
6203    172
6204    11
6205    189
6206    190
6207    101
6208    102
6209    93
6210    59
