20
-1
1
  0.88508537   0.39222883  -0.25056022  4.18298633e-04
  0.40098313  -0.88756554   0.22680375  4.23738101e-04
  0.69705943  -0.63946497  -0.32433424  2.74340332e-04
  0.84081876  -0.46750648   0.27287634  1.81132926e-04
 -0.28463607  -0.06390430  -0.95650329  2.30336777e-04
  0.92105955   0.05021028   0.38617124  5.16794325e-04
  0.65025538  -0.75840744   0.04456556  1.60564032e-04
  0.89598284  -0.38601967  -0.21955310  6.19576028e-04
 -0.81382851  -0.38986809   0.43091302  3.54274367e-04
 -0.22316203  -0.14400481  -0.96408575  4.59974844e-04
  0.65710570  -0.70364437   0.27036401  5.35917348e-04
  0.21014404   0.67602210  -0.70628153  4.24793690e-04
 -0.56319646  -0.68928668  -0.45573415  2.25959386e-04
  0.96822019  -0.13965519  -0.20747554  2.62058334e-04
  0.72247387   0.47197000   0.50524828  6.64798504e-04
  0.54998241   0.83410517  -0.04228372  1.60128390e-04
 -0.14248605   0.98096680   0.13191615  4.59974526e-04
  0.10512999  -0.67329418  -0.73186244  4.42332703e-04
 -0.54320854  -0.07474615   0.83626401  4.99025926e-04
  0.90852081   0.36132266  -0.20984725  1.97847977e-04
