20
 -1.1407996218300525E+00 -2.3170985309886123E+00 3.8420614944644871E-01
 8.6728389391849021E-03 -5.6889626116405755E-03 -1.6220665956888963E-03
0
0.0
 -1.1407996218300525E+00 -2.3170985309886123E+00 3.8420614944644871E-01
 8.7751466673464847E-03 -5.7054172038047534E-03 -1.7927236898221404E-03
0
0.0
 -1.1407996218300525E+00 -2.3170985309886123E+00 3.8420614944644871E-01
 8.7737390089797709E-03 -5.8529685840194440E-03 -1.5756507426396625E-03
0
0.0
 -1.1407996218300525E+00 -2.3170985309886123E+00 3.8420614944644871E-01
 8.7575983699101079E-03 -6.0342108450070070E-03 -1.6765015968440863E-03
0
0.0
 -1.1407996218300525E+00 -2.3170985309886123E+00 3.8420614944644871E-01
 8.7146957865620756E-03 -6.1513619230605500E-03 -1.8533984450954020E-03
0
0.0
 -1.1407996218300525E+00 -2.3170985309886123E+00 3.8420614944644871E-01
 8.7958754132345229E-03 -5.8138666409838060E-03 -1.4226014521715902E-03
0
0.0
 -1.1407996218300525E+00 -2.3170985309886123E+00 3.8420614944644871E-01
 8.7637186685636786E-03 -5.9197533585158531E-03 -1.5321881004372773E-03
0
0.0
 -1.1407996218300525E+00 -2.3170985309886123E+00 3.8420614944644871E-01
 8.8801598274890290E-03 -5.7253930862259635E-03 -1.4243309574494239E-03
0
0.0
 -1.1407996218300525E+00 -2.3170985309886123E+00 3.8420614944644871E-01
 8.8760149712582073E-03 -5.7958699305881364E-03 -1.4392724117818769E-03
0
0.0
 -1.1407996218300525E+00 -2.3170985309886123E+00 3.8420614944644871E-01
 8.9161190026761771E-03 -5.9307537998868195E-03 -1.6798572834934970E-03
0
0.0
 -1.1407996218300525E+00 -2.3170985309886123E+00 3.8420614944644871E-01
 8.7909215170864988E-03 -5.9093351274288296E-03 -1.4720660752940758E-03
0
0.0
 -1.1407996218300525E+00 -2.3170985309886123E+00 3.8420614944644871E-01
 8.7098319114197447E-03 -6.0632903278833340E-03 -1.6475878016058204E-03
0
0.0
 -1.1407996218300525E+00 -2.3170985309886123E+00 3.8420614944644871E-01
 8.5266309129273226E-03 -5.7893014532325515E-03 -1.5004518734077139E-03
0
0.0
 -1.1407996218300525E+00 -2.3170985309886123E+00 3.8420614944644871E-01
 8.8086887388385635E-03 -6.0649952474622982E-03 -1.7721304594847736E-03
0
0.0
 -1.1407996218300525E+00 -2.3170985309886123E+00 3.8420614944644871E-01
 8.7705312785555743E-03 -5.7814931421314259E-03 -1.6269741822274014E-03
0
0.0
 -1.1407996218300525E+00 -2.3170985309886123E+00 3.8420614944644871E-01
 8.8752910856534622E-03 -6.1242271644072442E-03 -1.5194258256774572E-03
0
0.0
 -1.1407996218300525E+00 -2.3170985309886123E+00 3.8420614944644871E-01
 8.7667650507357690E-03 -6.0437340477790527E-03 -1.6892361921339728E-03
0
0.0
 -1.1407996218300525E+00 -2.3170985309886123E+00 3.8420614944644871E-01
 8.9691249878523383E-03 -6.0111130380996634E-03 -1.4904963839202216E-03
0
0.0
 -1.1407996218300525E+00 -2.3170985309886123E+00 3.8420614944644871E-01
 8.8159160337277307E-03 -5.8919874064944809E-03 -1.5989413462203668E-03
0
0.0
 -1.1407996218300525E+00 -2.3170985309886123E+00 3.8420614944644871E-01
 8.7460463006622663E-03 -5.7154785124068916E-03 -1.6741583722754505E-03
0
0.0
