20
-1
1
  0.80162302   0.59518313  -0.05619234  3.08676385e-04
 -0.26310637  -0.37532215   0.88876787  1.69376665e-04
 -0.55489627  -0.38315077  -0.73843458  3.97621744e-04
 -0.52955091  -0.52739873  -0.66439929  1.51401895e-04
  0.03930205   0.85699959  -0.51381616  2.53358343e-04
  0.54276226   0.24345415  -0.80382785  2.38833703e-04
  0.03154435  -0.96707506   0.25252879  5.96291799e-04
  0.59551016  -0.39463368   0.69973703  2.33730655e-04
 -0.17087621  -0.93007729   0.32520388  6.51148667e-04
 -0.72204158   0.38717546  -0.57336822  1.53722341e-04
 -0.20160168  -0.23035948   0.95199332  2.65921613e-04
 -0.44242205   0.50887630   0.73844948  2.63361157e-04
  0.61073079  -0.35179036   0.70940218  1.51277631e-04
  0.02152421  -0.81826493  -0.57443817  2.53561488e-04
 -0.80243968   0.56820064   0.18231455  1.60652740e-04
  0.63616423  -0.56436606  -0.52610458  2.51229939e-04
  0.13860867  -0.33518768  -0.93189959  3.17766542e-04
 -0.88817206   0.00867468  -0.45942915  3.51229371e-04
 -0.34242026   0.17417357  -0.92326158  1.47397461e-04
 -0.65108934   0.14149436   0.74569566  1.53815117e-04
