20
 -1.1407996218300525E+00 -2.3170985309886123E+00 3.8420614944644871E-01
 8.8033614583119847E-03 -5.9527478949915049E-03 -1.3311794368376193E-03
0
0.0
 -1.1407996218300525E+00 -2.3170985309886123E+00 3.8420614944644871E-01
 8.8916161607106633E-03 -5.9964870740697937E-03 -1.7246413848138469E-03
0
0.0
 -1.1407996218300525E+00 -2.3170985309886123E+00 3.8420614944644871E-01
 8.7320128739056015E-03 -5.7369195524850968E-03 -1.4165162709664451E-03
0
0.0
 -1.1407996218300525E+00 -2.3170985309886123E+00 3.8420614944644871E-01
 8.9738727472813175E-03 -6.0127435164559562E-03 -1.5391833273324738E-03
0
0.0
 -1.1407996218300525E+00 -2.3170985309886123E+00 3.8420614944644871E-01
 8.7668338668257188E-03 -5.5815697641986182E-03 -1.5647321142316492E-03
0
0.0
 -1.1407996218300525E+00 -2.3170985309886123E+00 3.8420614944644871E-01
 8.9134482113217266E-03 -5.8310999652059587E-03 -1.7717108178490000E-03
0
0.0
 -1.1407996218300525E+00 -2.3170985309886123E+00 3.8420614944644871E-01
 8.8610067719709935E-03 -5.8536792885588076E-03 -1.6462766648651188E-03
0
0.0
 -1.1407996218300525E+00 -2.3170985309886123E+00 3.8420614944644871E-01
 8.7735425836880775E-03 -5.7898561323613661E-03 -1.7611905328890412E-03
0
0.0
 -1.1407996218300525E+00 -2.3170985309886123E+00 3.8420614944644871E-01
 8.9112977870119178E-03 -5.8818504688095477E-03 -1.6112725543449935E-03
0
0.0
 -1.1407996218300525E+00 -2.3170985309886123E+00 3.8420614944644871E-01
 8.7363113530371950E-03 -5.8148153053640744E-03 -1.6955097182987243E-03
0
0.0
 -1.1407996218300525E+00 -2.3170985309886123E+00 3.8420614944644871E-01
 8.6094931313561683E-03 -6.0131398652047583E-03 -1.4465543282935929E-03
0
0.0
 -1.1407996218300525E+00 -2.3170985309886123E+00 3.8420614944644871E-01
 8.8352676289589101E-03 -5.8585909785088108E-03 -1.5984193582300071E-03
0
0.0
 -1.1407996218300525E+00 -2.3170985309886123E+00 3.8420614944644871E-01
 8.8852032787597995E-03 -5.5968130689922355E-03 -1.5370720892164493E-03
0
0.0
 -1.1407996218300525E+00 -2.3170985309886123E+00 3.8420614944644871E-01
 8.6590001736189231E-03 -6.1125371560674293E-03 -1.5424755591232331E-03
0
0.0
 -1.1407996218300525E+00 -2.3170985309886123E+00 3.8420614944644871E-01
 8.6592229829208153E-03 -5.8806213857096222E-03 -1.7410427714272835E-03
0
0.0
 -1.1407996218300525E+00 -2.3170985309886123E+00 3.8420614944644871E-01
 8.9585262900679953E-03 -5.9390055622852139E-03 -1.6462762738148028E-03
0
0.0
 -1.1407996218300525E+00 -2.3170985309886123E+00 3.8420614944644871E-01
 8.8012886238979342E-03 -5.8599178222111170E-03 -1.6319011392224114E-03
0
0.0
 -1.1407996218300525E+00 -2.3170985309886123E+00 3.8420614944644871E-01
 8.6846338024660075E-03 -5.8839695099818850E-03 -1.7921294190060620E-03
0
0.0
 -1.1407996218300525E+00 -2.3170985309886123E+00 3.8420614944644871E-01
 8.8328720657190780E-03 -6.1106755559485601E-03 -1.8113405229703374E-03
0
0.0
 -1.1407996218300525E+00 -2.3170985309886123E+00 3.8420614944644871E-01
 8.9504660518174746E-03 -5.9443593461547869E-03 -1.5386014847845284E-03
0
0.0
