20
-1
1
  0.08363428  -0.01018021  -0.99644451  3.02855284e-04
 -0.43751782  -0.79792488   0.41460107  1.74432875e-04
 -0.52963190  -0.57958448  -0.61933181  1.89529505e-04
 -0.64651824   0.76287879  -0.00548780  7.98588510e-04
 -0.37939203   0.89252423  -0.24384868  2.30404004e-04
  0.64909533   0.24698647  -0.71949492  4.18298477e-04
  0.54412300   0.83627680   0.06761117  1.57269643e-04
 -0.50302341   0.46615059  -0.72778505  1.87001530e-04
  0.74390474  -0.14965708  -0.65131290  1.47498046e-04
 -0.10530206   0.85615008  -0.50588389  7.26756792e-04
  0.61137315  -0.75721826   0.22987687  1.72529294e-04
 -0.80818462  -0.39857376   0.43356266  1.69307632e-04
  0.72341891  -0.05417283  -0.68828074  2.57545269e-04
 -0.81698925   0.48529283  -0.31147941  2.83924710e-04
 -0.73815915   0.40826392   0.53706764  2.02384984e-04
  0.18188455   0.86984084   0.45857925  1.98675798e-04
 -0.48155596  -0.75752425   0.44075035  5.56004315e-04
 -0.67922321  -0.71830968  -0.15062215  1.49339960e-04
 -0.54713873  -0.40839249   0.73065367  3.59093833e-04
 -0.78575516   0.42784032  -0.44670067  6.90347203e-04
