20
 -1.1407996218300525E+00 -2.3170985309886123E+00 3.8420614944644871E-01
 8.9354291497003666E-03 -6.0009242070489677E-03 -1.6178047743549027E-03
0
0.0
 -1.1407996218300525E+00 -2.3170985309886123E+00 3.8420614944644871E-01
 8.7960142267302140E-03 -5.8430965615378647E-03 -1.7138193793350398E-03
0
0.0
 -1.1407996218300525E+00 -2.3170985309886123E+00 3.8420614944644871E-01
 8.8825486022264394E-03 -5.7461213094646196E-03 -1.4075440818144779E-03
0
0.0
 -1.1407996218300525E+00 -2.3170985309886123E+00 3.8420614944644871E-01
 8.7432570222495641E-03 -5.9327227611857781E-03 -1.8065057602668281E-03
0
0.0
 -1.1407996218300525E+00 -2.3170985309886123E+00 3.8420614944644871E-01
 8.8056154551299712E-03 -5.9544163403639936E-03 -1.6648719019992169E-03
0
0.0
 -1.1407996218300525E+00 -2.3170985309886123E+00 3.8420614944644871E-01
 8.8017257258314746E-03 -5.8852744008444030E-03 -1.5738313100232149E-03
0
0.0
 -1.1407996218300525E+00 -2.3170985309886123E+00 3.8420614944644871E-01
 8.8866491972917506E-03 -6.0756258694144635E-03 -1.8338173555932698E-03
0
0.0
 -1.1407996218300525E+00 -2.3170985309886123E+00 3.8420614944644871E-01
 8.5478824042069801E-03 -5.9130062387532569E-03 -1.6601816156469401E-03
0
0.0
 -1.1407996218300525E+00 -2.3170985309886123E+00 3.8420614944644871E-01
 8.6449593081450397E-03 -5.7544602966496210E-03 -1.6573136889316894E-03
0
0.0
 -1.1407996218300525E+00 -2.3170985309886123E+00 3.8420614944644871E-01
 8.5182387311135786E-03 -5.9513633375145956E-03 -1.5653542602951712E-03
0
0.0
 -1.1407996218300525E+00 -2.3170985309886123E+00 3.8420614944644871E-01
 8.6156169894333126E-03 -5.8631817097328726E-03 -1.7452972082650669E-03
0
0.0
 -1.1407996218300525E+00 -2.3170985309886123E+00 3.8420614944644871E-01
 8.6515267207538070E-03 -5.9920938381686148E-03 -1.3746996238725524E-03
0
0.0
 -1.1407996218300525E+00 -2.3170985309886123E+00 3.8420614944644871E-01
 8.9931354947728696E-03 -5.9966922359296643E-03 -1.7621433635705641E-03
0
0.0
 -1.1407996218300525E+00 -2.3170985309886123E+00 3.8420614944644871E-01
 8.9006905190930109E-03 -5.7877219811367292E-03 -1.7496229596464102E-03
0
0.0
 -1.1407996218300525E+00 -2.3170985309886123E+00 3.8420614944644871E-01
 8.7102137453740677E-03 -5.9954482742740275E-03 -1.6500277293908521E-03
0
0.0
 -1.1407996218300525E+00 -2.3170985309886123E+00 3.8420614944644871E-01
 8.8032317625526893E-03 -5.8126716930899233E-03 -1.8139593613119012E-03
0
0.0
 -1.1407996218300525E+00 -2.3170985309886123E+00 3.8420614944644871E-01
 9.0527517879443516E-03 -5.9218747451645522E-03 -1.8234382859855006E-03
0
0.0
 -1.1407996218300525E+00 -2.3170985309886123E+00 3.8420614944644871E-01
 8.9549908361736871E-03 -6.0079631677628009E-03 -1.5509267734020390E-03
0
0.0
 -1.1407996218300525E+00 -2.3170985309886123E+00 3.8420614944644871E-01
 8.7503518084241574E-03 -5.9693723501562067E-03 -1.5808459182270742E-03
0
0.0
 -1.1407996218300525E+00 -2.3170985309886123E+00 3.8420614944644871E-01
 8.8397818399891699E-03 -6.1681800830899226E-03 -1.6794375503355358E-03
0
0.0
