20
 -1.1407996218300525E+00 -2.3170985309886123E+00 3.8420614944644871E-01
 8.9535170100236983E-03 -5.8121407389281742E-03 -1.6235474411367243E-03
0
0.0
 -1.1407996218300525E+00 -2.3170985309886123E+00 3.8420614944644871E-01
 8.6295834301999570E-03 -6.0663703942377845E-03 -1.8324909769891428E-03
0
0.0
 -1.1407996218300525E+00 -2.3170985309886123E+00 3.8420614944644871E-01
 9.0973274432498644E-03 -5.9388321882549097E-03 -1.7057920825689953E-03
0
0.0
 -1.1407996218300525E+00 -2.3170985309886123E+00 3.8420614944644871E-01
 8.8459852325304279E-03 -5.6506675536612885E-03 -1.5875855294977112E-03
0
0.0
 -1.1407996218300525E+00 -2.3170985309886123E+00 3.8420614944644871E-01
 8.6456756754926915E-03 -6.0231982289584204E-03 -1.5693495684089740E-03
0
0.0
 -1.1407996218300525E+00 -2.3170985309886123E+00 3.8420614944644871E-01
 8.7955456154796448E-03 -5.9680015035519628E-03 -1.6547873530054894E-03
0
0.0
 -1.1407996218300525E+00 -2.3170985309886123E+00 3.8420614944644871E-01
 8.8593253036145705E-03 -5.7956049075296532E-03 -1.5939882214477980E-03
0
0.0
 -1.1407996218300525E+00 -2.3170985309886123E+00 3.8420614944644871E-01
 8.8451298853023524E-03 -5.7804663108755247E-03 -1.7063218172156986E-03
0
0.0
 -1.1407996218300525E+00 -2.3170985309886123E+00 3.8420614944644871E-01
 8.7378458089674860E-03 -5.6591432015357362E-03 -1.5666054177696914E-03
0
0.0
 -1.1407996218300525E+00 -2.3170985309886123E+00 3.8420614944644871E-01
 8.8218224613448460E-03 -6.0178317215590074E-03 -1.7174932344383969E-03
0
0.0
 -1.1407996218300525E+00 -2.3170985309886123E+00 3.8420614944644871E-01
 8.7611398186054710E-03 -5.7619456945309745E-03 -1.4580651377672795E-03
0
0.0
 -1.1407996218300525E+00 -2.3170985309886123E+00 3.8420614944644871E-01
 8.8696136185739856E-03 -5.8877943111789897E-03 -1.6863351849223350E-03
0
0.0
 -1.1407996218300525E+00 -2.3170985309886123E+00 3.8420614944644871E-01
 8.8615529075151463E-03 -5.9707321742715029E-03 -1.6345380162539360E-03
0
0.0
 -1.1407996218300525E+00 -2.3170985309886123E+00 3.8420614944644871E-01
 8.7622466625476292E-03 -5.8907525899189513E-03 -1.5814951891879102E-03
0
0.0
 -1.1407996218300525E+00 -2.3170985309886123E+00 3.8420614944644871E-01
 8.8346351272989877E-03 -5.9144852250303075E-03 -1.6436818767813486E-03
0
0.0
 -1.1407996218300525E+00 -2.3170985309886123E+00 3.8420614944644871E-01
 8.4681282383726273E-03 -5.8808460632426875E-03 -1.6850978092375040E-03
0
0.0
 -1.1407996218300525E+00 -2.3170985309886123E+00 3.8420614944644871E-01
 8.7087930032799712E-03 -5.9329938709835788E-03 -1.5167752414276532E-03
0
0.0
 -1.1407996218300525E+00 -2.3170985309886123E+00 3.8420614944644871E-01
 8.5264605693095592E-03 -5.7893652925854562E-03 -1.7342128682539518E-03
0
0.0
 -1.1407996218300525E+00 -2.3170985309886123E+00 3.8420614944644871E-01
 8.8226394247043604E-03 -6.0278151162299794E-03 -1.7500219731031244E-03
0
0.0
 -1.1407996218300525E+00 -2.3170985309886123E+00 3.8420614944644871E-01
 8.7053181115094580E-03 -5.9660805789617383E-03 -1.4213135593169604E-03
0
0.0
