20
-1
1
  0.06710854   0.80668053  -0.58716519  1.53188299e-04
 -0.33218786   0.27595831   0.90194137  6.89186829e-04
  0.08753032  -0.38319890   0.91950913  1.47611062e-04
 -0.29475355   0.22698257   0.92822371  1.63312255e-04
  0.65025466   0.49386551  -0.57729173  1.81678569e-04
  0.95832101  -0.28066817  -0.05334992  2.70926540e-04
 -0.43861753   0.28686412  -0.85165935  3.08525565e-04
 -0.49869437   0.18335522  -0.84716279  1.66921833e-04
  0.91352847   0.22755683  -0.33717002  2.71493360e-04
 -0.08933942   0.77010564   0.63162946  1.58500687e-04
 -0.35647459  -0.90976528   0.21272754  1.77601142e-04
 -0.81317450  -0.08074753  -0.57639143  1.62418010e-04
 -0.77722899   0.38416398   0.49833035  1.63569819e-04
 -0.58910835  -0.68883326  -0.42244537  1.93631582e-04
  0.04266390   0.73790950  -0.67354982  6.96083806e-04
 -0.50909214  -0.23280866   0.82862858  1.68348833e-04
  0.05754564   0.01261127  -0.99826322  4.37788818e-04
 -0.53988145   0.69196830   0.47927851  1.86470567e-04
 -0.60955768   0.75473829  -0.24250678  3.99783635e-04
  0.81761731   0.31695719   0.48066628  2.24804726e-04
