20
-1
1
  0.32956264  -0.32508252   0.88640274  1.91535798e-04
 -0.08651501  -0.85359740   0.51369897  3.12459763e-04
 -0.55703776   0.39141927   0.73246153  2.05747197e-04
 -0.14678131   0.94455399  -0.29372268  1.51494310e-04
 -0.02489374   0.58902713   0.80772975  7.27631353e-04
 -0.44785355  -0.85239691   0.26990128  4.01869111e-04
 -0.43255778   0.23214222  -0.87120822  3.38300380e-04
  0.03245169  -0.82812128  -0.55960882  4.71889106e-04
 -0.26373957  -0.23724081   0.93496430  6.53643350e-04
 -0.45512629  -0.88332773  -0.11221488  2.98142819e-04
 -0.97048998   0.16632729   0.17459792  4.08696815e-04
 -0.66607720  -0.68327805   0.29911915  1.46786950e-04
 -0.34846616   0.65114491   0.67422670  3.93694618e-04
 -0.00153573   0.92857503  -0.37114155  3.49571008e-04
 -0.08753527   0.88060144  -0.46570235  2.36015473e-04
  0.95260610   0.25026910   0.17293642  8.14329018e-04
 -0.56113914  -0.37310511  -0.73886091  7.82056455e-04
  0.22142109  -0.65419416   0.72318926  1.80432680e-04
 -0.72390897  -0.02943378   0.68926734  2.68819828e-04
  0.79304031  -0.21690025  -0.56924630  7.43421971e-04
