20
 -1.1407996218300525E+00 -2.3170985309886123E+00 3.8420614944644871E-01
 9.0301461624948155E-03 -5.8409321278581408E-03 -1.5256372969230322E-03
0
0.0
 -1.1407996218300525E+00 -2.3170985309886123E+00 3.8420614944644871E-01
 8.7186442589821354E-03 -5.7268127005240237E-03 -1.5787785588475328E-03
0
0.0
 -1.1407996218300525E+00 -2.3170985309886123E+00 3.8420614944644871E-01
 8.7939269133559470E-03 -5.9936737742151795E-03 -1.8021113121804092E-03
0
0.0
 -1.1407996218300525E+00 -2.3170985309886123E+00 3.8420614944644871E-01
 8.7085516827990692E-03 -5.9046982824491933E-03 -1.7056425995569209E-03
0
0.0
 -1.1407996218300525E+00 -2.3170985309886123E+00 3.8420614944644871E-01
 8.7601161924845058E-03 -5.7738716199524755E-03 -1.7879954942489544E-03
0
0.0
 -1.1407996218300525E+00 -2.3170985309886123E+00 3.8420614944644871E-01
 8.8271122030961317E-03 -5.9836481614888477E-03 -1.5948495361359776E-03
0
0.0
 -1.1407996218300525E+00 -2.3170985309886123E+00 3.8420614944644871E-01
 8.7929959103594992E-03 -5.9941448217930701E-03 -1.4237120360240782E-03
0
0.0
 -1.1407996218300525E+00 -2.3170985309886123E+00 3.8420614944644871E-01
 8.8494087697538176E-03 -5.8997903438309067E-03 -1.6650490544013264E-03
0
0.0
 -1.1407996218300525E+00 -2.3170985309886123E+00 3.8420614944644871E-01
 8.6948867753602332E-03 -5.8558803744471035E-03 -1.5642674360808421E-03
0
0.0
 -1.1407996218300525E+00 -2.3170985309886123E+00 3.8420614944644871E-01
 9.1088015765185531E-03 -5.8894435378455861E-03 -1.7072881831419506E-03
0
0.0
 -1.1407996218300525E+00 -2.3170985309886123E+00 3.8420614944644871E-01
 8.6423803828432812E-03 -6.0358492509615166E-03 -1.4254177980473810E-03
0
0.0
 -1.1407996218300525E+00 -2.3170985309886123E+00 3.8420614944644871E-01
 8.8608927871391113E-03 -5.7999398737364465E-03 -1.6638609430465214E-03
0
0.0
 -1.1407996218300525E+00 -2.3170985309886123E+00 3.8420614944644871E-01
 8.5767149163144991E-03 -5.7927866707027211E-03 -1.5498647377289007E-03
0
0.0
 -1.1407996218300525E+00 -2.3170985309886123E+00 3.8420614944644871E-01
 8.7693187766282408E-03 -5.9064768052005945E-03 -1.5104277961116577E-03
0
0.0
 -1.1407996218300525E+00 -2.3170985309886123E+00 3.8420614944644871E-01
 8.6540349884428672E-03 -6.0793311293403096E-03 -1.7563323309396823E-03
0
0.0
 -1.1407996218300525E+00 -2.3170985309886123E+00 3.8420614944644871E-01
 9.0676391945157184E-03 -5.9549782052124838E-03 -1.5597117852891838E-03
0
0.0
 -1.1407996218300525E+00 -2.3170985309886123E+00 3.8420614944644871E-01
 9.0387127186627187E-03 -5.8835614583799337E-03 -1.6188409904728800E-03
0
0.0
 -1.1407996218300525E+00 -2.3170985309886123E+00 3.8420614944644871E-01
 9.0781915029845162E-03 -5.8776537181302237E-03 -1.6013794605671530E-03
0
0.0
 -1.1407996218300525E+00 -2.3170985309886123E+00 3.8420614944644871E-01
 8.8251539912132023E-03 -5.9079123568915003E-03 -1.5301911392553052E-03
0
0.0
 -1.1407996218300525E+00 -2.3170985309886123E+00 3.8420614944644871E-01
 8.6547064329252337E-03 -5.8256094199803515E-03 -1.4819524526923521E-03
0
0.0
