20
 -1.1407996218300525E+00 -2.3170985309886123E+00 3.8420614944644871E-01
 8.7862267291463434E-03 -5.8411546604991487E-03 -1.5661342106414681E-03
0
0.0
 -1.1407996218300525E+00 -2.3170985309886123E+00 3.8420614944644871E-01
 8.8879599906708344E-03 -5.9902793699323454E-03 -1.6010056431547872E-03
0
0.0
 -1.1407996218300525E+00 -2.3170985309886123E+00 3.8420614944644871E-01
 8.8369168727129421E-03 -5.7465594151003821E-03 -1.5328565373050596E-03
0
0.0
 -1.1407996218300525E+00 -2.3170985309886123E+00 3.8420614944644871E-01
 8.7995349053945921E-03 -5.8049017976972679E-03 -1.8702965537231344E-03
0
0.0
 -1.1407996218300525E+00 -2.3170985309886123E+00 3.8420614944644871E-01
 8.9155173982962427E-03 -5.7773785606994033E-03 -1.5300688157425413E-03
0
0.0
 -1.1407996218300525E+00 -2.3170985309886123E+00 3.8420614944644871E-01
 8.8048528606128086E-03 -5.7270023482684602E-03 -1.6829666539396114E-03
0
0.0
 -1.1407996218300525E+00 -2.3170985309886123E+00 3.8420614944644871E-01
 9.1054805964293269E-03 -5.9638793999220140E-03 -1.5102844926693317E-03
0
0.0
 -1.1407996218300525E+00 -2.3170985309886123E+00 3.8420614944644871E-01
 8.6528236177381267E-03 -5.6234396867157494E-03 -1.7048016928768305E-03
0
0.0
 -1.1407996218300525E+00 -2.3170985309886123E+00 3.8420614944644871E-01
 8.7409937793194309E-03 -5.9515619448597375E-03 -1.7530009014945505E-03
0
0.0
 -1.1407996218300525E+00 -2.3170985309886123E+00 3.8420614944644871E-01
 8.6360899072896128E-03 -5.9373628661760647E-03 -1.5723659923035256E-03
0
0.0
 -1.1407996218300525E+00 -2.3170985309886123E+00 3.8420614944644871E-01
 8.7880298513832930E-03 -5.8802462380330156E-03 -1.6355157703899469E-03
0
0.0
 -1.1407996218300525E+00 -2.3170985309886123E+00 3.8420614944644871E-01
 8.7851740663220518E-03 -5.9162133758802081E-03 -1.6466810023747162E-03
0
0.0
 -1.1407996218300525E+00 -2.3170985309886123E+00 3.8420614944644871E-01
 9.0798241103533604E-03 -5.8475818604958900E-03 -1.6048544479061789E-03
0
0.0
 -1.1407996218300525E+00 -2.3170985309886123E+00 3.8420614944644871E-01
 8.6462245854837371E-03 -6.0583256638805502E-03 -1.6388367803351692E-03
0
0.0
 -1.1407996218300525E+00 -2.3170985309886123E+00 3.8420614944644871E-01
 8.6300610913554610E-03 -5.9723465522781606E-03 -1.5763695202102291E-03
0
0.0
 -1.1407996218300525E+00 -2.3170985309886123E+00 3.8420614944644871E-01
 8.6729025066683823E-03 -5.8348124303935619E-03 -1.4491826383055250E-03
0
0.0
 -1.1407996218300525E+00 -2.3170985309886123E+00 3.8420614944644871E-01
 8.7799684676286745E-03 -5.9041496200414965E-03 -1.5974059487730589E-03
0
0.0
 -1.1407996218300525E+00 -2.3170985309886123E+00 3.8420614944644871E-01
 8.6796968182131767E-03 -5.9023649272196450E-03 -1.6976858467810281E-03
0
0.0
 -1.1407996218300525E+00 -2.3170985309886123E+00 3.8420614944644871E-01
 8.9580377969516629E-03 -5.8485411924727700E-03 -1.6849704779802106E-03
0
0.0
 -1.1407996218300525E+00 -2.3170985309886123E+00 3.8420614944644871E-01
 8.6394455453303286E-03 -5.8118856144005479E-03 -1.5288006735562120E-03
0
0.0
