50
-1
1
  0.35048254   0.87437274   0.33561034  2.98580357e-04
 -0.37257792   0.08793840  -0.92382495  3.78330482e-04
  0.00759562   0.96214243   0.27244128  1.65071511e-04
  0.25782168   0.55745380  -0.78915983  2.76269202e-04
  0.64793481  -0.56350441   0.51248733  1.98314716e-04
 -0.50222140  -0.85167732   0.14973114  1.79271301e-04
 -0.79351489   0.55740036   0.24421087  1.62695066e-04
 -0.70068000   0.71007648   0.06956243  1.67939136e-04
  0.98643645   0.15082994  -0.06475699  1.63897239e-04
 -0.86559948  -0.02392955  -0.50016490  4.16470660e-04
  0.89275821  -0.42859707   0.13887884  2.08406446e-04
 -0.67116618   0.41842199   0.61193054  2.25143976e-04
  0.67856608  -0.53224241  -0.50622732  6.99988771e-04
  0.43568726  -0.19093558  -0.87961368  1.92630375e-04
  0.19648514  -0.32292803   0.92580294  6.38738796e-04
 -0.84548329  -0.08662218  -0.52692941  3.33963185e-04
  0.35291373   0.91284960  -0.20532296  5.40482700e-04
  0.75621317   0.20109120  -0.62265879  1.76541888e-04
 -0.07790780   0.95483973  -0.28672543  2.73681189e-04
 -0.42077301  -0.20151223   0.88450150  5.37760108e-04
  0.18389951  -0.80774139  -0.56012036  2.79678126e-04
  0.38895893   0.89302992   0.22629298  1.86349028e-04
 -0.87049418  -0.43443376   0.23131621  5.82212544e-04
  0.33597351   0.06647158  -0.93952292  2.27248889e-04
  0.75439291   0.61533693  -0.22858652  4.48155226e-04
  0.75842434   0.42567345  -0.49355306  2.84103265e-04
 -0.07220728  -0.98214980  -0.17368902  3.97057444e-04
  0.94626490  -0.32049299   0.04320865  8.72413629e-04
  0.28737376  -0.27387118   0.91782945  2.19760370e-04
 -0.77725736  -0.58160564  -0.24001222  4.29919195e-04
  0.10794060  -0.96073785  -0.25560049  8.60541570e-04
  0.51391344   0.15666805  -0.84341455  8.46681630e-04
 -0.40624687   0.57676332  -0.70873659  1.54963504e-04
 -0.94684252  -0.32035909  -0.02931371  3.43102000e-04
  0.34740048   0.90943289  -0.22857104  1.89235860e-04
 -0.75175624   0.35082339   0.55837757  1.70178418e-04
  0.38431077  -0.64829903  -0.65727741  2.14102903e-04
 -0.79899867  -0.59624543   0.07805460  1.54666449e-04
  0.13569015   0.80919372   0.57165874  5.35488792e-04
  0.85710209  -0.47508160   0.19918204  7.50878580e-04
 -0.46620120  -0.87973052   0.09343801  2.51118143e-04
  0.58401093   0.81171515  -0.00705310  4.02813012e-04
 -0.80437065   0.23783435   0.54444713  7.05877562e-04
 -0.95817112   0.08724871  -0.27257250  2.98715121e-04
 -0.36394841   0.88396474  -0.29350963  3.43138992e-04
 -0.14540589   0.98817183   0.04871920  6.09349162e-04
 -0.88556837  -0.44533808  -0.13207067  3.75601223e-04
  0.66242585  -0.20603546  -0.72023704  2.09112865e-04
  0.76536236  -0.51518063   0.38575818  2.57520918e-04
  0.97149898  -0.10517386   0.21243398  1.79848206e-04
