50
 -1.1407996218300525E+00 -2.3170985309886123E+00 3.8420614944644871E-01
 8.8144218775611655E-03 -6.0301144335907202E-03 -1.5624106890071306E-03
0
0.0
 -1.1407996218300525E+00 -2.3170985309886123E+00 3.8420614944644871E-01
 8.7913251897946149E-03 -5.9531095601019638E-03 -1.6435672981224838E-03
0
0.0
 -1.1407996218300525E+00 -2.3170985309886123E+00 3.8420614944644871E-01
 8.8648257974359330E-03 -5.8776837421315731E-03 -1.5009418502451638E-03
0
0.0
 -1.1407996218300525E+00 -2.3170985309886123E+00 3.8420614944644871E-01
 9.0773814028661665E-03 -5.7904070464249056E-03 -1.5413452971387339E-03
0
0.0
 -1.1407996218300525E+00 -2.3170985309886123E+00 3.8420614944644871E-01
 8.8035563107419466E-03 -5.8542909468507660E-03 -1.5851184803717714E-03
0
0.0
 -1.1407996218300525E+00 -2.3170985309886123E+00 3.8420614944644871E-01
 8.6257296059972458E-03 -5.7752904849907834E-03 -1.6320931142709189E-03
0
0.0
 -1.1407996218300525E+00 -2.3170985309886123E+00 3.8420614944644871E-01
 8.6778522940858128E-03 -5.8201946271784063E-03 -1.7230092571006812E-03
0
0.0
 -1.1407996218300525E+00 -2.3170985309886123E+00 3.8420614944644871E-01
 8.7386367873648601E-03 -5.8669842580951594E-03 -1.5866240498413344E-03
0
0.0
 -1.1407996218300525E+00 -2.3170985309886123E+00 3.8420614944644871E-01
 8.8187392245709876E-03 -5.9638131770150104E-03 -1.6166388769697372E-03
0
0.0
 -1.1407996218300525E+00 -2.3170985309886123E+00 3.8420614944644871E-01
 8.8651908233963773E-03 -5.7174260745779327E-03 -1.6918791460473455E-03
0
0.0
 -1.1407996218300525E+00 -2.3170985309886123E+00 3.8420614944644871E-01
 8.7141179430518557E-03 -5.8333080100321875E-03 -1.7561284599311440E-03
0
0.0
 -1.1407996218300525E+00 -2.3170985309886123E+00 3.8420614944644871E-01
 8.8147807093210736E-03 -5.9329581713959160E-03 -1.5752350056144704E-03
0
0.0
 -1.1407996218300525E+00 -2.3170985309886123E+00 3.8420614944644871E-01
 8.6597557476336458E-03 -6.1807597595052140E-03 -1.5416261095908316E-03
0
0.0
 -1.1407996218300525E+00 -2.3170985309886123E+00 3.8420614944644871E-01
 8.8562073142523113E-03 -5.9699744970408307E-03 -1.8088833084718829E-03
0
0.0
 -1.1407996218300525E+00 -2.3170985309886123E+00 3.8420614944644871E-01
 8.7915850821220255E-03 -6.0222640828178301E-03 -1.6929179205506415E-03
0
0.0
 -1.1407996218300525E+00 -2.3170985309886123E+00 3.8420614944644871E-01
 8.5758526591929330E-03 -5.8659848767357694E-03 -1.4747282629488624E-03
0
0.0
 -1.1407996218300525E+00 -2.3170985309886123E+00 3.8420614944644871E-01
 8.6887422342064816E-03 -5.8271683310513979E-03 -1.6382311272389524E-03
0
0.0
 -1.1407996218300525E+00 -2.3170985309886123E+00 3.8420614944644871E-01
 8.6685734815212939E-03 -5.9868144167732921E-03 -1.6168634623471788E-03
0
0.0
 -1.1407996218300525E+00 -2.3170985309886123E+00 3.8420614944644871E-01
 8.7402682188204035E-03 -5.9112704346608652E-03 -1.8103481970624942E-03
0
0.0
 -1.1407996218300525E+00 -2.3170985309886123E+00 3.8420614944644871E-01
 8.4659227439177094E-03 -5.8272650774342299E-03 -1.6913579423031137E-03
0
0.0
 -1.1407996218300525E+00 -2.3170985309886123E+00 3.8420614944644871E-01
 8.8188133167331467E-03 -5.9403424532649225E-03 -1.6509280940206681E-03
0
0.0
 -1.1407996218300525E+00 -2.3170985309886123E+00 3.8420614944644871E-01
 8.7104134680913176E-03 -5.6705430172174472E-03 -1.7199540268530373E-03
0
0.0
 -1.1407996218300525E+00 -2.3170985309886123E+00 3.8420614944644871E-01
 8.6322771527679691E-03 -5.7420519549446578E-03 -1.6639198216650490E-03
0
0.0
 -1.1407996218300525E+00 -2.3170985309886123E+00 3.8420614944644871E-01
 8.8562681265909153E-03 -5.8859716523191538E-03 -1.4941420113772630E-03
0
0.0
 -1.1407996218300525E+00 -2.3170985309886123E+00 3.8420614944644871E-01
 8.8909241795504124E-03 -5.8463425190631423E-03 -1.7584636156583900E-03
0
0.0
 -1.1407996218300525E+00 -2.3170985309886123E+00 3.8420614944644871E-01
 8.8229428546883482E-03 -5.9943533000889572E-03 -1.5377438128787912E-03
0
0.0
 -1.1407996218300525E+00 -2.3170985309886123E+00 3.8420614944644871E-01
 8.8263350487518145E-03 -5.7767283451090785E-03 -1.7043199305793906E-03
0
0.0
 -1.1407996218300525E+00 -2.3170985309886123E+00 3.8420614944644871E-01
 8.9240997073342255E-03 -6.0348909201499296E-03 -1.6336002325689383E-03
0
0.0
 -1.1407996218300525E+00 -2.3170985309886123E+00 3.8420614944644871E-01
 8.8240347110488913E-03 -5.6197307082951056E-03 -1.6894596178573067E-03
0
0.0
 -1.1407996218300525E+00 -2.3170985309886123E+00 3.8420614944644871E-01
 8.6682029726061084E-03 -5.8417947297036343E-03 -1.5562588705615246E-03
0
0.0
 -1.1407996218300525E+00 -2.3170985309886123E+00 3.8420614944644871E-01
 8.7909936112874759E-03 -5.6675424530480568E-03 -1.4971939527059579E-03
0
0.0
 -1.1407996218300525E+00 -2.3170985309886123E+00 3.8420614944644871E-01
 8.8036225396916131E-03 -5.9005521310581182E-03 -1.6652065779782950E-03
0
0.0
 -1.1407996218300525E+00 -2.3170985309886123E+00 3.8420614944644871E-01
 8.7828271278997411E-03 -5.8996933502734727E-03 -1.7039598062994650E-03
0
0.0
 -1.1407996218300525E+00 -2.3170985309886123E+00 3.8420614944644871E-01
 8.7427316162661060E-03 -5.8314560869078885E-03 -1.7541558730939061E-03
0
0.0
 -1.1407996218300525E+00 -2.3170985309886123E+00 3.8420614944644871E-01
 8.6945199355766105E-03 -5.9596508390692615E-03 -1.4541602998862984E-03
0
0.0
 -1.1407996218300525E+00 -2.3170985309886123E+00 3.8420614944644871E-01
 8.9312526026822953E-03 -6.0305892618368806E-03 -1.3892628771415864E-03
0
0.0
 -1.1407996218300525E+00 -2.3170985309886123E+00 3.8420614944644871E-01
 8.8212425731279912E-03 -5.8799225415999213E-03 -1.5989991175290273E-03
0
0.0
 -1.1407996218300525E+00 -2.3170985309886123E+00 3.8420614944644871E-01
 9.0258571241432755E-03 -5.8949401681018783E-03 -1.6404431766519928E-03
0
0.0
 -1.1407996218300525E+00 -2.3170985309886123E+00 3.8420614944644871E-01
 8.7966548877732864E-03 -5.8932099459556627E-03 -1.5075615139874910E-03
0
0.0
 -1.1407996218300525E+00 -2.3170985309886123E+00 3.8420614944644871E-01
 8.7119686000585294E-03 -5.8329650996692363E-03 -1.5520012751969428E-03
0
0.0
 -1.1407996218300525E+00 -2.3170985309886123E+00 3.8420614944644871E-01
 8.7272011697775327E-03 -5.8757873018052027E-03 -1.6246271545909449E-03
0
0.0
 -1.1407996218300525E+00 -2.3170985309886123E+00 3.8420614944644871E-01
 8.7463374315562819E-03 -5.8537203589751428E-03 -1.7112576231087279E-03
0
0.0
 -1.1407996218300525E+00 -2.3170985309886123E+00 3.8420614944644871E-01
 8.8052890279319337E-03 -6.0202535998790741E-03 -1.4058033085587057E-03
0
0.0
 -1.1407996218300525E+00 -2.3170985309886123E+00 3.8420614944644871E-01
 8.9009279352678088E-03 -5.6940488114476124E-03 -1.8122577044712698E-03
0
0.0
 -1.1407996218300525E+00 -2.3170985309886123E+00 3.8420614944644871E-01
 8.7488402021957002E-03 -6.1012491918839415E-03 -1.4555410906732882E-03
0
0.0
 -1.1407996218300525E+00 -2.3170985309886123E+00 3.8420614944644871E-01
 8.9102658956434298E-03 -5.8385414269086994E-03 -1.5621284483066029E-03
0
0.0
 -1.1407996218300525E+00 -2.3170985309886123E+00 3.8420614944644871E-01
 8.7899250984138609E-03 -5.8840542291149446E-03 -1.5006539123090747E-03
0
0.0
 -1.1407996218300525E+00 -2.3170985309886123E+00 3.8420614944644871E-01
 8.8285794033236449E-03 -6.1522589938814657E-03 -1.5919539512613938E-03
0
0.0
 -1.1407996218300525E+00 -2.3170985309886123E+00 3.8420614944644871E-01
 8.7736426768456003E-03 -5.8730249252689042E-03 -1.5889517587531132E-03
0
0.0
 -1.1407996218300525E+00 -2.3170985309886123E+00 3.8420614944644871E-01
 8.7676312414449852E-03 -5.8877611133989300E-03 -1.6111411715004618E-03
0
0.0
