20
-1
1
  0.93639953  -0.25633129  -0.23968768  1.87323922e-04
 -0.48558357  -0.86831656   0.10116795  2.04529783e-04
 -0.85160862  -0.51808368  -0.07969986  2.51274922e-04
 -0.73484414   0.66862251  -0.11378938  3.28350391e-04
 -0.34366322  -0.84060545  -0.41866224  2.74960504e-04
 -0.73636505  -0.26963276   0.62053581  3.93207411e-04
  0.71368802   0.65231879  -0.25520502  2.64816363e-04
 -0.87508422  -0.01753847   0.48365278  1.97549523e-04
 -0.87330748  -0.12203656  -0.47163665  8.29244428e-04
  0.36844370   0.35345937  -0.85983470  3.94651886e-04
  0.71308263  -0.61972823  -0.32779580  1.55665119e-04
  0.02014780  -0.92723713   0.37393231  5.03469457e-04
 -0.85050327  -0.40824438  -0.33163341  3.35885313e-04
 -0.31553586   0.78926740  -0.52677707  2.19092792e-04
 -0.64814382  -0.63451148  -0.42107573  1.59470496e-04
 -0.54936682   0.73444701   0.39847671  1.45628881e-04
 -0.59035963  -0.59268018  -0.54791031  2.83240193e-04
 -0.92888310   0.11506634   0.35204534  2.27770810e-04
 -0.38073220   0.54084155  -0.75002228  2.03167099e-04
 -0.87762713   0.02081470  -0.47889181  6.45021598e-04
