20
 -1.1407996218300525E+00 -2.3170985309886123E+00 3.8420614944644871E-01
 8.7962190315885886E-03 -5.8990268650665730E-03 -1.6031040757009817E-03
0
0.0
 -1.1407996218300525E+00 -2.3170985309886123E+00 3.8420614944644871E-01
 8.8109751287278101E-03 -5.9465440058710959E-03 -1.6235467707761129E-03
0
0.0
 -1.1407996218300525E+00 -2.3170985309886123E+00 3.8420614944644871E-01
 8.8988828299394942E-03 -5.6689775707762938E-03 -1.7949589864345579E-03
0
0.0
 -1.1407996218300525E+00 -2.3170985309886123E+00 3.8420614944644871E-01
 8.8579801387534685E-03 -5.8720255062919237E-03 -1.5750258397107455E-03
0
0.0
 -1.1407996218300525E+00 -2.3170985309886123E+00 3.8420614944644871E-01
 8.7780530733795499E-03 -5.7350783312425891E-03 -1.5900435332899274E-03
0
0.0
 -1.1407996218300525E+00 -2.3170985309886123E+00 3.8420614944644871E-01
 8.7540204661115308E-03 -5.9743746924909111E-03 -1.7517003220942067E-03
0
0.0
 -1.1407996218300525E+00 -2.3170985309886123E+00 3.8420614944644871E-01
 8.7987282050071298E-03 -5.9398431380662774E-03 -1.7267143888103043E-03
0
0.0
 -1.1407996218300525E+00 -2.3170985309886123E+00 3.8420614944644871E-01
 8.9982585125068272E-03 -6.0065042439253315E-03 -1.4987258825745311E-03
0
0.0
 -1.1407996218300525E+00 -2.3170985309886123E+00 3.8420614944644871E-01
 8.8527180109419720E-03 -6.0751140404602970E-03 -1.5993199392265671E-03
0
0.0
 -1.1407996218300525E+00 -2.3170985309886123E+00 3.8420614944644871E-01
 8.8458382423642415E-03 -6.0252913882654921E-03 -1.6771842550930116E-03
0
0.0
 -1.1407996218300525E+00 -2.3170985309886123E+00 3.8420614944644871E-01
 8.7311328775149123E-03 -6.0135918786272920E-03 -1.5528351671871968E-03
0
0.0
 -1.1407996218300525E+00 -2.3170985309886123E+00 3.8420614944644871E-01
 8.8979194864545995E-03 -5.9835834757880780E-03 -1.5622273425867830E-03
0
0.0
 -1.1407996218300525E+00 -2.3170985309886123E+00 3.8420614944644871E-01
 8.9233888264882277E-03 -6.0388573220521036E-03 -1.7266186736768442E-03
0
0.0
 -1.1407996218300525E+00 -2.3170985309886123E+00 3.8420614944644871E-01
 8.7179888062223990E-03 -5.8744465493607836E-03 -1.5840984178356740E-03
0
0.0
 -1.1407996218300525E+00 -2.3170985309886123E+00 3.8420614944644871E-01
 8.6098331216864204E-03 -6.0372773005420693E-03 -1.7902184653507552E-03
0
0.0
 -1.1407996218300525E+00 -2.3170985309886123E+00 3.8420614944644871E-01
 8.6775266926810563E-03 -5.8875881395090059E-03 -1.5555216433863080E-03
0
0.0
 -1.1407996218300525E+00 -2.3170985309886123E+00 3.8420614944644871E-01
 8.7536270428721225E-03 -5.9364489611851397E-03 -1.4793169539920501E-03
0
0.0
 -1.1407996218300525E+00 -2.3170985309886123E+00 3.8420614944644871E-01
 8.9244680242454230E-03 -6.1255877913902450E-03 -1.4864582787138417E-03
0
0.0
 -1.1407996218300525E+00 -2.3170985309886123E+00 3.8420614944644871E-01
 8.9267628631270989E-03 -5.9718045836815396E-03 -1.7961891824609354E-03
0
0.0
 -1.1407996218300525E+00 -2.3170985309886123E+00 3.8420614944644871E-01
 8.6924571357753101E-03 -5.9958240628421944E-03 -1.6933640923348947E-03
0
0.0
