20
-1
1
  0.21430559  -0.83088515  -0.51352018  2.22700976e-04
 -0.85585429  -0.30010128  -0.42125130  4.67074292e-04
  0.21284102   0.92090712  -0.32654063  1.64567231e-04
  0.58112406   0.79388264   0.17901168  1.64750593e-04
 -0.44249641  -0.87628628   0.19057618  1.61156761e-04
  0.72275881  -0.67987261  -0.12406828  2.69377699e-04
  0.22371804   0.96559586  -0.13257023  4.89008467e-04
  0.23110843   0.27468363  -0.93334763  2.08699058e-04
  0.20378330   0.74629689   0.63365079  1.67811848e-04
  0.98014596   0.19486130   0.03664667  1.48485729e-04
 -0.29168759  -0.78625333   0.54472384  4.38411729e-04
  0.04261535  -0.69640167  -0.71638582  7.58823402e-04
 -0.93919427  -0.34299630   0.01636022  7.73722858e-04
 -0.03994621   0.58052685  -0.81326065  3.80742065e-04
  0.93918545   0.01103052   0.34323318  2.07927286e-04
  0.13678632  -0.85944833   0.49258307  1.50651065e-04
  0.87746544   0.47937298  -0.01599849  1.81058346e-04
  0.45503914  -0.50282892  -0.73491663  1.80703978e-04
  0.36568221   0.92198871  -0.12733164  2.69400139e-04
 -0.16304346  -0.83981423   0.51781164  1.73640505e-04
