20
 -1.1407996218300525E+00 -2.3170985309886123E+00 3.8420614944644871E-01
 8.6059216657177421E-03 -5.9557521659066156E-03 -1.6803261101529774E-03
0
0.0
 -1.1407996218300525E+00 -2.3170985309886123E+00 3.8420614944644871E-01
 8.7099403624891058E-03 -6.0227323171399560E-03 -1.6061686850522003E-03
0
0.0
 -1.1407996218300525E+00 -2.3170985309886123E+00 3.8420614944644871E-01
 9.0738453036704313E-03 -6.0308010161475587E-03 -1.5673278347653622E-03
0
0.0
 -1.1407996218300525E+00 -2.3170985309886123E+00 3.8420614944644871E-01
 8.7943970904373944E-03 -5.8908860828246227E-03 -1.4830422452967959E-03
0
0.0
 -1.1407996218300525E+00 -2.3170985309886123E+00 3.8420614944644871E-01
 8.8352938867824315E-03 -6.0551827181276798E-03 -1.5855244201033523E-03
0
0.0
 -1.1407996218300525E+00 -2.3170985309886123E+00 3.8420614944644871E-01
 8.7144720575518357E-03 -6.0141863089355763E-03 -1.5323974907358259E-03
0
0.0
 -1.1407996218300525E+00 -2.3170985309886123E+00 3.8420614944644871E-01
 8.7499644109734053E-03 -5.8984369658418171E-03 -1.6472713918077803E-03
0
0.0
 -1.1407996218300525E+00 -2.3170985309886123E+00 3.8420614944644871E-01
 8.6132798007114084E-03 -5.8045976789814612E-03 -1.4134719272662960E-03
0
0.0
 -1.1407996218300525E+00 -2.3170985309886123E+00 3.8420614944644871E-01
 8.7921098943884515E-03 -5.8739539649868503E-03 -1.5571998076495883E-03
0
0.0
 -1.1407996218300525E+00 -2.3170985309886123E+00 3.8420614944644871E-01
 8.7881712920243864E-03 -6.0173988307256985E-03 -1.5972986612193549E-03
0
0.0
 -1.1407996218300525E+00 -2.3170985309886123E+00 3.8420614944644871E-01
 8.7926319980004067E-03 -5.9124658569629143E-03 -1.7339328358852964E-03
0
0.0
 -1.1407996218300525E+00 -2.3170985309886123E+00 3.8420614944644871E-01
 8.6322309172162329E-03 -5.8295523972828342E-03 -1.7347844881937476E-03
0
0.0
 -1.1407996218300525E+00 -2.3170985309886123E+00 3.8420614944644871E-01
 8.7371635088695984E-03 -6.0550983815172857E-03 -1.4483638593442241E-03
0
0.0
 -1.1407996218300525E+00 -2.3170985309886123E+00 3.8420614944644871E-01
 8.9279885599522282E-03 -5.7489271638892486E-03 -1.6290944483156142E-03
0
0.0
 -1.1407996218300525E+00 -2.3170985309886123E+00 3.8420614944644871E-01
 8.9088508994228394E-03 -5.7886045506291483E-03 -1.8023104663882680E-03
0
0.0
 -1.1407996218300525E+00 -2.3170985309886123E+00 3.8420614944644871E-01
 8.7537560345088243E-03 -5.7960160522750447E-03 -1.7249367687212505E-03
0
0.0
 -1.1407996218300525E+00 -2.3170985309886123E+00 3.8420614944644871E-01
 8.6654825926872001E-03 -5.8947407096466677E-03 -1.6967773149869970E-03
0
0.0
 -1.1407996218300525E+00 -2.3170985309886123E+00 3.8420614944644871E-01
 8.6910352171979954E-03 -5.6277220310775762E-03 -1.7350454977073202E-03
0
0.0
 -1.1407996218300525E+00 -2.3170985309886123E+00 3.8420614944644871E-01
 8.8544709606208066E-03 -5.7463235597678191E-03 -1.3889614095095710E-03
0
0.0
 -1.1407996218300525E+00 -2.3170985309886123E+00 3.8420614944644871E-01
 9.0047531989739336E-03 -5.8881444396982089E-03 -1.6774892218180191E-03
0
0.0
