20
-1
1
 -0.81892528  -0.49622365  -0.28831143  1.85645991e-04
 -0.72188011   0.09350036   0.68567251  1.58065004e-04
 -0.08186876   0.85704612   0.50869387  4.74343615e-04
  0.31342687  -0.75431370  -0.57686605  2.23374167e-04
 -0.98098003  -0.19377447  -0.01138563  3.74984860e-04
 -0.78064285   0.33802864  -0.52567421  3.78060998e-04
 -0.48303998   0.87167318  -0.08281453  4.35221175e-04
 -0.49213236  -0.67534103  -0.54929066  2.13236414e-04
  0.86916481   0.41369489   0.27094109  1.90212398e-04
  0.11010119   0.95168369   0.28666337  1.51870410e-04
  0.15028349   0.41665684   0.89655560  4.43979709e-04
  0.43544363   0.08733269   0.89596978  2.33210458e-04
 -0.30957672  -0.60958888   0.72976959  6.79373262e-04
 -0.73454716   0.67632817   0.05496069  2.34496792e-04
 -0.76835453   0.24328693  -0.59198209  1.75730987e-04
  0.42083606  -0.86616258   0.26955407  3.55128727e-04
 -0.93820140   0.14772409  -0.31297881  7.49212142e-04
 -0.73988045  -0.54616218   0.39278976  1.93771817e-04
  0.93006204   0.35534616   0.09334730  2.69948785e-04
  0.36959948  -0.89166293  -0.26140668  6.27857088e-04
