20
 -1.1407996218300525E+00 -2.3170985309886123E+00 3.8420614944644871E-01
 8.8779650917953281E-03 -5.9732205304615068E-03 -1.7185605884379512E-03
0
0.0
 -1.1407996218300525E+00 -2.3170985309886123E+00 3.8420614944644871E-01
 8.6050235921626434E-03 -6.0651724312933922E-03 -1.6427888374741012E-03
0
0.0
 -1.1407996218300525E+00 -2.3170985309886123E+00 3.8420614944644871E-01
 8.8174494481765495E-03 -5.8742582582221679E-03 -1.6614782525419807E-03
0
0.0
 -1.1407996218300525E+00 -2.3170985309886123E+00 3.8420614944644871E-01
 8.7472168230722357E-03 -5.9299604560373170E-03 -1.5782485179584556E-03
0
0.0
 -1.1407996218300525E+00 -2.3170985309886123E+00 3.8420614944644871E-01
 8.5691095121980636E-03 -5.8358570373452257E-03 -1.5591829244737234E-03
0
0.0
 -1.1407996218300525E+00 -2.3170985309886123E+00 3.8420614944644871E-01
 8.7686694816080882E-03 -5.8086489476259504E-03 -1.6531056846373622E-03
0
0.0
 -1.1407996218300525E+00 -2.3170985309886123E+00 3.8420614944644871E-01
 8.5740018839086021E-03 -5.9401175937745998E-03 -1.5123573454840415E-03
0
0.0
 -1.1407996218300525E+00 -2.3170985309886123E+00 3.8420614944644871E-01
 8.5937205092141873E-03 -6.0756017219013303E-03 -1.4865468267809328E-03
0
0.0
 -1.1407996218300525E+00 -2.3170985309886123E+00 3.8420614944644871E-01
 8.8966848265279782E-03 -5.8407146302690291E-03 -1.6115878690499156E-03
0
0.0
 -1.1407996218300525E+00 -2.3170985309886123E+00 3.8420614944644871E-01
 8.7531220893548485E-03 -5.9658411069621990E-03 -1.7602923042086055E-03
0
0.0
 -1.1407996218300525E+00 -2.3170985309886123E+00 3.8420614944644871E-01
 9.0240579898337950E-03 -5.8138012201263741E-03 -1.8339915679733698E-03
0
0.0
 -1.1407996218300525E+00 -2.3170985309886123E+00 3.8420614944644871E-01
 8.7790477524627604E-03 -5.9508951239147477E-03 -1.6331216260763626E-03
0
0.0
 -1.1407996218300525E+00 -2.3170985309886123E+00 3.8420614944644871E-01
 8.5851357929316845E-03 -6.0973669343396550E-03 -1.6027483760142657E-03
0
0.0
 -1.1407996218300525E+00 -2.3170985309886123E+00 3.8420614944644871E-01
 8.8439684800760976E-03 -5.8315839277228833E-03 -1.7010611390122137E-03
0
0.0
 -1.1407996218300525E+00 -2.3170985309886123E+00 3.8420614944644871E-01
 8.7841899716212916E-03 -6.0722692671057142E-03 -1.4106413480190951E-03
0
0.0
 -1.1407996218300525E+00 -2.3170985309886123E+00 3.8420614944644871E-01
 9.0340296556152798E-03 -5.8369346199237532E-03 -1.7090028616352560E-03
0
0.0
 -1.1407996218300525E+00 -2.3170985309886123E+00 3.8420614944644871E-01
 8.8869046297199508E-03 -5.9874252966540210E-03 -1.4653365445354172E-03
0
0.0
 -1.1407996218300525E+00 -2.3170985309886123E+00 3.8420614944644871E-01
 8.8435341569168529E-03 -5.9914352420914552E-03 -1.6019415855817647E-03
0
0.0
 -1.1407996218300525E+00 -2.3170985309886123E+00 3.8420614944644871E-01
 8.6877423341937630E-03 -6.1289973227647981E-03 -1.5902572243053504E-03
0
0.0
 -1.1407996218300525E+00 -2.3170985309886123E+00 3.8420614944644871E-01
 9.0276359271176006E-03 -6.0829416412998740E-03 -1.7769618359995394E-03
0
0.0
