20
-1
1
 -0.80094854  -0.56217185  -0.20602002  3.11341341e-04
 -0.48485130  -0.53602346   0.69108470  1.82976912e-04
 -0.61625980  -0.73020675   0.29499485  3.92088434e-04
  0.63957807  -0.76815690   0.02957821  2.35636318e-04
 -0.27345216   0.80019143   0.53377672  1.64675590e-04
 -0.23090451  -0.58732227  -0.77571622  2.05227843e-04
  0.43174162  -0.89924436  -0.07041844  1.58631218e-04
  0.01904558  -0.53404284   0.84524287  2.25334265e-04
 -0.26297207  -0.42018656   0.86849810  3.53545894e-04
  0.74839063  -0.64761015   0.14322205  1.53440286e-04
 -0.42256815  -0.41101407   0.80777694  1.59005217e-04
  0.91853325  -0.09604420   0.38349991  2.39555441e-04
 -0.64824551  -0.29566449   0.70168388  2.40722594e-04
 -0.10534413   0.92105309  -0.37491841  1.48129362e-04
  0.72746003   0.68509174   0.03809477  6.00847185e-04
  0.53301239   0.70901438   0.46173196  1.49092934e-04
 -0.31265469   0.52044722   0.79459533  1.88986948e-04
  0.43496525   0.78055893   0.44892426  2.21462339e-04
 -0.10666472   0.92729551  -0.35881147  2.79764130e-04
 -0.55288365  -0.63026718  -0.54505317  3.05865218e-04
