20
 -1.1407996218300525E+00 -2.3170985309886123E+00 3.8420614944644871E-01
 8.6985648812604767E-03 -5.8924680944377516E-03 -1.6635412333894082E-03
0
0.0
 -1.1407996218300525E+00 -2.3170985309886123E+00 3.8420614944644871E-01
 8.8000994674416449E-03 -5.8808552892569395E-03 -1.5580406869019779E-03
0
0.0
 -1.1407996218300525E+00 -2.3170985309886123E+00 3.8420614944644871E-01
 8.8207876610811187E-03 -5.8021444095699096E-03 -1.5191994859646743E-03
0
0.0
 -1.1407996218300525E+00 -2.3170985309886123E+00 3.8420614944644871E-01
 8.9654157419920763E-03 -5.8718615676572284E-03 -1.4966245136091021E-03
0
0.0
 -1.1407996218300525E+00 -2.3170985309886123E+00 3.8420614944644871E-01
 8.8203520478766853E-03 -5.8882133114867936E-03 -1.4846128051842463E-03
0
0.0
 -1.1407996218300525E+00 -2.3170985309886123E+00 3.8420614944644871E-01
 8.6236904910393913E-03 -5.7765085965580882E-03 -1.4302089080744903E-03
0
0.0
 -1.1407996218300525E+00 -2.3170985309886123E+00 3.8420614944644871E-01
 8.7962107968355494E-03 -5.9259763134013191E-03 -1.6577406495241224E-03
0
0.0
 -1.1407996218300525E+00 -2.3170985309886123E+00 3.8420614944644871E-01
 8.7181907977768296E-03 -5.8340146158292767E-03 -1.5839093444120485E-03
0
0.0
 -1.1407996218300525E+00 -2.3170985309886123E+00 3.8420614944644871E-01
 8.9566016488347652E-03 -5.9123795442320385E-03 -1.3896206239547807E-03
0
0.0
 -1.1407996218300525E+00 -2.3170985309886123E+00 3.8420614944644871E-01
 8.8821322042966205E-03 -5.9289833772552727E-03 -1.7344561779590402E-03
0
0.0
 -1.1407996218300525E+00 -2.3170985309886123E+00 3.8420614944644871E-01
 8.8384514644748186E-03 -6.0439491411873368E-03 -1.5799731519000721E-03
0
0.0
 -1.1407996218300525E+00 -2.3170985309886123E+00 3.8420614944644871E-01
 8.7930000087900872E-03 -6.1721415402834464E-03 -1.6174842157099549E-03
0
0.0
 -1.1407996218300525E+00 -2.3170985309886123E+00 3.8420614944644871E-01
 8.6396521943406159E-03 -6.1623938143278972E-03 -1.6250144884071356E-03
0
0.0
 -1.1407996218300525E+00 -2.3170985309886123E+00 3.8420614944644871E-01
 8.7237210272535157E-03 -5.8383722705079273E-03 -1.4907873756587816E-03
0
0.0
 -1.1407996218300525E+00 -2.3170985309886123E+00 3.8420614944644871E-01
 8.8250865040626174E-03 -5.8812468327607541E-03 -1.6250968989601497E-03
0
0.0
 -1.1407996218300525E+00 -2.3170985309886123E+00 3.8420614944644871E-01
 8.7863759458288605E-03 -5.8582486527943411E-03 -1.3635324051924714E-03
0
0.0
 -1.1407996218300525E+00 -2.3170985309886123E+00 3.8420614944644871E-01
 8.8269257952654865E-03 -5.8790217711448562E-03 -1.5629255837835963E-03
0
0.0
 -1.1407996218300525E+00 -2.3170985309886123E+00 3.8420614944644871E-01
 8.7558539158004885E-03 -6.1327128405966932E-03 -1.6827087900257594E-03
0
0.0
 -1.1407996218300525E+00 -2.3170985309886123E+00 3.8420614944644871E-01
 8.8166122799556504E-03 -6.1148125374986730E-03 -1.4946961290961496E-03
0
0.0
 -1.1407996218300525E+00 -2.3170985309886123E+00 3.8420614944644871E-01
 8.7713672646735144E-03 -5.9612787282734957E-03 -1.5928109507116755E-03
0
0.0
