20
-1
1
  0.08879910  -0.44950899   0.88885116  2.23242053e-04
 -0.63918905  -0.48633197   0.59575043  4.63784440e-04
  0.81955529  -0.26871216  -0.50608587  2.38226632e-04
  0.72485631  -0.51958554  -0.45234301  6.56003786e-04
 -0.98191480   0.18918988  -0.00710775  1.57765295e-04
  0.77439944  -0.63264180   0.00835808  2.44462281e-04
  0.05872172   0.49020611   0.86962620  4.46883345e-04
 -0.65963907   0.47429638  -0.58302593  6.22043733e-04
 -0.38760770  -0.77970602  -0.49175075  7.42038864e-04
 -0.97945627   0.08338309   0.18361014  3.02561249e-04
 -0.76413635   0.47386806  -0.43765821  4.07436697e-04
 -0.02855206   0.54285837   0.83933877  2.59350034e-04
 -0.99354074  -0.09453071  -0.06277533  7.33342549e-04
  0.17976827   0.78552273  -0.59214644  1.83428764e-04
  0.32095822  -0.07231668  -0.94432840  2.47988933e-04
 -0.13738790  -0.98021807  -0.14246789  2.20439182e-04
  0.93448215  -0.14395921   0.32560538  2.97744100e-04
  0.23921608  -0.89756243   0.37034760  3.09490998e-04
  0.61565595   0.35949996   0.70123287  1.61336032e-04
  0.47885518  -0.70166451  -0.52760273  5.67720921e-04
