20
 -1.1407996218300525E+00 -2.3170985309886123E+00 3.8420614944644871E-01
 8.7687425411370999E-03 -5.8596897872484361E-03 -1.6836308673983172E-03
0
0.0
 -1.1407996218300525E+00 -2.3170985309886123E+00 3.8420614944644871E-01
 8.7136435408772459E-03 -5.7720709564394257E-03 -1.4381885522126345E-03
0
0.0
 -1.1407996218300525E+00 -2.3170985309886123E+00 3.8420614944644871E-01
 8.8354154749605580E-03 -5.8160594524756595E-03 -1.5462522130442410E-03
0
0.0
 -1.1407996218300525E+00 -2.3170985309886123E+00 3.8420614944644871E-01
 8.7464934175176586E-03 -6.0133034572969280E-03 -1.6825775049707258E-03
0
0.0
 -1.1407996218300525E+00 -2.3170985309886123E+00 3.8420614944644871E-01
 8.8596012812045526E-03 -5.8128350416314471E-03 -1.6767351416830962E-03
0
0.0
 -1.1407996218300525E+00 -2.3170985309886123E+00 3.8420614944644871E-01
 8.8397135855619209E-03 -5.8046218903621393E-03 -1.5214761156021226E-03
0
0.0
 -1.1407996218300525E+00 -2.3170985309886123E+00 3.8420614944644871E-01
 8.7788249596365085E-03 -6.1467876186342705E-03 -1.5632096923009491E-03
0
0.0
 -1.1407996218300525E+00 -2.3170985309886123E+00 3.8420614944644871E-01
 8.8012035278556174E-03 -5.9468684872618265E-03 -1.6149573486704848E-03
0
0.0
 -1.1407996218300525E+00 -2.3170985309886123E+00 3.8420614944644871E-01
 8.7558549258484903E-03 -6.0224552570918247E-03 -1.8470856888043367E-03
0
0.0
 -1.1407996218300525E+00 -2.3170985309886123E+00 3.8420614944644871E-01
 8.7940125391123298E-03 -5.8855351516318459E-03 -1.6173078152683384E-03
0
0.0
 -1.1407996218300525E+00 -2.3170985309886123E+00 3.8420614944644871E-01
 8.7474018947570169E-03 -6.0641162058151605E-03 -1.7961940345247274E-03
0
0.0
 -1.1407996218300525E+00 -2.3170985309886123E+00 3.8420614944644871E-01
 8.8268232690995544E-03 -5.8087895891522226E-03 -1.5621687073455340E-03
0
0.0
 -1.1407996218300525E+00 -2.3170985309886123E+00 3.8420614944644871E-01
 8.7879923813726536E-03 -6.0116870551114397E-03 -1.6463383782144955E-03
0
0.0
 -1.1407996218300525E+00 -2.3170985309886123E+00 3.8420614944644871E-01
 9.0238209566166367E-03 -5.7770415913261687E-03 -1.6486991646201203E-03
0
0.0
 -1.1407996218300525E+00 -2.3170985309886123E+00 3.8420614944644871E-01
 8.8089383991081221E-03 -5.9217092413191945E-03 -1.8419961807002849E-03
0
0.0
 -1.1407996218300525E+00 -2.3170985309886123E+00 3.8420614944644871E-01
 8.9338198328085903E-03 -6.0865273612418901E-03 -1.5108875564267140E-03
0
0.0
 -1.1407996218300525E+00 -2.3170985309886123E+00 3.8420614944644871E-01
 8.9924872915614386E-03 -5.7259950720416420E-03 -1.4954324157254960E-03
0
0.0
 -1.1407996218300525E+00 -2.3170985309886123E+00 3.8420614944644871E-01
 8.5547822250748532E-03 -5.9434429813461720E-03 -1.4059140045535666E-03
0
0.0
 -1.1407996218300525E+00 -2.3170985309886123E+00 3.8420614944644871E-01
 8.8591880548443257E-03 -5.7360539337995989E-03 -1.4455656706760000E-03
0
0.0
 -1.1407996218300525E+00 -2.3170985309886123E+00 3.8420614944644871E-01
 8.6582670765149583E-03 -5.7887763352303797E-03 -1.7715930632409651E-03
0
0.0
