50
-1
1
 -0.52492614  -0.27129974  -0.80675213  1.62798753e-04
  0.48833390   0.38223174   0.78449277  3.49326379e-04
 -0.31585560   0.88253350  -0.34838177  4.38939060e-04
  0.99044347  -0.08623449   0.10763522  2.62706365e-04
 -0.72496153   0.68316092   0.08787451  1.81584677e-04
  0.92992384  -0.21604963  -0.29759739  3.66626016e-04
 -0.72487492  -0.63998526   0.25490238  2.67070315e-04
 -0.36626783   0.87514225  -0.31618652  3.39193211e-04
  0.54635196   0.83415598  -0.07538794  2.15615151e-04
 -0.58085396   0.67254353   0.45857810  3.01573810e-04
 -0.72412197   0.20584946   0.65823504  2.59808272e-04
  0.12150052  -0.97414100   0.19049128  2.43794853e-04
  0.84350920   0.16919532   0.50976973  1.71110835e-04
 -0.02665257   0.93705013   0.34817623  2.77330966e-04
 -0.31260904   0.73999626  -0.59555111  2.45745773e-04
  0.35751600  -0.73647464  -0.57427120  2.42129096e-04
  0.27523593   0.58851176  -0.76019675  2.37410293e-04
  0.98872157   0.05201166   0.14044376  2.15127902e-04
 -0.71725140  -0.63940190  -0.27697588  3.22323034e-04
  0.66757747  -0.57566867  -0.47217149  5.06723316e-04
 -0.52321736  -0.84694340   0.09450115  1.87514993e-04
 -0.18949322   0.68200488  -0.70637219  3.62418329e-04
  0.51953476  -0.85440862   0.00833908  4.83243566e-04
 -0.12120495   0.62829903   0.76847231  2.33826016e-04
 -0.94857099   0.10657104  -0.29808672  2.72253398e-04
  0.01611121   0.32359067   0.94605999  2.71256654e-04
  0.64130644   0.76554411   0.05165527  3.16688996e-04
  0.53171499  -0.37202742   0.76083820  2.17364908e-04
 -0.70722926   0.39693767  -0.58503612  8.04833097e-04
 -0.13824443  -0.81073722  -0.56885292  3.77174210e-04
  0.73463643   0.61957688   0.27646666  4.47069737e-04
  0.65132106  -0.29316302   0.69988308  2.13465484e-04
  0.85450906  -0.50962807   0.10046639  1.46617917e-04
  0.09137844  -0.59482701   0.79864310  1.83785276e-04
 -0.39622705  -0.05289338  -0.91662774  2.02465961e-04
  0.88927228  -0.11967660  -0.44144346  1.61312113e-04
  0.46959043   0.02126208   0.88262832  2.72243849e-04
 -0.44689935   0.89199568   0.06800499  1.67618094e-04
  0.80777484   0.26874389  -0.52466801  4.32911258e-04
 -0.10321918  -0.68761105   0.71870498  1.63978307e-04
 -0.08104489   0.76998157  -0.63289819  1.93603399e-04
  0.42525431   0.51083828   0.74712986  1.79368241e-04
 -0.95947731  -0.01904792   0.28114137  2.86421406e-04
 -0.66115108  -0.17140658  -0.73041018  5.14529727e-04
 -0.79971131  -0.20018601  -0.56602773  2.69720707e-04
 -0.09139460  -0.41483982   0.90529274  1.78263590e-04
 -0.57244202  -0.44586603  -0.68812326  3.47736631e-04
 -0.89606362  -0.43877245  -0.06744419  2.66434655e-04
  0.46737549  -0.69979219  -0.54023240  5.11959508e-04
  0.80527684  -0.59103283   0.04700428  1.88068631e-04
