50
 -1.1407996218300525E+00 -2.3170985309886123E+00 3.8420614944644871E-01
 8.6746684440568139E-03 -5.8177145826235786E-03 -1.6071490748885186E-03
0
0.0
 -1.1407996218300525E+00 -2.3170985309886123E+00 3.8420614944644871E-01
 8.6228174554882631E-03 -6.0662384953525271E-03 -1.5260524745134639E-03
0
0.0
 -1.1407996218300525E+00 -2.3170985309886123E+00 3.8420614944644871E-01
 8.8191365665753960E-03 -6.0761464972284782E-03 -1.6618198891916220E-03
0
0.0
 -1.1407996218300525E+00 -2.3170985309886123E+00 3.8420614944644871E-01
 8.8765310025352932E-03 -5.9848570258075572E-03 -1.6734800519155487E-03
0
0.0
 -1.1407996218300525E+00 -2.3170985309886123E+00 3.8420614944644871E-01
 8.6390356286542239E-03 -5.7790056937578309E-03 -1.4609531112174806E-03
0
0.0
 -1.1407996218300525E+00 -2.3170985309886123E+00 3.8420614944644871E-01
 8.8273095450486835E-03 -5.7392308729966477E-03 -1.4556535864172894E-03
0
0.0
 -1.1407996218300525E+00 -2.3170985309886123E+00 3.8420614944644871E-01
 8.7705061862632487E-03 -5.8293833000281296E-03 -1.6217641486995543E-03
0
0.0
 -1.1407996218300525E+00 -2.3170985309886123E+00 3.8420614944644871E-01
 8.7645128679783735E-03 -5.9532065757355521E-03 -1.6852228035355013E-03
0
0.0
 -1.1407996218300525E+00 -2.3170985309886123E+00 3.8420614944644871E-01
 8.8313921046780635E-03 -6.1683742844063638E-03 -1.5476344308355014E-03
0
0.0
 -1.1407996218300525E+00 -2.3170985309886123E+00 3.8420614944644871E-01
 8.6381507879690934E-03 -5.6887240859735799E-03 -1.8349400761681540E-03
0
0.0
 -1.1407996218300525E+00 -2.3170985309886123E+00 3.8420614944644871E-01
 8.7484698302488957E-03 -5.7777533472459317E-03 -1.8827392478668406E-03
0
0.0
 -1.1407996218300525E+00 -2.3170985309886123E+00 3.8420614944644871E-01
 8.7576858928258144E-03 -5.9219657446703796E-03 -1.8961412665677042E-03
0
0.0
 -1.1407996218300525E+00 -2.3170985309886123E+00 3.8420614944644871E-01
 8.9281462435655944E-03 -5.7933827800877432E-03 -1.4703298698081364E-03
0
0.0
 -1.1407996218300525E+00 -2.3170985309886123E+00 3.8420614944644871E-01
 8.8059785343332225E-03 -6.0567540923573242E-03 -1.5474038713302507E-03
0
0.0
 -1.1407996218300525E+00 -2.3170985309886123E+00 3.8420614944644871E-01
 8.7087443948722469E-03 -5.7759742885983663E-03 -1.5521115060332640E-03
0
0.0
 -1.1407996218300525E+00 -2.3170985309886123E+00 3.8420614944644871E-01
 8.8333623392823097E-03 -5.6891493620730990E-03 -1.8491496840743935E-03
0
0.0
 -1.1407996218300525E+00 -2.3170985309886123E+00 3.8420614944644871E-01
 8.6828474123130904E-03 -5.9645655253431898E-03 -1.5661915384026261E-03
0
0.0
 -1.1407996218300525E+00 -2.3170985309886123E+00 3.8420614944644871E-01
 8.7872789342072696E-03 -5.9789607587494454E-03 -1.6234453951295958E-03
0
0.0
 -1.1407996218300525E+00 -2.3170985309886123E+00 3.8420614944644871E-01
 8.9711032175867067E-03 -5.8641782348438903E-03 -1.5946950608027722E-03
0
0.0
 -1.1407996218300525E+00 -2.3170985309886123E+00 3.8420614944644871E-01
 9.0528042474079234E-03 -5.9832725662846914E-03 -1.6501947145536448E-03
0
0.0
 -1.1407996218300525E+00 -2.3170985309886123E+00 3.8420614944644871E-01
 8.6651711112219129E-03 -6.0432819180044764E-03 -1.7711910722655487E-03
0
0.0
 -1.1407996218300525E+00 -2.3170985309886123E+00 3.8420614944644871E-01
 8.9026474749633495E-03 -5.7401012782738806E-03 -1.6997193420315896E-03
0
0.0
 -1.1407996218300525E+00 -2.3170985309886123E+00 3.8420614944644871E-01
 8.7231518814144642E-03 -5.9271238904945707E-03 -1.7256114896959745E-03
0
0.0
 -1.1407996218300525E+00 -2.3170985309886123E+00 3.8420614944644871E-01
 8.7481831125094910E-03 -6.0930008009431750E-03 -1.5364389792453291E-03
0
0.0
 -1.1407996218300525E+00 -2.3170985309886123E+00 3.8420614944644871E-01
 8.7827179442893713E-03 -5.8274748903999838E-03 -1.5925572905698239E-03
0
0.0
 -1.1407996218300525E+00 -2.3170985309886123E+00 3.8420614944644871E-01
 8.7706867372510412E-03 -5.9394089770183015E-03 -1.5938243109757018E-03
0
0.0
 -1.1407996218300525E+00 -2.3170985309886123E+00 3.8420614944644871E-01
 8.8615194940690790E-03 -5.9082237472194918E-03 -1.8225899263731148E-03
0
0.0
 -1.1407996218300525E+00 -2.3170985309886123E+00 3.8420614944644871E-01
 8.6719392412107649E-03 -5.9688969581292613E-03 -1.3695730306060440E-03
0
0.0
 -1.1407996218300525E+00 -2.3170985309886123E+00 3.8420614944644871E-01
 8.7430804687578280E-03 -6.0568467117404819E-03 -1.3734138609275278E-03
0
0.0
 -1.1407996218300525E+00 -2.3170985309886123E+00 3.8420614944644871E-01
 8.6097795214291149E-03 -6.1045598592772143E-03 -1.7221062166901135E-03
0
0.0
 -1.1407996218300525E+00 -2.3170985309886123E+00 3.8420614944644871E-01
 8.7253481109276759E-03 -5.7061764710979778E-03 -1.6179812965616083E-03
0
0.0
 -1.1407996218300525E+00 -2.3170985309886123E+00 3.8420614944644871E-01
 8.9345400844672261E-03 -5.6978496533100021E-03 -1.8393583769285736E-03
0
0.0
 -1.1407996218300525E+00 -2.3170985309886123E+00 3.8420614944644871E-01
 8.8268499112368719E-03 -5.9438766102194842E-03 -1.6914535061508438E-03
0
0.0
 -1.1407996218300525E+00 -2.3170985309886123E+00 3.8420614944644871E-01
 8.7733136404731620E-03 -5.9026809864019232E-03 -1.5966865487872673E-03
0
0.0
 -1.1407996218300525E+00 -2.3170985309886123E+00 3.8420614944644871E-01
 8.7589490931428444E-03 -5.7897256019751996E-03 -1.5739490404428423E-03
0
0.0
 -1.1407996218300525E+00 -2.3170985309886123E+00 3.8420614944644871E-01
 8.5451021955551681E-03 -5.9511556754214849E-03 -1.5603067331058302E-03
0
0.0
 -1.1407996218300525E+00 -2.3170985309886123E+00 3.8420614944644871E-01
 8.7432680839586614E-03 -5.8084289648128356E-03 -1.6233637006968988E-03
0
0.0
 -1.1407996218300525E+00 -2.3170985309886123E+00 3.8420614944644871E-01
 8.6535002780399762E-03 -5.8451793670391576E-03 -1.4716843619697795E-03
0
0.0
 -1.1407996218300525E+00 -2.3170985309886123E+00 3.8420614944644871E-01
 8.9686008987918345E-03 -5.6954123999225130E-03 -1.4506929866725275E-03
0
0.0
 -1.1407996218300525E+00 -2.3170985309886123E+00 3.8420614944644871E-01
 8.7461743142001128E-03 -5.9885609210841087E-03 -1.5738018698883906E-03
0
0.0
 -1.1407996218300525E+00 -2.3170985309886123E+00 3.8420614944644871E-01
 8.5687754607435621E-03 -5.9565697560911872E-03 -1.4216018697786948E-03
0
0.0
 -1.1407996218300525E+00 -2.3170985309886123E+00 3.8420614944644871E-01
 8.6272611984217935E-03 -5.9371466066504217E-03 -1.5434441657501091E-03
0
0.0
 -1.1407996218300525E+00 -2.3170985309886123E+00 3.8420614944644871E-01
 9.0118988500731377E-03 -5.9737494367477608E-03 -1.6982354090248914E-03
0
0.0
 -1.1407996218300525E+00 -2.3170985309886123E+00 3.8420614944644871E-01
 8.8079458721618594E-03 -5.8693644027326712E-03 -1.6600186098763789E-03
0
0.0
 -1.1407996218300525E+00 -2.3170985309886123E+00 3.8420614944644871E-01
 8.8980438504460638E-03 -5.8751588138087237E-03 -1.3797541838967385E-03
0
0.0
 -1.1407996218300525E+00 -2.3170985309886123E+00 3.8420614944644871E-01
 8.9041048777223873E-03 -5.9785764131483118E-03 -1.3503425742298124E-03
0
0.0
 -1.1407996218300525E+00 -2.3170985309886123E+00 3.8420614944644871E-01
 8.6015990776737248E-03 -5.9458821939266833E-03 -1.5682790845282727E-03
0
0.0
 -1.1407996218300525E+00 -2.3170985309886123E+00 3.8420614944644871E-01
 8.7929743174261134E-03 -6.1118736188710571E-03 -1.5501772159056040E-03
0
0.0
 -1.1407996218300525E+00 -2.3170985309886123E+00 3.8420614944644871E-01
 8.9445858258181896E-03 -5.6203930454392301E-03 -1.7060253442506424E-03
0
0.0
 -1.1407996218300525E+00 -2.3170985309886123E+00 3.8420614944644871E-01
 8.6133420941194392E-03 -5.7113488368883102E-03 -1.7886713055932488E-03
0
0.0
