20
 -1.1407996218300525E+00 -2.3170985309886123E+00 3.8420614944644871E-01
 8.8554316535500513E-03 -5.9436152306018642E-03 -1.6123919774622625E-03
0
0.0
 -1.1407996218300525E+00 -2.3170985309886123E+00 3.8420614944644871E-01
 8.8147816980766944E-03 -5.8989783078086328E-03 -1.6360638868977446E-03
0
0.0
 -1.1407996218300525E+00 -2.3170985309886123E+00 3.8420614944644871E-01
 8.9927792908404743E-03 -6.0852527453004266E-03 -1.4662173898134703E-03
0
0.0
 -1.1407996218300525E+00 -2.3170985309886123E+00 3.8420614944644871E-01
 8.9723252092093336E-03 -5.9922984182971062E-03 -1.4868476612061941E-03
0
0.0
 -1.1407996218300525E+00 -2.3170985309886123E+00 3.8420614944644871E-01
 8.6403741461788149E-03 -5.9103736003043401E-03 -1.8392820813510407E-03
0
0.0
 -1.1407996218300525E+00 -2.3170985309886123E+00 3.8420614944644871E-01
 8.6137048024226368E-03 -5.9610780556948774E-03 -1.7301050493854762E-03
0
0.0
 -1.1407996218300525E+00 -2.3170985309886123E+00 3.8420614944644871E-01
 8.7749436188591344E-03 -5.9736452101855119E-03 -1.5405747196201021E-03
0
0.0
 -1.1407996218300525E+00 -2.3170985309886123E+00 3.8420614944644871E-01
 8.5456701778376838E-03 -5.9028145726488304E-03 -1.7809886152147150E-03
0
0.0
 -1.1407996218300525E+00 -2.3170985309886123E+00 3.8420614944644871E-01
 8.8172240142525300E-03 -6.1442030449255468E-03 -1.7722674675357995E-03
0
0.0
 -1.1407996218300525E+00 -2.3170985309886123E+00 3.8420614944644871E-01
 8.8671459953588733E-03 -5.8827344213044303E-03 -1.5556830521221846E-03
0
0.0
 -1.1407996218300525E+00 -2.3170985309886123E+00 3.8420614944644871E-01
 8.7177060852786856E-03 -5.8582393137886169E-03 -1.7824712462376261E-03
0
0.0
 -1.1407996218300525E+00 -2.3170985309886123E+00 3.8420614944644871E-01
 8.8651578658149738E-03 -5.8881130034700779E-03 -1.6026486107813915E-03
0
0.0
 -1.1407996218300525E+00 -2.3170985309886123E+00 3.8420614944644871E-01
 8.9137790764013177E-03 -5.7406634855150570E-03 -1.6099912883104830E-03
0
0.0
 -1.1407996218300525E+00 -2.3170985309886123E+00 3.8420614944644871E-01
 8.9214932317517627E-03 -5.8560727619910088E-03 -1.5125238331549047E-03
0
0.0
 -1.1407996218300525E+00 -2.3170985309886123E+00 3.8420614944644871E-01
 8.7271596772163316E-03 -5.7771446163953034E-03 -1.7696417177258765E-03
0
0.0
 -1.1407996218300525E+00 -2.3170985309886123E+00 3.8420614944644871E-01
 8.6370878271313095E-03 -5.8744917671523138E-03 -1.6788607708297029E-03
0
0.0
 -1.1407996218300525E+00 -2.3170985309886123E+00 3.8420614944644871E-01
 8.6985856648700184E-03 -5.6980800144984505E-03 -1.7105072441790056E-03
0
0.0
 -1.1407996218300525E+00 -2.3170985309886123E+00 3.8420614944644871E-01
 8.7866668985248798E-03 -6.1738178233999583E-03 -1.4797461906115629E-03
0
0.0
 -1.1407996218300525E+00 -2.3170985309886123E+00 3.8420614944644871E-01
 8.6130248883482304E-03 -5.9536246064830290E-03 -1.4263609008522272E-03
0
0.0
 -1.1407996218300525E+00 -2.3170985309886123E+00 3.8420614944644871E-01
 8.8375937387928111E-03 -5.9289820246126133E-03 -1.6164997135039562E-03
0
0.0
