20
-1
1
  0.34562390  -0.49389777  -0.79787788  2.40253336e-04
  0.70144551   0.32516178   0.63422710  2.37381161e-04
  0.43348988  -0.57997260   0.68972335  7.67919134e-04
 -0.65360642   0.27280917  -0.70595595  2.24425820e-04
  0.48976023  -0.25565917   0.83353063  3.54353427e-04
 -0.19875825   0.36817881   0.90826181  2.11526244e-04
  0.11861064   0.98314022  -0.13916477  2.03836625e-04
  0.28052257   0.49687040  -0.82123498  3.96194576e-04
 -0.68566721  -0.07012607  -0.72452937  2.62122831e-04
  0.73019504  -0.49173934   0.47434969  1.68400143e-04
 -0.64401375  -0.72757575   0.23638912  4.66423705e-04
 -0.65033866   0.39912856   0.64634048  2.28761427e-04
 -0.46319488   0.01734813  -0.88608665  5.10374528e-04
  0.95362463  -0.21868356   0.20682741  2.30030886e-04
  0.15565567  -0.88343217   0.44194899  4.39717013e-04
 -0.13169007   0.11479393   0.98462180  2.14986533e-04
  0.48414861  -0.22779841   0.84481241  1.93380192e-04
  0.37898232   0.34901693  -0.85706452  2.28385255e-04
 -0.81117147  -0.56379115  -0.15537175  2.45833073e-04
  0.44261668  -0.89072300   0.10345531  1.88759473e-04
