20
-1
1
 -0.43827034  -0.88610855   0.15076719  1.57068546e-04
  0.22869267  -0.90541621   0.35766067  1.91363869e-04
 -0.34275945   0.38819797  -0.85546379  3.11752058e-04
 -0.72092836  -0.64736064   0.24735905  5.35235489e-04
 -0.79520775   0.55499985   0.24417167  1.48490667e-04
  0.41283738  -0.90937679  -0.05098184  2.85491569e-04
  0.03491233   0.93713540  -0.34721517  1.45532282e-04
  0.15838119  -0.93235410  -0.32500958  2.23875428e-04
 -0.14073332  -0.15275877  -0.97819164  2.73529866e-04
  0.56566516   0.47865229   0.67150198  1.84512899e-04
  0.46970331  -0.86244376   0.18859895  1.83099610e-04
 -0.59454874   0.67573306  -0.43577130  2.37010434e-04
 -0.07687229   0.76620875  -0.63797712  1.45889605e-04
  0.91567924  -0.34164526  -0.21168382  6.03018349e-04
 -0.91151050   0.07051587   0.40518653  3.09938052e-04
 -0.58498440   0.30838326   0.75012867  4.95744439e-04
  0.42986721   0.06245150  -0.90072970  2.26277305e-04
  0.81472234  -0.38594205  -0.43275425  6.96326024e-04
 -0.19256720   0.08619947   0.97749042  3.89516704e-04
  0.12400156  -0.65199695   0.74801310  1.62411170e-04
