20
 -1.1407996218300525E+00 -2.3170985309886123E+00 3.8420614944644871E-01
 8.5656574143298282E-03 -5.9834236302773172E-03 -1.6460342701576406E-03
0
0.0
 -1.1407996218300525E+00 -2.3170985309886123E+00 3.8420614944644871E-01
 8.7005028582375840E-03 -5.9376400471133446E-03 -1.6295623442541319E-03
0
0.0
 -1.1407996218300525E+00 -2.3170985309886123E+00 3.8420614944644871E-01
 8.7386731588244611E-03 -5.9170352870908096E-03 -1.5734963543533613E-03
0
0.0
 -1.1407996218300525E+00 -2.3170985309886123E+00 3.8420614944644871E-01
 8.8113203277465895E-03 -5.8910328679273724E-03 -1.7823714037813983E-03
0
0.0
 -1.1407996218300525E+00 -2.3170985309886123E+00 3.8420614944644871E-01
 8.8801757267628900E-03 -5.8822883097094285E-03 -1.6937231747911805E-03
0
0.0
 -1.1407996218300525E+00 -2.3170985309886123E+00 3.8420614944644871E-01
 8.8234165258598996E-03 -5.8479523316164539E-03 -1.6624789652346103E-03
0
0.0
 -1.1407996218300525E+00 -2.3170985309886123E+00 3.8420614944644871E-01
 8.8335599575796748E-03 -5.6985556908166956E-03 -1.6508814246684344E-03
0
0.0
 -1.1407996218300525E+00 -2.3170985309886123E+00 3.8420614944644871E-01
 8.5814364397279914E-03 -5.7489977371492701E-03 -1.4661556764965261E-03
0
0.0
 -1.1407996218300525E+00 -2.3170985309886123E+00 3.8420614944644871E-01
 8.7518873074771634E-03 -6.0452289576639088E-03 -1.6997984702861856E-03
0
0.0
 -1.1407996218300525E+00 -2.3170985309886123E+00 3.8420614944644871E-01
 8.7381230907561235E-03 -5.7507556571050299E-03 -1.7163167070580064E-03
0
0.0
 -1.1407996218300525E+00 -2.3170985309886123E+00 3.8420614944644871E-01
 8.7383665489566623E-03 -5.9379207465777581E-03 -1.6177290648978148E-03
0
0.0
 -1.1407996218300525E+00 -2.3170985309886123E+00 3.8420614944644871E-01
 8.7330665500345746E-03 -6.0082775096685246E-03 -1.5112291254125618E-03
0
0.0
 -1.1407996218300525E+00 -2.3170985309886123E+00 3.8420614944644871E-01
 8.6436677724587713E-03 -5.8333033885776047E-03 -1.7161975110286222E-03
0
0.0
 -1.1407996218300525E+00 -2.3170985309886123E+00 3.8420614944644871E-01
 8.6083869910471896E-03 -5.9860187331288563E-03 -1.7148416089828797E-03
0
0.0
 -1.1407996218300525E+00 -2.3170985309886123E+00 3.8420614944644871E-01
 8.7476876742001962E-03 -5.9027015527578419E-03 -1.6100613754385679E-03
0
0.0
 -1.1407996218300525E+00 -2.3170985309886123E+00 3.8420614944644871E-01
 8.8109042043426327E-03 -5.8939974369210521E-03 -1.7099718276904472E-03
0
0.0
 -1.1407996218300525E+00 -2.3170985309886123E+00 3.8420614944644871E-01
 8.8891349187187468E-03 -5.9796939657966409E-03 -1.6118622929063434E-03
0
0.0
 -1.1407996218300525E+00 -2.3170985309886123E+00 3.8420614944644871E-01
 9.0736871500377535E-03 -5.8789080430902002E-03 -1.5171055369955543E-03
0
0.0
 -1.1407996218300525E+00 -2.3170985309886123E+00 3.8420614944644871E-01
 8.9892864483483471E-03 -5.9667275478778774E-03 -1.6597756471399840E-03
0
0.0
 -1.1407996218300525E+00 -2.3170985309886123E+00 3.8420614944644871E-01
 8.7798256927801976E-03 -5.9738602684113575E-03 -1.6821931454961564E-03
0
0.0
