20
-1
1
  0.93601848  -0.04845386  -0.34859952  2.80082608e-04
  0.97348058   0.18944646  -0.12824037  4.56086634e-04
 -0.18062088  -0.43916423   0.88006299  1.72623793e-04
 -0.42617880   0.85158870  -0.30523485  2.50166236e-04
 -0.20141859  -0.67542059  -0.70939240  2.06584501e-04
 -0.47356755   0.31291297  -0.82329779  2.42844309e-04
  0.75536477   0.57185379   0.32001143  2.33928799e-04
  0.93421877   0.26000469   0.24419838  2.08263820e-04
 -0.58312424   0.79689333  -0.15788329  1.56679498e-04
 -0.80392345  -0.53832408   0.25281273  2.07573321e-04
 -0.74547300   0.65881121   0.10118203  2.41887431e-04
 -0.18323534   0.90833297  -0.37597343  1.46178688e-04
  0.96064756  -0.24163836  -0.13699329  3.21840963e-04
 -0.68500007   0.56238958   0.46313374  1.47323871e-04
  0.59160118  -0.79972437   0.10222020  1.53566678e-04
  0.70439532   0.53618166  -0.46511984  1.58952820e-04
  0.21184651  -0.74301278  -0.63486460  2.22315643e-04
  0.28377231  -0.14533964  -0.94781310  1.75923847e-04
  0.98591029  -0.16105793  -0.04518005  4.36069057e-04
  0.24550653   0.41790575   0.87468927  2.26039930e-04
