20
 -1.1407996218300525E+00 -2.3170985309886123E+00 3.8420614944644871E-01
 8.9066178607180996E-03 -6.0381081083919997E-03 -1.3410370835056874E-03
0
0.0
 -1.1407996218300525E+00 -2.3170985309886123E+00 3.8420614944644871E-01
 8.9843124346023449E-03 -5.7612443112044489E-03 -1.6729517860442442E-03
0
0.0
 -1.1407996218300525E+00 -2.3170985309886123E+00 3.8420614944644871E-01
 8.7784266687229735E-03 -5.9871865451091473E-03 -1.8179328994195011E-03
0
0.0
 -1.1407996218300525E+00 -2.3170985309886123E+00 3.8420614944644871E-01
 8.5262153018902890E-03 -5.7866885457658552E-03 -1.6789623739196350E-03
0
0.0
 -1.1407996218300525E+00 -2.3170985309886123E+00 3.8420614944644871E-01
 8.8557236954407877E-03 -5.8341608307664102E-03 -1.4145432237815741E-03
0
0.0
 -1.1407996218300525E+00 -2.3170985309886123E+00 3.8420614944644871E-01
 8.8358818405241055E-03 -5.8901899875055813E-03 -1.6557862594646009E-03
0
0.0
 -1.1407996218300525E+00 -2.3170985309886123E+00 3.8420614944644871E-01
 8.8710504567551165E-03 -5.8925534525078411E-03 -1.5815487403018525E-03
0
0.0
 -1.1407996218300525E+00 -2.3170985309886123E+00 3.8420614944644871E-01
 9.0134793737965038E-03 -5.9851726252202796E-03 -1.3876492940625975E-03
0
0.0
 -1.1407996218300525E+00 -2.3170985309886123E+00 3.8420614944644871E-01
 8.5555716463644009E-03 -5.9879461140396302E-03 -1.7717527751046629E-03
0
0.0
 -1.1407996218300525E+00 -2.3170985309886123E+00 3.8420614944644871E-01
 9.0307139818778838E-03 -5.8465558709109933E-03 -1.6358280380269629E-03
0
0.0
 -1.1407996218300525E+00 -2.3170985309886123E+00 3.8420614944644871E-01
 8.6378079748485360E-03 -5.7409039751452774E-03 -1.4531010338056285E-03
0
0.0
 -1.1407996218300525E+00 -2.3170985309886123E+00 3.8420614944644871E-01
 8.6288829527437980E-03 -5.8216204197121856E-03 -1.4387568468146822E-03
0
0.0
 -1.1407996218300525E+00 -2.3170985309886123E+00 3.8420614944644871E-01
 8.8759322411106449E-03 -6.0569140713191225E-03 -1.6493180480094513E-03
0
0.0
 -1.1407996218300525E+00 -2.3170985309886123E+00 3.8420614944644871E-01
 8.7728865545559902E-03 -5.9734567023503205E-03 -1.3982573932849207E-03
0
0.0
 -1.1407996218300525E+00 -2.3170985309886123E+00 3.8420614944644871E-01
 8.6592216396531637E-03 -5.8864905088750075E-03 -1.5396869549835252E-03
0
0.0
 -1.1407996218300525E+00 -2.3170985309886123E+00 3.8420614944644871E-01
 8.8583702968566061E-03 -5.9850321975524453E-03 -1.5761614069095631E-03
0
0.0
 -1.1407996218300525E+00 -2.3170985309886123E+00 3.8420614944644871E-01
 8.6088602864203816E-03 -6.0703747501164793E-03 -1.6853422146482821E-03
0
0.0
 -1.1407996218300525E+00 -2.3170985309886123E+00 3.8420614944644871E-01
 8.7463260538507507E-03 -5.9565240315393193E-03 -1.6347183149491645E-03
0
0.0
 -1.1407996218300525E+00 -2.3170985309886123E+00 3.8420614944644871E-01
 8.7634883075789656E-03 -6.0551585730036174E-03 -1.6595066064937977E-03
0
0.0
 -1.1407996218300525E+00 -2.3170985309886123E+00 3.8420614944644871E-01
 8.8368367192023442E-03 -5.8853329185065929E-03 -1.5138627047841489E-03
0
0.0
