400
-1
1
  0.69251662  -0.14200554   0.70728718  3.14144638e-04
  0.13115214   0.00574003  -0.99134564  2.10036323e-04
  0.21614828  -0.75812799   0.61524131  3.53247447e-04
 -0.88759926   0.27100783  -0.37245444  2.55190899e-04
 -0.97933211  -0.12423218   0.15960884  1.97540634e-04
  0.03027533   0.99952758  -0.00529386  4.92073272e-04
 -0.63168486  -0.53086140   0.56494284  7.09410076e-04
 -0.87797129  -0.46765867  -0.10228287  3.08241880e-04
 -0.35911786   0.04654402  -0.93213090  5.76900172e-04
  0.13711633  -0.60297495  -0.78588823  2.49965182e-04
  0.04692737   0.47476585  -0.87886018  1.49335655e-04
 -0.40473002  -0.91115492  -0.07739723  6.84125867e-04
 -0.20608510   0.90910010   0.36203031  1.57895272e-04
  0.43752642   0.78312110  -0.44191852  6.45097843e-04
 -0.98627220   0.04859390   0.15781567  1.75564817e-04
  0.05616251  -0.59390641  -0.80257146  7.57153613e-04
 -0.36013751   0.12289836  -0.92476860  2.18718374e-04
 -0.39083806  -0.14912491  -0.90829916  1.89983718e-04
  0.65171706   0.23083576   0.72248164  1.90537213e-04
 -0.93242722   0.12732578  -0.33818282  1.54162727e-04
 -0.04092508  -0.96398119  -0.26280298  5.76924626e-04
 -0.11480617  -0.73044478  -0.67325327  1.77364701e-04
 -0.78627204   0.04797796  -0.61601493  3.23460204e-04
 -0.96137830   0.01283717  -0.27493085  1.93390132e-04
 -0.78031988  -0.31258751   0.54165480  3.16030792e-04
 -0.33283481  -0.80775750   0.48656841  2.52418227e-04
 -0.77899372  -0.30963916   0.54524524  2.66709081e-04
 -0.99048240   0.10912896  -0.08387783  1.83186577e-04
  0.35443761  -0.40636980  -0.84216244  1.62649986e-04
 -0.56269724  -0.82384378   0.06821472  1.48058262e-04
  0.44370195   0.81060426   0.38216398  2.34336051e-04
  0.45246776  -0.68073184  -0.57608774  2.48578904e-04
  0.99163265  -0.05622003  -0.11620667  3.12541994e-04
  0.67145684   0.14414328  -0.72688956  5.23559898e-04
 -0.68998711  -0.40212489   0.60184164  2.38731569e-04
 -0.80127187   0.32668228  -0.50124055  4.01934055e-04
 -0.10618353   0.79833751   0.59277507  4.58794535e-04
 -0.90429121   0.10701426  -0.41328605  1.46926205e-04
  0.45047924  -0.02157547   0.89252616  3.09488442e-04
  0.13090478   0.97161246  -0.19706134  2.60230533e-04
  0.08879910  -0.44950899   0.88885116  2.23242053e-04
 -0.63918905  -0.48633197   0.59575043  4.63784440e-04
  0.81955529  -0.26871216  -0.50608587  2.38226632e-04
  0.72485631  -0.51958554  -0.45234301  6.56003786e-04
 -0.98191480   0.18918988  -0.00710775  1.57765295e-04
  0.77439944  -0.63264180   0.00835808  2.44462281e-04
  0.05872172   0.49020611   0.86962620  4.46883345e-04
 -0.65963907   0.47429638  -0.58302593  6.22043733e-04
 -0.38760770  -0.77970602  -0.49175075  7.42038864e-04
 -0.97945627   0.08338309   0.18361014  3.02561249e-04
 -0.76413635   0.47386806  -0.43765821  4.07436697e-04
 -0.02855206   0.54285837   0.83933877  2.59350034e-04
 -0.99354074  -0.09453071  -0.06277533  7.33342549e-04
  0.17976827   0.78552273  -0.59214644  1.83428764e-04
  0.32095822  -0.07231668  -0.94432840  2.47988933e-04
 -0.13738790  -0.98021807  -0.14246789  2.20439182e-04
  0.93448215  -0.14395921   0.32560538  2.97744100e-04
  0.23921608  -0.89756243   0.37034760  3.09490998e-04
  0.61565595   0.35949996   0.70123287  1.61336032e-04
  0.47885518  -0.70166451  -0.52760273  5.67720921e-04
  0.55082274   0.82091007  -0.15066837  1.46586624e-04
  0.49895357  -0.47405035   0.72548026  2.53769513e-04
 -0.91026474   0.23402303   0.34154258  2.78725388e-04
  0.45957446   0.83066715  -0.31429827  1.79117175e-04
 -0.00629088  -0.99822512  -0.05922028  1.51493227e-04
 -0.81364609  -0.26218810  -0.51888095  3.91925971e-04
  0.04373822  -0.05221255  -0.99767771  2.04683834e-04
 -0.34511468  -0.79710136  -0.49550507  3.12949303e-04
 -0.20294348   0.24713660   0.94749008  1.53737486e-04
  0.81242598   0.58119087   0.04670327  1.66215238e-04
  0.90675953  -0.38575772  -0.17022967  4.19093842e-04
  0.62786963  -0.55475821   0.54591488  3.86654082e-04
 -0.80937879   0.58534860  -0.04767591  2.52445226e-04
  0.66365259   0.67212878   0.32834150  5.11266005e-04
 -0.99915092   0.03957097  -0.01147041  3.01755070e-04
 -0.16735392   0.22148161   0.96069692  1.51737405e-04
 -0.63453597  -0.05467176  -0.77095727  5.17712543e-04
 -0.67517536  -0.11337880  -0.72889195  3.28797334e-04
 -0.26157653  -0.46208577  -0.84738094  4.30866542e-04
 -0.74675861  -0.10660924   0.65649528  3.15563864e-04
  0.30953487   0.37889749  -0.87213810  5.49515374e-04
 -0.50517549  -0.21888068  -0.83479876  1.61511267e-04
  0.85931548  -0.50975181   0.04159336  2.64319718e-04
  0.30265214   0.94513508  -0.12296898  1.58357027e-04
  0.65983568  -0.70661290  -0.25556813  1.53928163e-04
  0.23811015  -0.96224789   0.13184289  1.64034847e-04
 -0.47712229   0.74999794   0.45810195  1.78708275e-04
  0.74892229   0.36664981   0.55198126  2.68083985e-04
  0.15863499   0.14965386   0.97592964  1.77425294e-04
 -0.63357059  -0.70887343   0.30997866  8.01902518e-04
 -0.85205547   0.17071740   0.49483032  2.56180429e-04
  0.76340654  -0.23581728  -0.60133241  8.60682957e-04
 -0.98732638   0.12386246   0.09922052  4.32855642e-04
  0.37617379  -0.92654511  -0.00272761  5.16531855e-04
 -0.22899563   0.76867931   0.59723791  1.89896104e-04
 -0.05926922  -0.32427474  -0.94410437  2.48498807e-04
  0.84435013  -0.53485247   0.03171276  2.43761215e-04
  0.95495336  -0.24530666   0.16699918  2.61559265e-04
 -0.73905942   0.12072172   0.66273482  2.15212898e-04
 -0.52401254  -0.45349483   0.72093918  4.91925119e-04
 -0.46419956  -0.65119750   0.60038369  3.83507401e-04
 -0.18129742  -0.34240668   0.92189420  7.26897534e-04
 -0.11720068  -0.87381081   0.47193080  2.19389746e-04
  0.47239293  -0.70939139  -0.52307626  2.13396415e-04
 -0.17174473   0.98277716   0.06821139  6.24378737e-04
 -0.47025117   0.72772587  -0.49927837  4.01427015e-04
 -0.17845649  -0.97963450  -0.09202999  1.56812714e-04
  0.89685801   0.01333571  -0.44211749  1.48945722e-04
 -0.19997751  -0.41990183  -0.88526349  3.07875895e-04
  0.48211982  -0.58432008  -0.65278674  2.59325307e-04
  0.97390215   0.05600394   0.21995036  1.52188642e-04
  0.48456116  -0.23032440  -0.84389049  5.95073707e-04
  0.69337298  -0.08135278   0.71597181  1.84203193e-04
 -0.98251414  -0.14077794  -0.12185050  1.85570726e-04
 -0.73183898  -0.26694267   0.62701939  2.83724789e-04
 -0.61643988  -0.04761659   0.78596090  1.75619871e-04
 -0.05342334   0.99376731  -0.09783905  1.95617598e-04
  0.61766266   0.72737743   0.29902327  4.94967052e-04
  0.58203624  -0.43613486   0.68630911  2.35725706e-04
  0.68449006  -0.65212379   0.32589558  4.00447085e-04
  0.90001526   0.29842060  -0.31767543  1.47668865e-04
  0.42311616  -0.57118168   0.70336633  1.49501705e-04
  0.75616559  -0.58038556  -0.30226843  1.69145667e-04
  0.47183949   0.81940597  -0.32548633  2.64144123e-04
  0.41495402   0.12646387  -0.90101057  6.53760546e-04
 -0.36077599  -0.71050494   0.60417168  8.23505702e-04
 -0.54809968   0.76178620   0.34535276  2.93133430e-04
  0.15526928   0.96736805  -0.20022613  2.43500441e-04
 -0.80412530  -0.57352188   0.15638140  2.20110306e-04
 -0.90102199   0.43301949  -0.02556350  1.79873680e-04
 -0.99063677   0.12612206   0.05226865  7.41266519e-04
  0.40218119   0.87450853   0.27108139  1.50690436e-04
 -0.71107733   0.64117475   0.28855497  4.25001240e-04
  0.63580801   0.53392075  -0.55738389  2.14358118e-04
  0.20747238   0.21767322  -0.95371567  2.80127137e-04
 -0.53621232   0.81856134  -0.20599437  6.02504733e-04
  0.92003312  -0.05519276  -0.38793403  5.12774837e-04
  0.44026239  -0.32501960  -0.83697747  5.33835450e-04
  0.82642627   0.14693476   0.54353453  3.78257937e-04
 -0.91497060   0.32038257  -0.24532387  1.81197302e-04
 -0.19427295   0.36327935   0.91120038  6.72505567e-04
  0.22077110   0.80800338  -0.54625146  2.40287344e-04
  0.37967715  -0.63435918   0.67337486  5.08180544e-04
 -0.89852347  -0.26726666  -0.34817253  2.58734461e-04
  0.43992238   0.38423142  -0.81168622  1.64604247e-04
  0.96139535   0.25580384   0.10140701  1.76528720e-04
 -0.57397075  -0.67871261   0.45815583  2.50861980e-04
 -0.44134154   0.57795299   0.68643134  1.46654761e-04
  0.56724138  -0.57952179  -0.58514248  1.85871963e-04
 -0.79441387  -0.54649631   0.26504411  2.00942694e-04
  0.38127343  -0.81729886  -0.43203374  1.67868781e-04
 -0.73342364   0.47736192  -0.48395803  5.69885414e-04
 -0.23455385   0.22128457  -0.94658208  1.45961999e-04
 -0.51726860  -0.11830258  -0.84760704  1.69609810e-04
  0.58222176  -0.47971385  -0.65642398  1.69334948e-04
  0.01355575  -0.78718633  -0.61656624  3.25025589e-04
 -0.27980039   0.18192824  -0.94266317  2.82452515e-04
  0.52956383  -0.49731061   0.68720035  1.54684926e-04
  0.73902546  -0.61149978   0.28268249  1.92594557e-04
 -0.00767150   0.61357289   0.78960082  1.56063193e-04
 -0.51293826  -0.38133351   0.76907678  1.47781592e-04
 -0.89511795  -0.41787923   0.15537311  3.23099984e-04
 -0.48642077  -0.12299577  -0.86502420  2.70709916e-04
 -0.56815547  -0.19471858  -0.79955240  6.59805670e-04
  0.01060491  -0.94389048  -0.33008832  2.66805658e-04
  0.79929592  -0.19549939   0.56824820  1.96150067e-04
 -0.45744724  -0.88325935   0.10293177  1.58962923e-04
 -0.16040351  -0.32713885  -0.93126306  1.97394022e-04
 -0.76172658  -0.17835430   0.62286624  1.97919312e-04
  0.97257151   0.04803714  -0.22758973  3.30861961e-04
 -0.76559577   0.61906783   0.17498039  3.99281070e-04
 -0.88977733  -0.37100753   0.26580017  2.01344421e-04
  0.48059396  -0.86376213  -0.15147418  3.75521756e-04
  0.26934880  -0.07727180   0.95993765  3.86146872e-04
  0.02232693  -0.35111753   0.93606516  4.49633923e-04
 -0.14897098   0.18459742   0.97145841  4.46552143e-04
 -0.14417387  -0.82433156  -0.54744075  5.42274287e-04
 -0.99412783  -0.10009236  -0.04112627  3.06647269e-04
  0.03757046  -0.78993805   0.61203459  3.49716311e-04
 -0.98848309   0.08252243  -0.12685118  7.22612212e-04
 -0.99005801  -0.10612025   0.09232349  8.51698589e-04
 -0.31388167   0.94841649  -0.04454732  2.81842945e-04
  0.97256792  -0.13067017   0.19244986  5.55544767e-04
  0.12510728   0.93305337   0.33728263  1.77209998e-04
 -0.48698473  -0.44802751   0.74974477  3.90022086e-04
  0.87932364   0.34729549   0.32584626  2.56185733e-04
  0.98033853  -0.17904821   0.08293438  7.45793941e-04
 -0.63477667   0.68210801   0.36302513  1.46464659e-04
 -0.71584574   0.57746675   0.39255194  4.64300883e-04
 -0.73871646  -0.64195845   0.20539560  3.70913865e-04
  0.33501584   0.89354848  -0.29889043  6.51827281e-04
 -0.73987591   0.13913134  -0.65819914  1.57669677e-04
  0.53730202  -0.14389099   0.83102462  1.80471043e-04
 -0.10795589   0.97395782  -0.19937825  1.79708275e-04
 -0.80847386   0.15029258  -0.56901860  1.49712625e-04
 -0.59311200  -0.76402965   0.25392292  4.55152753e-04
 -0.22724657  -0.87434999  -0.42880193  6.46371473e-04
  0.09528640   0.78792486  -0.60835427  2.39686131e-04
  0.89747452   0.41875563   0.13850348  1.57691822e-04
  0.14605748  -0.96081949   0.23556978  5.17747519e-04
 -0.68303002  -0.57462639  -0.45085975  1.55767379e-04
  0.87963407   0.23171415  -0.41539434  1.73203317e-04
 -0.66122398  -0.53441740  -0.52647971  4.43819343e-04
 -0.06122934   0.99776722  -0.02667465  1.46189972e-04
 -0.04115164  -0.05488193  -0.99764448  2.65030484e-04
 -0.57355734  -0.79403533  -0.20134517  2.11441193e-04
 -0.90635924  -0.13412497   0.40065375  1.61360151e-04
 -0.83239298   0.33264044   0.44325192  6.07869377e-04
  0.57655418   0.79626990  -0.18313802  1.54292224e-04
  0.93198285   0.15150968  -0.32932171  3.97546965e-04
  0.89998746  -0.36669161   0.23571134  2.46296020e-04
  0.25919135   0.83147397   0.49139688  2.33238214e-04
 -0.83999994   0.47813628   0.25648741  2.96164486e-04
 -0.11503822  -0.99138078  -0.06269252  2.24265055e-04
 -0.35830858  -0.41817667   0.83471147  1.85560901e-04
  0.05843491  -0.09144290   0.99409434  1.76616459e-04
  0.44861943  -0.12772159  -0.88454949  3.44397533e-04
 -0.65073237   0.72245496   0.23367975  1.57208484e-04
  0.67149353   0.65157208  -0.35291679  2.17178533e-04
  0.18817780  -0.88245053  -0.43112665  7.46341134e-04
  0.78402046  -0.36730732   0.50039710  3.62642410e-04
  0.36712960   0.79911119   0.47606424  5.01237275e-04
  0.66086292   0.65339120   0.36924267  1.90643700e-04
 -0.69882695  -0.66063327   0.27423453  1.72402826e-04
 -0.29882470  -0.24805011  -0.92150689  6.12884000e-04
  0.55332526  -0.16456731   0.81654685  1.94022584e-04
 -0.35124735   0.93599861  -0.02306312  6.03960759e-04
 -0.86839288   0.47718632  -0.13485928  1.85780622e-04
  0.29876458   0.70065738  -0.64793438  2.55098867e-04
  0.09171534  -0.96844053   0.23175683  1.68286777e-04
 -0.26608474   0.43764951  -0.85887241  2.48864007e-04
 -0.86116271  -0.30243098   0.40857594  1.90546812e-04
 -0.79574286  -0.56376772  -0.22126739  3.20185318e-04
 -0.83742292  -0.52626929   0.14752452  2.07597309e-04
  0.00553912   0.90147630   0.43279301  1.76080174e-04
 -0.70743886   0.41770134   0.57013670  5.05671629e-04
  0.77946678   0.59169769   0.20573136  1.48957834e-04
 -0.99337397   0.03471618  -0.10955796  4.14341877e-04
  0.87490700  -0.05322354  -0.48135745  1.53617544e-04
  0.44705089  -0.70554974  -0.54985913  1.75207382e-04
 -0.56078695   0.81245035  -0.15950683  1.63365602e-04
  0.10462907  -0.71038753   0.69599017  3.41591835e-04
  0.61969117  -0.54523974  -0.56453209  2.47601439e-04
 -0.29725623   0.86248287  -0.40958765  2.33239543e-04
 -0.95922685  -0.25810048  -0.11518676  1.51870327e-04
  0.75230708  -0.51742729  -0.40780273  3.27108072e-04
  0.84174512  -0.04889564   0.53765636  1.89985781e-04
  0.05814059  -0.57543564   0.81577785  1.60353574e-04
 -0.24353204   0.45254170   0.85784506  1.80414731e-04
 -0.66277370   0.16419133  -0.73059717  2.06461875e-04
 -0.73181351   0.58223812   0.35418606  2.83977924e-04
 -0.13401060  -0.44397499  -0.88596127  6.43929434e-04
  0.07165713  -0.90655074  -0.41596996  1.64723947e-04
  0.82107662  -0.46020384   0.33770639  1.89798557e-04
 -0.82510573  -0.51355708  -0.23549875  1.87036417e-04
  0.47570673   0.81320618  -0.33525932  2.26300004e-04
  0.57024271  -0.72242536   0.39105607  2.02603936e-04
 -0.68879916   0.34543889  -0.63735994  1.98766274e-04
 -0.16795838  -0.98288920   0.07562278  3.94819864e-04
  0.15530194   0.85938368  -0.48717656  3.71062372e-04
  0.77071844  -0.00224280  -0.63717192  2.05777056e-04
 -0.71702813   0.57145483   0.39913662  2.25070545e-04
 -0.19303532   0.97593242  -0.10145582  3.90530334e-04
  0.66750169   0.18839850   0.72038011  8.56381509e-04
  0.04138154  -0.36986366   0.92816402  1.55754830e-04
  0.24084627   0.89919396  -0.36529892  1.88095111e-04
  0.45269337  -0.30004367   0.83966809  5.71242882e-04
 -0.07434231   0.64305834   0.76220023  8.56472704e-04
  0.97626454  -0.16910851   0.13531391  1.54027352e-04
 -0.47016451   0.88144822   0.04465834  1.46234829e-04
  0.96913653   0.04521717  -0.24234232  1.97655215e-04
 -0.15592926   0.00166004  -0.98776683  1.95744816e-04
 -0.49297292  -0.81798207   0.29645072  3.03768515e-04
  0.35878470  -0.02384019  -0.93311585  1.48173083e-04
  0.65794975  -0.66969728  -0.34439466  4.99073327e-04
  0.40171276  -0.83732648  -0.37082506  2.71043171e-04
  0.55657300  -0.81500430  -0.16122805  2.33909888e-04
 -0.25324133   0.90615523  -0.33874995  6.30942962e-04
  0.11151671   0.85583283  -0.50508831  4.72567546e-04
  0.39911614  -0.88316745  -0.24641746  3.14978626e-04
 -0.72431636  -0.40796597  -0.55581434  3.33861171e-04
 -0.83917361   0.32230755   0.43807019  2.13896097e-04
  0.72768632  -0.57242187  -0.37789658  3.01386990e-04
 -0.08697708   0.11992963  -0.98896505  5.94365058e-04
  0.27409757   0.38184364  -0.88264713  2.88393047e-04
 -0.05443771   0.83219939  -0.55179771  2.29192748e-04
  0.78609091  -0.61685166   0.03943493  5.85857025e-04
  0.90933153  -0.41520792   0.02680587  6.64452677e-04
 -0.79193167  -0.58679774  -0.16885688  2.73580667e-04
  0.55919029   0.10575267   0.82226674  1.57629622e-04
  0.99130061   0.08123126   0.10355957  3.64369858e-04
  0.98944015   0.03044534  -0.14170840  1.68715477e-04
 -0.67680167  -0.19237899   0.71058414  2.03546762e-04
  0.23505828   0.25093602   0.93903073  3.12454924e-04
 -0.24235368   0.54494300  -0.80268413  2.24584967e-04
  0.00632188   0.74347591   0.66873283  2.74728837e-04
  0.61811569   0.07692151  -0.78231456  1.96272639e-04
  0.08121566  -0.08333727   0.99320638  1.93368640e-04
 -0.77319329   0.28902396   0.56447966  3.63670706e-04
 -0.77193308   0.49201765   0.40253937  8.07540220e-04
 -0.18244745  -0.47075965   0.86319075  2.39036380e-04
 -0.64054139  -0.67434983  -0.36736772  2.24139206e-04
  0.87171699   0.14270966  -0.46876800  1.82631446e-04
  0.28590612   0.94567836  -0.15475828  1.46434340e-04
 -0.27592521   0.60279114  -0.74867091  3.52852002e-04
 -0.74273550   0.61631776   0.26171816  2.78154282e-04
 -0.68985423  -0.31338953  -0.65260106  5.12397819e-04
  0.75439734   0.49448999  -0.43169933  2.92825329e-04
  0.70487438   0.35530075  -0.61393280  2.00169176e-04
  0.04614474   0.77867345   0.62573022  2.06836495e-04
 -0.59006286   0.73206878  -0.34044254  2.63977509e-04
 -0.07411097  -0.95307436   0.29352483  2.98697995e-04
 -0.88813107   0.40439197   0.21838116  4.76373555e-04
  0.45172053   0.31992945  -0.83282274  1.82130072e-04
 -0.42265202  -0.90050695   0.10223749  3.82078516e-04
  0.11831048  -0.39667285   0.91030395  2.18108357e-04
  0.19010542  -0.18368080   0.96442796  2.44515125e-04
 -0.91350300  -0.27963738  -0.29549146  7.36145521e-04
  0.35197017  -0.47103067   0.80885543  8.09065682e-04
  0.35131864   0.92416655   0.14997131  3.85258772e-04
 -0.81136981  -0.23498523   0.53522049  1.84211056e-04
 -0.87600058  -0.45166787  -0.16917186  4.68088197e-04
  0.97397053   0.22598014   0.01773108  1.67862119e-04
  0.07745798  -0.97252393  -0.21953923  1.54550772e-04
  0.13544011   0.61547963   0.77642823  2.65697938e-04
 -0.42253260   0.44381257  -0.79025098  4.17918531e-04
  0.44187076   0.82736581   0.34672187  1.70146788e-04
  0.74520520  -0.42316786   0.51536218  3.21600995e-04
 -0.83040329  -0.44730069   0.33219341  4.45937080e-04
 -0.36753192  -0.27600797  -0.88811029  2.01093124e-04
 -0.17829517   0.75598332  -0.62984129  5.77975786e-04
 -0.36479520   0.30994923   0.87798402  1.89117884e-04
 -0.22998528  -0.59882630  -0.76714656  1.99047290e-04
  0.26035159  -0.88308145  -0.39036420  1.59310522e-04
 -0.20133923   0.90470740  -0.37545577  6.15963928e-04
  0.51403114   0.82664932  -0.22896046  3.43095921e-04
  0.65822073   0.69037085   0.30022253  5.46384836e-04
 -0.86714555  -0.31571134  -0.38520766  1.48762930e-04
  0.17978228   0.33043439   0.92654813  2.75131841e-04
 -0.07734878  -0.56643063  -0.82047152  1.89935248e-04
 -0.50587217  -0.83167453  -0.22893409  3.22277998e-04
 -0.34217706  -0.76108132  -0.55106268  3.11316671e-04
  0.91716842   0.39837659  -0.00990857  1.61545909e-04
 -0.53133637   0.56708975   0.62935751  1.97186615e-04
  0.96923719   0.24603565   0.00676218  2.33750180e-04
 -0.21844233   0.70733512   0.67227968  2.05278837e-04
 -0.37617060   0.31747133  -0.87046403  1.97766691e-04
 -0.95179183   0.13386235  -0.27599491  4.47397557e-04
  0.74347548  -0.26146056  -0.61553439  1.45569208e-04
 -0.90616341   0.03278149   0.42165537  2.03690514e-04
 -0.94864190   0.10130697  -0.29969224  2.09587403e-04
  0.22475972  -0.92676433  -0.30098329  6.44184690e-04
  0.65130072   0.57986851  -0.48944856  3.02414466e-04
  0.05697175   0.63369756   0.77148015  1.52347769e-04
 -0.82034583   0.34601364  -0.45531008  1.45966339e-04
 -0.60900522  -0.34792785   0.71278247  1.72740020e-04
  0.63425247  -0.74027133   0.22298467  2.48286885e-04
 -0.79783978  -0.57831852   0.17029202  2.51625437e-04
  0.79418107  -0.60537008   0.05294803  1.55148098e-04
  0.43167537  -0.89649640  -0.09975258  1.83337050e-04
  0.87479603   0.27527641   0.39869136  1.51607189e-04
  0.31570313  -0.74325306   0.58983593  2.55724215e-04
  0.01244323   0.67611330  -0.73669259  2.51249076e-04
  0.54131303  -0.52687973   0.65526937  3.42303764e-04
 -0.40904170   0.08616601   0.90843839  1.49473466e-04
  0.87152433   0.46784635  -0.14685071  1.67905593e-04
  0.19307002   0.89478351  -0.40259960  1.66483008e-04
 -0.74017486  -0.64307267   0.19646556  2.20535912e-04
 -0.26054128   0.80735573  -0.52942891  2.59221741e-04
 -0.81973462  -0.12810694   0.55823272  2.47742139e-04
  0.11463079  -0.93368333   0.33925688  2.46570502e-04
 -0.66743932   0.05489039  -0.74263840  5.03771757e-04
 -0.17798823   0.48901234  -0.85392454  2.98110091e-04
  0.93678026   0.22590186   0.26722855  1.87472342e-04
  0.26306214   0.53822676   0.80069362  1.80705212e-04
 -0.38183121   0.48908790  -0.78421805  4.16671289e-04
  0.86986543   0.47009326   0.14948734  4.66903079e-04
  0.60653176  -0.53559646  -0.58758459  1.90126468e-04
  0.88858020   0.40242980   0.22017150  1.57247849e-04
  0.07278692  -0.03831646   0.99661121  4.52352765e-04
  0.15101119   0.98629718   0.06643417  1.57875832e-04
  0.61163870   0.16069437  -0.77464535  2.24036768e-04
  0.14254886  -0.27576856   0.95059535  1.63760673e-04
  0.93703148  -0.32965831   0.11531440  1.91195941e-04
 -0.20908056  -0.96517585   0.15722879  4.18027638e-04
 -0.92564146   0.34411911  -0.15738463  1.72346626e-04
 -0.99968589   0.00824518  -0.02366733  1.54237630e-04
  0.91192410  -0.28194075   0.29816748  3.37822316e-04
 -0.32236820   0.85549454   0.40522567  3.13706577e-04
 -0.11432835   0.89601258  -0.42905767  2.91256619e-04
 -0.09220381  -0.90870087  -0.40713780  1.93171283e-04
  0.01235597   0.66566362   0.74614963  1.82202156e-04
  0.58144580  -0.79213225  -0.18559980  1.64913145e-04
  0.00765677   0.99395033  -0.10956333  2.45924977e-04
  0.87497866  -0.08300269  -0.47699360  5.13178612e-04
  0.82393748   0.25397726   0.50657930  4.05391510e-04
 -0.26976308  -0.79268856  -0.54669254  2.81534586e-04
 -0.83436498  -0.54503362   0.08230083  1.66676640e-04
  0.03163356  -0.99093244  -0.13058417  2.61300455e-04
 -0.82179554  -0.56684486   0.05778395  4.62407724e-04
