400
 -1.1407996218300525E+00 -2.3170985309886123E+00 3.8420614944644871E-01
 8.7396986391756887E-03 -5.8511521097602904E-03 -1.6335149877778129E-03
0
0.0
 -1.1407996218300525E+00 -2.3170985309886123E+00 3.8420614944644871E-01
 8.8395903962421481E-03 -5.8449410431762805E-03 -1.2991552144524707E-03
0
0.0
 -1.1407996218300525E+00 -2.3170985309886123E+00 3.8420614944644871E-01
 8.9494277083534725E-03 -5.6210748865760706E-03 -1.5848507012559071E-03
0
0.0
 -1.1407996218300525E+00 -2.3170985309886123E+00 3.8420614944644871E-01
 8.8326042270543952E-03 -6.1807631185703234E-03 -1.6058485534889166E-03
0
0.0
 -1.1407996218300525E+00 -2.3170985309886123E+00 3.8420614944644871E-01
 9.0658530200459306E-03 -5.8511185475303516E-03 -1.5582909472548726E-03
0
0.0
 -1.1407996218300525E+00 -2.3170985309886123E+00 3.8420614944644871E-01
 8.6830005628070681E-03 -5.8876399321213619E-03 -1.6444351311617148E-03
0
0.0
 -1.1407996218300525E+00 -2.3170985309886123E+00 3.8420614944644871E-01
 8.9175939529544876E-03 -5.8777460308711213E-03 -1.6311921964016173E-03
0
0.0
 -1.1407996218300525E+00 -2.3170985309886123E+00 3.8420614944644871E-01
 8.4663342631129800E-03 -5.9636823958571358E-03 -1.6397155918030726E-03
0
0.0
 -1.1407996218300525E+00 -2.3170985309886123E+00 3.8420614944644871E-01
 8.7045990655603752E-03 -5.7970194086371498E-03 -1.5297517019496590E-03
0
0.0
 -1.1407996218300525E+00 -2.3170985309886123E+00 3.8420614944644871E-01
 8.7590717489288861E-03 -6.0032853806561200E-03 -1.6151630681779797E-03
0
0.0
 -1.1407996218300525E+00 -2.3170985309886123E+00 3.8420614944644871E-01
 9.0304753480730960E-03 -5.9220121774822623E-03 -1.7437953532247362E-03
0
0.0
 -1.1407996218300525E+00 -2.3170985309886123E+00 3.8420614944644871E-01
 8.8140548322749607E-03 -5.6627390419224802E-03 -1.6586217285583485E-03
0
0.0
 -1.1407996218300525E+00 -2.3170985309886123E+00 3.8420614944644871E-01
 8.8884498445157938E-03 -5.9700297474918427E-03 -1.5813077652639962E-03
0
0.0
 -1.1407996218300525E+00 -2.3170985309886123E+00 3.8420614944644871E-01
 8.8589688450915974E-03 -6.0268525471307522E-03 -1.7396746703293017E-03
0
0.0
 -1.1407996218300525E+00 -2.3170985309886123E+00 3.8420614944644871E-01
 8.9809466183601930E-03 -5.7060508893797008E-03 -1.6797664698933400E-03
0
0.0
 -1.1407996218300525E+00 -2.3170985309886123E+00 3.8420614944644871E-01
 8.8279634208785311E-03 -5.8639703589807701E-03 -1.5603420395413695E-03
0
0.0
 -1.1407996218300525E+00 -2.3170985309886123E+00 3.8420614944644871E-01
 8.6710172629589286E-03 -5.9455725213760002E-03 -1.6075982546327121E-03
0
0.0
 -1.1407996218300525E+00 -2.3170985309886123E+00 3.8420614944644871E-01
 8.6334264560874920E-03 -5.9622033575803708E-03 -1.6472380927989255E-03
0
0.0
 -1.1407996218300525E+00 -2.3170985309886123E+00 3.8420614944644871E-01
 9.0141514195716116E-03 -5.8691257461922332E-03 -1.7351164760455457E-03
0
0.0
 -1.1407996218300525E+00 -2.3170985309886123E+00 3.8420614944644871E-01
 8.7781114581311961E-03 -5.8021535183277583E-03 -1.5826333481547656E-03
0
0.0
 -1.1407996218300525E+00 -2.3170985309886123E+00 3.8420614944644871E-01
 8.9394231846685272E-03 -5.7230307483754420E-03 -1.7121482261312387E-03
0
0.0
 -1.1407996218300525E+00 -2.3170985309886123E+00 3.8420614944644871E-01
 9.0113046772227704E-03 -5.7163942197128925E-03 -1.7454151124414886E-03
0
0.0
 -1.1407996218300525E+00 -2.3170985309886123E+00 3.8420614944644871E-01
 8.8752527861767298E-03 -5.8563627315293826E-03 -1.5265138861217313E-03
0
0.0
 -1.1407996218300525E+00 -2.3170985309886123E+00 3.8420614944644871E-01
 8.8571165301363879E-03 -5.8362401631243885E-03 -1.7595225163576228E-03
0
0.0
 -1.1407996218300525E+00 -2.3170985309886123E+00 3.8420614944644871E-01
 8.8499781557212689E-03 -5.9453614790800817E-03 -1.5485059462568627E-03
0
0.0
 -1.1407996218300525E+00 -2.3170985309886123E+00 3.8420614944644871E-01
 8.7655729298351005E-03 -5.9519251191944662E-03 -1.5577114345978369E-03
0
0.0
 -1.1407996218300525E+00 -2.3170985309886123E+00 3.8420614944644871E-01
 8.8383483667558334E-03 -5.8618904267871141E-03 -1.5288836694615192E-03
0
0.0
 -1.1407996218300525E+00 -2.3170985309886123E+00 3.8420614944644871E-01
 8.6960147058062244E-03 -5.9660070485954954E-03 -1.4887333219000102E-03
0
0.0
 -1.1407996218300525E+00 -2.3170985309886123E+00 3.8420614944644871E-01
 8.6143678917282290E-03 -5.6734177817681216E-03 -1.6730706436551375E-03
0
0.0
 -1.1407996218300525E+00 -2.3170985309886123E+00 3.8420614944644871E-01
 8.8675920518821172E-03 -5.8582987367683500E-03 -1.7353009894269967E-03
0
0.0
 -1.1407996218300525E+00 -2.3170985309886123E+00 3.8420614944644871E-01
 8.5453559833477341E-03 -5.7669391272251588E-03 -1.5975422540549981E-03
0
0.0
 -1.1407996218300525E+00 -2.3170985309886123E+00 3.8420614944644871E-01
 8.7288424318527381E-03 -5.8330322033313302E-03 -1.7727040517774798E-03
0
0.0
 -1.1407996218300525E+00 -2.3170985309886123E+00 3.8420614944644871E-01
 8.8484522056039537E-03 -5.9603441345946109E-03 -1.6757414637814949E-03
0
0.0
 -1.1407996218300525E+00 -2.3170985309886123E+00 3.8420614944644871E-01
 8.7816272547125238E-03 -5.7470906046040143E-03 -1.5285239541710310E-03
0
0.0
 -1.1407996218300525E+00 -2.3170985309886123E+00 3.8420614944644871E-01
 9.0179634261983652E-03 -5.8476553115468276E-03 -1.7125409802244624E-03
0
0.0
 -1.1407996218300525E+00 -2.3170985309886123E+00 3.8420614944644871E-01
 8.7724955200651905E-03 -5.6424832068053656E-03 -1.5746746379088417E-03
0
0.0
 -1.1407996218300525E+00 -2.3170985309886123E+00 3.8420614944644871E-01
 8.8377550937212609E-03 -5.8144856388454829E-03 -1.4141010802904701E-03
0
0.0
 -1.1407996218300525E+00 -2.3170985309886123E+00 3.8420614944644871E-01
 8.7032526134076232E-03 -5.8499197195186594E-03 -1.8983072696644896E-03
0
0.0
 -1.1407996218300525E+00 -2.3170985309886123E+00 3.8420614944644871E-01
 8.7322614705789697E-03 -5.9702499810436868E-03 -1.8296520653575568E-03
0
0.0
 -1.1407996218300525E+00 -2.3170985309886123E+00 3.8420614944644871E-01
 8.5843590101498529E-03 -5.9699894148635179E-03 -1.6813128767301582E-03
0
0.0
 -1.1407996218300525E+00 -2.3170985309886123E+00 3.8420614944644871E-01
 8.7687425411370999E-03 -5.8596897872484361E-03 -1.6836308673983172E-03
0
0.0
 -1.1407996218300525E+00 -2.3170985309886123E+00 3.8420614944644871E-01
 8.7136435408772459E-03 -5.7720709564394257E-03 -1.4381885522126345E-03
0
0.0
 -1.1407996218300525E+00 -2.3170985309886123E+00 3.8420614944644871E-01
 8.8354154749605580E-03 -5.8160594524756595E-03 -1.5462522130442410E-03
0
0.0
 -1.1407996218300525E+00 -2.3170985309886123E+00 3.8420614944644871E-01
 8.7464934175176586E-03 -6.0133034572969280E-03 -1.6825775049707258E-03
0
0.0
 -1.1407996218300525E+00 -2.3170985309886123E+00 3.8420614944644871E-01
 8.8596012812045526E-03 -5.8128350416314471E-03 -1.6767351416830962E-03
0
0.0
 -1.1407996218300525E+00 -2.3170985309886123E+00 3.8420614944644871E-01
 8.8397135855619209E-03 -5.8046218903621393E-03 -1.5214761156021226E-03
0
0.0
 -1.1407996218300525E+00 -2.3170985309886123E+00 3.8420614944644871E-01
 8.7788249596365085E-03 -6.1467876186342705E-03 -1.5632096923009491E-03
0
0.0
 -1.1407996218300525E+00 -2.3170985309886123E+00 3.8420614944644871E-01
 8.8012035278556174E-03 -5.9468684872618265E-03 -1.6149573486704848E-03
0
0.0
 -1.1407996218300525E+00 -2.3170985309886123E+00 3.8420614944644871E-01
 8.7558549258484903E-03 -6.0224552570918247E-03 -1.8470856888043367E-03
0
0.0
 -1.1407996218300525E+00 -2.3170985309886123E+00 3.8420614944644871E-01
 8.7940125391123298E-03 -5.8855351516318459E-03 -1.6173078152683384E-03
0
0.0
 -1.1407996218300525E+00 -2.3170985309886123E+00 3.8420614944644871E-01
 8.7474018947570169E-03 -6.0641162058151605E-03 -1.7961940345247274E-03
0
0.0
 -1.1407996218300525E+00 -2.3170985309886123E+00 3.8420614944644871E-01
 8.8268232690995544E-03 -5.8087895891522226E-03 -1.5621687073455340E-03
0
0.0
 -1.1407996218300525E+00 -2.3170985309886123E+00 3.8420614944644871E-01
 8.7879923813726536E-03 -6.0116870551114397E-03 -1.6463383782144955E-03
0
0.0
 -1.1407996218300525E+00 -2.3170985309886123E+00 3.8420614944644871E-01
 9.0238209566166367E-03 -5.7770415913261687E-03 -1.6486991646201203E-03
0
0.0
 -1.1407996218300525E+00 -2.3170985309886123E+00 3.8420614944644871E-01
 8.8089383991081221E-03 -5.9217092413191945E-03 -1.8419961807002849E-03
0
0.0
 -1.1407996218300525E+00 -2.3170985309886123E+00 3.8420614944644871E-01
 8.9338198328085903E-03 -6.0865273612418901E-03 -1.5108875564267140E-03
0
0.0
 -1.1407996218300525E+00 -2.3170985309886123E+00 3.8420614944644871E-01
 8.9924872915614386E-03 -5.7259950720416420E-03 -1.4954324157254960E-03
0
0.0
 -1.1407996218300525E+00 -2.3170985309886123E+00 3.8420614944644871E-01
 8.5547822250748532E-03 -5.9434429813461720E-03 -1.4059140045535666E-03
0
0.0
 -1.1407996218300525E+00 -2.3170985309886123E+00 3.8420614944644871E-01
 8.8591880548443257E-03 -5.7360539337995989E-03 -1.4455656706760000E-03
0
0.0
 -1.1407996218300525E+00 -2.3170985309886123E+00 3.8420614944644871E-01
 8.6582670765149583E-03 -5.7887763352303797E-03 -1.7715930632409651E-03
0
0.0
 -1.1407996218300525E+00 -2.3170985309886123E+00 3.8420614944644871E-01
 8.8240919908246854E-03 -6.0478574951128771E-03 -1.5932302628460294E-03
0
0.0
 -1.1407996218300525E+00 -2.3170985309886123E+00 3.8420614944644871E-01
 8.9040406663218157E-03 -6.0056264429178561E-03 -1.5374772042980127E-03
0
0.0
 -1.1407996218300525E+00 -2.3170985309886123E+00 3.8420614944644871E-01
 8.6777798827459892E-03 -5.8276520147659550E-03 -1.5589806440452433E-03
0
0.0
 -1.1407996218300525E+00 -2.3170985309886123E+00 3.8420614944644871E-01
 8.8413306649634295E-03 -5.8764742671768132E-03 -1.5098586650719394E-03
0
0.0
 -1.1407996218300525E+00 -2.3170985309886123E+00 3.8420614944644871E-01
 8.5587518768786477E-03 -5.8242973281798114E-03 -1.6334920812567267E-03
0
0.0
 -1.1407996218300525E+00 -2.3170985309886123E+00 3.8420614944644871E-01
 8.7123977025022285E-03 -5.8722100843338950E-03 -1.6895562509656641E-03
0
0.0
 -1.1407996218300525E+00 -2.3170985309886123E+00 3.8420614944644871E-01
 8.6924495927875687E-03 -6.2241227229419480E-03 -1.5723477973598942E-03
0
0.0
 -1.1407996218300525E+00 -2.3170985309886123E+00 3.8420614944644871E-01
 8.6942025005733985E-03 -5.8429297367836325E-03 -1.5648693331881596E-03
0
0.0
 -1.1407996218300525E+00 -2.3170985309886123E+00 3.8420614944644871E-01
 9.0194111667778552E-03 -5.8799489681042446E-03 -1.4176311855455355E-03
0
0.0
 -1.1407996218300525E+00 -2.3170985309886123E+00 3.8420614944644871E-01
 8.9014755131976396E-03 -5.9880614360316642E-03 -1.7609673865335714E-03
0
0.0
 -1.1407996218300525E+00 -2.3170985309886123E+00 3.8420614944644871E-01
 8.6100388880592776E-03 -5.7257450603843086E-03 -1.6245997287385320E-03
0
0.0
 -1.1407996218300525E+00 -2.3170985309886123E+00 3.8420614944644871E-01
 8.9145577880584397E-03 -5.9431885822247748E-03 -1.6279451155354282E-03
0
0.0
 -1.1407996218300525E+00 -2.3170985309886123E+00 3.8420614944644871E-01
 8.8322166833428358E-03 -5.6443049416515017E-03 -1.5799748652286494E-03
0
0.0
 -1.1407996218300525E+00 -2.3170985309886123E+00 3.8420614944644871E-01
 8.7357343670162197E-03 -6.0369787853825950E-03 -1.5444940109834236E-03
0
0.0
 -1.1407996218300525E+00 -2.3170985309886123E+00 3.8420614944644871E-01
 8.9316374677833495E-03 -5.9110648458715635E-03 -1.7388304332378354E-03
0
0.0
 -1.1407996218300525E+00 -2.3170985309886123E+00 3.8420614944644871E-01
 8.6999029930574963E-03 -6.1015094507258635E-03 -1.7079910275580275E-03
0
0.0
 -1.1407996218300525E+00 -2.3170985309886123E+00 3.8420614944644871E-01
 8.7364241897634788E-03 -5.7818940630106194E-03 -1.5367002879247470E-03
0
0.0
 -1.1407996218300525E+00 -2.3170985309886123E+00 3.8420614944644871E-01
 8.7625643037682194E-03 -6.0371189530386959E-03 -1.6216296525110219E-03
0
0.0
 -1.1407996218300525E+00 -2.3170985309886123E+00 3.8420614944644871E-01
 8.8859694487063833E-03 -6.1769259152551232E-03 -1.6932219988053270E-03
0
0.0
 -1.1407996218300525E+00 -2.3170985309886123E+00 3.8420614944644871E-01
 8.8809015829118890E-03 -6.1876852910550733E-03 -1.5284608813774952E-03
0
0.0
 -1.1407996218300525E+00 -2.3170985309886123E+00 3.8420614944644871E-01
 8.7903142377189422E-03 -5.6240279737358300E-03 -1.6531466787300028E-03
0
0.0
 -1.1407996218300525E+00 -2.3170985309886123E+00 3.8420614944644871E-01
 8.4964447925298305E-03 -5.9869046817309099E-03 -1.4853556481286138E-03
0
0.0
 -1.1407996218300525E+00 -2.3170985309886123E+00 3.8420614944644871E-01
 8.6497463477026790E-03 -6.0435412859076347E-03 -1.4501359692943670E-03
0
0.0
 -1.1407996218300525E+00 -2.3170985309886123E+00 3.8420614944644871E-01
 8.9244250848776567E-03 -5.7664690171742167E-03 -1.5087787628227782E-03
0
0.0
 -1.1407996218300525E+00 -2.3170985309886123E+00 3.8420614944644871E-01
 8.7836692653421242E-03 -5.9039858767726142E-03 -1.6232462166266212E-03
0
0.0
 -1.1407996218300525E+00 -2.3170985309886123E+00 3.8420614944644871E-01
 8.9581144103929415E-03 -6.0065554953619687E-03 -1.8867938495782798E-03
0
0.0
 -1.1407996218300525E+00 -2.3170985309886123E+00 3.8420614944644871E-01
 8.5263208338810341E-03 -6.0248551598193799E-03 -1.7869500981398637E-03
0
0.0
 -1.1407996218300525E+00 -2.3170985309886123E+00 3.8420614944644871E-01
 8.8613508955500252E-03 -5.8428481855557152E-03 -1.5042949673700335E-03
0
0.0
 -1.1407996218300525E+00 -2.3170985309886123E+00 3.8420614944644871E-01
 8.7146876338294130E-03 -6.1017493590054860E-03 -1.8882327493583346E-03
0
0.0
 -1.1407996218300525E+00 -2.3170985309886123E+00 3.8420614944644871E-01
 8.8288751146806174E-03 -5.9268797402202734E-03 -1.5248997777578134E-03
0
0.0
 -1.1407996218300525E+00 -2.3170985309886123E+00 3.8420614944644871E-01
 8.8435638378212382E-03 -5.9077833927993553E-03 -1.5554420049645958E-03
0
0.0
 -1.1407996218300525E+00 -2.3170985309886123E+00 3.8420614944644871E-01
 8.6103806497848205E-03 -5.8822592080650955E-03 -1.6433997426162578E-03
0
0.0
 -1.1407996218300525E+00 -2.3170985309886123E+00 3.8420614944644871E-01
 8.8058982802989086E-03 -6.0888136324589431E-03 -1.7087873463169747E-03
0
0.0
 -1.1407996218300525E+00 -2.3170985309886123E+00 3.8420614944644871E-01
 8.8179118426853116E-03 -5.8465855367854213E-03 -1.5735126229595908E-03
0
0.0
 -1.1407996218300525E+00 -2.3170985309886123E+00 3.8420614944644871E-01
 8.5489739005224861E-03 -5.9166286543489389E-03 -1.5495249229904129E-03
0
0.0
 -1.1407996218300525E+00 -2.3170985309886123E+00 3.8420614944644871E-01
 8.8659105637907167E-03 -6.0287601217122186E-03 -1.5029571631073615E-03
0
0.0
 -1.1407996218300525E+00 -2.3170985309886123E+00 3.8420614944644871E-01
 8.6636960425652103E-03 -6.1252572452841205E-03 -1.7689005902672016E-03
0
0.0
 -1.1407996218300525E+00 -2.3170985309886123E+00 3.8420614944644871E-01
 8.7287112026160438E-03 -5.8626524243279412E-03 -1.6211768976900692E-03
0
0.0
 -1.1407996218300525E+00 -2.3170985309886123E+00 3.8420614944644871E-01
 8.6453981647268731E-03 -5.8232354776676419E-03 -1.4630352952062315E-03
0
0.0
 -1.1407996218300525E+00 -2.3170985309886123E+00 3.8420614944644871E-01
 8.7965564862429579E-03 -6.1218888132440518E-03 -1.6250845006565446E-03
0
0.0
 -1.1407996218300525E+00 -2.3170985309886123E+00 3.8420614944644871E-01
 8.6421654037761100E-03 -6.1784551701076487E-03 -1.5490166168407903E-03
0
0.0
 -1.1407996218300525E+00 -2.3170985309886123E+00 3.8420614944644871E-01
 8.8639077499957659E-03 -5.7543880657838315E-03 -1.5168726744110507E-03
0
0.0
 -1.1407996218300525E+00 -2.3170985309886123E+00 3.8420614944644871E-01
 8.7279556437845369E-03 -5.7078034353793619E-03 -1.6607338559897549E-03
0
0.0
 -1.1407996218300525E+00 -2.3170985309886123E+00 3.8420614944644871E-01
 8.7288240499224894E-03 -5.7603340381530586E-03 -1.3236042919799217E-03
0
0.0
 -1.1407996218300525E+00 -2.3170985309886123E+00 3.8420614944644871E-01
 8.6157610387016682E-03 -5.9357220000135942E-03 -1.4734181473902593E-03
0
0.0
 -1.1407996218300525E+00 -2.3170985309886123E+00 3.8420614944644871E-01
 8.7565702956107442E-03 -6.0903380775940682E-03 -1.5176633155485498E-03
0
0.0
 -1.1407996218300525E+00 -2.3170985309886123E+00 3.8420614944644871E-01
 8.6442491550793275E-03 -5.8062952894434982E-03 -1.7862149334892153E-03
0
0.0
 -1.1407996218300525E+00 -2.3170985309886123E+00 3.8420614944644871E-01
 8.8583221438114784E-03 -5.7574867303510080E-03 -1.5795608063739679E-03
0
0.0
 -1.1407996218300525E+00 -2.3170985309886123E+00 3.8420614944644871E-01
 8.8080744598045078E-03 -5.6017548895024721E-03 -1.5119095507817786E-03
0
0.0
 -1.1407996218300525E+00 -2.3170985309886123E+00 3.8420614944644871E-01
 8.8441379256607514E-03 -5.8355586745735535E-03 -1.6576410304883873E-03
0
0.0
 -1.1407996218300525E+00 -2.3170985309886123E+00 3.8420614944644871E-01
 8.8041609207634292E-03 -6.1420686399677790E-03 -1.6008233897702910E-03
0
0.0
 -1.1407996218300525E+00 -2.3170985309886123E+00 3.8420614944644871E-01
 8.6842446762666267E-03 -5.8329102877941515E-03 -1.3859585850792724E-03
0
0.0
 -1.1407996218300525E+00 -2.3170985309886123E+00 3.8420614944644871E-01
 8.6954649005258448E-03 -5.6536589547317561E-03 -1.6684378263857134E-03
0
0.0
 -1.1407996218300525E+00 -2.3170985309886123E+00 3.8420614944644871E-01
 8.7155177965858761E-03 -5.8426472158241757E-03 -1.7808940157637285E-03
0
0.0
 -1.1407996218300525E+00 -2.3170985309886123E+00 3.8420614944644871E-01
 8.8538352648917656E-03 -5.8583178145134134E-03 -1.7586923465525935E-03
0
0.0
 -1.1407996218300525E+00 -2.3170985309886123E+00 3.8420614944644871E-01
 8.7114262403650174E-03 -5.8179396209646732E-03 -1.6725623641257235E-03
0
0.0
 -1.1407996218300525E+00 -2.3170985309886123E+00 3.8420614944644871E-01
 8.8850498406829095E-03 -5.9722856921672739E-03 -1.6966248499429022E-03
0
0.0
 -1.1407996218300525E+00 -2.3170985309886123E+00 3.8420614944644871E-01
 9.0320067340089651E-03 -5.8341449141552293E-03 -1.5524298302380711E-03
0
0.0
 -1.1407996218300525E+00 -2.3170985309886123E+00 3.8420614944644871E-01
 8.7922779154316223E-03 -5.9295432509329990E-03 -1.5687990672067073E-03
0
0.0
 -1.1407996218300525E+00 -2.3170985309886123E+00 3.8420614944644871E-01
 8.7255214423838275E-03 -5.8337129641414312E-03 -1.6918938659885221E-03
0
0.0
 -1.1407996218300525E+00 -2.3170985309886123E+00 3.8420614944644871E-01
 8.6991559954117913E-03 -5.9947873055044244E-03 -1.6703040696314560E-03
0
0.0
 -1.1407996218300525E+00 -2.3170985309886123E+00 3.8420614944644871E-01
 8.9758305473303934E-03 -6.1101465747741114E-03 -1.6318769851743587E-03
0
0.0
 -1.1407996218300525E+00 -2.3170985309886123E+00 3.8420614944644871E-01
 8.7070710098284872E-03 -5.9693125033463473E-03 -1.4819254540998461E-03
0
0.0
 -1.1407996218300525E+00 -2.3170985309886123E+00 3.8420614944644871E-01
 8.8164608698823015E-03 -6.0585562561516508E-03 -1.5524509695141952E-03
0
0.0
 -1.1407996218300525E+00 -2.3170985309886123E+00 3.8420614944644871E-01
 8.6976749742019663E-03 -5.9181270487219341E-03 -1.6864659837509367E-03
0
0.0
 -1.1407996218300525E+00 -2.3170985309886123E+00 3.8420614944644871E-01
 8.7999685983979475E-03 -5.9576840523086665E-03 -1.6016301748811382E-03
0
0.0
 -1.1407996218300525E+00 -2.3170985309886123E+00 3.8420614944644871E-01
 8.8306736167359685E-03 -5.8622788243329910E-03 -1.6774070374813883E-03
0
0.0
 -1.1407996218300525E+00 -2.3170985309886123E+00 3.8420614944644871E-01
 8.7854329120710100E-03 -5.9606290248265274E-03 -1.6647286066448224E-03
0
0.0
 -1.1407996218300525E+00 -2.3170985309886123E+00 3.8420614944644871E-01
 9.0097593500253186E-03 -5.9410881540628473E-03 -1.7636077542614477E-03
0
0.0
 -1.1407996218300525E+00 -2.3170985309886123E+00 3.8420614944644871E-01
 8.8740188631049148E-03 -5.9462985855466598E-03 -1.6334939870880610E-03
0
0.0
 -1.1407996218300525E+00 -2.3170985309886123E+00 3.8420614944644871E-01
 8.7224970084126031E-03 -5.8159566464176709E-03 -1.6149957308417271E-03
0
0.0
 -1.1407996218300525E+00 -2.3170985309886123E+00 3.8420614944644871E-01
 8.9552174783793688E-03 -5.7037361477175180E-03 -1.6170899941974140E-03
0
0.0
 -1.1407996218300525E+00 -2.3170985309886123E+00 3.8420614944644871E-01
 8.5100707956098538E-03 -5.8579183258619600E-03 -1.5304838935596347E-03
0
0.0
 -1.1407996218300525E+00 -2.3170985309886123E+00 3.8420614944644871E-01
 8.7339410857074813E-03 -5.9332107654337342E-03 -1.4824093078931060E-03
0
0.0
 -1.1407996218300525E+00 -2.3170985309886123E+00 3.8420614944644871E-01
 8.6220999880367074E-03 -5.7905958888477089E-03 -1.6481923584418376E-03
0
0.0
 -1.1407996218300525E+00 -2.3170985309886123E+00 3.8420614944644871E-01
 8.8641919653489314E-03 -5.9580927570556099E-03 -1.4023115257657222E-03
0
0.0
 -1.1407996218300525E+00 -2.3170985309886123E+00 3.8420614944644871E-01
 8.8578493653663336E-03 -5.9733973891851573E-03 -1.5711801348401002E-03
0
0.0
 -1.1407996218300525E+00 -2.3170985309886123E+00 3.8420614944644871E-01
 8.8014125333359099E-03 -5.7724548895613775E-03 -1.9052821733638926E-03
0
0.0
 -1.1407996218300525E+00 -2.3170985309886123E+00 3.8420614944644871E-01
 8.9516851151539602E-03 -5.9842235995243385E-03 -1.4949189515187668E-03
0
0.0
 -1.1407996218300525E+00 -2.3170985309886123E+00 3.8420614944644871E-01
 8.8678214077607970E-03 -5.9715556001171261E-03 -1.7041609413401104E-03
0
0.0
 -1.1407996218300525E+00 -2.3170985309886123E+00 3.8420614944644871E-01
 8.6564214842920640E-03 -5.9162447577996193E-03 -1.6661034257742019E-03
0
0.0
 -1.1407996218300525E+00 -2.3170985309886123E+00 3.8420614944644871E-01
 8.8197705138873990E-03 -5.8532224513306204E-03 -1.6292340502135922E-03
0
0.0
 -1.1407996218300525E+00 -2.3170985309886123E+00 3.8420614944644871E-01
 8.6941399287341695E-03 -5.7867990397935032E-03 -1.6466508721642546E-03
0
0.0
 -1.1407996218300525E+00 -2.3170985309886123E+00 3.8420614944644871E-01
 8.7615220130995899E-03 -5.8193949322762071E-03 -1.7085762322189392E-03
0
0.0
 -1.1407996218300525E+00 -2.3170985309886123E+00 3.8420614944644871E-01
 8.7166048127720486E-03 -5.9264276821939634E-03 -1.6373441517989725E-03
0
0.0
 -1.1407996218300525E+00 -2.3170985309886123E+00 3.8420614944644871E-01
 8.7595577727595294E-03 -5.8567885109858560E-03 -1.4823569876039066E-03
0
0.0
 -1.1407996218300525E+00 -2.3170985309886123E+00 3.8420614944644871E-01
 8.7909899649995342E-03 -5.9491827358372062E-03 -1.6182112485607966E-03
0
0.0
 -1.1407996218300525E+00 -2.3170985309886123E+00 3.8420614944644871E-01
 8.7980237398945452E-03 -5.9051796799036447E-03 -1.6235159845203544E-03
0
0.0
 -1.1407996218300525E+00 -2.3170985309886123E+00 3.8420614944644871E-01
 8.5286343300093950E-03 -5.9051717363013990E-03 -1.5536346452830806E-03
0
0.0
 -1.1407996218300525E+00 -2.3170985309886123E+00 3.8420614944644871E-01
 8.7470670737855027E-03 -5.9897903458322041E-03 -1.4492575915029090E-03
0
0.0
 -1.1407996218300525E+00 -2.3170985309886123E+00 3.8420614944644871E-01
 8.7984997896057970E-03 -5.9888963099626446E-03 -1.6932906212210879E-03
0
0.0
 -1.1407996218300525E+00 -2.3170985309886123E+00 3.8420614944644871E-01
 8.8425810594235949E-03 -5.7897372449890851E-03 -1.5184455259758987E-03
0
0.0
 -1.1407996218300525E+00 -2.3170985309886123E+00 3.8420614944644871E-01
 8.7106010652978592E-03 -5.9324805890529223E-03 -1.4211639791119183E-03
0
0.0
 -1.1407996218300525E+00 -2.3170985309886123E+00 3.8420614944644871E-01
 8.9031672745739730E-03 -5.6014364454623124E-03 -1.5720255423071516E-03
0
0.0
 -1.1407996218300525E+00 -2.3170985309886123E+00 3.8420614944644871E-01
 8.7541868385769273E-03 -5.9457056039057222E-03 -1.5463049526741061E-03
0
0.0
 -1.1407996218300525E+00 -2.3170985309886123E+00 3.8420614944644871E-01
 8.9895406235924562E-03 -5.9271084713994364E-03 -1.6102099446908078E-03
0
0.0
 -1.1407996218300525E+00 -2.3170985309886123E+00 3.8420614944644871E-01
 8.7717151550900496E-03 -5.7419527311036011E-03 -1.6429650117691947E-03
0
0.0
 -1.1407996218300525E+00 -2.3170985309886123E+00 3.8420614944644871E-01
 9.0294666050503118E-03 -5.9092628208640904E-03 -1.5033102166955440E-03
0
0.0
 -1.1407996218300525E+00 -2.3170985309886123E+00 3.8420614944644871E-01
 8.8896961731240332E-03 -5.9030505376756765E-03 -1.7571291896685672E-03
0
0.0
 -1.1407996218300525E+00 -2.3170985309886123E+00 3.8420614944644871E-01
 8.7759250946360060E-03 -5.8047442049989247E-03 -1.4162234491181161E-03
0
0.0
 -1.1407996218300525E+00 -2.3170985309886123E+00 3.8420614944644871E-01
 8.8236095872588349E-03 -6.1664115898928621E-03 -1.7408917480108566E-03
0
0.0
 -1.1407996218300525E+00 -2.3170985309886123E+00 3.8420614944644871E-01
 8.6683320692124612E-03 -5.9466588090476662E-03 -1.5997280156160145E-03
0
0.0
 -1.1407996218300525E+00 -2.3170985309886123E+00 3.8420614944644871E-01
 8.6190970996573770E-03 -5.8282643448802291E-03 -1.6219753965272445E-03
0
0.0
 -1.1407996218300525E+00 -2.3170985309886123E+00 3.8420614944644871E-01
 8.9345795037169447E-03 -5.8559265234426330E-03 -1.6263497544829013E-03
0
0.0
 -1.1407996218300525E+00 -2.3170985309886123E+00 3.8420614944644871E-01
 8.8115515211927165E-03 -5.8705684707285530E-03 -1.7091678085540370E-03
0
0.0
 -1.1407996218300525E+00 -2.3170985309886123E+00 3.8420614944644871E-01
 8.7171424585565302E-03 -5.8615013891178073E-03 -1.5753831254630608E-03
0
0.0
 -1.1407996218300525E+00 -2.3170985309886123E+00 3.8420614944644871E-01
 8.7255236212339712E-03 -5.9139528820681643E-03 -1.5250200057704906E-03
0
0.0
 -1.1407996218300525E+00 -2.3170985309886123E+00 3.8420614944644871E-01
 8.6059752943971769E-03 -5.7915525033879391E-03 -1.5962748142257718E-03
0
0.0
 -1.1407996218300525E+00 -2.3170985309886123E+00 3.8420614944644871E-01
 8.6577005330680523E-03 -5.9703878580273572E-03 -1.6948634352642739E-03
0
0.0
 -1.1407996218300525E+00 -2.3170985309886123E+00 3.8420614944644871E-01
 8.7819956581356648E-03 -6.1658285888607691E-03 -1.5828861007465679E-03
0
0.0
 -1.1407996218300525E+00 -2.3170985309886123E+00 3.8420614944644871E-01
 8.7107137200927390E-03 -5.7947604007340609E-03 -1.6673567315214780E-03
0
0.0
 -1.1407996218300525E+00 -2.3170985309886123E+00 3.8420614944644871E-01
 8.7031687494183475E-03 -5.8612543511615475E-03 -1.5266144374042048E-03
0
0.0
 -1.1407996218300525E+00 -2.3170985309886123E+00 3.8420614944644871E-01
 8.6184918423091120E-03 -5.8636392475440481E-03 -1.4137060918287306E-03
0
0.0
 -1.1407996218300525E+00 -2.3170985309886123E+00 3.8420614944644871E-01
 9.0039996448161297E-03 -6.0009491054391628E-03 -1.5991210507788820E-03
0
0.0
 -1.1407996218300525E+00 -2.3170985309886123E+00 3.8420614944644871E-01
 8.7491198793395470E-03 -6.0331554031185135E-03 -1.7969844089235040E-03
0
0.0
 -1.1407996218300525E+00 -2.3170985309886123E+00 3.8420614944644871E-01
 8.6346074362194398E-03 -5.7653666721871021E-03 -1.4354312646383805E-03
0
0.0
 -1.1407996218300525E+00 -2.3170985309886123E+00 3.8420614944644871E-01
 8.7132447803994276E-03 -6.0721871407173359E-03 -1.4970549618301035E-03
0
0.0
 -1.1407996218300525E+00 -2.3170985309886123E+00 3.8420614944644871E-01
 8.6663072822005874E-03 -5.9639190910677790E-03 -1.4911517566923130E-03
0
0.0
 -1.1407996218300525E+00 -2.3170985309886123E+00 3.8420614944644871E-01
 8.7803145144659915E-03 -5.8609466423514911E-03 -1.5544069274352095E-03
0
0.0
 -1.1407996218300525E+00 -2.3170985309886123E+00 3.8420614944644871E-01
 8.7269339326887865E-03 -6.0052362687335248E-03 -1.7307300909487301E-03
0
0.0
 -1.1407996218300525E+00 -2.3170985309886123E+00 3.8420614944644871E-01
 8.7431906241623863E-03 -5.8794820866148361E-03 -1.5294225942663650E-03
0
0.0
 -1.1407996218300525E+00 -2.3170985309886123E+00 3.8420614944644871E-01
 8.8472868753366098E-03 -5.7416738974579440E-03 -1.7674991030358000E-03
0
0.0
 -1.1407996218300525E+00 -2.3170985309886123E+00 3.8420614944644871E-01
 9.1180941305921449E-03 -5.8442303804315662E-03 -1.5729933940540231E-03
0
0.0
 -1.1407996218300525E+00 -2.3170985309886123E+00 3.8420614944644871E-01
 9.0116413643280928E-03 -6.0359211998322528E-03 -1.6966571340438453E-03
0
0.0
 -1.1407996218300525E+00 -2.3170985309886123E+00 3.8420614944644871E-01
 8.6187950935086403E-03 -5.8478426749137861E-03 -1.6268831463191775E-03
0
0.0
 -1.1407996218300525E+00 -2.3170985309886123E+00 3.8420614944644871E-01
 9.0388754343580600E-03 -5.9659084507781412E-03 -1.7405301984677018E-03
0
0.0
 -1.1407996218300525E+00 -2.3170985309886123E+00 3.8420614944644871E-01
 8.7639706124788708E-03 -5.9223045150717463E-03 -1.5787115468698949E-03
0
0.0
 -1.1407996218300525E+00 -2.3170985309886123E+00 3.8420614944644871E-01
 8.8434065876619901E-03 -6.1039579141098591E-03 -1.5886032582912598E-03
0
0.0
 -1.1407996218300525E+00 -2.3170985309886123E+00 3.8420614944644871E-01
 8.5779687691014597E-03 -5.9572106494641380E-03 -1.6907441728845295E-03
0
0.0
 -1.1407996218300525E+00 -2.3170985309886123E+00 3.8420614944644871E-01
 8.9433096093457596E-03 -5.9125811959895589E-03 -1.6219871854574264E-03
0
0.0
 -1.1407996218300525E+00 -2.3170985309886123E+00 3.8420614944644871E-01
 8.7223652172133195E-03 -6.1189253053995510E-03 -1.7916185987307109E-03
0
0.0
 -1.1407996218300525E+00 -2.3170985309886123E+00 3.8420614944644871E-01
 8.9723069438287489E-03 -5.7584495345739100E-03 -1.5909329043521071E-03
0
0.0
 -1.1407996218300525E+00 -2.3170985309886123E+00 3.8420614944644871E-01
 8.6291796808380030E-03 -5.9585312052607134E-03 -1.6304684311941094E-03
0
0.0
 -1.1407996218300525E+00 -2.3170985309886123E+00 3.8420614944644871E-01
 8.7916613997722839E-03 -6.1492614223859141E-03 -1.6093844470565085E-03
0
0.0
 -1.1407996218300525E+00 -2.3170985309886123E+00 3.8420614944644871E-01
 8.6873493153218802E-03 -5.8211924222785734E-03 -1.7995890632525168E-03
0
0.0
 -1.1407996218300525E+00 -2.3170985309886123E+00 3.8420614944644871E-01
 8.8341857703063600E-03 -5.9485511525379396E-03 -1.5634275992737947E-03
0
0.0
 -1.1407996218300525E+00 -2.3170985309886123E+00 3.8420614944644871E-01
 8.9790673008836031E-03 -6.0680895425523568E-03 -1.6216219814265355E-03
0
0.0
 -1.1407996218300525E+00 -2.3170985309886123E+00 3.8420614944644871E-01
 8.8079718495005770E-03 -5.8162128175945210E-03 -1.7798728472735023E-03
0
0.0
 -1.1407996218300525E+00 -2.3170985309886123E+00 3.8420614944644871E-01
 8.7315868902072876E-03 -5.9559080537991294E-03 -1.5939931650554970E-03
0
0.0
 -1.1407996218300525E+00 -2.3170985309886123E+00 3.8420614944644871E-01
 8.6423364909748307E-03 -5.8255091914704848E-03 -1.5316997789840917E-03
0
0.0
 -1.1407996218300525E+00 -2.3170985309886123E+00 3.8420614944644871E-01
 8.9439118039998742E-03 -5.9451388537400769E-03 -1.5069442688269801E-03
0
0.0
 -1.1407996218300525E+00 -2.3170985309886123E+00 3.8420614944644871E-01
 8.5412977411886241E-03 -5.8433621840666894E-03 -1.4999806125098301E-03
0
0.0
 -1.1407996218300525E+00 -2.3170985309886123E+00 3.8420614944644871E-01
 8.9948743022149474E-03 -5.9430089706272032E-03 -1.6656282587668148E-03
0
0.0
 -1.1407996218300525E+00 -2.3170985309886123E+00 3.8420614944644871E-01
 8.8731406108096770E-03 -5.9029833493966658E-03 -1.6482554547213963E-03
0
0.0
 -1.1407996218300525E+00 -2.3170985309886123E+00 3.8420614944644871E-01
 8.8694809866309929E-03 -5.8433470508037818E-03 -1.6637143672433550E-03
0
0.0
 -1.1407996218300525E+00 -2.3170985309886123E+00 3.8420614944644871E-01
 8.8274377434337057E-03 -5.8437920773908676E-03 -1.4381331744241512E-03
0
0.0
 -1.1407996218300525E+00 -2.3170985309886123E+00 3.8420614944644871E-01
 8.6123243732103907E-03 -5.8073523053500282E-03 -1.4227903166219628E-03
0
0.0
 -1.1407996218300525E+00 -2.3170985309886123E+00 3.8420614944644871E-01
 8.5887251974998066E-03 -5.6903645929971929E-03 -1.7131384397135695E-03
0
0.0
 -1.1407996218300525E+00 -2.3170985309886123E+00 3.8420614944644871E-01
 8.8055137640340349E-03 -5.7161489745065248E-03 -1.7645768287479070E-03
0
0.0
 -1.1407996218300525E+00 -2.3170985309886123E+00 3.8420614944644871E-01
 8.6497429148283643E-03 -6.0734437607901743E-03 -1.6100070071760539E-03
0
0.0
 -1.1407996218300525E+00 -2.3170985309886123E+00 3.8420614944644871E-01
 8.8934635027805263E-03 -5.9094372904416248E-03 -1.6763333866564964E-03
0
0.0
 -1.1407996218300525E+00 -2.3170985309886123E+00 3.8420614944644871E-01
 8.5752101300615481E-03 -5.8778637770158211E-03 -1.7034204818361009E-03
0
0.0
 -1.1407996218300525E+00 -2.3170985309886123E+00 3.8420614944644871E-01
 8.8853418455756682E-03 -5.8449877575417579E-03 -1.3724986654121789E-03
0
0.0
 -1.1407996218300525E+00 -2.3170985309886123E+00 3.8420614944644871E-01
 8.7612600045236314E-03 -5.7892738101795573E-03 -1.7649690260543123E-03
0
0.0
 -1.1407996218300525E+00 -2.3170985309886123E+00 3.8420614944644871E-01
 8.8604961245804126E-03 -5.8466242303426225E-03 -1.5927947506870299E-03
0
0.0
 -1.1407996218300525E+00 -2.3170985309886123E+00 3.8420614944644871E-01
 8.9726964409503115E-03 -5.8977842663023609E-03 -1.8315055016968648E-03
0
0.0
 -1.1407996218300525E+00 -2.3170985309886123E+00 3.8420614944644871E-01
 8.9102061915043024E-03 -5.8945417549430704E-03 -1.8124094817674209E-03
0
0.0
 -1.1407996218300525E+00 -2.3170985309886123E+00 3.8420614944644871E-01
 8.4743303451308444E-03 -5.8851108292761623E-03 -1.5777368250496811E-03
0
0.0
 -1.1407996218300525E+00 -2.3170985309886123E+00 3.8420614944644871E-01
 8.9265052752852351E-03 -6.0831462875651525E-03 -1.7417051379218921E-03
0
0.0
 -1.1407996218300525E+00 -2.3170985309886123E+00 3.8420614944644871E-01
 8.9105023572817275E-03 -5.6797474398541303E-03 -1.6389072393557086E-03
0
0.0
 -1.1407996218300525E+00 -2.3170985309886123E+00 3.8420614944644871E-01
 8.5605955721081237E-03 -5.9878841285642605E-03 -1.5656248403308455E-03
0
0.0
 -1.1407996218300525E+00 -2.3170985309886123E+00 3.8420614944644871E-01
 8.7853139898733147E-03 -5.8489528145315977E-03 -1.5740956331782240E-03
0
0.0
 -1.1407996218300525E+00 -2.3170985309886123E+00 3.8420614944644871E-01
 8.7721589657754444E-03 -5.8940188232002415E-03 -1.5310726095673515E-03
0
0.0
 -1.1407996218300525E+00 -2.3170985309886123E+00 3.8420614944644871E-01
 8.7803476741201928E-03 -6.0896848482001635E-03 -1.5739441627584615E-03
0
0.0
 -1.1407996218300525E+00 -2.3170985309886123E+00 3.8420614944644871E-01
 8.7741189967690675E-03 -5.8832804118562803E-03 -1.7968048411771806E-03
0
0.0
 -1.1407996218300525E+00 -2.3170985309886123E+00 3.8420614944644871E-01
 8.8545544454858467E-03 -5.7548778721827646E-03 -1.5775612035551288E-03
0
0.0
 -1.1407996218300525E+00 -2.3170985309886123E+00 3.8420614944644871E-01
 8.8363382328892331E-03 -5.9326924634482796E-03 -1.6944799283060258E-03
0
0.0
 -1.1407996218300525E+00 -2.3170985309886123E+00 3.8420614944644871E-01
 8.6215988320476437E-03 -6.0231701761329593E-03 -1.7329707376258141E-03
0
0.0
 -1.1407996218300525E+00 -2.3170985309886123E+00 3.8420614944644871E-01
 9.0313562471958618E-03 -6.0464740019422645E-03 -1.6134472413155449E-03
0
0.0
 -1.1407996218300525E+00 -2.3170985309886123E+00 3.8420614944644871E-01
 8.7178064753003093E-03 -5.8674386228395482E-03 -1.6420828798654659E-03
0
0.0
 -1.1407996218300525E+00 -2.3170985309886123E+00 3.8420614944644871E-01
 8.6299989964712595E-03 -5.9844938032287990E-03 -1.6050670522123678E-03
0
0.0
 -1.1407996218300525E+00 -2.3170985309886123E+00 3.8420614944644871E-01
 8.7031629200138641E-03 -5.9296685842526687E-03 -1.6720461933640725E-03
0
0.0
 -1.1407996218300525E+00 -2.3170985309886123E+00 3.8420614944644871E-01
 8.9525801653935339E-03 -5.9245351475062822E-03 -1.8103682718858252E-03
0
0.0
 -1.1407996218300525E+00 -2.3170985309886123E+00 3.8420614944644871E-01
 8.7415366293963782E-03 -5.9918879050861375E-03 -1.4066024924206659E-03
0
0.0
 -1.1407996218300525E+00 -2.3170985309886123E+00 3.8420614944644871E-01
 8.7432829431041102E-03 -5.8789447540323198E-03 -1.7559861086777050E-03
0
0.0
 -1.1407996218300525E+00 -2.3170985309886123E+00 3.8420614944644871E-01
 8.7418410187789647E-03 -5.9653488775606653E-03 -1.7550798585343709E-03
0
0.0
 -1.1407996218300525E+00 -2.3170985309886123E+00 3.8420614944644871E-01
 8.8573824660100886E-03 -6.1304334345242545E-03 -1.4720472624128087E-03
0
0.0
 -1.1407996218300525E+00 -2.3170985309886123E+00 3.8420614944644871E-01
 8.8293906551603196E-03 -6.0743819219578428E-03 -1.3899685570117279E-03
0
0.0
 -1.1407996218300525E+00 -2.3170985309886123E+00 3.8420614944644871E-01
 8.8383891719340836E-03 -6.0256929299674937E-03 -1.5614567927143843E-03
0
0.0
 -1.1407996218300525E+00 -2.3170985309886123E+00 3.8420614944644871E-01
 8.7814112411207946E-03 -6.0776377850900358E-03 -1.6256588730043534E-03
0
0.0
 -1.1407996218300525E+00 -2.3170985309886123E+00 3.8420614944644871E-01
 8.5673991864176138E-03 -5.9097708490253179E-03 -1.7650240543227356E-03
0
0.0
 -1.1407996218300525E+00 -2.3170985309886123E+00 3.8420614944644871E-01
 8.9405123062473446E-03 -5.9600056162926801E-03 -1.6255839227706291E-03
0
0.0
 -1.1407996218300525E+00 -2.3170985309886123E+00 3.8420614944644871E-01
 8.8842635437378220E-03 -5.7898405769436388E-03 -1.7587761449716405E-03
0
0.0
 -1.1407996218300525E+00 -2.3170985309886123E+00 3.8420614944644871E-01
 8.7021616365622664E-03 -6.0815834803222748E-03 -1.6853052013136480E-03
0
0.0
 -1.1407996218300525E+00 -2.3170985309886123E+00 3.8420614944644871E-01
 8.8685631345132403E-03 -5.8466060873868173E-03 -1.6397492175656814E-03
0
0.0
 -1.1407996218300525E+00 -2.3170985309886123E+00 3.8420614944644871E-01
 8.7654438415842618E-03 -5.9236370420054415E-03 -1.6676737768605123E-03
0
0.0
 -1.1407996218300525E+00 -2.3170985309886123E+00 3.8420614944644871E-01
 9.0250139020104769E-03 -5.9104528127326859E-03 -1.6007510990921178E-03
0
0.0
 -1.1407996218300525E+00 -2.3170985309886123E+00 3.8420614944644871E-01
 8.8580930755150240E-03 -5.9904010834633606E-03 -1.7017870286832107E-03
0
0.0
 -1.1407996218300525E+00 -2.3170985309886123E+00 3.8420614944644871E-01
 9.0259583389588338E-03 -5.8750661860547133E-03 -1.7070111368105924E-03
0
0.0
 -1.1407996218300525E+00 -2.3170985309886123E+00 3.8420614944644871E-01
 8.8834128724685091E-03 -5.9177771864319384E-03 -1.5982692048471235E-03
0
0.0
 -1.1407996218300525E+00 -2.3170985309886123E+00 3.8420614944644871E-01
 8.9506040586807487E-03 -6.0009634971192414E-03 -1.7999628186121301E-03
0
0.0
 -1.1407996218300525E+00 -2.3170985309886123E+00 3.8420614944644871E-01
 8.8433049034280699E-03 -5.9419326899328275E-03 -1.5985245457963619E-03
0
0.0
 -1.1407996218300525E+00 -2.3170985309886123E+00 3.8420614944644871E-01
 8.6796196823954955E-03 -5.9465239438376465E-03 -1.7155132154203180E-03
0
0.0
 -1.1407996218300525E+00 -2.3170985309886123E+00 3.8420614944644871E-01
 8.6570151486886366E-03 -5.9955346758648106E-03 -1.5227102212510425E-03
0
0.0
 -1.1407996218300525E+00 -2.3170985309886123E+00 3.8420614944644871E-01
 8.7536476862439191E-03 -5.9730351634863631E-03 -1.5268740194402546E-03
0
0.0
 -1.1407996218300525E+00 -2.3170985309886123E+00 3.8420614944644871E-01
 8.7028234582227602E-03 -5.7257610561753155E-03 -1.6630558287450985E-03
0
0.0
 -1.1407996218300525E+00 -2.3170985309886123E+00 3.8420614944644871E-01
 8.8089778226064959E-03 -6.0097604341415164E-03 -1.7818573216278916E-03
0
0.0
 -1.1407996218300525E+00 -2.3170985309886123E+00 3.8420614944644871E-01
 8.7715734136498223E-03 -6.0338922598116556E-03 -1.4449307509236038E-03
0
0.0
 -1.1407996218300525E+00 -2.3170985309886123E+00 3.8420614944644871E-01
 8.8701935444676916E-03 -5.8185460283017142E-03 -1.6364546069317174E-03
0
0.0
 -1.1407996218300525E+00 -2.3170985309886123E+00 3.8420614944644871E-01
 8.7419866022214708E-03 -5.9105165619704495E-03 -1.6474096940588155E-03
0
0.0
 -1.1407996218300525E+00 -2.3170985309886123E+00 3.8420614944644871E-01
 8.8178387137023938E-03 -6.0350113710965232E-03 -1.5980800851534455E-03
0
0.0
 -1.1407996218300525E+00 -2.3170985309886123E+00 3.8420614944644871E-01
 8.8812846725684798E-03 -5.9283914672515212E-03 -1.5276800798567965E-03
0
0.0
 -1.1407996218300525E+00 -2.3170985309886123E+00 3.8420614944644871E-01
 8.7311712709570166E-03 -5.8801787037721367E-03 -1.5766165515646469E-03
0
0.0
 -1.1407996218300525E+00 -2.3170985309886123E+00 3.8420614944644871E-01
 8.8892568002020573E-03 -6.0625887214432591E-03 -1.6791734281748677E-03
0
0.0
 -1.1407996218300525E+00 -2.3170985309886123E+00 3.8420614944644871E-01
 8.7467537260692042E-03 -5.8171882955167691E-03 -1.4219324310922796E-03
0
0.0
 -1.1407996218300525E+00 -2.3170985309886123E+00 3.8420614944644871E-01
 8.7590322999284206E-03 -6.1642500246777724E-03 -1.7814558291191903E-03
0
0.0
 -1.1407996218300525E+00 -2.3170985309886123E+00 3.8420614944644871E-01
 8.8711419845108469E-03 -5.9442375807930315E-03 -1.7402923218328794E-03
0
0.0
 -1.1407996218300525E+00 -2.3170985309886123E+00 3.8420614944644871E-01
 9.0479096635889024E-03 -5.9036568839881103E-03 -1.7113337357144418E-03
0
0.0
 -1.1407996218300525E+00 -2.3170985309886123E+00 3.8420614944644871E-01
 8.6850661722883433E-03 -5.5838533577004410E-03 -1.6149636570754313E-03
0
0.0
 -1.1407996218300525E+00 -2.3170985309886123E+00 3.8420614944644871E-01
 8.8333800397838811E-03 -5.8865458751036865E-03 -1.6336557131618335E-03
0
0.0
 -1.1407996218300525E+00 -2.3170985309886123E+00 3.8420614944644871E-01
 8.8953256647579804E-03 -5.9140047966490415E-03 -1.9108775385276947E-03
0
0.0
 -1.1407996218300525E+00 -2.3170985309886123E+00 3.8420614944644871E-01
 8.7469955336733404E-03 -5.9008039506366966E-03 -1.7263952749130183E-03
0
0.0
 -1.1407996218300525E+00 -2.3170985309886123E+00 3.8420614944644871E-01
 8.9332786865718855E-03 -5.8639025599655087E-03 -1.5241872362356270E-03
0
0.0
 -1.1407996218300525E+00 -2.3170985309886123E+00 3.8420614944644871E-01
 8.8933280040176758E-03 -5.9036634183766623E-03 -1.7585148894043604E-03
0
0.0
 -1.1407996218300525E+00 -2.3170985309886123E+00 3.8420614944644871E-01
 8.8085199722795250E-03 -5.9158864177831600E-03 -1.6634874491708441E-03
0
0.0
 -1.1407996218300525E+00 -2.3170985309886123E+00 3.8420614944644871E-01
 9.0713737418353473E-03 -5.9482182973545324E-03 -1.7018712138042922E-03
0
0.0
 -1.1407996218300525E+00 -2.3170985309886123E+00 3.8420614944644871E-01
 8.9465227237690622E-03 -5.8249682749214387E-03 -1.6861029718916720E-03
0
0.0
 -1.1407996218300525E+00 -2.3170985309886123E+00 3.8420614944644871E-01
 8.9564495245104247E-03 -5.7773502221233350E-03 -1.7768140642263413E-03
0
0.0
 -1.1407996218300525E+00 -2.3170985309886123E+00 3.8420614944644871E-01
 9.0289914026042226E-03 -5.8177389824715462E-03 -1.6834139010042377E-03
0
0.0
 -1.1407996218300525E+00 -2.3170985309886123E+00 3.8420614944644871E-01
 8.8056460795563358E-03 -6.0201819110271768E-03 -1.4855588959033852E-03
0
0.0
 -1.1407996218300525E+00 -2.3170985309886123E+00 3.8420614944644871E-01
 8.8629119663256387E-03 -6.2045946329166634E-03 -1.6425328133896017E-03
0
0.0
 -1.1407996218300525E+00 -2.3170985309886123E+00 3.8420614944644871E-01
 8.8164409755089341E-03 -5.9337032004277849E-03 -1.6681220698512524E-03
0
0.0
 -1.1407996218300525E+00 -2.3170985309886123E+00 3.8420614944644871E-01
 8.9504870840671925E-03 -5.8468830425579751E-03 -1.6592823701594482E-03
0
0.0
 -1.1407996218300525E+00 -2.3170985309886123E+00 3.8420614944644871E-01
 8.8670769550448728E-03 -6.1904867517597207E-03 -1.5276144608646252E-03
0
0.0
 -1.1407996218300525E+00 -2.3170985309886123E+00 3.8420614944644871E-01
 8.7901217578031290E-03 -6.1336806250871312E-03 -1.6994768015419870E-03
0
0.0
 -1.1407996218300525E+00 -2.3170985309886123E+00 3.8420614944644871E-01
 8.7652981695271054E-03 -6.0453774313746038E-03 -1.6864498416636741E-03
0
0.0
 -1.1407996218300525E+00 -2.3170985309886123E+00 3.8420614944644871E-01
 8.7794129527621490E-03 -6.1437817623317967E-03 -1.7353577507421365E-03
0
0.0
 -1.1407996218300525E+00 -2.3170985309886123E+00 3.8420614944644871E-01
 8.8029668151935313E-03 -5.9856984986151945E-03 -1.6613742009570066E-03
0
0.0
 -1.1407996218300525E+00 -2.3170985309886123E+00 3.8420614944644871E-01
 8.8644765603054024E-03 -6.0089713329379950E-03 -1.6984365559020828E-03
0
0.0
 -1.1407996218300525E+00 -2.3170985309886123E+00 3.8420614944644871E-01
 8.8948807200559792E-03 -5.8482152862807755E-03 -1.4825268681999124E-03
0
0.0
 -1.1407996218300525E+00 -2.3170985309886123E+00 3.8420614944644871E-01
 8.8911539883923720E-03 -6.0270013950739724E-03 -1.7309700753040821E-03
0
0.0
 -1.1407996218300525E+00 -2.3170985309886123E+00 3.8420614944644871E-01
 8.8851432659264405E-03 -5.9448213033233728E-03 -1.6869189161472866E-03
0
0.0
 -1.1407996218300525E+00 -2.3170985309886123E+00 3.8420614944644871E-01
 8.7062665339108745E-03 -5.9304755259641951E-03 -1.8036537440841818E-03
0
0.0
 -1.1407996218300525E+00 -2.3170985309886123E+00 3.8420614944644871E-01
 8.9458753292122242E-03 -6.0118132624900032E-03 -1.9112683441977931E-03
0
0.0
 -1.1407996218300525E+00 -2.3170985309886123E+00 3.8420614944644871E-01
 8.8779496174961163E-03 -5.9175430290076131E-03 -1.5928896718062106E-03
0
0.0
 -1.1407996218300525E+00 -2.3170985309886123E+00 3.8420614944644871E-01
 8.8727779167932473E-03 -5.9459734544537257E-03 -1.5165460313046027E-03
0
0.0
 -1.1407996218300525E+00 -2.3170985309886123E+00 3.8420614944644871E-01
 9.0632941481914569E-03 -5.9472650057465128E-03 -1.5594923075897119E-03
0
0.0
 -1.1407996218300525E+00 -2.3170985309886123E+00 3.8420614944644871E-01
 8.6766098488459016E-03 -6.2021122809600687E-03 -1.5671235087692512E-03
0
0.0
 -1.1407996218300525E+00 -2.3170985309886123E+00 3.8420614944644871E-01
 8.7997270906970456E-03 -5.8890223897068630E-03 -1.6423872222372899E-03
0
0.0
 -1.1407996218300525E+00 -2.3170985309886123E+00 3.8420614944644871E-01
 8.5619962309171297E-03 -5.8034214550562241E-03 -1.4577835215806216E-03
0
0.0
 -1.1407996218300525E+00 -2.3170985309886123E+00 3.8420614944644871E-01
 8.8050421574999496E-03 -5.8374349652980948E-03 -1.5973924083644328E-03
0
0.0
 -1.1407996218300525E+00 -2.3170985309886123E+00 3.8420614944644871E-01
 8.6775040189576522E-03 -5.9675065260395357E-03 -1.6659249341998480E-03
0
0.0
 -1.1407996218300525E+00 -2.3170985309886123E+00 3.8420614944644871E-01
 8.7554391551727933E-03 -5.8348932268828223E-03 -1.6150563042470944E-03
0
0.0
 -1.1407996218300525E+00 -2.3170985309886123E+00 3.8420614944644871E-01
 8.6806249492230314E-03 -5.9876740378546848E-03 -1.6199719546127773E-03
0
0.0
 -1.1407996218300525E+00 -2.3170985309886123E+00 3.8420614944644871E-01
 8.7618504541314875E-03 -6.1481276698228393E-03 -1.5681288810052388E-03
0
0.0
 -1.1407996218300525E+00 -2.3170985309886123E+00 3.8420614944644871E-01
 8.6690925880830525E-03 -6.0007728249726437E-03 -1.8744795715811297E-03
0
0.0
 -1.1407996218300525E+00 -2.3170985309886123E+00 3.8420614944644871E-01
 8.6192971028448851E-03 -6.0663015505514652E-03 -1.6136828276431788E-03
0
0.0
 -1.1407996218300525E+00 -2.3170985309886123E+00 3.8420614944644871E-01
 9.0297075234809857E-03 -5.9678625728013142E-03 -1.8172155584853620E-03
0
0.0
 -1.1407996218300525E+00 -2.3170985309886123E+00 3.8420614944644871E-01
 8.7764021021707571E-03 -6.0185995238933344E-03 -1.7835920220581646E-03
0
0.0
 -1.1407996218300525E+00 -2.3170985309886123E+00 3.8420614944644871E-01
 8.8411792547739079E-03 -5.9350306197194485E-03 -1.4546422142822078E-03
0
0.0
 -1.1407996218300525E+00 -2.3170985309886123E+00 3.8420614944644871E-01
 8.9192013580490573E-03 -5.9778660939952388E-03 -1.8284554092247718E-03
0
0.0
 -1.1407996218300525E+00 -2.3170985309886123E+00 3.8420614944644871E-01
 8.7748099958921636E-03 -5.8675816364126667E-03 -1.5855795848915932E-03
0
0.0
 -1.1407996218300525E+00 -2.3170985309886123E+00 3.8420614944644871E-01
 8.7090690080245080E-03 -5.7654303517285658E-03 -1.4157752835311514E-03
0
0.0
 -1.1407996218300525E+00 -2.3170985309886123E+00 3.8420614944644871E-01
 8.5413051669397996E-03 -5.7930988668878245E-03 -1.8120577065684619E-03
0
0.0
 -1.1407996218300525E+00 -2.3170985309886123E+00 3.8420614944644871E-01
 8.8798866269214714E-03 -5.6824249843369316E-03 -1.6440330679647808E-03
0
0.0
 -1.1407996218300525E+00 -2.3170985309886123E+00 3.8420614944644871E-01
 8.6970776869664135E-03 -5.8017686878649262E-03 -1.5404172301585861E-03
0
0.0
 -1.1407996218300525E+00 -2.3170985309886123E+00 3.8420614944644871E-01
 8.6661683229337181E-03 -6.1605737342700995E-03 -1.5074736279342854E-03
0
0.0
 -1.1407996218300525E+00 -2.3170985309886123E+00 3.8420614944644871E-01
 8.6596641857113431E-03 -5.9095713283960991E-03 -1.8174206720738084E-03
0
0.0
 -1.1407996218300525E+00 -2.3170985309886123E+00 3.8420614944644871E-01
 8.8711150999900568E-03 -6.1523443468855374E-03 -1.8513214486167273E-03
0
0.0
 -1.1407996218300525E+00 -2.3170985309886123E+00 3.8420614944644871E-01
 8.6996835797456939E-03 -5.6112383696271702E-03 -1.5503916517146858E-03
0
0.0
 -1.1407996218300525E+00 -2.3170985309886123E+00 3.8420614944644871E-01
 8.7722398144509748E-03 -5.9087247052347419E-03 -1.6429863665154351E-03
0
0.0
 -1.1407996218300525E+00 -2.3170985309886123E+00 3.8420614944644871E-01
 8.7468362616734269E-03 -5.7772889629959167E-03 -1.4435665105255137E-03
0
0.0
 -1.1407996218300525E+00 -2.3170985309886123E+00 3.8420614944644871E-01
 8.8855067248478671E-03 -5.8772273267454116E-03 -1.4196623257798256E-03
0
0.0
 -1.1407996218300525E+00 -2.3170985309886123E+00 3.8420614944644871E-01
 9.1163303641891187E-03 -5.9044354372204330E-03 -1.6254204353342906E-03
0
0.0
 -1.1407996218300525E+00 -2.3170985309886123E+00 3.8420614944644871E-01
 8.9966170156030433E-03 -5.8619897325627134E-03 -1.6336070008959379E-03
0
0.0
 -1.1407996218300525E+00 -2.3170985309886123E+00 3.8420614944644871E-01
 8.8285193436676620E-03 -5.7892921094748889E-03 -1.5589917404099909E-03
0
0.0
 -1.1407996218300525E+00 -2.3170985309886123E+00 3.8420614944644871E-01
 8.7742974702061088E-03 -5.9297602230887212E-03 -1.7317461380697637E-03
0
0.0
 -1.1407996218300525E+00 -2.3170985309886123E+00 3.8420614944644871E-01
 8.7563686452095096E-03 -6.0407626879453681E-03 -1.7026646445812139E-03
0
0.0
 -1.1407996218300525E+00 -2.3170985309886123E+00 3.8420614944644871E-01
 8.7149992676298117E-03 -5.9752102284232221E-03 -1.7233722135925817E-03
0
0.0
 -1.1407996218300525E+00 -2.3170985309886123E+00 3.8420614944644871E-01
 8.7448022095035563E-03 -6.1814100223310051E-03 -1.7428432761110006E-03
0
0.0
 -1.1407996218300525E+00 -2.3170985309886123E+00 3.8420614944644871E-01
 8.6343264062000626E-03 -5.9126118380302250E-03 -1.5352938238602711E-03
0
0.0
 -1.1407996218300525E+00 -2.3170985309886123E+00 3.8420614944644871E-01
 8.7884607045759840E-03 -5.8027938050750211E-03 -1.8505220185000234E-03
0
0.0
 -1.1407996218300525E+00 -2.3170985309886123E+00 3.8420614944644871E-01
 8.8553266026115286E-03 -5.8896190600282320E-03 -1.3202834828317299E-03
0
0.0
 -1.1407996218300525E+00 -2.3170985309886123E+00 3.8420614944644871E-01
 8.7972797145755410E-03 -5.6614750062869701E-03 -1.6891634793735893E-03
0
0.0
 -1.1407996218300525E+00 -2.3170985309886123E+00 3.8420614944644871E-01
 8.8469006157636063E-03 -5.9716156370816708E-03 -1.6186720705676744E-03
0
0.0
 -1.1407996218300525E+00 -2.3170985309886123E+00 3.8420614944644871E-01
 8.6084340551623000E-03 -6.0229576978672924E-03 -1.4218038428703199E-03
0
0.0
 -1.1407996218300525E+00 -2.3170985309886123E+00 3.8420614944644871E-01
 8.9045588446552016E-03 -5.8927333220423796E-03 -1.6558321397339688E-03
0
0.0
 -1.1407996218300525E+00 -2.3170985309886123E+00 3.8420614944644871E-01
 8.8399592843024233E-03 -5.9367521704125972E-03 -1.6444823071810578E-03
0
0.0
 -1.1407996218300525E+00 -2.3170985309886123E+00 3.8420614944644871E-01
 8.7251351295141461E-03 -5.8037057898363085E-03 -1.6740339825250493E-03
0
0.0
 -1.1407996218300525E+00 -2.3170985309886123E+00 3.8420614944644871E-01
 8.7149257327916833E-03 -6.0921934312677915E-03 -1.4704416905125912E-03
0
0.0
 -1.1407996218300525E+00 -2.3170985309886123E+00 3.8420614944644871E-01
 8.7310747641851979E-03 -5.6241891641182666E-03 -1.7084081804508795E-03
0
0.0
 -1.1407996218300525E+00 -2.3170985309886123E+00 3.8420614944644871E-01
 8.7025608964025527E-03 -5.8915131426069941E-03 -1.6284455520931538E-03
0
0.0
 -1.1407996218300525E+00 -2.3170985309886123E+00 3.8420614944644871E-01
 8.9459352175777287E-03 -5.9824677528849532E-03 -1.4895473583910518E-03
0
0.0
 -1.1407996218300525E+00 -2.3170985309886123E+00 3.8420614944644871E-01
 8.5658209837857525E-03 -5.8813199165641331E-03 -1.4231662489533664E-03
0
0.0
 -1.1407996218300525E+00 -2.3170985309886123E+00 3.8420614944644871E-01
 8.7399984555700735E-03 -5.9271763762726824E-03 -1.5982796944779372E-03
0
0.0
 -1.1407996218300525E+00 -2.3170985309886123E+00 3.8420614944644871E-01
 8.7761242024752099E-03 -5.8051649126613760E-03 -1.5328640584678466E-03
0
0.0
 -1.1407996218300525E+00 -2.3170985309886123E+00 3.8420614944644871E-01
 8.7620171869908295E-03 -5.7899511322241030E-03 -1.8348305506314456E-03
0
0.0
 -1.1407996218300525E+00 -2.3170985309886123E+00 3.8420614944644871E-01
 8.5586667571870088E-03 -6.1613396513576883E-03 -1.6317093837552742E-03
0
0.0
 -1.1407996218300525E+00 -2.3170985309886123E+00 3.8420614944644871E-01
 8.5377562546650916E-03 -5.8445551426217091E-03 -1.8214911459911623E-03
0
0.0
 -1.1407996218300525E+00 -2.3170985309886123E+00 3.8420614944644871E-01
 8.9180126292540528E-03 -5.8839481121401279E-03 -1.5990153755633429E-03
0
0.0
 -1.1407996218300525E+00 -2.3170985309886123E+00 3.8420614944644871E-01
 8.7203798303770799E-03 -5.9461146424399031E-03 -1.5340360177151227E-03
0
0.0
 -1.1407996218300525E+00 -2.3170985309886123E+00 3.8420614944644871E-01
 8.6843260405726434E-03 -5.9363684695031334E-03 -1.5243041157775249E-03
0
0.0
 -1.1407996218300525E+00 -2.3170985309886123E+00 3.8420614944644871E-01
 8.5342474139879828E-03 -5.9707088427496981E-03 -1.5700671064442289E-03
0
0.0
 -1.1407996218300525E+00 -2.3170985309886123E+00 3.8420614944644871E-01
 8.7243128835790724E-03 -5.8510245945456825E-03 -1.6471492550852447E-03
0
0.0
 -1.1407996218300525E+00 -2.3170985309886123E+00 3.8420614944644871E-01
 8.9022168470349640E-03 -5.9820418409734502E-03 -1.6311206116965695E-03
0
0.0
 -1.1407996218300525E+00 -2.3170985309886123E+00 3.8420614944644871E-01
 8.7641926506595181E-03 -5.8540805407859935E-03 -1.4932324057132401E-03
0
0.0
 -1.1407996218300525E+00 -2.3170985309886123E+00 3.8420614944644871E-01
 8.8226424763428370E-03 -5.9210605259816121E-03 -1.5487774806289027E-03
0
0.0
 -1.1407996218300525E+00 -2.3170985309886123E+00 3.8420614944644871E-01
 8.9947932290371842E-03 -5.9222601192176622E-03 -1.5629153963537569E-03
0
0.0
 -1.1407996218300525E+00 -2.3170985309886123E+00 3.8420614944644871E-01
 8.7724951020415037E-03 -6.2083187296771607E-03 -1.7491379186430566E-03
0
0.0
 -1.1407996218300525E+00 -2.3170985309886123E+00 3.8420614944644871E-01
 8.8819483324673373E-03 -6.0039050091334218E-03 -1.6179657549420970E-03
0
0.0
 -1.1407996218300525E+00 -2.3170985309886123E+00 3.8420614944644871E-01
 8.7404845715581218E-03 -5.9892541690717681E-03 -1.5123062816935178E-03
0
0.0
 -1.1407996218300525E+00 -2.3170985309886123E+00 3.8420614944644871E-01
 8.7011731082334183E-03 -5.9991935435262014E-03 -1.6708656854784493E-03
0
0.0
 -1.1407996218300525E+00 -2.3170985309886123E+00 3.8420614944644871E-01
 8.7506689757331918E-03 -5.8218220115630664E-03 -1.9194537470470347E-03
0
0.0
 -1.1407996218300525E+00 -2.3170985309886123E+00 3.8420614944644871E-01
 8.7998127841109417E-03 -5.8709135280378142E-03 -1.5024577613741348E-03
0
0.0
 -1.1407996218300525E+00 -2.3170985309886123E+00 3.8420614944644871E-01
 8.7947627461562126E-03 -5.8357184792634338E-03 -1.7345457933403165E-03
0
0.0
 -1.1407996218300525E+00 -2.3170985309886123E+00 3.8420614944644871E-01
 8.7904402504553735E-03 -5.9588442960721664E-03 -1.5833004545254277E-03
0
0.0
 -1.1407996218300525E+00 -2.3170985309886123E+00 3.8420614944644871E-01
 8.5980512344374996E-03 -5.8703812442534717E-03 -1.5597252472794555E-03
0
0.0
 -1.1407996218300525E+00 -2.3170985309886123E+00 3.8420614944644871E-01
 8.8195518134512683E-03 -5.8637594239113250E-03 -1.4675696572063737E-03
0
0.0
 -1.1407996218300525E+00 -2.3170985309886123E+00 3.8420614944644871E-01
 8.7397587211527870E-03 -5.8010839972556889E-03 -1.5820956882034846E-03
0
0.0
 -1.1407996218300525E+00 -2.3170985309886123E+00 3.8420614944644871E-01
 8.8223372018388004E-03 -5.8345620822633400E-03 -1.5749698302131004E-03
0
0.0
 -1.1407996218300525E+00 -2.3170985309886123E+00 3.8420614944644871E-01
 8.7705634232159487E-03 -5.8937801686522462E-03 -1.9655801093900137E-03
0
0.0
 -1.1407996218300525E+00 -2.3170985309886123E+00 3.8420614944644871E-01
 8.7719121229485365E-03 -6.1359309535889946E-03 -1.4138014860296186E-03
0
0.0
 -1.1407996218300525E+00 -2.3170985309886123E+00 3.8420614944644871E-01
 8.8907904314612339E-03 -6.0879903925402552E-03 -1.7694487778946817E-03
0
0.0
 -1.1407996218300525E+00 -2.3170985309886123E+00 3.8420614944644871E-01
 8.7924721484143736E-03 -5.8931840226964316E-03 -1.6863027233834291E-03
0
0.0
 -1.1407996218300525E+00 -2.3170985309886123E+00 3.8420614944644871E-01
 8.6376053750075021E-03 -5.9887019472800772E-03 -1.4497426834249967E-03
0
0.0
 -1.1407996218300525E+00 -2.3170985309886123E+00 3.8420614944644871E-01
 8.7419190758214298E-03 -5.8411782526448901E-03 -1.5300300102283199E-03
0
0.0
 -1.1407996218300525E+00 -2.3170985309886123E+00 3.8420614944644871E-01
 8.7279509713352865E-03 -5.7994714930112616E-03 -1.5457409800706818E-03
0
0.0
 -1.1407996218300525E+00 -2.3170985309886123E+00 3.8420614944644871E-01
 8.8143773416793150E-03 -5.6972170552002065E-03 -1.5845345880572462E-03
0
0.0
 -1.1407996218300525E+00 -2.3170985309886123E+00 3.8420614944644871E-01
 8.9472679143013049E-03 -5.7187458449755634E-03 -1.7500138973259817E-03
0
0.0
 -1.1407996218300525E+00 -2.3170985309886123E+00 3.8420614944644871E-01
 8.8808526541426965E-03 -5.8830010495114675E-03 -1.6655908492046916E-03
0
0.0
 -1.1407996218300525E+00 -2.3170985309886123E+00 3.8420614944644871E-01
 8.8129874237516670E-03 -5.8488040913903128E-03 -1.4151227062002929E-03
0
0.0
 -1.1407996218300525E+00 -2.3170985309886123E+00 3.8420614944644871E-01
 8.9580430948560837E-03 -5.8973395937570216E-03 -1.7039794416829326E-03
0
0.0
 -1.1407996218300525E+00 -2.3170985309886123E+00 3.8420614944644871E-01
 8.8517328175692564E-03 -5.8479988549919202E-03 -1.7261067438534793E-03
0
0.0
 -1.1407996218300525E+00 -2.3170985309886123E+00 3.8420614944644871E-01
 8.8521768941489890E-03 -5.9014488220577909E-03 -1.7266003334455839E-03
0
0.0
 -1.1407996218300525E+00 -2.3170985309886123E+00 3.8420614944644871E-01
 8.5776163616889858E-03 -6.0156750430993460E-03 -1.5328841264458121E-03
0
0.0
 -1.1407996218300525E+00 -2.3170985309886123E+00 3.8420614944644871E-01
 8.8058749265187749E-03 -5.8940719991665298E-03 -1.7263038724014538E-03
0
0.0
 -1.1407996218300525E+00 -2.3170985309886123E+00 3.8420614944644871E-01
 8.8871243972218385E-03 -5.9044070585048012E-03 -1.7973287777166952E-03
0
0.0
 -1.1407996218300525E+00 -2.3170985309886123E+00 3.8420614944644871E-01
 8.6310451287668899E-03 -6.1850085313615048E-03 -1.7606786232467796E-03
0
0.0
 -1.1407996218300525E+00 -2.3170985309886123E+00 3.8420614944644871E-01
 8.7593510620515829E-03 -5.8974246640502506E-03 -1.4091409761552243E-03
0
0.0
 -1.1407996218300525E+00 -2.3170985309886123E+00 3.8420614944644871E-01
 8.7419474236554093E-03 -5.9750204741940436E-03 -1.4843404064444118E-03
0
0.0
 -1.1407996218300525E+00 -2.3170985309886123E+00 3.8420614944644871E-01
 8.8794065984484794E-03 -6.0393594582187392E-03 -1.7065564075996738E-03
0
0.0
 -1.1407996218300525E+00 -2.3170985309886123E+00 3.8420614944644871E-01
 8.7446659565199418E-03 -5.9739657216766181E-03 -1.5736206466642464E-03
0
0.0
 -1.1407996218300525E+00 -2.3170985309886123E+00 3.8420614944644871E-01
 8.8072891326417060E-03 -5.8798181489544297E-03 -1.6736106125989777E-03
0
0.0
 -1.1407996218300525E+00 -2.3170985309886123E+00 3.8420614944644871E-01
 8.8729315332050050E-03 -5.9572588778867598E-03 -1.5555169383764109E-03
0
0.0
 -1.1407996218300525E+00 -2.3170985309886123E+00 3.8420614944644871E-01
 8.8503663630824653E-03 -5.7840706719558821E-03 -1.5285124433515769E-03
0
0.0
 -1.1407996218300525E+00 -2.3170985309886123E+00 3.8420614944644871E-01
 8.6819105694654983E-03 -5.6845950025436656E-03 -1.5370593504239354E-03
0
0.0
 -1.1407996218300525E+00 -2.3170985309886123E+00 3.8420614944644871E-01
 8.6879135096917699E-03 -6.0943782084371921E-03 -1.7315077162822574E-03
0
0.0
 -1.1407996218300525E+00 -2.3170985309886123E+00 3.8420614944644871E-01
 8.8420569549316104E-03 -5.9547121821140019E-03 -1.4280758050463818E-03
0
0.0
 -1.1407996218300525E+00 -2.3170985309886123E+00 3.8420614944644871E-01
 8.8021604836753566E-03 -5.7929845701191526E-03 -1.4905934168229136E-03
0
0.0
 -1.1407996218300525E+00 -2.3170985309886123E+00 3.8420614944644871E-01
 8.6533276899542783E-03 -5.9096000650987407E-03 -1.3878921890862141E-03
0
0.0
