20
 -1.1407996218300525E+00 -2.3170985309886123E+00 3.8420614944644871E-01
 8.6544620710693604E-03 -6.1723827773924982E-03 -1.5758399024180254E-03
0
0.0
 -1.1407996218300525E+00 -2.3170985309886123E+00 3.8420614944644871E-01
 8.9819052669840721E-03 -5.8610007171742045E-03 -1.6293199514239569E-03
0
0.0
 -1.1407996218300525E+00 -2.3170985309886123E+00 3.8420614944644871E-01
 8.7549086202358874E-03 -5.9303417987659930E-03 -1.6762153282569164E-03
0
0.0
 -1.1407996218300525E+00 -2.3170985309886123E+00 3.8420614944644871E-01
 8.7419786540707724E-03 -5.9124737484083541E-03 -1.7845872401479142E-03
0
0.0
 -1.1407996218300525E+00 -2.3170985309886123E+00 3.8420614944644871E-01
 8.8601445854060799E-03 -5.7574804953644384E-03 -1.8329364779877640E-03
0
0.0
 -1.1407996218300525E+00 -2.3170985309886123E+00 3.8420614944644871E-01
 8.6872928280311949E-03 -5.7924032857493033E-03 -1.7771258224315665E-03
0
0.0
 -1.1407996218300525E+00 -2.3170985309886123E+00 3.8420614944644871E-01
 8.7774849042714514E-03 -5.9028291418517856E-03 -1.5829026675380109E-03
0
0.0
 -1.1407996218300525E+00 -2.3170985309886123E+00 3.8420614944644871E-01
 8.9964069405446181E-03 -6.0712989874386761E-03 -1.5662203725737359E-03
0
0.0
 -1.1407996218300525E+00 -2.3170985309886123E+00 3.8420614944644871E-01
 8.6546979537244547E-03 -5.7205026328569003E-03 -1.7786266223949066E-03
0
0.0
 -1.1407996218300525E+00 -2.3170985309886123E+00 3.8420614944644871E-01
 8.8867353511909459E-03 -6.2022669032952803E-03 -1.6247135394880203E-03
0
0.0
 -1.1407996218300525E+00 -2.3170985309886123E+00 3.8420614944644871E-01
 8.8067984654317810E-03 -5.7645118578923795E-03 -1.5903546372234266E-03
0
0.0
 -1.1407996218300525E+00 -2.3170985309886123E+00 3.8420614944644871E-01
 8.7336757386400083E-03 -5.8176193473803229E-03 -1.6947988490734213E-03
0
0.0
 -1.1407996218300525E+00 -2.3170985309886123E+00 3.8420614944644871E-01
 8.7134707947593669E-03 -5.9748688707548453E-03 -1.6301984410179301E-03
0
0.0
 -1.1407996218300525E+00 -2.3170985309886123E+00 3.8420614944644871E-01
 8.5674621929877019E-03 -6.0360501770136948E-03 -1.5095769462076275E-03
0
0.0
 -1.1407996218300525E+00 -2.3170985309886123E+00 3.8420614944644871E-01
 8.6875577242058726E-03 -6.0768769768526909E-03 -1.6537240202372707E-03
0
0.0
 -1.1407996218300525E+00 -2.3170985309886123E+00 3.8420614944644871E-01
 8.8412023742253393E-03 -5.7638546391022604E-03 -1.5684481031381058E-03
0
0.0
 -1.1407996218300525E+00 -2.3170985309886123E+00 3.8420614944644871E-01
 8.8092703747393083E-03 -5.7380898597088354E-03 -1.6161075391003248E-03
0
0.0
 -1.1407996218300525E+00 -2.3170985309886123E+00 3.8420614944644871E-01
 8.8108183383709526E-03 -5.8544695157363895E-03 -1.5446674749572589E-03
0
0.0
 -1.1407996218300525E+00 -2.3170985309886123E+00 3.8420614944644871E-01
 8.5562792807654629E-03 -6.0287298248803403E-03 -1.4919603739062797E-03
0
0.0
 -1.1407996218300525E+00 -2.3170985309886123E+00 3.8420614944644871E-01
 8.7954412599767877E-03 -6.0643649912276477E-03 -1.6329046555028960E-03
0
0.0
