20
-1
1
  0.45114959   0.39378900  -0.80087095  1.87176500e-04
  0.09986552  -0.86847541   0.48556910  2.96412960e-04
 -0.34747023   0.92992766   0.12041176  2.02187317e-04
 -0.48959523   0.85701385  -0.16069773  6.52432696e-04
  0.35211076   0.73324810   0.58169170  4.53389297e-04
 -0.08097815   0.46620616   0.88096218  2.57731396e-04
  0.88071742   0.24132928  -0.40755000  1.65572549e-04
  0.61302543   0.76397178   0.20136273  1.46055192e-04
  0.24129675  -0.05406536   0.96894418  1.64814303e-04
 -0.34991730   0.77896576  -0.52035587  2.74994416e-04
 -0.41028925  -0.74565763  -0.52503088  1.51953349e-04
  0.12083681   0.02091762   0.99245197  1.81733593e-04
 -0.79526157   0.20662196   0.56997053  2.57863808e-04
 -0.35668802   0.74388018   0.56516895  3.25441279e-04
 -0.27703706   0.90154531   0.33236504  4.51083214e-04
 -0.31592072  -0.16525884  -0.93428241  2.65116304e-04
 -0.78404269   0.60610919   0.13382346  2.18825069e-04
  0.24163922  -0.27314172  -0.93113054  8.40516275e-04
  0.80153647  -0.50720840   0.31666849  4.19328751e-04
  0.24388570   0.77810105   0.57885967  3.60200909e-04
