20
 -1.1407996218300525E+00 -2.3170985309886123E+00 3.8420614944644871E-01
 8.8200902508037884E-03 -5.9066740855369185E-03 -1.5430327861910794E-03
0
0.0
 -1.1407996218300525E+00 -2.3170985309886123E+00 3.8420614944644871E-01
 8.7451873671356341E-03 -5.7974032076613616E-03 -1.6055385509105592E-03
0
0.0
 -1.1407996218300525E+00 -2.3170985309886123E+00 3.8420614944644871E-01
 8.9497909020396071E-03 -5.9273299081022872E-03 -1.8447402265442602E-03
0
0.0
 -1.1407996218300525E+00 -2.3170985309886123E+00 3.8420614944644871E-01
 8.7635445939447977E-03 -5.9282240476613438E-03 -1.5313757469006197E-03
0
0.0
 -1.1407996218300525E+00 -2.3170985309886123E+00 3.8420614944644871E-01
 8.8274635932712210E-03 -5.8345020305430300E-03 -1.7016547257335654E-03
0
0.0
 -1.1407996218300525E+00 -2.3170985309886123E+00 3.8420614944644871E-01
 8.8626942897888500E-03 -5.9374247282482804E-03 -1.8021303755355285E-03
0
0.0
 -1.1407996218300525E+00 -2.3170985309886123E+00 3.8420614944644871E-01
 8.9759938105630245E-03 -6.0183888115730557E-03 -1.5308732899884242E-03
0
0.0
 -1.1407996218300525E+00 -2.3170985309886123E+00 3.8420614944644871E-01
 8.7658948853578372E-03 -5.8623125755020017E-03 -1.6649310398973249E-03
0
0.0
 -1.1407996218300525E+00 -2.3170985309886123E+00 3.8420614944644871E-01
 8.6428772978661573E-03 -5.9828556764030660E-03 -1.7365863529930513E-03
0
0.0
 -1.1407996218300525E+00 -2.3170985309886123E+00 3.8420614944644871E-01
 8.5827673959419284E-03 -5.8511087234922703E-03 -1.5448630579573512E-03
0
0.0
 -1.1407996218300525E+00 -2.3170985309886123E+00 3.8420614944644871E-01
 8.9503885265706830E-03 -5.9907049100737311E-03 -1.5885521947113191E-03
0
0.0
 -1.1407996218300525E+00 -2.3170985309886123E+00 3.8420614944644871E-01
 8.7401225032334995E-03 -5.8942230523058650E-03 -1.4441630563941513E-03
0
0.0
 -1.1407996218300525E+00 -2.3170985309886123E+00 3.8420614944644871E-01
 8.5770284417136487E-03 -5.8933140787353943E-03 -1.5846371077843952E-03
0
0.0
 -1.1407996218300525E+00 -2.3170985309886123E+00 3.8420614944644871E-01
 8.7491420532574398E-03 -5.9179882601890629E-03 -1.5078812353716354E-03
0
0.0
 -1.1407996218300525E+00 -2.3170985309886123E+00 3.8420614944644871E-01
 8.8128319169031022E-03 -5.9429291939092355E-03 -1.5999322395255492E-03
0
0.0
 -1.1407996218300525E+00 -2.3170985309886123E+00 3.8420614944644871E-01
 8.5493431853415156E-03 -5.7459440999034581E-03 -1.5681837021287134E-03
0
0.0
 -1.1407996218300525E+00 -2.3170985309886123E+00 3.8420614944644871E-01
 8.6057089866299862E-03 -5.9485319483268120E-03 -1.7208787655504192E-03
0
0.0
 -1.1407996218300525E+00 -2.3170985309886123E+00 3.8420614944644871E-01
 8.9669517704283226E-03 -5.8058472022237432E-03 -1.8785883913193841E-03
0
0.0
 -1.1407996218300525E+00 -2.3170985309886123E+00 3.8420614944644871E-01
 8.8721047930558246E-03 -6.0766267299244532E-03 -1.8033544026815221E-03
0
0.0
 -1.1407996218300525E+00 -2.3170985309886123E+00 3.8420614944644871E-01
 8.5062694386874600E-03 -6.0485571398767920E-03 -1.5011037898229273E-03
0
0.0
