50
-1
1
 -0.71059497   0.10538935  -0.69566362  2.49183197e-04
 -0.47341949  -0.87582006  -0.09387872  1.48408989e-04
  0.17688993   0.95041187  -0.25578746  1.93849244e-04
 -0.21869805   0.86166697   0.45793143  1.52806992e-04
 -0.01040549  -0.10772821  -0.99412593  1.85736182e-04
 -0.18033817   0.42608368  -0.88652741  3.74020098e-04
  0.94308704   0.30417777   0.13439762  6.23550868e-04
  0.34819754  -0.04606257   0.93628880  1.74071513e-04
  0.55602604  -0.04013808  -0.83019515  3.02281146e-04
  0.10363690  -0.98845328  -0.11054185  2.26277524e-04
  0.60836287   0.68850134   0.39479174  2.78920142e-04
 -0.19284803   0.38138313  -0.90407773  1.49160660e-04
  0.15740278  -0.92057760   0.35743707  1.51255513e-04
  0.08185435  -0.01225028  -0.99656901  1.70529332e-04
 -0.58790605  -0.48504498  -0.64737767  4.91044955e-04
 -0.52967468   0.16527768  -0.83194232  1.50674545e-04
  0.78097445  -0.10622138  -0.61546399  1.50919363e-04
  0.30613508   0.41591785  -0.85632567  5.78424401e-04
 -0.65760367   0.73767175   0.15296339  8.35807019e-04
 -0.12026465  -0.05397576  -0.99127344  3.71764689e-04
  0.05178365  -0.99815246   0.03178232  1.73811224e-04
 -0.20024281  -0.28265612  -0.93808760  3.18080100e-04
  0.44942462   0.81364515   0.36878053  6.89857025e-04
  0.23762900   0.93269764  -0.27130715  2.62854831e-04
  0.53079508   0.32922665   0.78093943  2.55492036e-04
  0.05606314  -0.82904216  -0.55636861  2.50002769e-04
  0.81035226   0.19998505  -0.55075874  2.89046761e-04
 -0.65876008  -0.74484113   0.10605120  2.08210223e-04
  0.41555173   0.26229998  -0.87092794  3.26971697e-04
  0.97675039  -0.15841192  -0.14444496  2.07693042e-04
 -0.09657719  -0.98859106   0.11558788  2.06050836e-04
  0.31791071  -0.92161205  -0.22262978  2.77626802e-04
  0.98700702  -0.16067511  -0.00080851  2.32454388e-04
 -0.50181182   0.61380926   0.60944491  1.67683073e-04
  0.99184538  -0.10411778   0.07349985  1.60599753e-04
  0.77657250  -0.61538517  -0.13504163  1.79189144e-04
  0.80250125  -0.34572366   0.48627862  8.10341622e-04
  0.73374504   0.45128160  -0.50790071  6.86287468e-04
 -0.78701282  -0.12440208  -0.60426397  3.65313760e-04
 -0.80429411  -0.58572649  -0.10017713  2.24073717e-04
 -0.40165324  -0.32573029   0.85590563  2.79835655e-04
 -0.02054224   0.60545631  -0.79561340  2.06480697e-04
  0.43814564  -0.83160746  -0.34125861  1.55743707e-04
 -0.80111618  -0.28896780   0.52412831  2.47107370e-04
  0.57176920   0.19212174   0.79760216  2.37100901e-04
 -0.53853682   0.22478744   0.81206447  1.93655956e-04
  0.53923552  -0.51586802   0.66566151  2.69606477e-04
 -0.87600967  -0.28791586  -0.38692572  2.34588444e-04
  0.97125555  -0.05031993   0.23265974  2.24072995e-04
  0.95353877   0.06316977  -0.29457324  5.94261678e-04
