50
 -1.1407996218300525E+00 -2.3170985309886123E+00 3.8420614944644871E-01
 8.8569302011616020E-03 -6.1211840552071132E-03 -1.6788193173012604E-03
0
0.0
 -1.1407996218300525E+00 -2.3170985309886123E+00 3.8420614944644871E-01
 8.6193915265572896E-03 -5.6988253370088482E-03 -1.7310606593405823E-03
0
0.0
 -1.1407996218300525E+00 -2.3170985309886123E+00 3.8420614944644871E-01
 8.8003381081674451E-03 -5.7534407927696480E-03 -1.6628560202386379E-03
0
0.0
 -1.1407996218300525E+00 -2.3170985309886123E+00 3.8420614944644871E-01
 8.4980631272837150E-03 -5.7835163500159223E-03 -1.6215556760604431E-03
0
0.0
 -1.1407996218300525E+00 -2.3170985309886123E+00 3.8420614944644871E-01
 8.7986412615792542E-03 -5.8911953430469798E-03 -1.6597284983398937E-03
0
0.0
 -1.1407996218300525E+00 -2.3170985309886123E+00 3.8420614944644871E-01
 8.9993107116761069E-03 -5.7389780432820373E-03 -1.7308732799506640E-03
0
0.0
 -1.1407996218300525E+00 -2.3170985309886123E+00 3.8420614944644871E-01
 8.6234549435793111E-03 -6.0352872803047511E-03 -1.6943122363853892E-03
0
0.0
 -1.1407996218300525E+00 -2.3170985309886123E+00 3.8420614944644871E-01
 8.5805616928922735E-03 -5.9884733645532368E-03 -1.7965034656913317E-03
0
0.0
 -1.1407996218300525E+00 -2.3170985309886123E+00 3.8420614944644871E-01
 8.8478380002703031E-03 -5.8799898020524119E-03 -1.7200247823932612E-03
0
0.0
 -1.1407996218300525E+00 -2.3170985309886123E+00 3.8420614944644871E-01
 8.7967655438921689E-03 -6.0633676037297459E-03 -1.6617314211782377E-03
0
0.0
 -1.1407996218300525E+00 -2.3170985309886123E+00 3.8420614944644871E-01
 8.6778741495929235E-03 -5.9066830496765400E-03 -1.5945856697184618E-03
0
0.0
 -1.1407996218300525E+00 -2.3170985309886123E+00 3.8420614944644871E-01
 8.5529238743043325E-03 -5.8695387498399615E-03 -1.4672435398049403E-03
0
0.0
 -1.1407996218300525E+00 -2.3170985309886123E+00 3.8420614944644871E-01
 8.8279865517139622E-03 -5.7835539849579523E-03 -1.7535965884972328E-03
0
0.0
 -1.1407996218300525E+00 -2.3170985309886123E+00 3.8420614944644871E-01
 8.6205150202668182E-03 -5.8433913181209010E-03 -1.8973522168789637E-03
0
0.0
 -1.1407996218300525E+00 -2.3170985309886123E+00 3.8420614944644871E-01
 8.7351878933313396E-03 -5.7868682944080064E-03 -1.5981161622379302E-03
0
0.0
 -1.1407996218300525E+00 -2.3170985309886123E+00 3.8420614944644871E-01
 8.6103086101675368E-03 -6.0140999908534273E-03 -1.4752439890724442E-03
0
0.0
 -1.1407996218300525E+00 -2.3170985309886123E+00 3.8420614944644871E-01
 8.9407459776901441E-03 -5.9057753105627780E-03 -1.4591713381535468E-03
0
0.0
 -1.1407996218300525E+00 -2.3170985309886123E+00 3.8420614944644871E-01
 8.6958952326315567E-03 -5.8784526758992829E-03 -1.4219256008079163E-03
0
0.0
 -1.1407996218300525E+00 -2.3170985309886123E+00 3.8420614944644871E-01
 8.7893442882990159E-03 -5.7353368499260737E-03 -1.4418915054287735E-03
0
0.0
 -1.1407996218300525E+00 -2.3170985309886123E+00 3.8420614944644871E-01
 8.7533385172893340E-03 -5.5796265377931016E-03 -1.6229483660059744E-03
0
0.0
 -1.1407996218300525E+00 -2.3170985309886123E+00 3.8420614944644871E-01
 8.7672166283746730E-03 -5.9632338459768347E-03 -1.5751942977581990E-03
0
0.0
 -1.1407996218300525E+00 -2.3170985309886123E+00 3.8420614944644871E-01
 8.8158918029918026E-03 -5.7655195623950301E-03 -1.4883975380216238E-03
0
0.0
 -1.1407996218300525E+00 -2.3170985309886123E+00 3.8420614944644871E-01
 8.7846405209315390E-03 -5.9202747117699942E-03 -1.6287582269991952E-03
0
0.0
 -1.1407996218300525E+00 -2.3170985309886123E+00 3.8420614944644871E-01
 8.6906194049009497E-03 -5.8230340376789090E-03 -1.5293619351082260E-03
0
0.0
 -1.1407996218300525E+00 -2.3170985309886123E+00 3.8420614944644871E-01
 8.8032716245500207E-03 -5.8430785262527296E-03 -1.6949993808534642E-03
0
0.0
 -1.1407996218300525E+00 -2.3170985309886123E+00 3.8420614944644871E-01
 8.6686951628464348E-03 -5.6522578497659962E-03 -1.6818409116223867E-03
0
0.0
 -1.1407996218300525E+00 -2.3170985309886123E+00 3.8420614944644871E-01
 8.7486429108711520E-03 -5.7649901800881399E-03 -1.7639631428334852E-03
0
0.0
 -1.1407996218300525E+00 -2.3170985309886123E+00 3.8420614944644871E-01
 8.7719942975913682E-03 -5.9777119379348731E-03 -1.5951234165770749E-03
0
0.0
 -1.1407996218300525E+00 -2.3170985309886123E+00 3.8420614944644871E-01
 8.9958588266093632E-03 -5.9549986651028222E-03 -1.4502785705672401E-03
0
0.0
 -1.1407996218300525E+00 -2.3170985309886123E+00 3.8420614944644871E-01
 8.6359095278343637E-03 -5.9352001758110114E-03 -1.7320498042251394E-03
0
0.0
 -1.1407996218300525E+00 -2.3170985309886123E+00 3.8420614944644871E-01
 9.0357763974404232E-03 -5.9525531615478057E-03 -1.7827382132291265E-03
0
0.0
 -1.1407996218300525E+00 -2.3170985309886123E+00 3.8420614944644871E-01
 8.7867823693254920E-03 -6.0881955628593479E-03 -1.9058701302946276E-03
0
0.0
 -1.1407996218300525E+00 -2.3170985309886123E+00 3.8420614944644871E-01
 8.9484228734537218E-03 -5.7771297755795795E-03 -1.5668182342636501E-03
0
0.0
 -1.1407996218300525E+00 -2.3170985309886123E+00 3.8420614944644871E-01
 8.7992334872843067E-03 -5.6971242552533927E-03 -1.8270057415475931E-03
0
0.0
 -1.1407996218300525E+00 -2.3170985309886123E+00 3.8420614944644871E-01
 8.7511616744794414E-03 -5.8909377715342685E-03 -1.5983539051827359E-03
0
0.0
 -1.1407996218300525E+00 -2.3170985309886123E+00 3.8420614944644871E-01
 8.7298148126541512E-03 -6.0561611142344995E-03 -1.7000107760840159E-03
0
0.0
 -1.1407996218300525E+00 -2.3170985309886123E+00 3.8420614944644871E-01
 8.9322272006810526E-03 -5.7247805912582278E-03 -1.6660226596492311E-03
0
0.0
 -1.1407996218300525E+00 -2.3170985309886123E+00 3.8420614944644871E-01
 8.7435607177662657E-03 -5.5969831044875001E-03 -1.5564149265432736E-03
0
0.0
 -1.1407996218300525E+00 -2.3170985309886123E+00 3.8420614944644871E-01
 8.8368405379366938E-03 -6.1115804178897472E-03 -1.8709692115448182E-03
0
0.0
 -1.1407996218300525E+00 -2.3170985309886123E+00 3.8420614944644871E-01
 8.7204135270881472E-03 -6.2142038690489072E-03 -1.6787160310393844E-03
0
0.0
 -1.1407996218300525E+00 -2.3170985309886123E+00 3.8420614944644871E-01
 8.8906300983995681E-03 -5.9447941144100125E-03 -1.6810482358661247E-03
0
0.0
 -1.1407996218300525E+00 -2.3170985309886123E+00 3.8420614944644871E-01
 8.8543836914313587E-03 -5.7616944408260921E-03 -1.6534556608687142E-03
0
0.0
 -1.1407996218300525E+00 -2.3170985309886123E+00 3.8420614944644871E-01
 8.8357695766533989E-03 -5.8458113514218589E-03 -1.6468810052886653E-03
0
0.0
 -1.1407996218300525E+00 -2.3170985309886123E+00 3.8420614944644871E-01
 8.6464668910859830E-03 -6.0310128224366792E-03 -1.4461106485253589E-03
0
0.0
 -1.1407996218300525E+00 -2.3170985309886123E+00 3.8420614944644871E-01
 8.8472810779749826E-03 -5.9045316277584522E-03 -1.6168357023166962E-03
0
0.0
 -1.1407996218300525E+00 -2.3170985309886123E+00 3.8420614944644871E-01
 8.7218444213706045E-03 -5.9346154287459752E-03 -1.6467546339479320E-03
0
0.0
 -1.1407996218300525E+00 -2.3170985309886123E+00 3.8420614944644871E-01
 8.8398949192244527E-03 -5.9837264420373746E-03 -1.5478348465407582E-03
0
0.0
 -1.1407996218300525E+00 -2.3170985309886123E+00 3.8420614944644871E-01
 8.8277379955709508E-03 -5.9023702545108817E-03 -1.7433874089739531E-03
0
0.0
 -1.1407996218300525E+00 -2.3170985309886123E+00 3.8420614944644871E-01
 8.5118751479346198E-03 -5.9119380162480526E-03 -1.6773015005235141E-03
0
0.0
 -1.1407996218300525E+00 -2.3170985309886123E+00 3.8420614944644871E-01
 8.6622820970730565E-03 -5.9562216593145225E-03 -1.6475551218226355E-03
0
0.0
