20
-1
1
 -0.01980938   0.38572903  -0.92239943  5.85203384e-04
 -0.16771380  -0.54489805   0.82155839  1.47603997e-04
 -0.40595984  -0.90714810  -0.11081032  2.38089595e-04
  0.73414260   0.16603313  -0.65838259  1.71333949e-04
  0.23720316   0.42770853   0.87223854  1.74833909e-04
 -0.70849907  -0.12277437  -0.69495001  7.07723506e-04
  0.10228337   0.30097719  -0.94813018  1.51547720e-04
 -0.99500611  -0.09439334  -0.03244587  2.14524662e-04
  0.94118903  -0.29987972   0.15567709  2.52082044e-04
 -0.70016254  -0.61035636  -0.37045584  1.49058194e-04
  0.37584366  -0.76821534  -0.51825355  2.36537615e-04
  0.77984433  -0.59685972  -0.18868307  2.31044743e-04
  0.58371921  -0.61557744  -0.52946795  1.60946125e-04
  0.35459984   0.71798632  -0.59896126  1.54063259e-04
  0.79087378  -0.28827680   0.53982882  5.12667233e-04
  0.47096295  -0.81006405  -0.34927087  1.54623019e-04
 -0.14550026   0.07263271   0.98668848  3.39666078e-04
 -0.78898762  -0.20292489  -0.57993105  7.02937016e-04
  0.77229955   0.63032420   0.07902412  1.60794951e-04
  0.98193943   0.01499051   0.18860076  7.75036697e-04
