20
-1
1
  0.39979884  -0.31371183   0.86124664  1.46639379e-04
  0.71663699  -0.63088972  -0.29733750  1.62152168e-04
 -0.70534324   0.56895147   0.42282991  1.53191086e-04
  0.17888382  -0.92966392   0.32206456  5.19052393e-04
 -0.64196238   0.75723677   0.12031951  1.99574537e-04
  0.85113759  -0.48378509   0.20375670  8.43677322e-04
  0.16454515  -0.63018288  -0.75881120  2.40812861e-04
  0.43716553   0.87332017   0.21493763  2.48128175e-04
 -0.44302889  -0.68110012   0.58294770  6.65158340e-04
 -0.89710647   0.38723690  -0.21271477  3.51599460e-04
 -0.86904975   0.18716437  -0.45795418  1.88927145e-04
 -0.99403360  -0.03654469  -0.10277006  2.34294403e-04
  0.42057154  -0.20653211   0.88343877  3.69974845e-04
  0.58216573   0.40148963  -0.70702839  6.18146289e-04
  0.89144805   0.34456454  -0.29427139  1.71547782e-04
 -0.58240429   0.03331317  -0.81221640  1.47562591e-04
 -0.57031126   0.68420413  -0.45454347  1.76586626e-04
  0.19624578   0.80495418   0.55994317  1.57672754e-04
  0.68878153  -0.68764465  -0.22961890  7.64369935e-04
  0.44934753  -0.76008838  -0.46941713  1.57311392e-04
