20
 -1.1407996218300525E+00 -2.3170985309886123E+00 3.8420614944644871E-01
 8.6486903797671141E-03 -6.0118577226611798E-03 -1.5494682355410971E-03
0
0.0
 -1.1407996218300525E+00 -2.3170985309886123E+00 3.8420614944644871E-01
 8.7387684433593588E-03 -5.9111168630592240E-03 -1.6995886283204457E-03
0
0.0
 -1.1407996218300525E+00 -2.3170985309886123E+00 3.8420614944644871E-01
 8.8296694623578378E-03 -5.9415610658277076E-03 -1.4463642441278758E-03
0
0.0
 -1.1407996218300525E+00 -2.3170985309886123E+00 3.8420614944644871E-01
 8.7886731587245789E-03 -6.2022724374602373E-03 -1.5468758219296657E-03
0
0.0
 -1.1407996218300525E+00 -2.3170985309886123E+00 3.8420614944644871E-01
 8.6877556143058771E-03 -5.6581474133253640E-03 -1.7141237580536597E-03
0
0.0
 -1.1407996218300525E+00 -2.3170985309886123E+00 3.8420614944644871E-01
 8.8496794968928264E-03 -6.0567773736064376E-03 -1.4837186919334970E-03
0
0.0
 -1.1407996218300525E+00 -2.3170985309886123E+00 3.8420614944644871E-01
 8.7892900095608070E-03 -6.0038958653026138E-03 -1.7530485844838629E-03
0
0.0
 -1.1407996218300525E+00 -2.3170985309886123E+00 3.8420614944644871E-01
 8.9520357717069576E-03 -5.8971645200016675E-03 -1.4906539437361344E-03
0
0.0
 -1.1407996218300525E+00 -2.3170985309886123E+00 3.8420614944644871E-01
 8.9120059842192241E-03 -6.0062834427206139E-03 -1.5432750501137530E-03
0
0.0
 -1.1407996218300525E+00 -2.3170985309886123E+00 3.8420614944644871E-01
 8.6275740122170787E-03 -5.9049394859255894E-03 -1.7432905477275196E-03
0
0.0
 -1.1407996218300525E+00 -2.3170985309886123E+00 3.8420614944644871E-01
 8.7597258349193310E-03 -5.7215005957531534E-03 -1.5092525029145602E-03
0
0.0
 -1.1407996218300525E+00 -2.3170985309886123E+00 3.8420614944644871E-01
 8.7398111050909812E-03 -5.9739207504820703E-03 -1.4875202117492275E-03
0
0.0
 -1.1407996218300525E+00 -2.3170985309886123E+00 3.8420614944644871E-01
 8.9384718125372180E-03 -5.8251243325094688E-03 -1.7595094023042017E-03
0
0.0
 -1.1407996218300525E+00 -2.3170985309886123E+00 3.8420614944644871E-01
 8.6357747574428573E-03 -5.7697963476982172E-03 -1.8295421886746163E-03
0
0.0
 -1.1407996218300525E+00 -2.3170985309886123E+00 3.8420614944644871E-01
 8.7215014030832521E-03 -5.9735208721272484E-03 -1.8347231758633748E-03
0
0.0
 -1.1407996218300525E+00 -2.3170985309886123E+00 3.8420614944644871E-01
 8.8489530563536523E-03 -5.9335938889305637E-03 -1.6118588634531077E-03
0
0.0
 -1.1407996218300525E+00 -2.3170985309886123E+00 3.8420614944644871E-01
 8.9196126309117867E-03 -5.8987969560250191E-03 -1.6203014619735510E-03
0
0.0
 -1.1407996218300525E+00 -2.3170985309886123E+00 3.8420614944644871E-01
 8.5916887462727711E-03 -5.9148989311195860E-03 -1.7121239080532169E-03
0
0.0
 -1.1407996218300525E+00 -2.3170985309886123E+00 3.8420614944644871E-01
 8.5828591641623330E-03 -5.9452651434312156E-03 -1.5090800546242256E-03
0
0.0
 -1.1407996218300525E+00 -2.3170985309886123E+00 3.8420614944644871E-01
 8.5441314756642336E-03 -5.8783568354507177E-03 -1.7388081490389349E-03
0
0.0
