50
-1
1
  0.14025020  -0.83003113  -0.53979460  3.65465215e-04
  0.10337931  -0.59703622  -0.79552528  7.93884468e-04
 -0.49627923  -0.86451759   0.07947489  4.54062433e-04
  0.85720250   0.05582304   0.51194499  1.70396382e-04
  0.85560986   0.23360290   0.46191065  5.62820394e-04
 -0.60124014  -0.68284424  -0.41501088  2.47355941e-04
  0.05937846   0.95327104   0.29622378  5.16239392e-04
 -0.20840300  -0.79606465   0.56819826  5.21747337e-04
  0.64421333  -0.76264142  -0.05802801  4.57763703e-04
 -0.97514183   0.04356562  -0.21725665  2.18239172e-04
 -0.44434742   0.05031603  -0.89444042  2.87866328e-04
  0.69650635  -0.65838463  -0.28532191  3.68714569e-04
  0.81947834   0.20236682   0.53619299  1.97106958e-04
  0.52741522   0.79678262  -0.29490785  1.93119053e-04
  0.27105607  -0.96104795   0.05399492  3.85684058e-04
 -0.93283773   0.15655504  -0.32450622  7.75309193e-04
 -0.52864182   0.64001000   0.55760651  1.67746117e-04
 -0.38181240  -0.16680744  -0.90906247  4.15259099e-04
  0.32261744  -0.93598075   0.14091850  5.07787347e-04
 -0.31731019  -0.75644246  -0.57193448  2.97435934e-04
 -0.80552667  -0.03592764  -0.59146934  7.03760179e-04
 -0.70531716   0.69957323   0.11456439  1.99774929e-04
 -0.57812259  -0.63240712   0.51559239  5.58622728e-04
  0.77022319   0.63133158  -0.09042491  3.04219735e-04
 -0.57296547   0.81383443   0.09687148  1.95557282e-04
  0.17539126  -0.08245438  -0.98103985  2.19998307e-04
  0.04199146  -0.15232907   0.98743738  1.84133123e-04
 -0.41751443   0.60619324  -0.67691318  6.17914237e-04
  0.44165967   0.70586681   0.55379489  3.89690730e-04
  0.44267774  -0.88040826   0.17005210  1.99329071e-04
 -0.32062142   0.91118640   0.25873006  1.74653067e-04
 -0.47722363  -0.85213061  -0.21478136  7.45524754e-04
  0.68866296   0.38389753  -0.61511463  1.78440476e-04
 -0.12337998   0.87176779  -0.47412899  1.95311990e-04
  0.70350802   0.17151081   0.68968145  3.46372928e-04
 -0.30586118   0.94484708   0.11710222  1.59325382e-04
  0.45077887  -0.76717090   0.45634113  2.45741428e-04
 -0.25642788  -0.78132169  -0.56901771  4.29512355e-04
  0.31584999   0.80298931   0.50541760  1.50464899e-04
 -0.29384293   0.45320979  -0.84158019  2.58206371e-04
 -0.58019706  -0.68431443   0.44168443  2.27474810e-04
 -0.95300137  -0.30244946   0.01768378  3.80620028e-04
 -0.78184157   0.24733128   0.57232071  3.02622896e-04
  0.29544017  -0.85788545  -0.42041368  2.54477598e-04
  0.25254720   0.74477353  -0.61768301  2.32652371e-04
 -0.23727143  -0.54422218  -0.80468906  2.14595592e-04
  0.31286137  -0.54349441   0.77892977  2.21270491e-04
  0.60950548  -0.78701141   0.09547829  2.18133993e-04
  0.28449210   0.63176475   0.72106695  3.63385165e-04
 -0.99017649   0.02003240  -0.13838068  5.80870478e-04
