50
 -1.1407996218300525E+00 -2.3170985309886123E+00 3.8420614944644871E-01
 8.6554204290984846E-03 -5.9807285097082663E-03 -1.6093810216844791E-03
0
0.0
 -1.1407996218300525E+00 -2.3170985309886123E+00 3.8420614944644871E-01
 8.7212182942696063E-03 -5.8895350998128104E-03 -1.5946400132916916E-03
0
0.0
 -1.1407996218300525E+00 -2.3170985309886123E+00 3.8420614944644871E-01
 8.7767871420370708E-03 -5.9135496868087415E-03 -1.5879005932832608E-03
0
0.0
 -1.1407996218300525E+00 -2.3170985309886123E+00 3.8420614944644871E-01
 8.7625461937199823E-03 -5.8880381811942922E-03 -1.5315504005729769E-03
0
0.0
 -1.1407996218300525E+00 -2.3170985309886123E+00 3.8420614944644871E-01
 8.7097897523993086E-03 -5.8714492733750396E-03 -1.6241472659421906E-03
0
0.0
 -1.1407996218300525E+00 -2.3170985309886123E+00 3.8420614944644871E-01
 8.7334185375866642E-03 -5.8965693744718979E-03 -1.5576290777368810E-03
0
0.0
 -1.1407996218300525E+00 -2.3170985309886123E+00 3.8420614944644871E-01
 8.8117623316620042E-03 -5.9446140270641443E-03 -1.6266080673912407E-03
0
0.0
 -1.1407996218300525E+00 -2.3170985309886123E+00 3.8420614944644871E-01
 8.9717321858872896E-03 -5.8671065445909292E-03 -1.7635165374810630E-03
0
0.0
 -1.1407996218300525E+00 -2.3170985309886123E+00 3.8420614944644871E-01
 8.4671249082407998E-03 -5.8053736622887481E-03 -1.6249347012795986E-03
0
0.0
 -1.1407996218300525E+00 -2.3170985309886123E+00 3.8420614944644871E-01
 8.8850978809675799E-03 -5.7838011455047375E-03 -1.5822844190612033E-03
0
0.0
 -1.1407996218300525E+00 -2.3170985309886123E+00 3.8420614944644871E-01
 8.9712734630113863E-03 -5.8314718676918910E-03 -1.5973816838310659E-03
0
0.0
 -1.1407996218300525E+00 -2.3170985309886123E+00 3.8420614944644871E-01
 8.8525231879399407E-03 -5.9114510583860146E-03 -1.5778050171292926E-03
0
0.0
 -1.1407996218300525E+00 -2.3170985309886123E+00 3.8420614944644871E-01
 8.7364413543982080E-03 -6.0311241603034889E-03 -1.7833015438233838E-03
0
0.0
 -1.1407996218300525E+00 -2.3170985309886123E+00 3.8420614944644871E-01
 8.7594412472131195E-03 -5.7767878646141271E-03 -1.5669695411527839E-03
0
0.0
 -1.1407996218300525E+00 -2.3170985309886123E+00 3.8420614944644871E-01
 8.7999745175267562E-03 -5.9740756519800495E-03 -1.6491229349894275E-03
0
0.0
 -1.1407996218300525E+00 -2.3170985309886123E+00 3.8420614944644871E-01
 8.7092928019618637E-03 -5.9936035250148538E-03 -1.5900604182891929E-03
0
0.0
 -1.1407996218300525E+00 -2.3170985309886123E+00 3.8420614944644871E-01
 8.6158652178305681E-03 -6.0284093059187350E-03 -1.6311985173048408E-03
0
0.0
 -1.1407996218300525E+00 -2.3170985309886123E+00 3.8420614944644871E-01
 8.7670724776049962E-03 -6.0184075887350962E-03 -1.6186594456213991E-03
0
0.0
 -1.1407996218300525E+00 -2.3170985309886123E+00 3.8420614944644871E-01
 8.7951638220151746E-03 -5.7779561544469560E-03 -1.6874850911439542E-03
0
0.0
 -1.1407996218300525E+00 -2.3170985309886123E+00 3.8420614944644871E-01
 8.7250032159272503E-03 -5.8651669464141101E-03 -1.6606659630911580E-03
0
0.0
 -1.1407996218300525E+00 -2.3170985309886123E+00 3.8420614944644871E-01
 8.7545722182631684E-03 -5.9101125221065823E-03 -1.4774293935043629E-03
0
0.0
 -1.1407996218300525E+00 -2.3170985309886123E+00 3.8420614944644871E-01
 8.9247608502988456E-03 -5.9062105920973367E-03 -1.5955982412429765E-03
0
0.0
 -1.1407996218300525E+00 -2.3170985309886123E+00 3.8420614944644871E-01
 8.8861703320546864E-03 -5.9176682290434978E-03 -1.7234058858026566E-03
0
0.0
 -1.1407996218300525E+00 -2.3170985309886123E+00 3.8420614944644871E-01
 8.8904662820310093E-03 -6.1180605805366099E-03 -1.6095264136816423E-03
0
0.0
 -1.1407996218300525E+00 -2.3170985309886123E+00 3.8420614944644871E-01
 8.7686774358848741E-03 -5.9000682901579823E-03 -1.6550783417847448E-03
0
0.0
 -1.1407996218300525E+00 -2.3170985309886123E+00 3.8420614944644871E-01
 8.7937324752024940E-03 -5.8561832231573468E-03 -1.5980387573607956E-03
0
0.0
 -1.1407996218300525E+00 -2.3170985309886123E+00 3.8420614944644871E-01
 8.9046995518719339E-03 -5.9031432977030805E-03 -1.3488500043414031E-03
0
0.0
 -1.1407996218300525E+00 -2.3170985309886123E+00 3.8420614944644871E-01
 8.7178721326684784E-03 -5.7533997004696079E-03 -1.7394099626976323E-03
0
0.0
 -1.1407996218300525E+00 -2.3170985309886123E+00 3.8420614944644871E-01
 8.6525620802646447E-03 -5.9558657528857081E-03 -1.6760199230360154E-03
0
0.0
 -1.1407996218300525E+00 -2.3170985309886123E+00 3.8420614944644871E-01
 8.7121555963386148E-03 -5.9496754068243353E-03 -1.4881983820109800E-03
0
0.0
 -1.1407996218300525E+00 -2.3170985309886123E+00 3.8420614944644871E-01
 8.7637751554771152E-03 -5.9086940396391226E-03 -1.6579417319651380E-03
0
0.0
 -1.1407996218300525E+00 -2.3170985309886123E+00 3.8420614944644871E-01
 8.9741871674147659E-03 -6.0169371476452224E-03 -1.4187344193574358E-03
0
0.0
 -1.1407996218300525E+00 -2.3170985309886123E+00 3.8420614944644871E-01
 8.8509500756072685E-03 -5.9247102955774702E-03 -1.4971053611001126E-03
0
0.0
 -1.1407996218300525E+00 -2.3170985309886123E+00 3.8420614944644871E-01
 8.7573583821865895E-03 -5.6626130725068915E-03 -1.5484973636668055E-03
0
0.0
 -1.1407996218300525E+00 -2.3170985309886123E+00 3.8420614944644871E-01
 8.7273122599066614E-03 -6.0660826253541317E-03 -1.3520293728454869E-03
0
0.0
 -1.1407996218300525E+00 -2.3170985309886123E+00 3.8420614944644871E-01
 8.7258776463639571E-03 -5.8901279852333691E-03 -1.6423054364650045E-03
0
0.0
 -1.1407996218300525E+00 -2.3170985309886123E+00 3.8420614944644871E-01
 8.7431202596335907E-03 -5.9604715394601087E-03 -1.5582434205288391E-03
0
0.0
 -1.1407996218300525E+00 -2.3170985309886123E+00 3.8420614944644871E-01
 8.8134544497103142E-03 -5.8061922069126389E-03 -1.5441785424548354E-03
0
0.0
 -1.1407996218300525E+00 -2.3170985309886123E+00 3.8420614944644871E-01
 8.6757180962903895E-03 -5.9118977040560116E-03 -1.8662507243103080E-03
0
0.0
 -1.1407996218300525E+00 -2.3170985309886123E+00 3.8420614944644871E-01
 8.5134621645223587E-03 -5.9544387043352380E-03 -1.5957049503443454E-03
0
0.0
 -1.1407996218300525E+00 -2.3170985309886123E+00 3.8420614944644871E-01
 8.7720486671936850E-03 -6.1479800368024395E-03 -1.6236594009766355E-03
0
0.0
 -1.1407996218300525E+00 -2.3170985309886123E+00 3.8420614944644871E-01
 8.9451277064114508E-03 -5.7946120909182957E-03 -1.7424664537036985E-03
0
0.0
 -1.1407996218300525E+00 -2.3170985309886123E+00 3.8420614944644871E-01
 8.7165064586751852E-03 -5.8861564341967315E-03 -1.5723885019916452E-03
0
0.0
 -1.1407996218300525E+00 -2.3170985309886123E+00 3.8420614944644871E-01
 8.6712549961875055E-03 -5.7486317161522847E-03 -1.6889306824035661E-03
0
0.0
 -1.1407996218300525E+00 -2.3170985309886123E+00 3.8420614944644871E-01
 8.7569070941081514E-03 -5.5824994429639931E-03 -1.5465120414914718E-03
0
0.0
 -1.1407996218300525E+00 -2.3170985309886123E+00 3.8420614944644871E-01
 8.8285960235753667E-03 -5.7404795846811513E-03 -1.5921214683286787E-03
0
0.0
 -1.1407996218300525E+00 -2.3170985309886123E+00 3.8420614944644871E-01
 8.8036379914955623E-03 -6.1313484521063307E-03 -1.5184923210785019E-03
0
0.0
 -1.1407996218300525E+00 -2.3170985309886123E+00 3.8420614944644871E-01
 8.8439080687609910E-03 -5.7710627243040945E-03 -1.4783578746554278E-03
0
0.0
 -1.1407996218300525E+00 -2.3170985309886123E+00 3.8420614944644871E-01
 8.7949992451260717E-03 -5.7427876810449358E-03 -1.9044982748259841E-03
0
0.0
 -1.1407996218300525E+00 -2.3170985309886123E+00 3.8420614944644871E-01
 8.7932937038668387E-03 -5.8989874889918579E-03 -1.6424790260991422E-03
0
0.0
