20
-1
1
 -0.79413401  -0.22397881   0.56496431  1.54267821e-04
  0.72650333  -0.08682002  -0.68165621  3.15066127e-04
  0.66250071  -0.70535997   0.25211133  1.90022203e-04
  0.53698642  -0.82167035   0.19105867  2.01072422e-04
 -0.75078144   0.63646053   0.17676319  1.46289714e-04
 -0.48191704   0.13809783  -0.86526583  2.64353910e-04
  0.26562116   0.96133041  -0.07272716  1.51278995e-04
  0.06348046   0.07395672  -0.99523898  1.64806036e-04
 -0.98584640   0.15908156   0.05291446  3.59794064e-04
 -0.36055149   0.66354619   0.65552199  8.05278142e-04
 -0.80822434  -0.49244646  -0.32290850  7.23595022e-04
 -0.11520134  -0.48932013   0.86446195  4.57486462e-04
 -0.76926457  -0.56174245   0.30442971  1.69128512e-04
  0.62337309  -0.34363294  -0.70236913  3.39977765e-04
  0.63389417   0.72577334   0.26726622  2.05457326e-04
 -0.03585315  -0.25757775   0.96559218  4.26914623e-04
  0.37060106  -0.18613693   0.90994939  3.22145744e-04
  0.43204499  -0.14109774   0.89074607  3.10146092e-04
 -0.42872956  -0.78132777   0.45356134  1.62611987e-04
  0.75440839  -0.57581676   0.31512386  8.43415242e-04
