20
-1
1
 -0.12832316   0.91765198   0.37609575  2.00616841e-04
 -0.31648842   0.87245472  -0.37236789  1.55750085e-04
 -0.97312456  -0.10193952   0.20648708  3.15026447e-04
  0.62941923   0.77705874  -0.00333791  3.50412106e-04
 -0.18083966   0.42511235  -0.88689149  1.54256972e-04
  0.15055039   0.96403342   0.21903000  7.73400676e-04
 -0.10840794  -0.46477781  -0.87876579  2.00102463e-04
 -0.46065923  -0.04225381   0.88657075  4.40416552e-04
 -0.10054832  -0.23935830  -0.96571095  1.75821922e-04
  0.88402269  -0.37752589  -0.27564124  2.12109408e-04
 -0.41312971   0.80887488   0.41838413  4.30930889e-04
  0.33847047  -0.93933738   0.05552499  1.97882239e-04
  0.59780267  -0.28601567  -0.74888384  1.84286553e-04
 -0.94955656   0.23804106  -0.20415385  1.78269841e-04
  0.52452880   0.73072892   0.43692652  2.50754656e-04
  0.35622928  -0.85568102   0.37538073  4.57898575e-04
 -0.96270976   0.26549238  -0.05199725  1.46003522e-04
  0.00060083   0.98992416  -0.14159732  4.27310168e-04
 -0.36200731  -0.51485144  -0.77709633  2.15373964e-04
 -0.11005009   0.20006419  -0.97358271  2.43568671e-04
