20
 -1.1407996218300525E+00 -2.3170985309886123E+00 3.8420614944644871E-01
 8.9469245037425617E-03 -5.8426978519993010E-03 -1.6658619149889154E-03
0
0.0
 -1.1407996218300525E+00 -2.3170985309886123E+00 3.8420614944644871E-01
 8.9730683956736404E-03 -5.8984310143344754E-03 -1.5095507643670403E-03
0
0.0
 -1.1407996218300525E+00 -2.3170985309886123E+00 3.8420614944644871E-01
 8.6498175411198683E-03 -5.7337689734540216E-03 -1.6587862392232766E-03
0
0.0
 -1.1407996218300525E+00 -2.3170985309886123E+00 3.8420614944644871E-01
 9.0718226888207628E-03 -6.0613301122299929E-03 -1.6225424993465255E-03
0
0.0
 -1.1407996218300525E+00 -2.3170985309886123E+00 3.8420614944644871E-01
 8.7683885957302327E-03 -5.8857281646480441E-03 -1.5247024966583305E-03
0
0.0
 -1.1407996218300525E+00 -2.3170985309886123E+00 3.8420614944644871E-01
 8.6054447346799682E-03 -5.6990227784551751E-03 -1.7810536135518984E-03
0
0.0
 -1.1407996218300525E+00 -2.3170985309886123E+00 3.8420614944644871E-01
 8.5097242272420392E-03 -6.0816011663110793E-03 -1.6159343628622867E-03
0
0.0
 -1.1407996218300525E+00 -2.3170985309886123E+00 3.8420614944644871E-01
 8.7661654750741443E-03 -5.8455009492266790E-03 -1.4475302157138270E-03
0
0.0
 -1.1407996218300525E+00 -2.3170985309886123E+00 3.8420614944644871E-01
 8.6905856155807624E-03 -5.8230560504571498E-03 -1.5889339899182080E-03
0
0.0
 -1.1407996218300525E+00 -2.3170985309886123E+00 3.8420614944644871E-01
 9.0387246445981246E-03 -5.9392036182328994E-03 -1.4854946292525047E-03
0
0.0
 -1.1407996218300525E+00 -2.3170985309886123E+00 3.8420614944644871E-01
 8.7732352535436087E-03 -6.0278226544710498E-03 -1.5695756716083264E-03
0
0.0
 -1.1407996218300525E+00 -2.3170985309886123E+00 3.8420614944644871E-01
 9.0285724404036080E-03 -6.1133995802174863E-03 -1.7085277828203696E-03
0
0.0
 -1.1407996218300525E+00 -2.3170985309886123E+00 3.8420614944644871E-01
 8.7272129943106874E-03 -6.0270096928830737E-03 -1.6112854072550791E-03
0
0.0
 -1.1407996218300525E+00 -2.3170985309886123E+00 3.8420614944644871E-01
 8.9466746026003637E-03 -5.9224984904131034E-03 -1.7128420278019565E-03
0
0.0
 -1.1407996218300525E+00 -2.3170985309886123E+00 3.8420614944644871E-01
 8.6356637961152484E-03 -6.1956890558165622E-03 -1.6789202027282929E-03
0
0.0
 -1.1407996218300525E+00 -2.3170985309886123E+00 3.8420614944644871E-01
 8.7289035754492782E-03 -5.8887035022225304E-03 -1.6887710956390853E-03
0
0.0
 -1.1407996218300525E+00 -2.3170985309886123E+00 3.8420614944644871E-01
 8.7250378180801311E-03 -5.9178351430234366E-03 -1.5792470718591928E-03
0
0.0
 -1.1407996218300525E+00 -2.3170985309886123E+00 3.8420614944644871E-01
 8.8219358614229360E-03 -5.7043907233839146E-03 -1.6569806777767197E-03
0
0.0
 -1.1407996218300525E+00 -2.3170985309886123E+00 3.8420614944644871E-01
 8.6692512593712235E-03 -5.7774918592899960E-03 -1.4627966349719328E-03
0
0.0
 -1.1407996218300525E+00 -2.3170985309886123E+00 3.8420614944644871E-01
 8.5410827876966407E-03 -5.9299992741381731E-03 -1.7115083385573352E-03
0
0.0
