50
 -1.1407996218300525E+00 -2.3170985309886123E+00 3.8420614944644871E-01
 8.8464319524621839E-03 -6.0147976209253924E-03 -1.3679579428903625E-03
0
0.0
 -1.1407996218300525E+00 -2.3170985309886123E+00 3.8420614944644871E-01
 8.7111385103847364E-03 -6.0560169367740715E-03 -1.5223448693553448E-03
0
0.0
 -1.1407996218300525E+00 -2.3170985309886123E+00 3.8420614944644871E-01
 8.7790735590744639E-03 -5.9754902939899678E-03 -1.6558319713370236E-03
0
0.0
 -1.1407996218300525E+00 -2.3170985309886123E+00 3.8420614944644871E-01
 8.9249976353840028E-03 -5.6340809818436104E-03 -1.7155025256276326E-03
0
0.0
 -1.1407996218300525E+00 -2.3170985309886123E+00 3.8420614944644871E-01
 8.6100398960527944E-03 -5.8421452744943985E-03 -1.5696710152445629E-03
0
0.0
 -1.1407996218300525E+00 -2.3170985309886123E+00 3.8420614944644871E-01
 8.7296379172887711E-03 -5.9031775275465602E-03 -1.5685884856012661E-03
0
0.0
 -1.1407996218300525E+00 -2.3170985309886123E+00 3.8420614944644871E-01
 8.7137372288688987E-03 -5.8716264173855302E-03 -1.6178939597621634E-03
0
0.0
 -1.1407996218300525E+00 -2.3170985309886123E+00 3.8420614944644871E-01
 8.7505316317748744E-03 -5.9140719691105747E-03 -1.6432016180186703E-03
0
0.0
 -1.1407996218300525E+00 -2.3170985309886123E+00 3.8420614944644871E-01
 8.6828154626330568E-03 -6.0858979047542601E-03 -1.4568341874561211E-03
0
0.0
 -1.1407996218300525E+00 -2.3170985309886123E+00 3.8420614944644871E-01
 9.0888732384856868E-03 -5.8101862627348028E-03 -1.6968921803471265E-03
0
0.0
 -1.1407996218300525E+00 -2.3170985309886123E+00 3.8420614944644871E-01
 8.6686816745145719E-03 -5.7272387632856516E-03 -1.6873086300196066E-03
0
0.0
 -1.1407996218300525E+00 -2.3170985309886123E+00 3.8420614944644871E-01
 8.9753375644985416E-03 -5.7335836603924469E-03 -1.6845751759643761E-03
0
0.0
 -1.1407996218300525E+00 -2.3170985309886123E+00 3.8420614944644871E-01
 8.9205416196429434E-03 -5.9940820265889276E-03 -1.5951700108179569E-03
0
0.0
 -1.1407996218300525E+00 -2.3170985309886123E+00 3.8420614944644871E-01
 8.4844386393433495E-03 -6.0541369072947228E-03 -1.6799755921033666E-03
0
0.0
 -1.1407996218300525E+00 -2.3170985309886123E+00 3.8420614944644871E-01
 8.7994016449205095E-03 -5.9112860388152774E-03 -1.6404289910211896E-03
0
0.0
 -1.1407996218300525E+00 -2.3170985309886123E+00 3.8420614944644871E-01
 8.6741828719964220E-03 -5.9293945787950207E-03 -1.8315055933255174E-03
0
0.0
 -1.1407996218300525E+00 -2.3170985309886123E+00 3.8420614944644871E-01
 8.9539246976226648E-03 -6.1755894420348796E-03 -1.5854795434798404E-03
0
0.0
 -1.1407996218300525E+00 -2.3170985309886123E+00 3.8420614944644871E-01
 8.7953458310285511E-03 -6.0078427536803449E-03 -1.7072088240882705E-03
0
0.0
 -1.1407996218300525E+00 -2.3170985309886123E+00 3.8420614944644871E-01
 8.7749417161563908E-03 -5.7580353557611756E-03 -1.6617156119755078E-03
0
0.0
 -1.1407996218300525E+00 -2.3170985309886123E+00 3.8420614944644871E-01
 9.0642994843006062E-03 -5.7202490251569487E-03 -1.6154177384612727E-03
0
0.0
 -1.1407996218300525E+00 -2.3170985309886123E+00 3.8420614944644871E-01
 8.8277629435199248E-03 -6.0665582360685220E-03 -1.5647082462681653E-03
0
0.0
 -1.1407996218300525E+00 -2.3170985309886123E+00 3.8420614944644871E-01
 8.7689401570355194E-03 -6.1302615598732698E-03 -1.7252504828731004E-03
0
0.0
 -1.1407996218300525E+00 -2.3170985309886123E+00 3.8420614944644871E-01
 8.6086175144587836E-03 -5.8907617672613712E-03 -1.6676470276136448E-03
0
0.0
 -1.1407996218300525E+00 -2.3170985309886123E+00 3.8420614944644871E-01
 8.8679859219726303E-03 -5.7996001117221578E-03 -1.7217349639461765E-03
0
0.0
 -1.1407996218300525E+00 -2.3170985309886123E+00 3.8420614944644871E-01
 8.7646406084880227E-03 -5.7944926597397160E-03 -1.7110492999267177E-03
0
0.0
 -1.1407996218300525E+00 -2.3170985309886123E+00 3.8420614944644871E-01
 8.8075721643091007E-03 -5.7901370885672168E-03 -1.6492851200579446E-03
0
0.0
 -1.1407996218300525E+00 -2.3170985309886123E+00 3.8420614944644871E-01
 8.8099047213711229E-03 -5.8961957673508746E-03 -1.5874069365821371E-03
0
0.0
 -1.1407996218300525E+00 -2.3170985309886123E+00 3.8420614944644871E-01
 8.8226404217643314E-03 -5.9559455262896393E-03 -1.6270489604935886E-03
0
0.0
 -1.1407996218300525E+00 -2.3170985309886123E+00 3.8420614944644871E-01
 8.8037061149960211E-03 -5.9570365159741234E-03 -1.7329053504651466E-03
0
0.0
 -1.1407996218300525E+00 -2.3170985309886123E+00 3.8420614944644871E-01
 9.0152090731912826E-03 -6.0426553518620344E-03 -1.5506274752124867E-03
0
0.0
 -1.1407996218300525E+00 -2.3170985309886123E+00 3.8420614944644871E-01
 9.0929690314918484E-03 -5.8951389363052480E-03 -1.5204306877487808E-03
0
0.0
 -1.1407996218300525E+00 -2.3170985309886123E+00 3.8420614944644871E-01
 8.8945884964693207E-03 -5.8756070647617694E-03 -1.7252321405790891E-03
0
0.0
 -1.1407996218300525E+00 -2.3170985309886123E+00 3.8420614944644871E-01
 8.9210919549405215E-03 -5.7858365642147816E-03 -1.4161093409493311E-03
0
0.0
 -1.1407996218300525E+00 -2.3170985309886123E+00 3.8420614944644871E-01
 8.8162395303134442E-03 -5.8340403443641314E-03 -1.5652922540540458E-03
0
0.0
 -1.1407996218300525E+00 -2.3170985309886123E+00 3.8420614944644871E-01
 8.8965892943450274E-03 -5.9686715845482796E-03 -1.7393819291315945E-03
0
0.0
 -1.1407996218300525E+00 -2.3170985309886123E+00 3.8420614944644871E-01
 8.7080830433336302E-03 -5.8490625415117681E-03 -1.5110298391764110E-03
0
0.0
 -1.1407996218300525E+00 -2.3170985309886123E+00 3.8420614944644871E-01
 8.6661513378738630E-03 -5.9388696269923854E-03 -1.7598955368078797E-03
0
0.0
 -1.1407996218300525E+00 -2.3170985309886123E+00 3.8420614944644871E-01
 9.0340693082505141E-03 -6.1123684396500039E-03 -1.6891350843493580E-03
0
0.0
 -1.1407996218300525E+00 -2.3170985309886123E+00 3.8420614944644871E-01
 8.6871509311967372E-03 -5.8631787156446617E-03 -1.7975068209211535E-03
0
0.0
 -1.1407996218300525E+00 -2.3170985309886123E+00 3.8420614944644871E-01
 8.7766120245075935E-03 -5.9350925102074825E-03 -1.5951839414427729E-03
0
0.0
 -1.1407996218300525E+00 -2.3170985309886123E+00 3.8420614944644871E-01
 8.8099337571747802E-03 -5.9130205507624710E-03 -1.8093394553198618E-03
0
0.0
 -1.1407996218300525E+00 -2.3170985309886123E+00 3.8420614944644871E-01
 8.6356065947469415E-03 -5.7034510519291676E-03 -1.6354497992173153E-03
0
0.0
 -1.1407996218300525E+00 -2.3170985309886123E+00 3.8420614944644871E-01
 8.7609132423081271E-03 -5.9494659405288173E-03 -1.6721303405230338E-03
0
0.0
 -1.1407996218300525E+00 -2.3170985309886123E+00 3.8420614944644871E-01
 8.7852293550958263E-03 -5.9040039300467364E-03 -1.6173047841076002E-03
0
0.0
 -1.1407996218300525E+00 -2.3170985309886123E+00 3.8420614944644871E-01
 8.7976584553060774E-03 -5.7952219905334284E-03 -1.7546889603814370E-03
0
0.0
 -1.1407996218300525E+00 -2.3170985309886123E+00 3.8420614944644871E-01
 8.7552971945979840E-03 -5.7333487554246569E-03 -1.6206801266034959E-03
0
0.0
 -1.1407996218300525E+00 -2.3170985309886123E+00 3.8420614944644871E-01
 8.8806648379180144E-03 -5.9149284689034133E-03 -1.7803951323039642E-03
0
0.0
 -1.1407996218300525E+00 -2.3170985309886123E+00 3.8420614944644871E-01
 8.6047693262231266E-03 -5.6368123376103942E-03 -1.5391274602293724E-03
0
0.0
 -1.1407996218300525E+00 -2.3170985309886123E+00 3.8420614944644871E-01
 8.8943168534014617E-03 -6.1259092280412297E-03 -1.6382236626290138E-03
0
0.0
 -1.1407996218300525E+00 -2.3170985309886123E+00 3.8420614944644871E-01
 8.7431313200828278E-03 -5.9397120824122088E-03 -1.6135787650395255E-03
0
0.0
