20
-1
1
 -0.69679137  -0.43925148   0.56704490  3.36571545e-04
 -0.57928872  -0.73071352   0.36122338  3.14758253e-04
 -0.53574463   0.46353066  -0.70577406  2.69085412e-04
 -0.65765162   0.50916366  -0.55519971  7.62088528e-04
  0.96263015  -0.17949361  -0.20279360  1.84895420e-04
 -0.24146455  -0.11340962  -0.96375989  7.09491989e-04
  0.08226987   0.83447562   0.54486889  1.58609016e-04
 -0.73985728  -0.47485673   0.47657350  3.93102174e-04
  0.54727435   0.80012138  -0.24555359  2.19590785e-04
  0.46930936   0.48815249   0.73583685  2.14424065e-04
 -0.83672382  -0.36028539   0.41241689  4.24407354e-04
 -0.77177984   0.14569323   0.61897444  2.20530544e-04
 -0.77396039  -0.54030430   0.33023717  1.93955649e-04
  0.13047746   0.22641211   0.96525292  1.63797032e-04
 -0.96565519   0.25498707  -0.04991638  3.80779412e-04
  0.03475119  -0.04927324   0.99818060  3.45969629e-04
 -0.02345621   0.73856156   0.67377788  3.05286370e-04
 -0.30520095   0.92131447  -0.24089840  1.52208535e-04
 -0.47114685  -0.62575095   0.62165617  1.61807773e-04
  0.91446008  -0.08960936   0.39463011  4.43250127e-04
