20
 -1.1407996218300525E+00 -2.3170985309886123E+00 3.8420614944644871E-01
 8.6658396124538305E-03 -5.9571162558121971E-03 -1.7880106929807483E-03
0
0.0
 -1.1407996218300525E+00 -2.3170985309886123E+00 3.8420614944644871E-01
 8.7302488677841877E-03 -6.0640024675949191E-03 -1.8392560793667574E-03
0
0.0
 -1.1407996218300525E+00 -2.3170985309886123E+00 3.8420614944644871E-01
 8.7681518553117416E-03 -6.0197148271829192E-03 -1.3173006764774665E-03
0
0.0
 -1.1407996218300525E+00 -2.3170985309886123E+00 3.8420614944644871E-01
 8.8947267089697375E-03 -6.1868631885724466E-03 -1.6346479914588329E-03
0
0.0
 -1.1407996218300525E+00 -2.3170985309886123E+00 3.8420614944644871E-01
 9.0427142685964405E-03 -5.9097068143262972E-03 -1.4702193581923066E-03
0
0.0
 -1.1407996218300525E+00 -2.3170985309886123E+00 3.8420614944644871E-01
 8.6438138416634683E-03 -5.9324954473660508E-03 -1.6277273948979445E-03
0
0.0
 -1.1407996218300525E+00 -2.3170985309886123E+00 3.8420614944644871E-01
 8.8299304363313388E-03 -5.9892293187146601E-03 -1.6533600045246777E-03
0
0.0
 -1.1407996218300525E+00 -2.3170985309886123E+00 3.8420614944644871E-01
 8.8184610961600362E-03 -6.0576405058551256E-03 -1.5206378965121512E-03
0
0.0
 -1.1407996218300525E+00 -2.3170985309886123E+00 3.8420614944644871E-01
 8.7883436418391622E-03 -5.8966211718226450E-03 -1.6467679329625815E-03
0
0.0
 -1.1407996218300525E+00 -2.3170985309886123E+00 3.8420614944644871E-01
 8.8113874535772092E-03 -5.9986135612468145E-03 -1.7748033370218888E-03
0
0.0
 -1.1407996218300525E+00 -2.3170985309886123E+00 3.8420614944644871E-01
 8.7023681042901601E-03 -5.6057306570090615E-03 -1.5484989043025080E-03
0
0.0
 -1.1407996218300525E+00 -2.3170985309886123E+00 3.8420614944644871E-01
 8.6663241658156524E-03 -5.9136212916648372E-03 -1.5066550910079809E-03
0
0.0
 -1.1407996218300525E+00 -2.3170985309886123E+00 3.8420614944644871E-01
 8.8150324828889254E-03 -6.0258787660157709E-03 -1.5154731276289404E-03
0
0.0
 -1.1407996218300525E+00 -2.3170985309886123E+00 3.8420614944644871E-01
 8.5829663016229168E-03 -5.7258828087597673E-03 -1.6081960809151714E-03
0
0.0
 -1.1407996218300525E+00 -2.3170985309886123E+00 3.8420614944644871E-01
 8.7064666180777465E-03 -5.9201797372981290E-03 -1.5930457703208448E-03
0
0.0
 -1.1407996218300525E+00 -2.3170985309886123E+00 3.8420614944644871E-01
 8.6977037805458287E-03 -5.7093130176653368E-03 -1.7925043730823136E-03
0
0.0
 -1.1407996218300525E+00 -2.3170985309886123E+00 3.8420614944644871E-01
 8.8063341289917937E-03 -6.0818097544602405E-03 -1.5283014186646712E-03
0
0.0
 -1.1407996218300525E+00 -2.3170985309886123E+00 3.8420614944644871E-01
 8.6969863307537407E-03 -5.9087874097760104E-03 -1.6388244352394065E-03
0
0.0
 -1.1407996218300525E+00 -2.3170985309886123E+00 3.8420614944644871E-01
 8.6965502075831650E-03 -5.9119625715786817E-03 -1.7742780705896429E-03
0
0.0
 -1.1407996218300525E+00 -2.3170985309886123E+00 3.8420614944644871E-01
 8.8233190445760248E-03 -5.8939644901465377E-03 -1.3487573729065302E-03
0
0.0
