20
-1
1
  0.60836287   0.68850134   0.39479174  2.78920142e-04
 -0.19284803   0.38138313  -0.90407773  1.49160660e-04
  0.15740278  -0.92057760   0.35743707  1.51255513e-04
  0.08185435  -0.01225028  -0.99656901  1.70529332e-04
 -0.58790605  -0.48504498  -0.64737767  4.91044955e-04
 -0.52967468   0.16527768  -0.83194232  1.50674545e-04
  0.78097445  -0.10622138  -0.61546399  1.50919363e-04
  0.30613508   0.41591785  -0.85632567  5.78424401e-04
 -0.65760367   0.73767175   0.15296339  8.35807019e-04
 -0.12026465  -0.05397576  -0.99127344  3.71764689e-04
  0.05178365  -0.99815246   0.03178232  1.73811224e-04
 -0.20024281  -0.28265612  -0.93808760  3.18080100e-04
  0.44942462   0.81364515   0.36878053  6.89857025e-04
  0.23762900   0.93269764  -0.27130715  2.62854831e-04
  0.53079508   0.32922665   0.78093943  2.55492036e-04
  0.05606314  -0.82904216  -0.55636861  2.50002769e-04
  0.81035226   0.19998505  -0.55075874  2.89046761e-04
 -0.65876008  -0.74484113   0.10605120  2.08210223e-04
  0.41555173   0.26229998  -0.87092794  3.26971697e-04
  0.97675039  -0.15841192  -0.14444496  2.07693042e-04
