20
 -1.1407996218300525E+00 -2.3170985309886123E+00 3.8420614944644871E-01
 8.6778741495929235E-03 -5.9066830496765400E-03 -1.5945856697184618E-03
0
0.0
 -1.1407996218300525E+00 -2.3170985309886123E+00 3.8420614944644871E-01
 8.5529238743043325E-03 -5.8695387498399615E-03 -1.4672435398049403E-03
0
0.0
 -1.1407996218300525E+00 -2.3170985309886123E+00 3.8420614944644871E-01
 8.8279865517139622E-03 -5.7835539849579523E-03 -1.7535965884972328E-03
0
0.0
 -1.1407996218300525E+00 -2.3170985309886123E+00 3.8420614944644871E-01
 8.6205150202668182E-03 -5.8433913181209010E-03 -1.8973522168789637E-03
0
0.0
 -1.1407996218300525E+00 -2.3170985309886123E+00 3.8420614944644871E-01
 8.7351878933313396E-03 -5.7868682944080064E-03 -1.5981161622379302E-03
0
0.0
 -1.1407996218300525E+00 -2.3170985309886123E+00 3.8420614944644871E-01
 8.6103086101675368E-03 -6.0140999908534273E-03 -1.4752439890724442E-03
0
0.0
 -1.1407996218300525E+00 -2.3170985309886123E+00 3.8420614944644871E-01
 8.9407459776901441E-03 -5.9057753105627780E-03 -1.4591713381535468E-03
0
0.0
 -1.1407996218300525E+00 -2.3170985309886123E+00 3.8420614944644871E-01
 8.6958952326315567E-03 -5.8784526758992829E-03 -1.4219256008079163E-03
0
0.0
 -1.1407996218300525E+00 -2.3170985309886123E+00 3.8420614944644871E-01
 8.7893442882990159E-03 -5.7353368499260737E-03 -1.4418915054287735E-03
0
0.0
 -1.1407996218300525E+00 -2.3170985309886123E+00 3.8420614944644871E-01
 8.7533385172893340E-03 -5.5796265377931016E-03 -1.6229483660059744E-03
0
0.0
 -1.1407996218300525E+00 -2.3170985309886123E+00 3.8420614944644871E-01
 8.7672166283746730E-03 -5.9632338459768347E-03 -1.5751942977581990E-03
0
0.0
 -1.1407996218300525E+00 -2.3170985309886123E+00 3.8420614944644871E-01
 8.8158918029918026E-03 -5.7655195623950301E-03 -1.4883975380216238E-03
0
0.0
 -1.1407996218300525E+00 -2.3170985309886123E+00 3.8420614944644871E-01
 8.7846405209315390E-03 -5.9202747117699942E-03 -1.6287582269991952E-03
0
0.0
 -1.1407996218300525E+00 -2.3170985309886123E+00 3.8420614944644871E-01
 8.6906194049009497E-03 -5.8230340376789090E-03 -1.5293619351082260E-03
0
0.0
 -1.1407996218300525E+00 -2.3170985309886123E+00 3.8420614944644871E-01
 8.8032716245500207E-03 -5.8430785262527296E-03 -1.6949993808534642E-03
0
0.0
 -1.1407996218300525E+00 -2.3170985309886123E+00 3.8420614944644871E-01
 8.6686951628464348E-03 -5.6522578497659962E-03 -1.6818409116223867E-03
0
0.0
 -1.1407996218300525E+00 -2.3170985309886123E+00 3.8420614944644871E-01
 8.7486429108711520E-03 -5.7649901800881399E-03 -1.7639631428334852E-03
0
0.0
 -1.1407996218300525E+00 -2.3170985309886123E+00 3.8420614944644871E-01
 8.7719942975913682E-03 -5.9777119379348731E-03 -1.5951234165770749E-03
0
0.0
 -1.1407996218300525E+00 -2.3170985309886123E+00 3.8420614944644871E-01
 8.9958588266093632E-03 -5.9549986651028222E-03 -1.4502785705672401E-03
0
0.0
 -1.1407996218300525E+00 -2.3170985309886123E+00 3.8420614944644871E-01
 8.6359095278343637E-03 -5.9352001758110114E-03 -1.7320498042251394E-03
0
0.0
