 0.248
 0.274
 0.258
 0.258
 0.258
 0.281
 0.258
 0.238
 0.246
 0.258
 0.278
 0.258
 0.258
 0.258
 0.258
 0.258
 0.284
 0.258
 0.258
 0.137
 0.298
 0.258
 0.258
 0.146
 0.319
 0.395
 0.175
 0.258
 0.258
 0.258
 0.232
 0.258
 0.258
 0.258
 0.258
 0.258
 0.258
 0.258
 0.146
 0.258
 0.258
 0.258
 0.235
 0.258
 0.258
 0.258
 0.258
 0.305
 0.258
 0.258
 0.258
 0.250
 0.193
 0.276
 0.258
 0.258
 0.258
 0.139
 0.197
 0.258
 0.258
 0.258
 0.273
 0.258
 0.258
 0.258
 0.258
 0.258
 0.258
 0.141
 0.204
 0.258
 0.258
 0.258
 0.258
 0.205
 0.258
 0.258
 0.258
 0.258
 0.258
 0.258
 0.258
 0.258
 0.258
 0.258
 0.258
 0.258
 0.258
 0.258
 0.258
 0.212
 0.258
 0.258
 0.258
 0.169
 0.258
 0.258
 0.258
 0.392
 0.258
 0.238
 0.278
 0.258
 0.258
 0.258
 0.258
 0.258
 0.258
 0.258
 0.258
 0.213
 0.347
 0.279
 0.258
 0.258
 0.258
 0.310
 0.258
 0.322
 0.273
 0.258
 0.258
 0.258
 0.258
 0.399
 0.258
 0.258
 0.210
 0.366
 0.258
 0.258
 0.258
 0.258
 0.296
 0.258
 0.258
 0.258
 0.258
 0.258
 0.258
 0.258
 0.258
 0.258
 0.258
 0.258
 0.258
 0.258
 0.258
 0.170
 0.258
 0.258
 0.258
 0.286
 0.258
 0.258
 0.258
 0.258
 0.258
 0.258
 0.186
 0.258
 0.308
 0.258
 0.258
 0.258
 0.258
 0.258
 0.258
 0.258
 0.258
 0.092
 0.099
 0.258
 0.258
 0.258
 0.258
 0.258
 0.258
 0.236
 0.369
 0.258
 0.192
 0.258
 0.258
 0.258
 0.292
 0.258
 0.134
 0.258
 0.258
 0.258
 0.258
 0.366
 0.270
 0.258
 0.258
 0.192
 0.258
 0.258
 0.258
 0.258
 0.258
 0.191
 0.197
 0.337
 0.140
 0.219
 0.316
 0.185
 0.258
 0.125
 0.258
 0.258
 0.068
 0.258
 0.258
 0.258
 0.258
 0.168
 0.258
 0.258
 0.321
 0.258
 0.271
 0.258
 0.258
 0.246
 0.249
 0.258
 0.258
 0.258
 0.271
 0.258
 0.258
 0.258
 0.197
 0.258
 0.258
 0.258
 0.258
 0.258
 0.258
 0.258
 0.258
 0.258
 0.258
 0.258
 0.228
 0.280
 0.258
 0.327
 0.258
 0.258
 0.258
 0.258
 0.258
 0.258
 0.186
 0.258
 0.258
 0.258
 0.170
 0.258
 0.258
 0.258
 0.258
 0.258
 0.258
 0.322
 0.258
 0.131
 0.258
 0.258
 0.258
 0.258
 0.258
 0.258
 0.309
 0.291
 0.258
 0.258
 0.258
 0.258
 0.258
 0.239
 0.201
 0.376
 0.258
 0.258
 0.258
 0.258
 0.258
 0.258
 0.325
 0.258
 0.258
 0.258
 0.294
 0.258
 0.191
 0.327
 0.258
 0.258
 0.364
 0.258
 0.258
 0.300
 0.339
 0.258
 0.161
 0.258
 0.258
 0.258
 0.222
 0.258
 0.258
 0.258
 0.258
 0.258
 0.258
 0.258
 0.189
 0.385
 0.268
 0.221
 0.258
 0.173
 0.258
 0.258
 0.258
 0.258
 0.258
 0.280
 0.258
 0.258
 0.202
 0.258
 0.304
 0.258
 0.258
 0.258
 0.258
 0.257
 0.258
 0.258
 0.258
 0.258
 0.258
 0.258
 0.283
 0.259
 0.243
 0.258
 0.258
 0.258
 0.258
 0.258
 0.335
 0.258
 0.258
 0.258
 0.347
 0.258
 0.200
 0.258
 0.258
 0.258
 0.231
 0.140
 0.258
 0.258
 0.258
 0.258
 0.258
 0.258
 0.304
 0.258
 0.258
 0.258
 0.258
 0.258
 0.258
 0.210
 0.258
 0.258
 0.258
 0.258
 0.258
 0.324
 0.113
 0.258
 0.258
 0.258
 0.337
 0.258
 0.258
 0.258
 0.258
 0.318
 0.258
 0.258
 0.258
 0.258
 0.258
 0.258
 0.148
 0.258
 0.258
 0.258
 0.258
 0.258
 0.258
 0.258
 0.225
 0.258
 0.258
 0.352
 0.258
 0.258
 0.258
 0.258
 0.258
 0.234
 0.258
 0.242
 0.328
 0.258
 0.272
 0.231
 0.316
 0.258
 0.258
 0.258
 0.261
 0.258
 0.258
 0.240
 0.258
 0.258
 0.258
 0.173
 0.258
 0.258
 0.258
 0.258
 0.258
 0.258
 0.258
 0.249
 0.258
 0.258
 0.184
 0.258
 0.258
 0.258
 0.258
 0.258
 0.155
 0.319
 0.257
 0.332
 0.292
 0.258
 0.258
 0.216
 0.180
 0.258
 0.258
 0.258
 0.330
 0.258
 0.258
 0.231
 0.258
 0.258
 0.258
 0.163
 0.152
 0.258
 0.245
 0.258
 0.086
 0.290
 0.258
 0.269
 0.218
 0.258
 0.258
 0.258
 0.258
 0.150
 0.258
 0.258
 0.258
 0.200
 0.258
 0.261
 0.258
 0.312
 0.258
 0.258
 0.202
 0.258
 0.287
 0.258
 0.258
 0.258
 0.258
 0.258
 0.258
 0.258
 0.258
 0.258
 0.258
 0.258
 0.258
 0.172
 0.338
 0.258
 0.258
 0.258
 0.258
 0.258
 0.335
 0.258
 0.233
 0.258
 0.258
 0.258
 0.306
 0.360
 0.258
 0.150
 0.105
 0.258
 0.258
 0.258
 0.258
 0.258
 0.258
 0.258
 0.268
 0.283
 0.258
 0.258
 0.258
 0.258
 0.258
 0.258
 0.258
 0.258
 0.274
 0.258
 0.208
 0.258
 0.258
 0.258
 0.240
 0.258
 0.258
 0.258
 0.258
 0.258
 0.258
 0.258
 0.258
 0.216
 0.258
 0.258
 0.258
 0.258
 0.289
 0.258
 0.258
 0.297
 0.258
 0.243
 0.258
 0.258
 0.258
 0.258
 0.286
 0.258
 0.258
 0.258
 0.158
 0.129
 0.258
 0.258
 0.164
 0.258
 0.258
 0.246
 0.259
 0.258
 0.258
 0.241
 0.258
 0.258
 0.258
 0.352
 0.258
 0.280
 0.258
 0.258
 0.258
 0.246
 0.258
 0.258
 0.258
 0.258
 0.258
 0.258
 0.258
 0.182
 0.258
 0.195
 0.258
 0.258
 0.230
 0.178
 0.258
 0.258
 0.258
 0.258
 0.248
 0.258
 0.315
 0.258
 0.258
 0.258
 0.312
 0.111
 0.258
 0.258
 0.284
 0.183
 0.258
 0.258
 0.238
 0.182
 0.242
 0.258
 0.254
 0.285
 0.174
 0.258
 0.258
 0.289
 0.233
 0.258
 0.258
 0.258
 0.258
 0.258
 0.303
 0.258
 0.258
 0.258
 0.258
 0.258
 0.158
 0.329
 0.275
 0.258
 0.258
 0.258
 0.258
 0.258
 0.258
 0.258
 0.258
 0.258
 0.258
 0.258
 0.287
 0.258
 0.258
 0.258
 0.258
 0.351
 0.258
 0.174
 0.258
 0.258
 0.258
 0.258
 0.258
 0.258
 0.258
 0.258
 0.258
 0.258
 0.291
 0.192
 0.258
 0.258
 0.258
 0.276
 0.258
 0.258
 0.211
 0.258
 0.258
 0.258
 0.258
 0.258
 0.258
 0.278
 0.258
 0.258
 0.258
 0.258
 0.213
 0.258
 0.258
 0.258
 0.258
 0.300
 0.258
 0.197
 0.258
 0.258
 0.258
 0.173
 0.259
 0.258
 0.258
 0.258
 0.279
 0.258
 0.258
 0.184
 0.258
 0.251
 0.258
 0.258
 0.258
 0.258
 0.258
 0.258
 0.258
 0.258
 0.221
 0.258
 0.258
 0.258
 0.258
 0.258
 0.258
 0.258
 0.258
 0.258
 0.258
 0.258
 0.258
 0.258
 0.223
 0.258
 0.258
 0.258
 0.258
 0.258
 0.258
 0.322
 0.294
 0.221
 0.080
 0.258
 0.127
 0.258
 0.258
 0.258
 0.258
 0.258
 0.108
 0.258
 0.258
 0.258
 0.258
 0.258
 0.258
 0.258
 0.221
 0.258
 0.258
 0.284
 0.258
 0.251
 0.166
 0.258
 0.258
 0.202
 0.258
 0.258
 0.258
 0.258
 0.258
 0.258
 0.258
 0.258
 0.258
 0.258
 0.357
 0.110
 0.258
 0.258
 0.258
 0.258
 0.387
 0.258
 0.258
 0.361
 0.258
 0.255
 0.258
 0.258
 0.258
 0.258
 0.258
 0.258
 0.258
 0.320
 0.258
 0.254
 0.258
 0.297
 0.258
 0.258
 0.258
 0.258
 0.127
 0.222
 0.258
 0.258
 0.258
 0.258
 0.258
 0.258
 0.258
 0.258
 0.258
 0.135
 0.258
 0.258
 0.258
 0.252
 0.258
 0.258
 0.258
 0.258
 0.258
 0.258
 0.341
 0.287
 0.258
 0.258
 0.258
 0.258
 0.362
 0.271
 0.258
 0.258
 0.258
 0.302
 0.114
 0.258
 0.258
 0.203
 0.258
 0.258
 0.236
 0.258
 0.342
 0.322
 0.258
 0.258
 0.205
 0.258
 0.075
 0.258
 0.258
 0.258
 0.258
 0.258
 0.258
 0.228
 0.258
 0.327
 0.258
 0.258
 0.258
 0.258
 0.322
 0.258
 0.258
 0.323
 0.258
 0.258
 0.258
 0.258
 0.227
 0.258
 0.301
 0.258
 0.309
 0.258
 0.258
 0.258
 0.265
 0.175
 0.258
 0.258
 0.258
 0.258
 0.258
 0.258
 0.258
 0.258
 0.258
 0.258
 0.145
 0.258
 0.258
 0.258
 0.258
 0.271
 0.228
 0.258
 0.258
 0.258
 0.258
 0.386
 0.258
 0.258
 0.258
 0.258
 0.258
 0.275
 0.258
 0.258
 0.247
 0.258
 0.258
 0.281
 0.258
 0.258
 0.258
 0.258
 0.256
 0.258
 0.258
 0.258
 0.258
 0.258
 0.258
 0.380
 0.258
 0.258
 0.258
 0.373
 0.258
 0.258
 0.258
 0.258
 0.361
 0.258
 0.217
 0.373
 0.258
 0.258
 0.143
 0.258
 0.258
 0.170
 0.258
 0.258
 0.258
 0.258
 0.258
 0.258
 0.258
 0.156
 0.217
 0.258
 0.258
 0.258
 0.274
 0.258
 0.258
 0.258
 0.258
 0.258
 0.290
 0.300
 0.258
 0.258
 0.258
 0.325
 0.258
 0.314
 0.258
 0.258
 0.258
 0.258
 0.299
 0.217
 0.258
 0.258
 0.258
 0.258
 0.350
 0.258
 0.258
 0.258
 0.258
 0.258
 0.258
 0.285
 0.258
 0.258
 0.178
 0.258
 0.287
 0.258
 0.258
 0.301
 0.258
 0.258
 0.258
 0.258
 0.121
 0.258
 0.258
 0.125
 0.258
 0.238
 0.261
 0.258
 0.362
 0.258
 0.258
 0.258
 0.224
 0.320
 0.258
 0.258
 0.269
 0.258
 0.258
 0.258
 0.258
 0.259
 0.258
 0.282
 0.258
 0.258
 0.258
 0.258
 0.258
 0.271
 0.258
 0.258
 0.367
 0.209
 0.351
 0.258
 0.356
 0.258
 0.258
 0.258
 0.316
 0.226
 0.235
 0.258
 0.258
 0.258
 0.258
 0.258
 0.258
 0.258
 0.258
 0.258
 0.258
 0.258
 0.258
 0.319
 0.258
 0.258
 0.258
 0.383
 0.180
 0.144
 0.213
 0.258
 0.258
 0.258
 0.258
 0.258
 0.258
 0.208
 0.258
 0.219
 0.258
 0.258
 0.197
 0.258
 0.258
 0.258
 0.258
 0.258
 0.258
 0.258
 0.164
 0.258
 0.258
 0.258
 0.258
 0.258
 0.258
 0.231
 0.258
 0.258
 0.258
 0.258
 0.258
 0.258
 0.258
 0.258
 0.258
 0.163
 0.281
 0.258
 0.321
 0.386
 0.258
 0.258
 0.258
 0.258
 0.226
 0.258
 0.258
 0.258
 0.289
 0.273
 0.258
 0.259
 0.166
 0.258
 0.253
 0.189
 0.200
 0.233
 0.258
 0.258
 0.258
 0.377
 0.258
 0.258
 0.258
 0.224
 0.211
 0.258
 0.258
 0.258
 0.258
 0.266
 0.258
 0.258
 0.258
 0.258
 0.320
 0.258
 0.258
 0.261
 0.258
 0.258
 0.278
 0.258
 0.258
 0.258
 0.258
 0.258
 0.258
 0.258
 0.243
 0.138
 0.258
 0.316
 0.258
 0.254
 0.258
 0.258
 0.258
 0.309
 0.258
 0.287
 0.258
 0.258
 0.263
 0.258
 0.258
 0.258
 0.258
 0.230
 0.258
 0.258
 0.273
 0.258
 0.379
 0.258
 0.271
 0.258
 0.258
 0.323
 0.258
 0.225
 0.309
 0.371
 0.258
 0.238
 0.258
 0.240
 0.258
 0.094
 0.258
 0.258
 0.258
 0.258
 0.258
 0.258
 0.220
 0.202
 0.258
 0.258
 0.258
 0.311
 0.258
 0.258
 0.258
 0.258
 0.258
 0.262
 0.258
 0.258
 0.258
 0.258
 0.234
 0.258
 0.258
 0.258
 0.258
 0.231
 0.258
 0.258
 0.258
 0.258
 0.258
 0.274
 0.156
 0.258
 0.258
 0.258
 0.258
 0.258
 0.258
 0.258
 0.216
 0.258
 0.258
 0.258
 0.258
 0.112
 0.258
 0.202
 0.258
 0.258
 0.258
 0.258
 0.258
 0.258
 0.259
 0.258
 0.311
 0.258
 0.203
 0.258
 0.258
 0.258
 0.258
 0.258
 0.276
 0.258
 0.258
 0.258
 0.258
 0.258
 0.332
 0.258
 0.258
 0.258
 0.099
 0.258
 0.258
 0.258
 0.258
 0.308
 0.258
 0.258
 0.258
 0.258
 0.232
 0.258
 0.258
 0.309
 0.169
 0.258
 0.258
 0.258
 0.299
 0.258
 0.258
 0.306
 0.182
 0.258
 0.258
 0.258
 0.258
 0.258
 0.258
 0.258
 0.232
 0.258
 0.258
 0.191
 0.258
 0.258
 0.258
 0.258
 0.264
 0.183
 0.258
 0.258
 0.216
 0.371
 0.258
 0.258
 0.258
 0.258
 0.253
 0.258
 0.258
 0.181
 0.195
 0.258
 0.258
 0.258
 0.258
 0.174
 0.258
 0.258
 0.258
 0.283
 0.283
 0.258
 0.258
 0.258
 0.258
 0.258
 0.258
 0.306
 0.248
 0.258
 0.258
 0.258
 0.258
 0.258
 0.258
 0.258
 0.258
 0.258
 0.206
 0.258
 0.251
 0.258
 0.258
 0.353
 0.258
 0.258
 0.236
 0.258
 0.258
 0.258
 0.258
 0.258
 0.258
 0.258
 0.258
 0.238
 0.247
 0.258
 0.258
 0.258
 0.258
 0.258
 0.258
 0.168
 0.258
 0.258
 0.258
 0.214
 0.400
 0.258
 0.258
 0.258
 0.258
 0.254
 0.183
 0.258
 0.258
 0.105
 0.258
 0.258
 0.355
 0.211
 0.258
 0.258
 0.359
 0.258
 0.190
 0.258
 0.258
 0.258
 0.258
 0.380
 0.258
 0.258
 0.258
 0.258
 0.258
 0.258
 0.307
 0.247
 0.361
 0.254
 0.246
 0.258
 0.183
 0.258
 0.258
 0.258
 0.361
 0.258
 0.328
 0.258
 0.258
 0.370
 0.102
 0.258
 0.258
 0.258
 0.258
 0.105
 0.258
 0.258
 0.201
 0.320
 0.258
 0.258
 0.258
 0.240
 0.258
 0.219
 0.258
 0.161
 0.161
 0.326
 0.139
 0.179
 0.258
 0.258
 0.258
 0.258
 0.258
 0.258
 0.258
 0.309
 0.258
 0.258
 0.258
 0.253
 0.258
 0.258
 0.085
 0.258
 0.258
 0.258
 0.246
 0.258
 0.258
 0.256
 0.258
 0.172
 0.258
 0.258
 0.237
 0.258
 0.258
 0.258
 0.258
 0.258
 0.258
 0.258
 0.258
 0.258
 0.380
 0.258
 0.258
 0.258
 0.258
 0.233
 0.258
 0.258
 0.258
 0.258
 0.258
 0.186
 0.258
 0.258
 0.258
 0.258
 0.258
 0.258
 0.258
 0.258
 0.258
 0.324
 0.243
 0.258
 0.258
 0.258
 0.258
 0.377
 0.239
 0.258
 0.264
 0.258
 0.258
 0.258
 0.258
 0.268
 0.258
 0.292
 0.258
 0.258
 0.258
 0.302
 0.258
 0.258
 0.258
 0.258
 0.258
 0.195
 0.262
 0.205
 0.258
 0.258
 0.252
 0.258
 0.258
 0.258
 0.175
 0.247
 0.323
 0.258
 0.258
 0.258
 0.258
 0.258
 0.258
 0.302
 0.258
 0.258
 0.258
 0.266
 0.271
 0.258
 0.273
 0.317
 0.258
 0.258
 0.309
 0.211
 0.258
 0.324
 0.201
 0.258
 0.258
 0.132
 0.273
 0.268
 0.286
 0.278
 0.258
 0.258
 0.258
 0.258
 0.258
 0.125
 0.179
 0.294
 0.258
 0.258
 0.258
 0.269
 0.258
 0.258
 0.233
 0.252
 0.258
 0.289
 0.278
 0.319
 0.258
 0.297
 0.196
 0.258
 0.258
 0.258
 0.290
 0.151
 0.376
 0.265
 0.328
 0.247
 0.162
 0.258
 0.166
 0.133
 0.258
 0.258
 0.258
 0.258
 0.258
 0.266
 0.258
 0.258
 0.202
 0.258
 0.258
 0.170
 0.258
 0.258
 0.258
 0.258
 0.258
 0.258
 0.258
 0.258
 0.179
 0.258
 0.258
 0.258
 0.270
 0.258
 0.258
 0.258
 0.215
 0.258
 0.258
 0.258
 0.258
 0.258
 0.129
 0.258
 0.258
 0.258
 0.258
 0.258
 0.296
 0.253
 0.258
 0.311
 0.335
 0.258
 0.258
 0.241
 0.258
 0.258
 0.321
 0.258
 0.258
 0.258
 0.258
 0.258
 0.132
 0.315
 0.166
 0.258
 0.219
 0.258
 0.258
 0.250
 0.258
 0.258
 0.258
 0.258
 0.258
 0.387
 0.271
 0.258
 0.258
 0.258
 0.258
 0.258
 0.258
 0.275
 0.258
 0.258
 0.345
 0.258
 0.258
 0.258
 0.258
 0.258
 0.258
 0.233
 0.258
 0.282
 0.258
 0.258
 0.258
 0.283
 0.258
 0.258
 0.167
 0.266
 0.258
 0.258
 0.258
 0.249
 0.258
 0.259
 0.258
 0.258
 0.258
 0.258
 0.258
 0.258
 0.258
 0.258
 0.258
 0.258
 0.258
 0.258
 0.258
 0.258
 0.258
 0.258
 0.295
 0.149
 0.251
 0.258
 0.292
 0.258
 0.202
 0.306
 0.258
 0.258
 0.258
 0.258
 0.258
 0.258
 0.258
 0.258
 0.185
 0.258
 0.258
 0.258
 0.258
 0.258
 0.258
 0.258
 0.258
 0.258
 0.258
 0.239
 0.258
 0.258
 0.258
 0.258
 0.258
 0.258
 0.253
 0.258
 0.258
 0.297
 0.240
 0.258
 0.172
 0.258
 0.241
 0.241
 0.258
 0.258
 0.150
 0.258
 0.165
 0.258
 0.258
 0.223
 0.258
 0.258
 0.258
 0.258
 0.258
 0.258
 0.258
 0.258
 0.258
 0.258
 0.258
 0.258
 0.258
 0.258
 0.258
 0.245
 0.258
 0.258
 0.262
 0.258
 0.258
 0.258
 0.258
 0.258
 0.258
 0.258
 0.258
 0.258
 0.214
 0.258
 0.258
 0.258
 0.258
 0.258
 0.258
 0.258
 0.258
 0.258
 0.258
 0.258
 0.258
 0.258
 0.258
 0.258
 0.258
 0.285
 0.258
 0.258
 0.258
 0.336
 0.258
 0.258
 0.258
 0.258
 0.269
 0.258
 0.258
 0.258
 0.258
 0.258
 0.258
 0.258
 0.258
 0.258
 0.258
 0.258
 0.217
 0.131
 0.258
 0.175
 0.258
 0.258
 0.258
 0.258
 0.258
 0.258
 0.335
 0.258
 0.258
 0.258
 0.238
 0.258
 0.258
 0.258
 0.258
 0.258
 0.258
 0.187
 0.258
 0.258
 0.258
 0.226
 0.258
 0.258
 0.258
 0.258
 0.258
 0.258
 0.258
 0.258
 0.258
 0.282
 0.258
 0.172
 0.258
 0.258
 0.258
 0.259
 0.290
 0.258
 0.258
 0.243
 0.258
 0.258
 0.304
 0.258
 0.258
 0.258
 0.257
 0.258
 0.242
 0.235
 0.127
 0.234
 0.258
 0.258
 0.258
 0.258
 0.273
 0.258
 0.258
 0.258
 0.254
 0.258
 0.258
 0.258
 0.196
 0.153
 0.187
 0.258
 0.258
 0.258
 0.190
 0.205
 0.258
 0.258
 0.197
 0.258
 0.258
 0.258
 0.221
 0.179
 0.258
 0.258
 0.190
 0.258
 0.258
 0.258
 0.258
 0.258
 0.272
 0.251
 0.269
 0.258
 0.258
 0.258
 0.258
 0.258
 0.189
 0.097
 0.258
 0.258
 0.258
 0.334
 0.258
 0.258
 0.258
 0.258
 0.258
 0.258
 0.258
 0.258
 0.258
 0.258
 0.258
 0.243
 0.186
 0.258
 0.324
 0.258
 0.246
 0.258
 0.272
 0.258
 0.258
 0.299
 0.258
 0.258
 0.258
 0.258
 0.258
 0.269
 0.202
 0.258
 0.258
 0.258
 0.269
 0.258
 0.303
 0.302
 0.400
 0.258
 0.258
 0.258
 0.258
 0.258
 0.258
 0.274
 0.258
 0.258
 0.258
 0.233
 0.258
 0.120
 0.232
 0.258
 0.258
 0.072
 0.258
 0.258
 0.258
 0.233
 0.258
 0.273
 0.365
 0.266
 0.258
 0.258
 0.258
 0.258
 0.258
 0.258
 0.258
 0.258
 0.365
 0.258
 0.258
 0.258
 0.258
 0.058
 0.258
 0.258
 0.258
 0.258
 0.258
 0.258
 0.258
 0.390
 0.258
 0.227
 0.258
 0.252
 0.316
 0.258
 0.258
 0.258
 0.258
 0.258
 0.258
 0.213
 0.202
 0.258
 0.342
 0.258
 0.261
 0.258
 0.258
 0.258
 0.258
 0.258
 0.258
 0.258
 0.258
 0.286
 0.258
 0.258
 0.258
 0.258
 0.258
 0.258
 0.258
 0.258
 0.258
 0.278
 0.258
 0.258
 0.258
 0.258
 0.258
 0.172
 0.258
 0.155
 0.279
 0.318
 0.258
 0.258
 0.258
 0.258
 0.258
 0.258
 0.309
 0.258
 0.258
 0.258
 0.258
 0.222
 0.258
 0.271
 0.258
 0.258
 0.331
 0.258
 0.258
 0.171
 0.264
 0.342
 0.258
 0.258
 0.258
 0.219
 0.258
 0.258
 0.247
 0.258
 0.258
 0.258
 0.258
 0.258
 0.258
 0.258
 0.258
 0.258
 0.311
 0.258
 0.258
 0.258
 0.229
 0.126
 0.258
 0.258
 0.336
 0.258
 0.258
 0.258
 0.258
 0.200
 0.258
 0.258
 0.258
 0.258
 0.258
 0.258
 0.258
 0.258
 0.258
 0.250
 0.258
 0.258
 0.258
 0.258
 0.376
 0.258
 0.258
 0.258
 0.258
 0.258
 0.258
 0.258
 0.241
 0.258
 0.258
 0.258
 0.258
 0.320
 0.316
 0.258
 0.258
 0.192
 0.258
 0.178
 0.258
 0.258
 0.258
 0.258
 0.258
 0.258
 0.258
 0.258
 0.258
 0.258
 0.258
 0.258
 0.240
 0.258
 0.258
 0.258
 0.258
 0.208
 0.332
 0.258
 0.258
 0.258
 0.179
 0.258
 0.258
 0.258
 0.258
 0.293
 0.258
 0.258
 0.125
 0.258
 0.258
 0.258
 0.258
 0.307
 0.258
 0.258
 0.258
 0.258
 0.258
 0.219
 0.258
 0.258
 0.258
 0.266
 0.258
 0.284
 0.181
 0.258
 0.258
 0.258
 0.258
 0.258
 0.258
 0.295
 0.258
 0.258
 0.258
 0.258
 0.258
 0.258
 0.258
 0.311
 0.258
 0.290
 0.258
 0.258
 0.221
 0.258
 0.258
 0.308
 0.198
 0.258
 0.203
 0.258
 0.258
 0.258
 0.258
 0.258
 0.282
 0.258
 0.258
 0.258
 0.285
 0.311
 0.258
 0.228
 0.375
 0.234
 0.258
 0.215
 0.182
 0.298
 0.258
 0.258
 0.258
 0.196
 0.258
 0.257
 0.258
 0.262
 0.258
 0.258
 0.235
 0.200
 0.258
 0.258
 0.258
 0.258
 0.313
 0.258
 0.258
 0.294
 0.258
 0.262
 0.258
 0.176
 0.247
 0.258
 0.258
 0.258
 0.258
 0.258
 0.216
 0.258
 0.258
 0.208
 0.258
 0.286
 0.258
 0.258
 0.258
 0.258
 0.258
 0.258
 0.277
 0.101
 0.258
 0.216
 0.258
 0.258
 0.263
 0.258
 0.258
 0.258
 0.258
 0.258
 0.258
 0.258
 0.258
 0.258
 0.258
 0.258
 0.258
 0.258
 0.205
 0.258
 0.258
 0.258
 0.259
 0.258
 0.258
 0.258
 0.275
 0.258
 0.258
 0.257
 0.323
 0.258
 0.258
 0.258
 0.385
 0.258
 0.258
 0.224
 0.258
 0.258
 0.258
 0.258
 0.258
 0.258
 0.258
 0.258
 0.258
 0.258
 0.303
 0.258
 0.258
 0.258
 0.258
 0.249
 0.258
 0.258
 0.258
 0.258
 0.300
 0.258
 0.258
 0.258
 0.258
 0.258
 0.258
 0.106
 0.258
 0.258
 0.258
 0.397
 0.258
 0.258
 0.246
 0.258
 0.258
 0.345
 0.258
 0.258
 0.258
 0.246
 0.273
 0.361
 0.258
 0.258
 0.258
 0.258
 0.364
 0.258
 0.258
 0.157
 0.258
 0.207
 0.392
 0.258
 0.258
 0.146
 0.258
 0.258
 0.233
 0.258
 0.207
 0.258
 0.152
 0.258
 0.258
 0.258
 0.258
 0.223
 0.261
 0.213
 0.258
 0.258
 0.258
 0.258
 0.258
 0.258
 0.230
 0.258
 0.258
 0.258
 0.258
 0.258
 0.258
 0.258
 0.258
 0.107
 0.234
 0.258
 0.258
 0.258
 0.258
 0.326
 0.242
 0.258
 0.258
 0.153
 0.281
 0.258
 0.258
 0.258
 0.258
 0.258
 0.285
 0.258
 0.258
 0.258
 0.258
 0.295
 0.258
 0.222
 0.265
 0.258
 0.258
 0.258
 0.331
 0.258
 0.258
 0.258
 0.336
 0.258
 0.258
 0.258
 0.253
 0.258
 0.307
 0.258
 0.336
 0.258
 0.111
 0.209
 0.258
 0.258
 0.363
 0.258
 0.258
 0.258
 0.258
 0.211
 0.254
 0.258
 0.191
 0.196
 0.339
 0.258
 0.227
 0.367
 0.318
 0.258
 0.173
 0.208
 0.258
 0.258
 0.258
 0.258
 0.206
 0.258
 0.258
 0.258
 0.258
 0.258
 0.258
 0.258
 0.364
 0.258
 0.334
 0.258
 0.258
 0.258
 0.258
 0.258
 0.258
 0.258
 0.258
 0.314
 0.378
 0.320
 0.258
 0.258
 0.258
 0.148
 0.258
 0.258
 0.258
 0.217
 0.258
 0.262
 0.258
 0.258
 0.258
 0.258
 0.258
 0.344
 0.258
 0.258
 0.140
 0.258
 0.258
 0.258
 0.323
 0.261
 0.258
 0.392
 0.258
 0.232
 0.304
 0.258
 0.258
 0.258
 0.258
 0.258
 0.365
 0.258
 0.258
 0.258
 0.258
 0.273
 0.301
 0.258
 0.258
 0.258
 0.258
 0.258
 0.258
 0.258
 0.272
 0.275
 0.258
 0.298
 0.258
 0.258
 0.086
 0.258
 0.160
 0.154
 0.312
 0.258
 0.214
 0.235
 0.258
 0.258
 0.258
 0.229
 0.258
 0.197
 0.258
 0.258
 0.347
 0.236
 0.258
 0.258
 0.187
 0.258
 0.275
 0.274
 0.258
 0.121
 0.258
 0.294
 0.258
 0.190
 0.258
 0.258
 0.343
 0.308
 0.338
 0.258
 0.202
 0.258
 0.258
 0.258
 0.258
 0.258
 0.258
 0.258
 0.258
 0.204
 0.258
 0.267
 0.296
 0.180
 0.258
 0.258
 0.258
 0.258
 0.286
 0.258
 0.258
 0.258
 0.258
 0.188
 0.258
 0.323
 0.258
 0.258
 0.258
 0.258
 0.258
 0.258
 0.335
 0.258
 0.151
 0.258
 0.307
 0.258
 0.258
 0.258
 0.258
 0.258
 0.258
 0.258
 0.258
 0.258
 0.258
 0.258
 0.187
 0.258
 0.120
 0.258
 0.258
 0.258
 0.258
 0.258
 0.258
 0.258
 0.258
 0.258
 0.258
 0.319
 0.176
 0.118
 0.258
 0.122
 0.231
 0.258
 0.135
 0.258
 0.228
 0.258
 0.258
 0.258
 0.258
 0.193
 0.258
 0.258
 0.258
 0.258
 0.258
 0.257
 0.220
 0.258
 0.258
 0.258
 0.258
 0.258
 0.376
 0.258
 0.258
 0.258
 0.258
 0.258
 0.258
 0.258
 0.258
 0.258
 0.258
 0.258
 0.258
 0.258
 0.258
 0.292
 0.211
 0.258
 0.258
 0.258
 0.258
 0.258
 0.258
 0.258
 0.258
 0.258
 0.258
 0.220
 0.118
 0.223
 0.258
 0.258
 0.258
 0.305
 0.284
 0.335
 0.258
 0.258
 0.258
 0.258
 0.258
 0.281
 0.258
 0.258
 0.258
 0.258
 0.175
 0.254
 0.258
 0.258
 0.258
 0.258
 0.258
 0.258
 0.258
 0.349
 0.258
 0.258
 0.258
 0.258
 0.258
 0.258
 0.258
 0.268
 0.258
 0.258
 0.258
 0.240
 0.258
 0.258
 0.258
 0.258
 0.258
 0.258
 0.258
 0.258
 0.223
 0.258
 0.258
 0.317
 0.290
 0.215
 0.313
 0.258
 0.150
 0.258
 0.258
 0.258
 0.290
 0.229
 0.266
 0.296
 0.258
 0.258
 0.258
 0.400
 0.085
 0.206
 0.393
 0.258
 0.258
 0.258
 0.258
 0.258
 0.258
 0.258
 0.124
 0.258
 0.258
 0.171
 0.258
 0.258
 0.258
 0.258
 0.167
 0.258
 0.258
 0.258
 0.258
 0.258
 0.258
 0.258
 0.258
 0.258
 0.258
 0.258
 0.258
 0.258
 0.294
 0.258
 0.258
 0.258
 0.258
 0.149
 0.354
 0.258
 0.258
 0.258
 0.258
 0.258
 0.258
 0.261
 0.258
 0.258
 0.258
 0.258
 0.258
 0.224
 0.258
 0.083
 0.134
 0.293
 0.258
 0.258
 0.258
 0.121
 0.337
 0.260
 0.258
 0.258
 0.258
 0.258
 0.261
 0.258
 0.258
 0.324
 0.165
 0.192
 0.258
 0.258
 0.258
 0.258
 0.258
 0.258
 0.258
 0.258
 0.225
 0.258
 0.258
 0.258
 0.258
 0.258
 0.298
 0.258
 0.258
 0.258
 0.295
 0.258
 0.249
 0.258
 0.237
 0.258
 0.258
 0.170
 0.258
 0.237
 0.258
 0.258
 0.196
 0.236
 0.258
 0.201
 0.258
 0.258
 0.258
 0.258
 0.258
 0.258
 0.219
 0.258
 0.258
 0.258
 0.258
 0.258
 0.258
 0.258
 0.258
 0.285
 0.258
 0.258
 0.258
 0.258
 0.258
 0.258
 0.258
 0.258
 0.258
 0.258
 0.324
 0.206
 0.149
 0.214
 0.258
 0.258
 0.258
 0.214
 0.258
 0.258
 0.258
 0.258
 0.271
 0.258
 0.258
 0.258
 0.258
 0.248
 0.258
 0.379
 0.258
 0.375
 0.246
 0.223
 0.306
 0.258
 0.258
 0.258
 0.258
 0.258
 0.287
 0.258
 0.258
 0.258
 0.258
 0.258
 0.258
 0.223
 0.258
 0.258
 0.279
 0.258
 0.258
 0.258
 0.286
 0.258
 0.258
 0.258
 0.260
 0.258
 0.345
 0.258
 0.258
 0.258
 0.320
 0.258
 0.266
 0.297
 0.258
 0.258
 0.211
 0.300
 0.258
 0.258
 0.258
 0.258
 0.258
 0.258
 0.318
 0.258
 0.258
 0.258
 0.258
 0.187
 0.178
 0.293
 0.234
 0.179
 0.258
 0.247
 0.255
 0.258
 0.258
 0.291
 0.290
 0.213
 0.258
 0.232
 0.258
 0.241
 0.258
 0.275
 0.258
 0.258
 0.105
 0.258
 0.258
 0.233
 0.258
 0.258
 0.258
 0.258
 0.318
 0.236
 0.316
 0.258
 0.258
 0.258
 0.333
 0.388
 0.258
 0.258
 0.258
 0.258
 0.258
 0.258
 0.258
 0.258
 0.320
 0.182
 0.290
 0.258
 0.258
 0.350
 0.258
 0.258
 0.202
 0.258
 0.258
 0.258
 0.312
 0.258
 0.258
 0.258
 0.258
 0.258
 0.258
 0.258
 0.258
 0.258
 0.121
 0.258
 0.258
 0.258
 0.302
 0.258
 0.258
 0.258
 0.258
 0.235
 0.258
 0.258
 0.249
 0.258
 0.261
 0.258
 0.258
 0.258
 0.258
 0.258
 0.258
 0.258
 0.258
 0.258
 0.248
 0.258
 0.258
 0.258
 0.258
 0.258
 0.258
 0.245
 0.258
 0.258
 0.258
 0.258
 0.258
 0.258
 0.258
 0.368
 0.250
 0.258
 0.190
 0.258
 0.258
 0.258
 0.258
 0.258
 0.258
 0.258
 0.258
 0.258
 0.258
 0.258
 0.258
 0.350
 0.256
 0.264
 0.258
 0.258
 0.205
 0.258
 0.210
 0.258
 0.361
 0.258
 0.258
 0.258
 0.258
 0.288
 0.258
 0.258
 0.258
 0.258
 0.297
 0.258
 0.258
 0.220
 0.272
 0.078
 0.229
 0.258
 0.258
 0.258
 0.375
 0.258
 0.185
 0.258
 0.289
 0.236
 0.258
 0.258
 0.258
 0.267
 0.258
 0.258
 0.258
 0.258
 0.266
 0.258
 0.247
 0.214
 0.193
 0.258
 0.258
 0.258
 0.258
 0.153
 0.258
 0.258
 0.209
 0.258
 0.258
 0.325
 0.258
 0.258
 0.258
 0.258
 0.258
 0.258
 0.258
 0.313
 0.054
 0.258
 0.312
 0.258
 0.258
 0.258
 0.361
 0.258
 0.258
 0.258
 0.258
 0.258
 0.305
 0.258
 0.258
 0.258
 0.258
 0.258
 0.089
 0.258
 0.258
 0.188
 0.258
 0.258
 0.258
 0.258
 0.258
 0.258
 0.258
 0.258
 0.258
 0.258
 0.212
 0.258
 0.266
 0.326
 0.258
 0.258
 0.258
 0.255
 0.246
 0.258
 0.258
 0.258
 0.258
 0.258
 0.281
 0.258
 0.190
 0.182
 0.258
 0.258
 0.258
 0.251
 0.258
 0.258
 0.258
 0.311
 0.327
 0.258
 0.090
 0.258
 0.068
 0.258
 0.258
 0.258
 0.381
 0.067
 0.258
 0.260
 0.279
 0.258
 0.258
 0.258
 0.258
 0.258
 0.314
 0.258
 0.258
 0.258
 0.258
 0.258
 0.258
 0.258
 0.258
 0.238
 0.335
 0.076
 0.258
 0.258
 0.258
 0.258
 0.274
 0.216
 0.357
 0.258
 0.320
 0.258
 0.258
 0.258
 0.258
 0.150
 0.258
 0.326
 0.258
 0.258
 0.258
 0.258
 0.258
 0.258
 0.258
 0.258
 0.258
 0.286
 0.300
 0.258
 0.258
 0.258
 0.258
 0.258
 0.258
 0.258
 0.139
 0.057
 0.336
 0.258
 0.258
 0.269
 0.258
 0.320
 0.258
 0.258
 0.258
 0.258
 0.258
 0.258
 0.258
 0.258
 0.258
 0.363
 0.228
 0.258
 0.258
 0.258
 0.258
 0.258
 0.258
 0.258
 0.258
 0.258
 0.258
 0.293
 0.258
 0.258
 0.258
 0.258
 0.258
 0.250
 0.258
 0.258
 0.275
 0.084
 0.258
 0.258
 0.258
 0.258
 0.190
 0.222
 0.108
 0.303
 0.258
 0.258
 0.258
 0.274
 0.258
 0.373
 0.258
 0.258
 0.258
 0.258
 0.258
 0.258
 0.345
 0.258
 0.258
 0.258
 0.258
 0.258
 0.258
 0.258
 0.258
 0.338
 0.220
 0.357
 0.258
 0.258
 0.300
 0.258
 0.258
 0.258
 0.315
 0.316
 0.258
 0.258
 0.258
 0.258
 0.147
 0.258
 0.258
 0.258
 0.258
 0.258
 0.258
 0.258
 0.258
 0.289
 0.258
 0.255
 0.258
 0.258
 0.263
 0.258
 0.258
 0.309
 0.343
 0.315
 0.258
 0.310
 0.258
 0.258
 0.219
 0.258
 0.258
 0.258
 0.258
 0.170
 0.258
 0.258
 0.217
 0.258
 0.279
 0.143
 0.258
 0.258
 0.257
 0.258
 0.258
 0.258
 0.258
 0.258
 0.210
 0.157
 0.258
 0.258
 0.258
 0.258
 0.291
 0.258
 0.258
 0.258
 0.200
 0.258
 0.257
 0.258
 0.258
 0.258
 0.258
 0.258
 0.190
 0.395
 0.258
 0.258
 0.258
 0.271
 0.258
 0.258
 0.258
 0.258
 0.258
 0.258
 0.258
 0.258
 0.211
 0.258
 0.203
 0.258
 0.136
 0.258
 0.258
 0.258
 0.258
 0.236
 0.258
 0.258
 0.211
 0.258
 0.258
 0.258
 0.258
 0.188
 0.258
 0.357
 0.258
 0.335
 0.258
 0.258
 0.272
 0.258
 0.258
 0.258
 0.258
 0.258
 0.258
 0.258
 0.258
 0.323
 0.226
 0.258
 0.258
 0.258
 0.380
 0.258
 0.279
 0.258
 0.258
 0.258
 0.258
 0.227
 0.258
 0.083
 0.258
 0.258
 0.258
 0.143
 0.258
 0.258
 0.240
 0.258
 0.258
 0.258
 0.258
 0.258
 0.258
 0.210
 0.258
 0.258
 0.258
 0.258
 0.325
 0.258
 0.258
 0.258
 0.258
 0.258
 0.258
 0.214
 0.258
 0.258
 0.226
 0.332
 0.258
 0.258
 0.265
 0.258
 0.258
 0.258
 0.258
 0.367
 0.258
 0.319
 0.258
 0.258
 0.258
 0.258
 0.258
 0.258
 0.258
 0.109
 0.258
 0.258
 0.197
 0.258
 0.258
 0.258
 0.258
 0.258
 0.258
 0.258
 0.258
 0.258
 0.258
 0.258
 0.258
 0.258
 0.258
 0.161
 0.147
 0.258
 0.306
 0.258
 0.258
 0.258
 0.258
 0.258
 0.258
 0.173
 0.258
 0.258
 0.246
 0.258
 0.258
 0.258
 0.258
 0.258
 0.258
 0.258
 0.258
 0.258
 0.215
 0.258
 0.258
 0.258
 0.258
 0.258
 0.258
 0.258
 0.258
 0.258
 0.271
 0.310
 0.258
 0.321
 0.258
 0.165
 0.258
 0.381
 0.263
 0.228
 0.258
 0.258
 0.149
 0.255
 0.258
 0.258
 0.253
 0.195
 0.344
 0.258
 0.258
 0.258
 0.258
 0.258
 0.258
 0.236
 0.258
 0.258
 0.258
 0.258
 0.258
 0.258
 0.212
 0.258
 0.258
 0.391
 0.258
 0.258
 0.258
 0.258
 0.258
 0.258
 0.314
 0.258
 0.258
 0.258
 0.258
 0.258
 0.258
 0.258
 0.230
 0.079
 0.258
 0.258
 0.258
 0.258
 0.258
 0.318
 0.258
 0.258
 0.258
 0.368
 0.258
 0.258
 0.258
 0.258
 0.258
 0.140
 0.295
 0.258
 0.275
 0.258
 0.258
 0.258
 0.218
 0.284
 0.258
 0.258
 0.258
 0.181
 0.258
 0.258
 0.139
 0.364
 0.258
 0.213
 0.258
 0.258
 0.258
 0.258
 0.258
 0.258
 0.294
 0.258
 0.258
 0.258
 0.210
 0.258
 0.258
 0.258
 0.258
 0.258
 0.169
 0.258
 0.258
 0.189
 0.258
 0.258
 0.247
 0.258
 0.248
 0.258
 0.258
 0.258
 0.258
 0.258
 0.258
 0.258
 0.258
 0.258
 0.258
 0.258
 0.258
 0.258
 0.258
 0.355
 0.258
 0.267
 0.258
 0.258
 0.258
 0.258
 0.258
 0.258
 0.258
 0.258
 0.258
 0.258
 0.258
 0.258
 0.258
 0.258
 0.258
 0.258
 0.333
 0.258
 0.305
 0.258
 0.390
 0.258
 0.258
 0.258
 0.258
 0.153
 0.308
 0.258
 0.258
 0.258
 0.258
 0.258
 0.157
 0.258
 0.258
 0.258
 0.235
 0.129
 0.081
 0.197
 0.258
 0.258
 0.258
 0.258
 0.258
 0.258
 0.345
 0.258
 0.346
 0.258
 0.258
 0.258
 0.258
 0.312
 0.258
 0.194
 0.188
 0.258
 0.258
 0.258
 0.259
 0.258
 0.258
 0.250
 0.258
 0.258
 0.260
 0.383
 0.258
 0.258
 0.258
 0.258
 0.169
 0.273
 0.258
 0.232
 0.113
 0.258
 0.252
 0.289
 0.258
 0.258
 0.241
 0.258
 0.231
 0.258
 0.212
 0.258
 0.258
 0.141
 0.250
 0.258
 0.400
 0.374
 0.258
 0.258
 0.258
 0.258
 0.258
 0.166
 0.258
 0.258
 0.258
 0.258
 0.258
 0.258
 0.258
 0.258
 0.246
 0.258
 0.149
 0.258
 0.368
 0.258
 0.258
 0.258
 0.258
 0.128
 0.258
 0.258
 0.258
 0.258
 0.318
 0.258
 0.258
 0.258
 0.258
 0.201
 0.336
 0.258
 0.258
 0.258
 0.258
 0.258
 0.258
 0.326
 0.287
 0.208
 0.258
 0.258
 0.258
 0.258
 0.238
 0.258
 0.124
 0.084
 0.145
 0.258
 0.258
 0.258
 0.316
 0.258
 0.258
 0.232
 0.258
 0.258
 0.249
 0.299
 0.157
 0.076
 0.248
 0.258
 0.258
 0.292
 0.258
 0.292
 0.258
 0.258
 0.258
 0.258
 0.320
 0.258
 0.258
 0.312
 0.369
 0.258
 0.335
 0.258
 0.258
 0.309
 0.278
 0.258
 0.357
 0.258
 0.258
 0.285
 0.258
 0.258
 0.258
 0.258
 0.258
 0.280
 0.353
 0.191
 0.206
 0.258
 0.258
 0.258
 0.258
 0.258
 0.258
 0.258
 0.258
 0.258
 0.258
 0.258
 0.258
 0.258
 0.258
 0.258
 0.258
 0.336
 0.258
 0.310
 0.258
 0.258
 0.229
 0.258
 0.258
 0.258
 0.277
 0.258
 0.258
 0.258
 0.206
 0.272
 0.317
 0.221
 0.258
 0.258
 0.258
 0.258
 0.258
 0.258
 0.258
 0.278
 0.258
 0.258
 0.163
 0.258
 0.258
 0.258
 0.144
 0.258
 0.217
 0.258
 0.258
 0.258
 0.258
 0.258
 0.258
 0.258
 0.258
 0.258
 0.258
 0.258
 0.258
 0.258
 0.097
 0.258
 0.150
 0.258
 0.258
 0.258
 0.258
 0.246
 0.258
 0.258
 0.258
 0.195
 0.258
 0.293
 0.258
 0.258
 0.258
 0.236
 0.258
 0.275
 0.258
 0.184
 0.258
 0.258
 0.216
 0.258
 0.222
 0.258
 0.258
 0.258
 0.258
 0.258
 0.274
 0.258
 0.333
 0.143
 0.254
 0.266
 0.258
 0.258
 0.258
 0.258
 0.258
 0.104
 0.258
 0.371
 0.258
 0.258
 0.258
 0.258
 0.360
 0.258
 0.258
 0.247
 0.258
 0.258
 0.258
 0.258
 0.258
 0.258
 0.258
 0.185
 0.258
 0.322
 0.258
 0.258
 0.258
 0.282
 0.258
 0.258
 0.258
 0.258
 0.258
 0.258
 0.258
 0.258
 0.258
 0.258
 0.258
 0.258
 0.363
 0.258
 0.258
 0.258
 0.235
 0.258
 0.258
 0.258
 0.258
 0.258
 0.258
 0.258
 0.258
 0.258
 0.286
 0.258
 0.258
 0.191
 0.258
 0.258
 0.258
 0.258
 0.258
 0.258
 0.372
 0.258
 0.263
 0.258
 0.260
 0.091
 0.258
 0.258
 0.258
 0.271
 0.258
 0.258
 0.239
 0.383
 0.258
 0.258
 0.258
 0.246
 0.258
 0.258
 0.258
 0.258
 0.172
 0.226
 0.258
 0.258
 0.258
 0.258
 0.258
 0.258
 0.258
 0.258
 0.258
 0.258
 0.258
 0.258
 0.327
 0.258
 0.172
 0.258
 0.294
 0.258
 0.258
 0.258
 0.258
 0.258
 0.301
 0.258
 0.320
 0.227
 0.258
 0.258
 0.258
 0.258
 0.258
 0.234
 0.258
 0.258
 0.258
 0.258
 0.258
 0.321
 0.273
 0.300
 0.160
 0.258
 0.279
 0.258
 0.258
 0.253
 0.366
 0.258
 0.258
 0.257
 0.258
 0.258
 0.258
 0.258
 0.258
 0.247
 0.258
 0.258
 0.258
 0.258
 0.258
 0.258
 0.258
 0.258
 0.258
 0.258
 0.258
 0.258
 0.258
 0.258
 0.258
 0.258
 0.258
 0.252
 0.258
 0.258
 0.170
 0.166
 0.258
 0.258
 0.258
 0.258
 0.258
 0.347
 0.146
 0.258
 0.059
 0.326
 0.325
 0.258
 0.258
 0.258
 0.177
 0.258
 0.258
 0.239
 0.258
 0.258
 0.186
 0.258
 0.346
 0.258
 0.258
 0.238
 0.258
 0.258
 0.258
 0.314
 0.374
 0.169
 0.258
 0.258
 0.258
 0.258
 0.258
 0.258
 0.258
 0.258
 0.243
 0.258
 0.258
 0.257
 0.258
 0.258
 0.258
 0.258
 0.258
 0.279
 0.231
 0.258
 0.258
 0.258
 0.258
 0.285
 0.258
 0.258
 0.322
 0.258
 0.258
 0.258
 0.258
 0.258
 0.258
 0.258
 0.258
 0.258
 0.315
 0.258
 0.258
 0.398
 0.240
 0.258
 0.246
 0.294
 0.186
 0.258
 0.357
 0.258
 0.258
 0.258
 0.258
 0.258
 0.296
 0.258
 0.258
 0.258
 0.258
 0.291
 0.258
 0.256
 0.258
 0.258
 0.280
 0.258
 0.258
 0.258
 0.231
 0.258
 0.258
 0.258
 0.359
 0.258
 0.301
 0.258
 0.258
 0.108
 0.258
 0.258
 0.216
 0.241
 0.258
 0.258
 0.258
 0.258
 0.258
 0.258
 0.335
 0.276
 0.276
 0.258
 0.258
 0.333
 0.203
 0.258
 0.258
 0.379
 0.258
 0.258
 0.258
 0.258
 0.258
 0.258
 0.258
 0.258
 0.258
 0.258
 0.258
 0.258
 0.258
 0.258
 0.206
 0.235
 0.258
 0.258
 0.194
 0.252
 0.258
 0.258
 0.258
 0.258
 0.258
 0.258
 0.258
 0.258
 0.258
 0.258
 0.258
 0.244
 0.258
 0.258
 0.258
 0.258
 0.307
 0.258
 0.258
 0.167
 0.263
 0.184
 0.245
 0.258
 0.258
 0.258
 0.258
 0.258
 0.258
 0.281
 0.258
 0.214
 0.258
 0.258
 0.208
 0.207
 0.258
 0.258
 0.258
 0.258
 0.258
 0.258
 0.258
 0.258
 0.258
 0.258
 0.369
 0.305
 0.258
 0.291
 0.258
 0.258
 0.258
 0.258
 0.347
 0.258
 0.258
 0.258
 0.258
 0.258
 0.258
 0.258
 0.081
 0.258
 0.258
 0.258
 0.258
 0.258
 0.258
 0.258
 0.100
 0.258
 0.258
 0.258
 0.258
 0.332
 0.259
 0.258
 0.258
 0.258
 0.258
 0.258
 0.258
 0.321
 0.197
 0.255
 0.258
 0.282
 0.258
 0.288
 0.258
 0.258
 0.258
 0.297
 0.258
 0.258
 0.232
 0.258
 0.333
 0.179
 0.258
 0.258
 0.258
 0.258
 0.258
 0.258
 0.258
 0.258
 0.258
 0.231
 0.258
 0.258
 0.212
 0.276
 0.258
 0.341
 0.258
 0.258
 0.258
 0.317
 0.258
 0.258
 0.250
 0.335
 0.052
 0.258
 0.258
 0.258
 0.258
 0.211
 0.258
 0.258
 0.258
 0.258
 0.271
 0.258
 0.258
 0.258
 0.258
 0.258
 0.285
 0.371
 0.336
 0.258
 0.258
 0.134
 0.258
 0.258
 0.258
 0.258
 0.296
 0.258
 0.258
 0.258
 0.258
 0.258
 0.258
 0.258
 0.258
 0.258
 0.258
 0.227
 0.233
 0.258
 0.271
 0.258
 0.255
 0.256
 0.258
 0.258
 0.212
 0.264
 0.253
 0.258
 0.258
 0.258
 0.258
 0.258
 0.258
 0.258
 0.306
 0.317
 0.258
 0.365
 0.258
 0.258
 0.258
 0.364
 0.258
 0.258
 0.258
 0.258
 0.199
 0.258
 0.258
 0.197
 0.258
 0.258
 0.258
 0.319
 0.258
 0.258
 0.258
 0.288
 0.258
 0.266
 0.258
 0.258
 0.258
 0.258
 0.258
 0.258
 0.258
 0.258
 0.258
 0.261
 0.080
 0.258
 0.315
 0.258
 0.258
 0.282
 0.258
 0.258
 0.258
 0.258
 0.258
 0.258
 0.262
 0.232
 0.258
 0.250
 0.258
 0.258
 0.283
 0.310
 0.290
 0.258
 0.263
 0.258
 0.258
 0.120
 0.344
 0.258
 0.258
 0.258
 0.265
 0.258
 0.258
 0.258
 0.089
 0.258
 0.097
 0.258
 0.258
 0.253
 0.258
 0.258
 0.253
 0.400
 0.258
 0.258
 0.186
 0.290
 0.173
 0.258
 0.231
 0.258
 0.286
 0.210
 0.287
 0.258
 0.279
 0.258
 0.186
 0.258
 0.258
 0.178
 0.258
 0.303
 0.269
 0.258
 0.258
 0.258
 0.258
 0.258
 0.258
 0.215
 0.258
 0.297
 0.258
 0.258
 0.258
 0.258
 0.258
 0.258
 0.258
 0.099
 0.258
 0.328
 0.258
 0.258
 0.258
 0.269
 0.258
 0.258
 0.258
 0.258
 0.333
 0.258
 0.258
 0.258
 0.258
 0.334
 0.258
 0.258
 0.390
 0.258
 0.258
 0.258
 0.258
 0.258
 0.258
 0.234
 0.230
 0.208
 0.258
 0.229
 0.345
 0.258
 0.258
 0.258
 0.258
 0.258
 0.258
 0.258
 0.258
 0.376
 0.258
 0.258
 0.301
 0.258
 0.258
 0.258
 0.258
 0.258
 0.180
 0.258
 0.258
 0.258
 0.258
 0.258
 0.258
 0.258
 0.214
 0.258
 0.258
 0.258
 0.258
 0.258
 0.258
 0.258
 0.265
 0.258
 0.258
 0.258
 0.176
 0.090
 0.258
 0.258
 0.258
 0.207
 0.199
 0.157
 0.258
 0.258
 0.258
 0.258
 0.258
 0.258
 0.258
 0.258
 0.258
 0.258
 0.258
 0.258
 0.258
 0.258
 0.258
 0.258
 0.258
 0.258
 0.193
 0.258
 0.258
 0.258
 0.258
 0.258
 0.258
 0.224
 0.258
 0.258
 0.258
 0.258
 0.258
 0.258
 0.299
 0.258
 0.258
 0.394
 0.161
 0.256
 0.302
 0.258
 0.258
 0.258
 0.250
 0.258
 0.283
 0.186
 0.258
 0.258
 0.258
 0.332
 0.258
 0.287
 0.258
 0.258
 0.258
 0.258
 0.258
 0.258
 0.252
 0.258
 0.258
 0.258
 0.241
 0.305
 0.258
 0.309
 0.258
 0.258
 0.258
 0.258
 0.258
 0.373
 0.258
 0.258
 0.258
 0.258
 0.258
 0.258
 0.258
 0.258
 0.335
 0.258
 0.258
 0.258
 0.258
 0.258
 0.258
 0.258
 0.192
 0.258
 0.258
 0.315
 0.258
 0.211
 0.289
 0.258
 0.258
 0.258
 0.258
 0.258
 0.258
 0.179
 0.205
 0.258
 0.248
 0.258
 0.258
 0.258
 0.258
 0.258
 0.297
 0.248
 0.213
 0.258
 0.258
 0.258
 0.258
 0.266
 0.287
 0.258
 0.258
 0.258
 0.258
 0.335
 0.226
 0.309
 0.258
 0.262
 0.258
 0.236
 0.326
 0.386
 0.210
 0.258
 0.258
 0.258
 0.258
 0.289
 0.258
 0.269
 0.258
 0.258
 0.258
 0.258
 0.369
 0.227
 0.344
 0.278
 0.258
 0.258
 0.258
 0.266
 0.258
 0.258
 0.118
 0.258
 0.258
 0.258
 0.258
 0.264
 0.258
 0.196
 0.258
 0.258
 0.258
 0.258
 0.314
 0.258
 0.258
 0.258
 0.202
 0.258
 0.258
 0.258
 0.245
 0.258
 0.075
 0.258
 0.258
 0.227
 0.258
 0.258
 0.258
 0.281
 0.258
 0.258
 0.258
 0.258
 0.258
 0.258
 0.258
 0.259
 0.258
 0.258
 0.258
 0.258
 0.258
 0.296
 0.258
 0.312
 0.258
 0.258
 0.258
 0.258
 0.258
 0.258
 0.258
 0.258
 0.258
 0.258
 0.258
 0.258
 0.258
 0.258
 0.258
 0.258
 0.258
 0.258
 0.258
 0.258
 0.258
 0.258
 0.258
 0.258
 0.258
 0.258
 0.258
 0.277
 0.258
 0.258
 0.258
 0.258
 0.258
 0.258
 0.257
 0.258
 0.258
 0.258
 0.258
 0.258
 0.258
 0.323
 0.368
 0.189
 0.347
 0.258
 0.258
 0.253
 0.258
 0.258
 0.258
 0.258
 0.258
 0.258
 0.258
 0.258
 0.258
 0.258
 0.340
 0.324
 0.258
 0.258
 0.278
 0.258
 0.258
 0.258
 0.258
 0.258
 0.258
 0.398
 0.291
 0.258
 0.304
 0.242
 0.258
 0.258
 0.258
 0.258
 0.258
 0.258
 0.258
 0.258
 0.258
 0.258
 0.258
 0.258
 0.258
 0.258
 0.258
 0.258
 0.258
 0.258
 0.258
 0.258
 0.258
 0.258
 0.129
 0.258
 0.258
 0.258
 0.258
 0.258
 0.061
 0.258
 0.330
 0.258
 0.230
 0.253
 0.258
 0.258
 0.236
 0.258
 0.274
 0.258
 0.246
 0.258
 0.258
 0.258
 0.258
 0.258
 0.258
 0.275
 0.082
 0.258
 0.258
 0.258
 0.258
 0.258
 0.258
 0.258
 0.249
 0.258
 0.258
 0.288
 0.258
 0.166
 0.258
 0.258
 0.258
 0.269
 0.258
 0.248
 0.287
 0.258
 0.258
 0.258
 0.258
 0.258
 0.258
 0.126
 0.258
 0.258
 0.258
 0.258
 0.258
 0.386
 0.258
 0.261
 0.258
 0.261
 0.101
 0.148
 0.258
 0.214
 0.065
 0.258
 0.258
 0.155
 0.320
 0.258
 0.258
 0.230
 0.258
 0.258
 0.231
 0.116
 0.235
 0.258
 0.258
 0.162
 0.068
 0.258
 0.258
 0.258
 0.258
 0.324
 0.269
 0.258
 0.258
 0.258
 0.258
 0.258
 0.258
 0.258
 0.258
 0.258
 0.258
 0.258
 0.326
 0.251
 0.258
 0.258
 0.258
 0.258
 0.258
 0.258
 0.258
 0.258
 0.258
 0.320
 0.050
 0.258
 0.258
 0.258
 0.258
 0.258
 0.258
 0.258
 0.197
 0.258
 0.298
 0.226
 0.258
 0.371
 0.258
 0.258
 0.208
 0.258
 0.258
 0.258
 0.258
 0.229
 0.210
 0.258
 0.258
 0.258
 0.258
 0.197
 0.258
 0.258
 0.313
 0.258
 0.364
 0.203
 0.258
 0.240
 0.258
 0.258
 0.342
 0.258
 0.258
 0.258
 0.258
 0.258
 0.119
 0.258
 0.258
 0.074
 0.380
 0.258
 0.258
 0.258
 0.320
 0.258
 0.258
 0.258
 0.258
 0.309
 0.258
 0.258
 0.296
 0.258
 0.243
 0.271
 0.258
 0.258
 0.258
 0.258
 0.258
 0.258
 0.287
 0.258
 0.258
 0.258
 0.258
 0.258
 0.258
 0.258
 0.258
 0.258
 0.352
 0.258
 0.258
 0.291
 0.269
 0.211
 0.192
 0.258
 0.258
 0.258
 0.296
 0.337
 0.258
 0.258
 0.258
 0.258
 0.258
 0.258
 0.207
 0.258
 0.197
 0.258
 0.258
 0.248
 0.398
 0.251
 0.258
 0.185
 0.265
 0.258
 0.258
 0.258
 0.258
 0.258
 0.258
 0.258
 0.258
 0.258
 0.258
 0.258
 0.177
 0.258
 0.338
 0.258
 0.273
 0.236
 0.285
 0.258
 0.258
 0.258
 0.238
 0.258
 0.258
 0.320
 0.258
 0.258
 0.258
 0.258
 0.258
 0.258
 0.258
 0.332
 0.258
 0.258
 0.258
 0.258
 0.258
 0.258
 0.258
 0.258
 0.265
 0.258
 0.213
 0.258
 0.216
 0.258
 0.248
 0.273
 0.258
 0.258
 0.258
 0.241
 0.258
 0.258
 0.258
 0.258
 0.155
 0.258
 0.258
 0.258
 0.258
 0.215
 0.258
 0.258
 0.258
 0.258
 0.258
 0.258
 0.258
 0.258
 0.258
 0.185
 0.294
 0.258
 0.258
 0.258
 0.258
 0.258
 0.258
 0.258
 0.258
 0.258
 0.258
 0.258
 0.258
 0.331
 0.258
 0.258
 0.258
 0.258
 0.258
 0.258
 0.258
 0.100
 0.258
 0.258
 0.253
 0.117
 0.258
 0.258
 0.275
 0.241
 0.317
 0.378
 0.258
 0.258
 0.258
 0.331
 0.258
 0.258
 0.258
 0.390
 0.258
 0.258
 0.258
 0.234
 0.258
 0.258
 0.277
 0.258
 0.258
 0.258
 0.258
 0.291
 0.258
 0.258
 0.258
 0.258
 0.319
 0.258
 0.258
 0.258
 0.258
 0.258
 0.365
 0.228
 0.299
 0.288
 0.258
 0.258
 0.258
 0.258
 0.258
 0.258
 0.258
 0.258
 0.243
 0.258
 0.258
 0.253
 0.199
 0.258
 0.258
 0.157
 0.202
 0.258
 0.258
 0.229
 0.258
 0.258
 0.258
 0.257
 0.258
 0.258
 0.258
 0.258
 0.258
 0.258
 0.258
 0.258
 0.310
 0.278
 0.281
 0.258
 0.258
 0.258
 0.314
 0.258
 0.258
 0.255
 0.258
 0.258
 0.250
 0.258
 0.258
 0.258
 0.172
 0.258
 0.258
 0.258
 0.258
 0.258
 0.193
 0.364
 0.245
 0.258
 0.258
 0.258
 0.238
 0.258
 0.258
 0.258
 0.258
 0.258
 0.258
 0.399
 0.139
 0.258
 0.400
 0.258
 0.258
 0.207
 0.134
 0.258
 0.258
 0.258
 0.248
 0.266
 0.258
 0.279
 0.258
 0.258
 0.258
 0.258
 0.258
 0.258
 0.258
 0.258
 0.258
 0.258
 0.258
 0.258
 0.258
 0.258
 0.258
 0.258
 0.258
 0.258
 0.258
 0.258
 0.258
 0.258
 0.258
 0.300
 0.298
 0.255
 0.348
 0.258
 0.258
 0.258
 0.230
 0.258
 0.258
 0.258
 0.258
 0.258
 0.258
 0.342
 0.258
 0.345
 0.258
 0.258
 0.258
 0.309
 0.295
 0.258
 0.258
 0.306
 0.252
 0.258
 0.258
 0.258
 0.207
 0.316
 0.236
 0.258
 0.258
 0.310
 0.298
 0.258
 0.258
 0.258
 0.258
 0.337
 0.258
 0.258
 0.258
 0.258
 0.258
 0.258
 0.258
 0.258
 0.142
 0.258
 0.258
 0.268
 0.258
 0.258
 0.258
 0.258
 0.258
 0.258
 0.258
 0.258
 0.258
 0.258
 0.105
 0.258
 0.269
 0.258
 0.258
 0.258
 0.258
 0.258
 0.313
 0.288
 0.258
 0.258
 0.258
 0.258
 0.258
 0.258
 0.258
 0.258
 0.258
 0.258
 0.258
 0.181
 0.258
 0.258
 0.258
 0.258
 0.258
 0.258
 0.258
 0.337
 0.258
 0.258
 0.304
 0.258
 0.218
 0.258
 0.390
 0.258
 0.256
 0.258
 0.279
 0.258
 0.258
 0.258
 0.258
 0.258
 0.258
 0.258
 0.258
 0.258
 0.258
 0.258
 0.258
 0.258
 0.258
 0.193
 0.278
 0.215
 0.258
 0.258
 0.258
 0.258
 0.258
 0.206
 0.360
 0.250
 0.258
 0.258
 0.258
 0.273
 0.258
 0.258
 0.338
 0.258
 0.258
 0.251
 0.339
 0.186
 0.258
 0.313
 0.258
 0.258
 0.258
 0.258
 0.258
 0.258
 0.258
 0.298
 0.270
 0.258
 0.349
 0.258
 0.258
 0.265
 0.258
 0.180
 0.258
 0.295
 0.258
 0.258
 0.258
 0.146
 0.301
 0.258
 0.243
 0.258
 0.258
 0.256
 0.258
 0.258
 0.274
 0.258
 0.258
 0.214
 0.258
 0.258
 0.078
 0.258
 0.258
 0.232
 0.258
 0.258
 0.258
 0.291
 0.322
 0.258
 0.258
 0.258
 0.132
 0.267
 0.300
 0.258
 0.258
 0.258
 0.258
 0.289
 0.258
 0.258
 0.258
 0.258
 0.258
 0.258
 0.258
 0.356
 0.258
 0.080
 0.335
 0.258
 0.258
 0.258
 0.258
 0.292
 0.258
 0.258
 0.258
 0.258
 0.258
 0.258
 0.258
 0.258
 0.299
 0.258
 0.258
 0.258
 0.258
 0.263
 0.258
 0.258
 0.288
 0.258
 0.258
 0.258
 0.258
 0.258
 0.341
 0.258
 0.258
 0.322
 0.285
 0.269
 0.258
 0.258
 0.258
 0.258
 0.258
 0.258
 0.247
 0.258
 0.258
 0.258
 0.258
 0.258
 0.258
 0.172
 0.258
 0.258
 0.185
 0.258
 0.258
 0.258
 0.363
 0.208
 0.258
 0.294
 0.327
 0.366
 0.258
 0.338
 0.258
 0.163
 0.258
 0.204
 0.258
 0.258
 0.258
 0.258
 0.258
 0.258
 0.258
 0.291
 0.258
 0.258
 0.219
 0.228
 0.272
 0.258
 0.258
 0.258
 0.258
 0.167
 0.258
 0.170
 0.100
 0.258
 0.258
 0.258
 0.258
 0.258
 0.258
 0.265
 0.258
 0.280
 0.258
 0.126
 0.258
 0.260
 0.258
 0.258
 0.258
 0.387
 0.258
 0.258
 0.258
 0.258
 0.258
 0.258
 0.264
 0.258
 0.258
 0.198
 0.178
 0.258
 0.258
 0.191
 0.258
 0.295
 0.258
 0.205
 0.258
 0.258
 0.258
 0.300
 0.258
 0.258
 0.258
 0.271
 0.296
 0.280
 0.258
 0.258
 0.258
 0.258
 0.258
 0.258
 0.258
 0.258
 0.258
 0.258
 0.241
 0.258
 0.070
 0.258
 0.258
 0.258
 0.258
 0.258
 0.200
 0.051
 0.318
 0.258
 0.258
 0.258
 0.258
 0.258
 0.258
 0.258
 0.258
 0.306
 0.239
 0.258
 0.258
 0.258
 0.278
 0.258
 0.191
 0.180
 0.362
 0.258
 0.258
 0.202
 0.258
 0.258
 0.173
 0.223
 0.258
 0.351
 0.258
 0.258
 0.258
 0.258
 0.258
 0.258
 0.258
 0.142
 0.258
 0.250
 0.258
 0.258
 0.258
 0.249
 0.258
 0.258
 0.258
 0.209
 0.275
 0.293
 0.258
 0.258
 0.227
 0.258
 0.258
 0.258
 0.251
 0.258
 0.191
 0.258
 0.258
 0.258
 0.275
 0.349
 0.258
 0.052
 0.258
 0.258
 0.130
 0.258
 0.258
 0.258
 0.258
 0.258
 0.258
 0.160
 0.258
 0.258
 0.258
 0.258
 0.258
 0.258
 0.258
 0.258
 0.258
 0.296
 0.208
 0.258
 0.258
 0.258
 0.258
 0.258
 0.157
 0.258
 0.258
 0.258
 0.258
 0.258
 0.258
 0.258
 0.258
 0.273
 0.258
 0.281
 0.258
 0.343
 0.258
 0.258
 0.258
 0.258
 0.258
 0.258
 0.258
 0.258
 0.258
 0.258
 0.234
 0.296
 0.239
 0.258
 0.301
 0.258
 0.258
 0.219
 0.185
 0.328
 0.258
 0.258
 0.258
 0.243
 0.258
 0.177
 0.258
 0.258
 0.258
 0.122
 0.258
 0.258
 0.272
 0.258
 0.258
 0.258
 0.258
 0.258
 0.258
 0.258
 0.224
 0.258
 0.298
 0.258
 0.258
 0.258
 0.258
 0.202
 0.099
 0.258
 0.258
 0.258
 0.275
 0.237
 0.271
 0.258
 0.242
 0.258
 0.258
 0.258
 0.258
 0.258
 0.053
 0.115
 0.258
 0.214
 0.258
 0.258
 0.258
 0.258
 0.258
 0.258
 0.258
 0.258
 0.257
 0.229
 0.323
 0.258
 0.258
 0.258
 0.258
 0.248
 0.258
 0.258
 0.258
 0.258
 0.258
 0.258
 0.258
 0.258
 0.258
 0.235
 0.268
 0.258
 0.258
 0.320
 0.227
 0.267
 0.258
 0.258
 0.258
 0.258
 0.258
 0.246
 0.258
 0.345
 0.258
 0.258
 0.258
 0.258
 0.072
 0.258
 0.258
 0.258
 0.258
 0.256
 0.258
 0.258
 0.258
 0.258
 0.258
 0.258
 0.258
 0.258
 0.258
 0.258
 0.258
 0.258
 0.258
 0.258
 0.258
 0.258
 0.258
 0.258
 0.258
 0.366
 0.138
 0.258
 0.258
 0.258
 0.347
 0.258
 0.258
 0.258
 0.076
 0.258
 0.218
 0.258
 0.373
 0.192
 0.258
 0.258
 0.258
 0.258
 0.261
 0.258
 0.207
 0.258
 0.163
 0.258
 0.258
 0.258
 0.258
 0.258
 0.258
 0.258
 0.258
 0.258
 0.258
 0.258
 0.258
 0.207
 0.258
 0.286
 0.285
 0.258
 0.258
 0.258
 0.258
 0.244
 0.258
 0.258
 0.258
 0.258
 0.258
 0.258
 0.362
 0.258
 0.258
 0.258
 0.293
 0.258
 0.345
 0.258
 0.172
 0.258
 0.223
 0.258
 0.183
 0.122
 0.258
 0.320
 0.293
 0.258
 0.258
 0.258
 0.200
 0.334
 0.258
 0.258
 0.258
 0.258
 0.258
 0.343
 0.258
 0.258
 0.258
