 231.689
   2.786
   6.363
   1.526
   1.270
   2.287
   1.458
   4.955
   2.940
   0.854
   3.175
   1.835
   1.526
   1.392
   1.056
   1.046
   7.611
   1.753
   1.526
   3.275
   3.856
   2.419
   1.009
   6.327
   5.914
   4.416
   5.267
   4.610
   1.270
   1.056
   4.373
   2.653
   1.392
   1.526
   1.106
   1.213
   1.458
   0.721
   4.582
   1.009
   2.012
   0.963
  11.985
   1.458
   1.056
   2.533
   2.012
   5.024
   2.778
   2.107
   1.330
   5.304
   4.372
   3.183
   1.674
   1.106
   1.009
   7.104
   5.973
   2.107
   1.458
   1.598
   6.694
   1.922
   2.653
   1.835
   0.790
   2.012
   1.526
   5.603
   2.560
   2.012
   1.056
   0.995
   1.392
   9.728
   2.206
   1.096
   2.206
   2.419
   2.206
   2.310
   2.107
   1.213
   1.056
   1.056
   1.674
   1.835
   1.674
   1.330
   1.451
   9.557
   1.922
   1.158
   0.954
   3.716
   1.330
   0.920
   0.903
   7.113
   3.046
   3.273
   3.643
   3.046
   1.270
   1.270
   1.330
   1.106
   1.835
   5.055
   1.458
   1.581
   5.935
   5.503
   1.674
   1.598
   1.158
   3.294
   3.340
   3.385
   2.546
   1.330
   2.107
   5.804
   0.717
  22.985
   1.753
   3.834
   7.286
   2.897
   1.213
   1.674
   2.012
   1.106
   4.054
   1.330
   2.206
   1.835
   2.533
   2.107
   2.419
   1.009
   1.056
   4.610
   1.330
   1.526
   1.526
   2.419
   1.330
   1.853
   1.392
   1.270
   0.839
   3.129
   2.206
   1.330
   1.392
   1.598
   1.091
   1.598
   5.108
   1.922
   6.901
   1.330
   1.598
   1.270
   4.015
   2.310
   1.158
   1.598
   1.598
   6.508
   2.540
   3.340
   2.012
   1.004
   1.158
   1.158
   0.963
   4.140
   2.397
   1.330
   3.480
   1.056
   0.878
   1.598
   6.174
   3.046
   3.805
   1.674
   1.392
   1.526
   1.158
   7.271
   3.531
   2.909
   1.598
   2.298
   0.801
   1.753
   1.526
   1.106
   0.843
   3.489
   4.535
   3.627
   9.337
   4.102
   2.257
   1.699
   1.458
   2.268
   1.330
   1.270
   6.436
   2.206
   1.674
   1.392
   1.009
   3.718
   1.009
   1.526
   3.552
   3.662
   2.675
   1.526
   0.920
  17.087
   5.831
   1.392
   1.330
   0.878
   1.936
   1.056
   1.922
   2.419
   1.571
   2.533
   2.012
   2.012
   1.674
   0.963
   2.419
   2.653
   2.419
   1.922
   1.674
   1.392
   5.304
   4.574
   2.909
   1.933
   2.012
   1.330
   1.753
   1.526
   2.012
   1.009
  10.194
   1.753
   0.920
   1.270
   3.699
   2.012
   1.213
   1.753
   1.835
   1.598
   1.213
   4.070
   0.801
  10.116
   2.533
   1.330
   1.330
   1.392
   0.714
   6.077
   2.082
  15.542
   2.206
   1.458
   1.526
   1.106
   3.834
  11.862
   3.907
   3.943
   1.835
   1.213
   1.270
   1.392
   1.526
   1.213
   2.228
   1.392
   1.458
   1.106
   9.752
   1.526
   8.394
   6.702
   1.330
   1.106
   8.773
   5.055
   1.922
   9.232
   2.391
   1.061
   4.579
   2.909
   1.674
   1.392
   2.574
   2.206
   2.419
   1.753
   1.158
   1.330
   1.526
   2.778
   9.673
   6.472
   4.679
   2.351
   1.158
   3.344
   1.922
   1.158
   1.009
   1.392
   1.158
   3.309
   1.598
   0.903
  10.261
   1.458
   7.629
   1.598
   1.330
   1.392
   1.392
   6.977
   1.213
   2.206
   1.158
   1.213
   0.963
   1.009
   2.616
   3.773
   2.959
   1.213
   1.458
   0.990
   0.831
   1.330
   7.956
   1.753
   1.458
   1.213
   7.824
   1.458
   7.546
   0.977
   1.598
   2.012
   3.993
   2.350
   1.674
   1.392
   0.920
   1.121
   1.835
   1.330
   4.592
   1.922
   1.330
   1.526
   1.835
   1.158
   2.909
   6.645
   1.922
   3.497
   2.206
   2.107
   1.598
   8.101
   3.002
   1.753
   1.174
   1.922
   4.257
   1.922
   1.009
   3.662
   1.106
   2.585
   1.835
   1.392
   1.392
   2.012
   1.526
   2.419
   4.342
   2.533
   1.922
   0.801
   1.330
   0.878
   1.598
   2.012
   6.413
   3.189
   2.107
   1.951
   1.213
   1.526
   1.922
   1.598
   1.674
   5.485
   1.330
   2.464
   5.567
   1.392
   2.925
   3.815
   2.475
   1.213
   1.330
   1.106
   4.733
   1.270
   1.056
   6.751
   1.753
   1.213
   1.392
   2.424
   1.009
   2.012
   1.922
   1.270
   5.055
   1.598
   1.526
   3.355
   2.419
   1.051
  14.162
   2.419
   3.046
   1.526
   1.330
   0.721
   6.137
   4.486
   3.013
   4.011
   3.396
   2.419
   1.753
   3.772
   6.548
   1.598
   1.526
   1.091
   8.378
   1.158
   1.023
   5.031
   1.753
   1.598
   1.009
   5.217
   6.500
   2.012
   6.910
   2.653
   1.884
   6.194
   1.158
   5.532
   4.111
   3.189
   1.458
   1.213
   1.213
   2.604
   1.106
   1.071
   1.174
   8.972
   2.778
   4.524
   1.526
   9.900
   1.922
   1.158
   5.906
   2.012
   2.065
   1.392
   1.835
   1.270
   3.834
   2.909
   1.106
   1.213
   1.598
   3.189
   0.981
   2.909
   1.330
   7.012
   2.876
   2.419
   1.009
   1.753
   2.012
   1.270
   5.257
   2.107
   5.241
   1.674
   1.213
   1.392
   3.164
  13.608
   4.827
   5.700
   3.580
   0.878
   1.674
   1.835
   1.598
   1.213
   0.986
   6.363
   4.668
   2.740
   2.206
   4.827
   0.878
   1.056
   1.598
   2.206
   1.101
   2.419
   2.786
   1.598
   2.781
   2.310
   1.235
   1.009
   6.508
   1.009
   1.753
   1.158
   1.674
   2.310
   1.458
   1.330
   2.909
   3.441
   1.598
   0.843
   2.419
   1.922
   4.935
   3.340
   2.107
   8.852
   2.310
   1.951
   1.270
   1.009
   1.106
   1.066
   2.373
   1.330
   1.835
   0.920
   3.346
   1.944
   2.310
   2.310
   1.724
   1.106
   1.009
   4.653
   3.776
   2.778
   0.835
   7.459
   1.270
   2.310
   1.056
   6.465
   1.009
   3.468
   1.835
   1.526
   0.891
   3.700
   1.392
   1.458
   1.213
   1.299
   1.598
   1.753
   1.213
   5.940
   5.804
   2.745
   1.270
   1.270
  10.130
   3.296
   1.392
   1.270
   0.820
   1.270
   4.036
   2.533
   2.369
   1.270
   3.834
   1.330
   8.250
   4.803
   1.158
   2.206
  11.932
   6.492
   1.270
   2.310
   4.738
   9.859
   6.781
   1.526
   6.621
   5.201
   5.043
   1.458
   1.526
   5.167
   6.020
   1.526
   1.158
   1.158
   1.330
   0.920
   4.391
   1.526
   1.330
   0.895
   1.027
   0.924
   8.392
   5.305
   1.527
   1.281
   1.458
   1.330
   0.963
   1.922
   1.458
   1.674
   1.213
   1.252
   1.213
   2.533
   2.480
   1.526
   1.753
   1.835
   0.981
   2.142
   1.835
  20.098
   1.056
   1.392
   1.753
   1.922
   1.458
   1.458
   1.009
   0.862
   3.662
   2.909
   3.403
  12.063
   1.674
   1.598
   2.419
   4.012
   1.158
   1.106
   5.026
   2.206
   1.330
   0.941
   3.662
   2.206
   1.526
  11.009
   1.037
   1.598
   1.158
   1.287
   2.288
   1.213
   2.533
   1.922
   1.598
   7.676
   4.402
   3.285
   1.598
   1.526
   1.009
   5.057
   4.972
   3.046
   1.009
   3.662
   3.472
   1.213
   1.753
   2.048
   1.270
   3.663
   1.158
   0.765
   1.056
   1.835
   1.330
   2.778
   2.310
   1.753
   3.246
   1.922
   1.330
   1.330
   1.591
   1.526
   2.012
   1.922
   1.009
   2.310
   1.270
   2.419
   1.526
   1.158
   2.133
   1.354
   1.674
   1.158
   2.533
   1.835
   0.899
   2.039
   6.157
   2.352
   2.154
   1.101
   5.385
   2.206
   1.392
   1.835
   1.922
   1.106
   2.329
   3.497
   1.922
   2.206
   1.922
   1.753
   1.270
   1.009
   1.956
   1.270
   2.778
   2.075
   1.753
   3.663
   3.258
   2.419
   1.534
   5.895
   2.107
   1.213
   3.497
   2.107
   1.598
   1.922
   0.688
   2.653
   1.674
   1.392
   7.036
   4.387
   1.270
   0.727
   1.458
   2.206
   2.040
   0.963
   1.330
   2.315
   1.674
  10.482
   3.046
   1.270
   1.270
   1.158
   1.526
   0.907
   0.870
   7.434
   2.107
   2.518
   1.392
   8.081
   2.653
   2.653
   2.012
   1.598
   4.288
   3.550
   1.392
   1.598
   1.213
   0.963
   0.963
   2.778
   1.330
   1.330
   1.061
  10.357
   3.046
   1.458
   0.963
   3.183
   1.753
   2.206
   1.598
   1.392
   1.392
   0.717
   2.614
   2.160
   1.526
   2.778
   1.392
   1.106
  10.091
   4.865
   2.012
   0.676
   1.111
   3.341
   4.128
   1.392
   8.011
   5.127
   1.526
   1.213
   7.195
   1.179
   6.865
   7.068
   3.785
   3.046
   2.932
   1.392
   2.921
   1.056
   1.009
   0.772
   1.379
   1.111
   1.753
   2.537
   1.270
   3.854
   1.835
   2.419
   1.270
   1.458
   5.887
   1.753
   1.674
   4.065
   1.158
   1.270
   0.972
   1.270
   4.030
   1.330
   7.311
   3.340
   9.522
   2.206
   2.012
   2.012
  11.410
   5.328
   1.598
   1.106
   0.839
   0.529
   0.858
   3.497
   1.753
   1.922
   1.526
   0.631
  10.532
   1.213
   2.419
   2.310
   1.270
   3.689
   4.618
   3.497
   1.598
   1.526
   0.963
   5.627
   1.598
   1.270
   1.009
   1.158
   0.963
  11.583
   6.573
   1.835
   2.555
   1.330
   1.674
   2.624
   1.458
   1.158
   1.330
   0.602
   2.882
   2.107
   1.674
   2.012
   1.330
   0.920
   1.056
   2.363
   1.270
   2.107
   1.270
  13.103
   5.055
   1.330
   1.458
   3.834
   4.841
   1.330
  11.000
  10.900
   1.392
   2.778
   3.058
   1.330
   2.653
   3.530
   1.392
   1.835
   1.009
   1.835
   2.107
   1.158
   1.392
   5.842
   3.274
   0.839
   1.213
   1.922
   2.316
   1.674
   1.323
   1.753
   0.801
   0.920
   7.116
   5.066
   2.206
   2.533
   2.778
   2.933
   1.106
   7.369
   2.310
   1.835
   1.158
   1.753
   6.852
   5.190
   1.458
   1.392
   1.458
   1.009
   5.646
   2.012
   1.213
   0.891
   1.922
   1.213
   1.213
   5.973
   2.206
   1.158
   3.150
   2.653
   9.435
   7.306
   1.922
   2.109
   1.835
   2.909
   1.270
   1.270
   8.138
   1.158
   2.107
   6.854
   4.610
   5.436
   6.246
   3.497
   6.369
   2.107
   2.012
   1.392
   1.693
   2.046
   1.598
   1.392
  14.735
   2.653
   2.206
   2.107
   1.330
   7.188
   2.533
   3.787
   2.653
   1.270
   2.533
   3.340
   4.204
   6.714
   2.653
   2.012
   3.995
   6.662
   4.476
   1.922
   6.427
   1.526
   1.009
   2.107
   8.583
   7.024
   3.448
   3.834
   1.526
   3.189
   0.950
   1.185
   1.598
   1.158
   1.598
   0.963
   0.812
   1.158
   1.526
   4.087
   1.835
   1.270
   1.066
  11.795
   3.132
   7.654
   4.782
   2.533
   1.674
   1.330
   1.458
   1.922
   0.809
   6.381
   1.009
   5.927
   2.206
   1.753
   6.263
   1.753
   1.922
   2.310
   5.542
   2.107
   1.598
   1.106
   5.201
   1.458
   1.458
   1.330
   6.663
   0.954
   1.330
   6.441
   0.801
   2.206
   2.206
   2.533
   1.056
   2.778
   2.909
   1.009
   2.107
   3.782
   1.900
   1.526
   6.465
   5.374
   0.874
   1.598
   1.056
   2.206
   2.325
   1.158
   2.206
   1.835
   3.740
   5.567
   1.835
   7.880
   8.590
   2.778
   3.179
   9.414
   8.205
   3.800
   1.753
   1.674
   1.071
  10.851
   1.330
   1.023
   6.077
   7.729
   7.490
   4.402
   1.106
   0.995
   8.011
   5.902
   1.213
   1.598
   1.330
   7.651
   4.690
   1.753
   1.598
   7.828
   2.310
   2.778
   2.098
   1.753
   1.158
   6.663
   1.458
   1.392
   1.213
   1.056
   4.684
  12.394
   1.158
   9.416
   1.598
   6.619
   1.270
   1.106
   1.106
   4.156
   2.653
   4.948
   1.392
   1.458
   6.819
   1.674
   1.598
   2.107
   1.213
   3.827
   3.046
   1.213
   2.919
   1.213
   1.880
   1.158
  10.159
   2.310
   1.056
   3.708
   2.909
   1.688
   2.504
   7.209
   2.778
   2.266
   2.107
   6.508
   2.012
   5.979
   2.909
   1.330
   1.674
   1.392
   1.753
   1.158
   5.668
   6.767
   2.310
   1.330
   0.741
   4.336
   1.106
   2.653
   1.753
   1.056
   2.107
   3.927
   1.753
   2.653
   1.270
   2.206
  10.486
   0.858
   1.158
   6.663
   1.158
   2.003
   1.526
   1.598
   1.598
   1.753
   4.827
   5.301
   3.362
   2.778
   1.674
   8.389
   2.533
   2.012
   1.598
   1.270
   3.945
   2.909
   1.526
   1.392
   2.206
   9.831
   2.778
  10.249
   1.598
   1.009
   1.458
   1.158
   6.077
   1.458
  11.395
   0.847
   3.953
   1.835
   6.453
   1.056
   2.419
   1.674
   0.963
   4.610
   6.652
   1.458
   2.206
   2.206
   1.598
   1.270
   3.333
   2.419
   1.753
   1.101
   2.027
   2.419
   3.497
   2.419
   1.458
   6.597
   1.922
   1.458
   3.189
   1.458
   3.165
   1.526
   1.392
   9.971
   2.815
   0.755
   0.636
   1.526
   6.389
   1.674
   0.920
   3.805
   8.575
   1.458
   1.392
   2.012
   1.753
   1.598
   1.330
   2.107
   1.824
   1.158
   1.009
   2.774
   1.526
   1.392
   2.533
   1.392
  11.147
   2.964
   2.012
   0.765
   6.861
   2.624
   3.834
   2.012
   1.106
   1.330
   7.278
   1.330
   1.213
   2.853
   3.008
   1.922
   3.834
   1.598
   0.878
   2.207
   0.790
   4.402
   1.213
   2.868
   3.145
   2.778
   5.804
   1.056
   2.012
   1.753
   1.835
   6.929
   2.796
   1.330
   1.270
   1.158
   1.330
   2.107
   1.674
   1.922
   9.198
   1.009
   7.680
   1.835
   7.649
   1.330
   1.009
   5.364
   3.834
   2.419
   2.615
   0.701
   1.458
   1.835
   2.653
   1.458
   1.330
   1.270
   1.106
   3.942
   2.551
   0.972
   2.107
   1.106
   1.106
   1.598
   1.835
   7.424
   2.533
   2.012
   2.909
   5.738
   5.787
   2.012
   1.922
   1.598
   1.458
   4.176
   4.707
   1.598
   2.310
   2.148
   0.950
   2.012
   4.658
   3.175
   0.539
   3.497
   7.694
   3.497
   6.992
   5.804
   1.598
   2.653
   2.107
   2.591
   1.106
   1.674
   1.458
   1.185
   4.204
   0.928
   6.305
   2.441
   5.303
   4.179
   4.445
   1.213
   5.916
   2.778
   1.213
   1.674
   4.215
   1.458
   6.106
   4.015
   1.922
   5.239
   9.540
   3.046
   1.598
   1.392
   1.753
   1.878
   1.106
   0.963
   7.791
   6.473
   1.598
   2.909
   1.526
  14.896
   0.963
   5.938
   1.753
   2.513
   4.372
   7.705
   2.709
   5.750
   1.213
   1.753
   1.526
   1.753
   1.392
   1.598
   1.009
   7.221
   2.206
   2.419
   2.310
   4.807
   2.206
   1.158
   3.297
   1.922
   1.598
   2.533
   4.244
   1.213
   1.158
   7.247
   3.834
   1.933
   1.132
   1.753
   9.813
   1.526
   3.662
   2.012
   1.598
   1.458
   1.270
   1.213
   0.986
   1.674
  11.313
   1.056
   0.878
   1.056
   2.419
   2.751
   2.533
   1.526
   1.598
   0.557
   3.340
   3.540
   2.778
   1.158
   1.009
   1.213
   1.158
   2.653
   0.704
   1.270
   0.920
   4.060
   5.135
   1.753
   2.107
   1.081
   0.963
   4.733
   7.410
   4.015
   4.930
   2.012
   1.674
   0.839
   1.158
   2.134
   2.012
   7.087
   2.107
   1.392
   0.765
  12.750
   2.778
   2.012
   1.330
   1.392
   1.689
   4.348
   3.583
   2.226
   1.270
   1.392
  14.660
   2.310
   2.012
   1.753
   8.366
   2.552
   6.439
   1.458
   1.526
   0.999
   2.107
   1.674
   1.674
   8.390
   1.270
   0.928
   3.340
   2.577
   2.224
   1.753
   9.221
   3.110
   0.878
   7.651
   5.474
   2.003
   1.051
   5.600
   3.906
   1.922
   1.311
   4.204
   3.679
   5.880
   3.278
   3.321
   1.213
   1.458
   1.009
   1.674
   3.291
   2.480
   7.889
   2.686
   1.458
   1.106
   1.458
   6.434
   1.835
   1.246
   6.304
   4.004
   2.533
   8.567
   6.627
   5.648
   2.310
   3.528
   4.980
   2.909
   2.206
   1.106
   3.405
   2.843
   6.856
   5.910
   7.335
   3.865
   5.001
   1.674
   9.501
   4.811
   1.753
   1.056
   2.012
   1.158
   1.009
   3.723
   2.012
   7.306
   6.175
   1.753
   3.834
   4.245
   1.213
   1.158
   1.526
   4.015
   1.674
   2.310
   1.056
   1.213
   3.772
   1.213
   1.009
   1.458
   6.217
   2.909
   2.206
   1.392
   4.340
   1.598
   1.753
   1.753
   0.977
   2.012
   7.372
   4.610
   4.204
   2.653
   1.270
   3.662
   2.126
   2.522
   1.106
   2.613
   2.635
   1.458
   1.674
   5.399
   1.213
   1.392
   4.683
   1.526
   1.922
   1.526
   1.270
   0.972
   5.292
   6.231
   5.927
   1.458
   6.211
   3.497
   2.533
   3.668
   1.835
   0.907
   7.651
   1.598
   1.126
   5.124
   9.272
   1.106
   1.270
   1.330
   5.293
   0.981
   1.753
   3.341
   3.340
   1.922
   4.950
   1.270
   1.392
   3.046
   1.213
   0.724
   1.922
   4.573
   1.163
   2.081
   1.922
   3.662
   1.270
   2.177
   1.330
   1.330
   4.282
   4.688
   1.213
   1.598
   1.526
   7.009
   1.056
   6.260
  10.561
   1.458
   1.458
   2.310
   1.158
   1.330
   1.753
   1.458
   2.653
   2.012
   2.419
   2.206
   1.056
   1.158
   2.778
   1.330
   5.108
   3.606
   3.337
   0.695
   4.275
   0.839
   6.770
   2.757
   2.206
   1.009
   1.392
   1.056
   1.598
   0.963
   1.213
   9.631
   2.815
   2.778
   1.392
   1.458
   2.107
   1.270
   0.963
   1.674
   1.753
   1.158
   1.056
   3.585
   1.753
   2.310
   1.330
   2.206
   1.835
   8.784
   6.949
   1.009
   1.598
   3.523
   3.748
   1.598
   7.014
   3.046
   5.153
   7.812
   1.106
   1.674
  10.684
   2.206
   4.314
   0.878
   1.922
  12.281
   1.270
   1.009
   0.920
   0.758
   1.835
   1.056
   4.827
   2.107
   0.765
   1.674
   0.843
   1.835
   1.674
   1.598
   1.330
   2.563
   1.526
   1.132
   3.124
   2.206
   3.046
   0.878
   1.458
   1.270
   0.920
   1.458
   2.206
   0.990
   3.966
   0.816
   1.270
   1.598
   0.779
   1.674
   0.748
   4.827
   2.310
   0.920
   1.158
   1.121
   3.340
   1.598
   1.922
   1.526
   1.835
   2.271
   0.882
   2.012
   1.330
   3.636
   2.419
   1.158
   1.270
   1.270
   5.604
   2.533
   1.158
   0.903
   1.009
   1.458
   1.526
   2.909
   2.419
   1.835
   1.674
   1.330
   3.279
   5.078
   2.419
   2.301
   2.653
   2.419
   1.158
   5.293
   1.922
   1.835
   4.376
   4.402
   4.402
   1.213
   5.440
   2.533
   1.106
   1.213
   4.402
   2.206
   2.778
   2.033
   0.963
   1.392
   2.012
  11.137
   2.107
   1.598
   2.206
   1.158
   2.653
   2.012
   1.213
   1.009
   2.419
   3.149
   1.056
   4.223
   1.158
   7.894
   1.270
   4.338
   4.286
   1.674
   1.753
   4.474
   0.963
   2.206
   2.411
   1.330
   1.270
   1.158
   8.688
   0.762
   7.790
   4.986
   6.180
   3.013
   2.533
   1.270
   0.812
   2.107
   2.788
   1.106
   1.106
   1.922
   7.267
   2.909
   1.835
   4.610
   4.541
   5.378
   4.048
   1.056
   0.937
   1.330
   5.063
   6.725
   4.204
   4.610
   4.530
   1.753
   1.270
   1.056
   3.558
   5.977
   2.206
   5.055
   4.017
   1.922
   1.598
   1.330
   1.179
   2.310
   7.400
   7.308
   2.232
   2.206
   1.753
   1.235
   1.598
   1.753
   2.790
   2.686
   1.674
   1.106
   5.055
   4.588
   1.598
   1.126
   2.012
   2.107
   1.392
   1.158
   4.610
   4.204
   1.598
   1.458
   1.753
   7.127
   6.733
   0.874
   4.059
   1.753
   2.446
   1.526
   4.859
   1.158
   4.610
   2.792
   1.458
   5.293
   2.206
   2.107
   3.497
   2.564
   4.277
   3.340
   1.056
   1.086
   3.380
   1.106
   4.005
   3.338
   4.192
   3.046
   1.835
   1.598
   1.526
   1.213
   3.046
   2.537
   1.674
   1.056
   1.091
   4.363
   1.392
   3.046
   2.295
   1.213
   1.270
   4.119
   1.270
   1.213
   2.909
   4.572
   1.835
  11.634
   2.200
   2.246
   1.458
   2.653
   3.662
   0.963
   1.158
   1.330
   1.471
   1.392
   5.278
   3.189
   5.293
   1.213
   1.598
   4.820
   1.009
   4.827
   0.762
   2.107
   1.458
   1.330
   1.526
   5.107
   0.959
   4.846
   0.878
  13.275
   2.590
   1.835
   2.107
   1.674
   2.012
   1.213
   1.056
   5.245
   5.856
   2.533
   5.206
   1.056
   7.165
   7.306
   1.158
   1.071
   1.922
   1.458
   1.213
   1.009
   0.711
   5.963
   2.206
   2.419
   2.107
   1.158
   2.533
   2.310
   1.835
   1.753
   1.270
   9.576
   3.834
   1.330
   3.189
   2.012
   1.392
   2.119
   3.497
   4.654
   4.179
   5.923
   1.753
   1.056
   0.920
   0.899
   1.458
   0.920
   3.968
   1.213
   2.533
   1.922
   1.158
   9.345
   2.419
   3.865
   1.009
   1.835
   8.402
   1.213
   1.158
   8.448
   4.930
   5.207
   6.977
   2.310
   1.158
   6.812
   1.753
   2.012
   9.339
   1.835
   1.330
   2.653
   1.526
   1.009
   1.270
   1.213
   0.698
   2.206
   7.888
   1.270
   0.831
   1.526
   3.186
   7.820
   2.310
   1.835
   2.887
   1.526
   1.753
   0.839
   4.402
   3.416
   2.653
   0.878
   0.731
   3.046
   1.835
   1.598
   1.458
   1.753
   4.402
   2.315
   0.963
   1.213
   0.858
   3.834
   2.168
   1.753
   1.392
   1.071
   1.056
   1.526
   0.963
   1.056
   8.554
   2.653
   2.533
   1.392
   0.977
   8.534
   4.502
   3.189
   1.270
   5.030
   1.392
   5.470
   2.653
   0.801
   2.107
   5.804
   2.533
   0.839
   1.674
   1.598
   1.598
   1.392
   1.270
   2.653
   4.717
   2.778
   2.012
   1.458
   0.839
   5.300
   3.829
   1.270
   2.012
   1.753
   2.172
   1.598
   2.012
   2.653
   1.037
   5.125
   5.055
   2.107
   3.268
   1.526
   0.920
   1.293
   0.783
   4.785
   2.107
   1.835
   1.392
   1.835
   1.126
   5.937
   2.419
   0.972
   1.922
   2.351
   1.270
   5.713
   4.118
   2.419
   1.753
   1.270
   1.213
   1.091
   1.009
   4.061
   1.270
   1.392
   1.213
   1.056
   2.310
   3.189
   1.213
   3.609
   2.012
   6.803
   2.206
   1.922
   6.516
   3.340
   1.330
   6.168
   2.162
   1.213
   5.122
   1.674
   2.107
   4.610
   1.598
   0.602
   6.578
   1.526
   3.834
   1.270
   2.859
   4.537
   3.189
   3.667
   7.183
   4.772
   1.213
   4.984
   3.918
   3.064
   1.674
   1.213
   0.878
   1.649
   1.674
   4.992
   4.204
   4.949
   2.909
   2.533
   5.997
   4.930
   1.392
   1.213
   1.056
   1.458
   8.631
   5.293
   0.963
   3.546
   1.598
   1.968
   1.174
   3.992
   7.715
   3.834
   0.963
   0.801
   2.909
   1.598
   6.259
   1.598
   1.106
   2.537
   2.778
   3.938
   1.330
   1.458
   1.392
   3.340
   1.753
   1.598
   8.487
   3.817
   3.834
   2.274
   2.419
   0.920
   4.104
   2.310
   1.009
   0.751
   1.598
   1.392
   1.330
   2.107
   2.206
   1.674
   1.526
   1.526
   1.213
   0.933
   3.369
   2.419
   1.458
   1.009
  11.929
   1.458
   1.392
   3.046
   5.803
   1.056
   2.653
   3.964
   3.228
   1.137
   1.270
   1.270
   4.905
   1.922
   1.392
   3.076
   1.009
   1.598
   2.012
   1.392
   1.056
   0.801
   1.753
   1.458
   1.213
   2.310
   2.649
   1.392
   0.839
   2.419
   2.310
   2.541
   1.598
   0.981
   2.107
   2.107
   4.840
   1.753
   1.330
   0.642
   2.909
   1.121
   3.046
   1.954
   2.206
   1.835
   0.862
   9.640
   1.835
   0.820
   3.077
   1.330
   1.213
   3.585
   1.526
   1.224
   1.330
   5.859
   3.851
   3.055
   1.598
   1.106
   0.657
   1.158
   1.918
   2.012
   1.009
   2.321
   1.330
   8.054
   4.235
   1.526
   2.012
   2.002
   1.330
   1.213
   6.063
   1.458
   3.854
   2.533
   4.094
   2.310
   2.533
   1.922
   2.310
   2.569
   3.128
   6.604
   6.363
   2.653
   1.598
   1.213
   1.458
   1.213
   3.182
   2.778
   2.533
   1.270
   8.784
   0.801
   1.392
   1.086
   1.922
   5.345
   2.877
   2.653
   1.922
   1.213
   3.834
   2.438
   2.051
   1.270
   2.778
   3.728
   3.306
   1.392
   1.213
   3.340
   1.009
   2.653
   3.599
   1.753
   1.270
   1.270
   1.213
   6.143
   1.922
  12.894
   3.401
   1.458
   1.636
   0.769
   4.401
   1.158
   2.107
   1.674
   2.400
   1.458
   0.920
   1.753
   4.807
   0.731
   7.589
   0.986
   3.022
   1.526
   3.164
   5.541
   3.662
   1.213
   7.301
   1.674
   4.610
   1.753
   1.270
   3.324
   4.181
   2.419
   4.010
   4.988
   3.454
   3.497
   4.220
   4.586
   3.735
   1.471
   3.667
   4.019
   2.419
   1.056
   1.598
   1.835
   2.670
   1.392
   0.963
   2.419
   1.235
   0.820
   0.899
   0.920
   3.491
   1.106
   4.182
   1.458
   1.330
   1.835
   1.106
   1.158
   3.834
   2.012
   1.835
   3.588
   5.953
   2.576
   1.922
   1.106
   0.878
   6.896
   1.158
   2.107
   0.878
   6.243
   2.419
   1.880
   0.878
   2.653
   1.330
   0.963
   1.270
   5.435
   1.922
   1.270
  11.196
   1.753
   2.206
   3.834
   5.354
   3.934
   1.330
   5.334
   2.653
   5.254
   3.485
   2.909
   1.674
   1.598
   1.458
   1.674
   2.771
   3.046
   2.778
   1.392
   0.816
   5.826
   6.087
   1.270
   1.330
   2.533
   0.920
   1.392
   3.497
   0.920
   4.426
   4.204
   2.310
   2.120
   1.392
   0.946
   2.603
   0.765
   3.175
   5.889
   5.067
   5.804
   4.153
   3.147
   2.310
   1.392
   0.790
   3.336
   3.340
   4.331
   3.046
   1.056
   4.937
   5.211
   1.418
   3.662
   2.558
   1.392
   5.057
   3.350
   2.533
   4.193
   2.419
   4.066
   1.106
   4.020
   1.835
   1.106
   5.972
   1.904
   3.792
   4.827
   3.093
   1.674
   0.916
   3.834
   1.106
   2.012
   1.106
   1.922
   1.158
   7.058
   2.206
   2.819
   4.875
   6.902
   1.158
   2.653
   1.071
   0.843
   3.431
   1.158
   2.206
   1.270
   0.968
   4.435
   1.674
   4.454
   2.310
   1.922
   0.963
   1.526
   1.270
   2.012
   2.516
   2.419
   2.847
   3.834
   2.632
   1.270
   2.107
   1.056
   1.158
   4.402
   1.526
   1.458
   0.631
   1.213
   1.526
   1.598
   6.968
   1.674
   2.530
   1.056
   0.839
   6.077
   2.653
   2.107
   1.526
   1.158
   1.392
   1.392
   0.878
   9.372
   5.026
   4.246
   2.310
   7.584
   4.589
   2.533
   2.388
   1.330
   6.676
   1.330
   0.959
   2.310
   0.691
   4.371
   2.107
   1.674
   1.598
   1.270
   1.213
   4.156
   2.470
   2.533
   3.340
   1.056
   1.598
   1.056
   6.853
   1.674
   1.330
   1.458
   1.598
   1.270
   2.778
   1.526
   2.533
   2.107
   2.310
   2.206
   1.835
   1.009
   1.753
   1.866
   7.613
   2.310
   0.801
   1.009
   5.055
   2.419
   1.835
   1.598
   1.753
   3.497
   2.419
   4.284
   3.694
   6.750
   4.827
   2.533
   2.206
   4.585
   6.404
   3.026
   0.794
   1.392
   2.419
   1.009
   1.158
   6.597
   1.674
   1.213
   0.707
   1.023
   3.646
   3.640
   1.458
   1.270
   2.653
   0.839
   1.330
   1.835
   1.392
   1.958
   1.753
   1.009
   1.158
   0.816
   1.526
   1.056
   1.534
   5.126
   1.330
   1.106
   1.526
   4.110
   0.717
   1.674
   1.598
   1.270
   1.213
   0.801
   1.606
   2.206
   2.341
   1.009
   1.835
   8.040
   3.109
   5.458
   3.131
   2.653
   4.737
   1.598
   1.598
   1.270
   6.489
   5.542
   7.430
   4.651
   2.310
   1.056
   0.959
   3.823
   8.288
   3.365
   4.856
   1.835
   1.674
   1.323
   2.653
   1.922
   0.839
   1.330
   4.342
   4.610
   1.753
   2.927
   1.056
   1.922
   1.526
   1.922
   7.001
   3.834
   0.878
   1.835
   0.843
   2.533
   1.213
   3.497
   2.419
   1.270
   1.106
   1.106
   1.835
   1.106
   2.136
   1.009
   1.213
   0.839
   1.270
   5.462
   3.707
   1.056
   2.419
   0.731
   0.878
   2.012
   1.526
   4.523
   1.158
   1.106
   0.854
   2.909
   1.330
   9.252
   1.270
   4.006
   1.992
   4.469
   1.392
   1.753
   1.056
   3.483
   3.627
   5.705
   2.909
   3.046
   1.330
   1.330
   1.886
   1.213
   2.012
   8.100
   2.599
   4.191
   2.107
   2.206
   1.330
   1.753
   2.533
   2.419
   2.206
   1.061
   7.361
   2.653
   2.012
   1.674
   1.270
   1.392
   3.518
   0.963
   1.270
   1.835
   3.705
   1.526
   4.033
   3.046
   4.970
   2.107
   4.204
   3.226
   1.674
   3.598
   1.598
   3.662
   5.726
   4.337
   2.778
   5.390
   2.533
   1.158
   1.392
   1.526
   3.497
   2.909
   9.840
   1.598
   1.270
   2.778
   1.213
   1.753
   2.012
   1.526
   2.206
   2.995
   1.330
   1.674
   1.158
   1.270
   2.310
   4.402
   1.270
   2.206
   1.270
   1.106
   8.883
   9.255
   5.448
   5.727
   1.458
   1.753
   0.874
   2.743
   2.653
   2.206
   1.392
   1.056
   5.213
   1.330
   1.598
   1.392
   1.056
   3.362
   1.392
   4.112
   1.270
   6.865
   4.445
   4.863
   3.473
   1.922
   2.206
   1.458
   1.753
   1.330
   7.842
   2.206
   1.458
   1.009
   0.866
   1.392
   1.835
   2.815
   0.801
   1.458
   4.178
   1.056
   0.758
   1.179
  13.054
   1.392
   1.158
   1.158
   2.071
   1.526
   2.063
   1.046
   1.458
   0.786
   4.908
   1.922
   2.142
   5.584
   0.801
   0.862
  11.000
   5.557
   4.015
   0.920
   0.797
   1.922
   1.330
   1.056
   2.250
   1.598
   1.458
   1.392
   1.674
   4.656
   6.001
   5.371
   2.082
   3.002
   1.330
   1.938
   6.311
   2.206
   4.015
   2.964
   7.451
   3.012
   4.827
   4.174
   2.107
   4.288
   1.270
   4.829
   1.598
   2.310
   3.419
   1.478
   3.046
   5.008
   2.206
   1.270
   1.158
   3.340
   2.053
   4.750
   2.365
   1.330
   1.598
   1.392
   4.386
   2.687
   1.598
   1.392
   1.458
   0.878
   1.330
   0.704
   2.012
   0.878
   6.176
   7.824
   3.566
   1.835
   1.213
   3.402
   0.920
   0.878
   2.695
   0.801
   1.252
   1.330
   4.134
   1.458
   1.330
   0.801
   1.106
   1.674
   1.922
   1.270
   0.963
   4.402
   2.002
   1.270
   5.293
   1.458
   2.309
   2.653
   1.674
   1.526
   1.190
   7.905
   2.107
   1.106
   4.224
   2.107
   2.266
   1.526
   2.909
   1.458
   0.937
   0.765
   1.270
   0.724
   1.330
   1.458
  11.658
   2.012
   2.909
   1.922
   1.330
   1.526
   1.392
  19.669
   2.533
   1.674
   1.158
   0.963
   1.056
   1.598
   0.751
   3.638
   6.410
   5.293
   6.369
   1.458
   2.533
   2.909
   1.598
   1.674
   2.107
   4.402
   1.753
   1.598
   1.674
   1.270
   1.835
   5.392
   3.795
   3.107
   1.330
   1.835
   6.135
   3.340
   6.943
   1.526
   2.018
   1.835
   1.106
   1.598
   1.458
   4.721
   0.835
   3.340
   2.653
   1.392
   3.690
   2.012
   1.330
   5.651
   3.854
   5.228
   4.608
   2.310
   1.158
   1.458
   4.747
   1.270
   3.391
   1.009
   5.406
   2.610
   1.270
   1.213
   1.196
   2.138
   0.554
   1.753
   0.963
   0.878
   6.184
   2.909
   2.030
  10.924
   6.032
   1.330
   0.963
   1.392
   1.753
   2.699
   4.204
   2.533
   8.009
   1.213
   0.911
   4.242
   1.674
   2.310
   2.909
   1.106
   3.189
   1.922
   1.753
   3.940
   2.874
   1.674
   4.136
   1.330
   1.753
   1.270
   3.503
   2.909
   2.012
   2.533
   1.106
   1.526
   5.264
   1.330
   3.834
   1.392
   1.158
   1.213
   6.139
   1.598
   1.056
   3.516
   2.206
   1.674
   1.674
   5.293
   4.402
   1.458
   2.310
   1.213
   1.106
   1.342
   6.803
   4.610
   2.243
   6.415
   3.497
   1.330
   2.778
   3.164
   2.231
   1.922
   1.922
   0.963
   1.458
   1.106
   2.395
   0.963
   8.018
   2.976
   1.922
   1.158
   1.106
   6.680
   1.598
   1.056
   1.330
   6.274
   7.698
   6.977
   6.716
   1.753
   3.878
   1.674
   1.458
   1.674
   6.209
   4.076
   1.009
   4.745
   2.515
   1.106
   3.046
   1.674
   1.526
   0.851
   3.273
   2.909
   1.753
   2.419
   1.922
   1.213
   0.748
   0.698
   1.835
   8.224
   2.191
   2.199
   1.548
   1.458
   0.779
   1.598
   4.409
   2.997
   5.853
   0.731
   5.253
   2.206
   2.107
   1.674
   1.213
   3.282
   0.794
   6.414
   3.662
   1.158
   1.213
   6.363
   1.218
   2.012
   1.458
   1.330
   1.330
   4.959
   3.672
   1.392
   0.470
   1.213
   0.963
   3.340
   2.012
   0.801
   4.493
   4.868
   3.634
   1.213
   1.106
   6.435
   2.206
   2.826
   2.012
   2.310
   1.330
   1.330
   3.046
   2.310
   1.392
   1.392
   1.158
   6.365
   4.297
   0.963
   0.882
   1.009
   0.878
   1.922
   1.392
   1.270
   1.598
   1.674
   1.270
   3.092
   0.779
   0.963
   1.270
   1.009
   1.330
   4.838
   4.827
   1.526
   8.785
   3.328
   1.270
   1.213
   1.270
   1.270
   1.677
   2.345
   2.438
   5.527
   1.213
   1.270
   2.778
   2.916
   1.674
   5.217
   1.270
   1.330
   2.653
   1.598
   1.056
   1.158
   1.970
   1.179
   1.281
   1.330
   0.963
   2.107
   0.963
   1.116
   2.533
   8.295
   4.097
   2.438
   1.270
   1.922
   2.426
   1.009
   0.891
   0.977
   6.523
   5.935
   1.213
   1.674
   1.835
   1.674
   3.467
   1.392
   1.056
   1.458
   1.922
   1.922
   1.598
   1.009
   3.662
   5.161
   1.674
   3.167
   1.835
   1.330
   5.409
   1.270
   6.363
   6.007
   3.598
   4.308
   1.330
   6.275
   3.340
   1.922
   3.745
   1.922
   1.922
   1.213
   0.963
   4.444
   3.497
   1.753
   6.531
   1.458
   5.258
   4.419
   1.270
   1.526
   2.503
   1.158
   1.392
   1.458
   1.330
   1.056
   5.801
   3.510
   1.106
   1.458
   1.674
   1.056
   3.101
   2.012
   0.933
   0.663
   4.706
   3.662
   3.618
   0.812
   1.158
   4.827
   0.920
   0.765
   3.500
   3.058
   2.206
   2.778
   1.598
   3.690
   0.758
   1.213
   5.804
   2.653
   1.392
   0.805
   1.674
   1.753
   5.259
   3.662
   4.671
   4.204
   5.970
   2.909
   1.753
   1.330
   3.834
   1.809
   1.458
   1.270
   1.910
   1.169
   4.610
   0.920
   3.834
   3.518
   2.533
   3.364
   1.598
   2.760
   1.330
   1.009
   2.550
   1.753
   1.458
   2.653
   1.201
   1.106
   2.533
   0.878
   2.653
   6.739
   2.793
   0.839
   1.330
   1.056
   6.513
   3.497
   7.952
   1.458
   1.526
   1.009
   5.055
   4.029
   1.158
   4.006
   1.458
   2.206
   1.458
   2.927
   1.628
   1.106
   3.579
   2.533
   1.753
   1.753
   0.920
   3.662
   2.012
   5.525
   0.920
   2.533
   1.330
   0.937
   5.103
   2.310
   1.458
   1.392
   1.458
   0.920
   0.878
   3.451
   1.158
   1.076
   4.233
   2.528
   1.392
   1.330
   3.567
   1.392
   1.056
   0.862
   1.526
   2.094
   4.015
   5.392
   2.909
   1.674
   1.330
   1.330
   0.920
   1.158
   2.107
  13.407
   6.077
   1.674
   8.256
   1.753
   2.206
   0.963
   1.056
   3.497
   1.753
   2.012
   0.812
   1.753
   1.330
   1.213
   5.542
   2.206
   1.270
   3.316
   3.633
   2.778
   2.192
   1.330
   1.056
   5.542
   1.392
   1.330
   0.928
   3.670
   1.598
   1.753
   2.446
   1.270
   2.012
   1.213
   2.012
   2.310
   1.835
   1.213
   1.106
   3.189
   3.293
   1.392
   2.909
   1.330
   1.526
   2.419
   1.835
   2.107
   2.206
   0.963
   5.585
   2.499
   1.922
   3.240
   0.963
   3.591
   4.204
   3.411
   2.712
   2.113
   3.046
   2.909
   8.246
   5.752
   1.276
   2.310
   2.898
   3.148
   2.987
   0.765
   1.392
   1.674
   1.270
   0.895
   1.270
   4.981
   2.778
   2.107
   1.674
   1.922
   1.835
   2.012
   4.573
   0.878
   0.920
   1.850
   2.107
   2.778
   1.674
   1.753
   1.218
   1.096
   2.264
   2.107
   0.963
   1.158
   0.981
   1.086
   1.009
   1.071
   2.101
   1.968
   1.392
   1.674
   1.158
   0.920
   0.707
   4.290
   1.598
   1.392
   1.323
   8.719
   0.963
   3.046
   1.458
   1.330
   1.056
   3.388
   8.874
   2.012
   3.338
   3.497
   2.206
   1.281
   2.159
   4.539
   1.922
   1.330
   2.909
  10.185
   1.674
   2.419
   5.913
   3.826
   1.392
   5.004
   1.158
   1.213
   3.662
   3.497
   1.674
   3.834
   3.545
   1.056
   1.056
   2.778
   3.035
   1.330
   4.827
   3.662
   1.270
   2.778
   3.235
   1.458
   5.293
   2.787
   1.330
   2.653
   4.651
   1.598
   3.855
   1.835
   1.598
   1.276
   1.835
   2.107
   1.392
   1.598
   1.158
   2.778
   1.922
   1.458
   1.458
   2.107
   1.158
   3.376
   1.106
   5.623
   1.526
   1.674
   0.878
   0.920
   0.950
   2.206
   1.526
   1.392
   0.920
   2.310
   2.778
   3.662
   2.012
   2.107
   1.213
   0.924
   4.813
   1.270
   5.510
   1.526
   2.937
   1.922
   1.270
   1.009
   0.731
   2.962
   3.973
   2.012
   1.753
   1.111
   1.922
   1.526
   3.057
   2.206
   1.674
   1.056
   4.150
   5.352
   2.343
   2.377
   1.835
   1.598
   1.056
   1.922
   1.922
   1.458
   4.729
   1.835
   2.595
   1.330
   0.963
   1.922
   2.107
   3.599
   2.107
   3.626
   3.205
   2.107
   1.458
   1.158
   3.138
   1.330
   1.835
   5.868
   2.419
   2.012
   5.193
   2.465
   1.753
   2.107
   1.106
   1.270
  11.209
   6.105
   1.270
   7.596
   4.380
   1.922
  10.067
   3.743
   3.189
   1.213
   7.348
   1.753
   9.578
   1.106
   3.315
   1.056
   1.023
   4.069
   6.090
   0.963
   5.280
   3.779
   1.106
   1.753
   2.107
   1.056
   0.870
   5.415
   1.922
   2.012
   1.158
   1.013
   1.674
   0.920
   1.835
   2.419
   6.431
   1.106
   3.286
   2.419
  10.974
   5.804
   1.458
   3.834
   0.963
   2.816
   2.533
   2.310
   1.526
   1.106
   4.287
   1.158
   1.330
   3.497
   3.497
   2.357
   2.401
   0.878
   1.835
   1.835
   1.598
   1.526
   1.106
   7.030
   2.369
   4.023
   2.778
   1.392
   1.922
   2.107
   3.591
   1.009
  13.096
   2.902
   2.105
   2.653
   1.056
   2.206
   4.110
   2.310
   5.542
   5.770
   1.458
   2.653
   5.562
   5.553
   8.047
   6.988
   2.435
   0.731
   1.392
   3.394
   0.963
   3.396
   1.835
   1.106
   0.895
   0.941
   4.952
   1.330
   1.519
   4.535
   2.756
   2.206
   6.320
   1.158
   2.310
   4.553
   1.384
   1.922
   2.027
   1.330
   2.419
   3.434
   1.137
   1.270
   0.963
   0.963
   1.213
  11.485
   4.676
   3.831
   3.211
   2.778
   1.753
   1.526
   1.753
   1.056
   0.963
   0.920
   1.106
   1.158
   1.066
   1.051
   1.526
   2.533
   4.827
   1.158
   4.015
   1.907
   1.753
   4.343
   2.419
   1.158
   3.185
   1.598
   4.827
   1.458
   3.180
   1.526
   1.392
   3.340
   5.086
   9.455
   4.983
   6.015
   1.835
   1.526
   1.158
   1.526
   1.270
   2.310
   1.526
   6.050
   3.497
   2.107
   3.144
   1.674
   1.753
   1.330
   2.655
   1.330
   2.724
   0.920
   2.419
   1.158
   1.009
   1.213
   1.330
   1.270
   2.310
   2.310
   1.922
   1.922
   2.778
   2.653
   4.683
   1.158
   4.320
   1.458
   3.046
   0.645
   1.009
   6.427
   2.533
   1.674
   1.753
   2.742
   1.458
   4.903
   1.009
   1.185
   1.224
   4.983
   1.835
   6.081
   1.330
   3.398
   1.753
   1.598
   7.188
   0.941
   4.683
   1.458
   2.909
   2.012
   1.598
   6.663
   3.668
   1.330
   3.822
   2.792
   7.256
   5.387
   1.158
   1.598
   1.922
   1.392
   1.745
   5.682
   1.158
   6.007
   1.392
   1.458
   2.206
   1.213
   4.849
   0.963
   0.878
   3.212
   1.674
   1.458
   2.909
   2.107
   2.310
   1.213
   1.009
   2.239
   1.213
   8.117
   1.106
   1.213
   1.526
   3.299
   2.107
   3.046
   1.458
   1.526
   1.330
   1.835
   1.106
   2.533
   2.310
   3.497
   0.605
   2.012
   2.311
   1.922
   0.963
   3.834
   2.500
   1.835
   2.012
   0.698
   0.765
   2.012
   3.340
   1.023
   1.753
   1.330
   4.731
   1.598
   1.213
   3.185
   1.213
   1.213
   1.330
   3.834
   1.330
   2.909
   4.555
   2.107
   5.675
   2.206
   1.977
   3.501
   1.753
   1.392
   0.801
   4.647
   0.963
   1.213
   7.150
   4.699
   3.662
   1.835
   1.056
   1.691
   1.158
   1.835
   2.419
   1.458
   5.828
   6.402
   2.012
   1.922
   2.107
   1.009
   3.189
   1.674
   1.526
   1.674
   1.753
   2.206
   0.633
   5.804
   3.681
   2.206
   3.674
   2.107
   6.725
   2.653
   2.107
   1.009
   0.963
   1.106
   2.424
   1.276
   3.099
   2.919
   1.458
   1.046
   2.012
   1.458
   1.330
   3.969
   1.835
   0.963
   1.392
   1.458
   2.533
   3.090
   7.339
   9.663
  12.630
   1.835
   3.639
   3.046
   1.158
   7.982
   6.949
   2.310
   1.526
   4.352
   0.963
   2.533
   4.610
   1.598
   1.106
   4.865
   3.497
   0.790
   1.392
   1.674
   1.392
   3.834
   1.922
   2.206
   3.046
   1.056
   1.270
   1.201
   1.392
   1.213
   1.330
   5.804
   2.778
   2.415
   2.533
   3.340
   2.940
   3.265
   2.310
   2.653
   1.270
   1.213
   1.056
   4.500
   2.098
   2.653
   4.558
   4.238
   2.556
   2.012
   1.106
   4.827
   3.797
   1.835
   1.330
   5.676
   1.056
   5.293
   3.705
   1.158
   4.110
   1.835
   2.107
   2.268
   1.213
   2.107
   1.674
   8.221
   2.075
   1.859
   1.674
   0.963
   1.458
   0.527
   1.207
   1.270
   1.835
   2.778
   4.078
   0.572
   0.854
   9.510
   1.835
   1.526
   1.526
   4.610
   4.204
   2.888
   4.806
   1.158
   2.012
   1.158
   2.310
   2.858
   1.598
   2.310
   4.070
   1.835
   1.270
   1.213
   1.330
   1.106
   1.106
   1.458
   2.419
   1.674
   6.519
   1.674
   1.158
   3.495
   9.012
   1.674
   2.129
   4.070
   2.339
   1.526
   2.676
   3.834
   1.158
   0.731
   0.920
   4.402
   4.242
   2.206
   2.107
   3.340
   2.909
   2.579
   1.458
   3.014
   3.189
   1.922
   8.320
   2.909
   1.342
   1.330
   5.520
   1.753
   1.270
   0.801
   6.395
   1.056
   4.615
   2.419
   2.778
   2.222
   1.598
   1.526
  13.671
   3.736
   1.753
   1.392
   2.012
   1.213
   1.753
   4.610
   4.376
   2.772
   1.920
   1.598
   0.816
   4.814
   3.234
   2.012
   1.235
   2.981
   1.270
   0.839
   1.158
   3.046
   1.458
   1.106
   1.330
   0.654
   1.270
   1.009
   2.778
   1.835
   0.801
   2.778
   1.933
   2.080
   1.213
   0.580
   2.287
   5.527
   1.392
   1.158
   1.526
   2.107
   1.526
   0.878
   0.887
   1.526
   1.270
   1.270
   1.392
  10.232
   1.526
   1.106
   1.458
   1.835
   9.122
   1.674
   3.662
   2.147
   5.666
   9.347
   6.670
   1.526
   1.598
   1.213
   2.310
   2.012
   2.778
   3.797
   1.458
   5.738
   2.533
   1.270
   6.982
   5.316
   1.598
   1.598
   3.340
   2.310
   1.330
   1.922
   1.270
   1.922
   1.835
   1.392
   4.167
   1.665
   2.778
   2.147
   1.922
   1.270
   1.158
   1.835
   3.919
   4.204
   1.835
   1.158
   1.598
   2.206
   1.922
   2.419
   3.228
   2.206
   1.061
   1.598
   1.753
   1.922
   1.270
   3.662
   4.825
   2.012
   1.526
   1.526
   1.101
   3.183
   2.493
   2.206
   1.392
   1.142
   1.922
   1.056
   0.734
   5.133
   2.608
   3.314
   2.533
   4.157
   2.533
   2.593
   1.330
   1.009
   1.009
   4.436
   2.533
   1.526
   6.621
   1.458
   7.981
   4.538
   6.663
   4.402
   1.753
   1.392
   1.106
   1.106
   0.920
   1.270
   1.066
   5.778
   1.213
   1.158
   4.366
  10.535
   1.213
   3.142
   1.835
   1.392
   6.663
   7.463
   0.878
   4.204
   2.112
   3.813
   5.098
   1.753
   2.206
   1.922
   1.213
   6.939
   4.610
   3.340
   1.330
   0.839
   6.345
   2.310
   1.922
   1.526
   1.753
   1.213
   5.975
   3.457
   5.391
   1.753
   1.213
   5.499
   3.189
   1.753
   1.386
   0.820
   7.370
   2.310
   1.330
   0.920
   1.392
   1.213
   1.753
   1.835
   1.213
   0.920
   0.839
   6.819
   2.511
   1.213
   5.090
   4.827
   5.499
   5.665
   3.340
   0.963
   5.503
   2.835
   1.913
   2.310
   2.310
   1.458
   1.132
   0.963
   1.330
   1.158
   5.255
   5.411
   2.653
   1.829
   1.674
   1.835
   1.458
   2.647
   2.206
   1.753
   2.909
   1.158
   4.304
   2.778
   2.653
   3.139
   4.340
   2.206
   3.340
   4.285
   1.526
   1.753
   1.562
  12.404
   1.213
   1.551
   1.458
   1.106
   3.189
   1.330
   3.046
   1.526
   0.941
   1.158
   0.963
   7.496
   6.502
   1.056
   7.836
   1.056
   1.213
   5.232
   1.270
   1.158
   1.009
   2.310
   2.206
   1.598
   2.367
   6.571
   1.458
   6.086
   1.213
   1.270
   4.549
   3.958
   3.915
   1.598
   2.715
   0.839
   0.963
   3.347
   2.602
   1.458
   1.392
   0.986
   5.392
   2.107
   0.839
   2.533
   1.689
   0.920
   3.710
   0.963
   1.835
   7.621
   1.330
   1.330
   3.648
   4.390
   4.402
   1.009
   3.879
   5.400
   3.847
   1.270
   5.275
   1.330
   4.737
   6.219
   4.116
   1.458
   4.797
   2.533
   2.808
   1.643
   1.330
   6.293
   2.653
   6.346
   3.539
   1.392
   1.458
   2.533
   0.874
   0.916
   1.213
   6.875
   0.995
  10.653
   1.213
   1.270
   1.106
   1.106
   1.392
   1.598
   1.458
   4.215
   1.213
   6.395
   1.009
   1.330
   1.224
   2.808
   1.674
   1.213
   2.533
   1.056
   3.820
   1.598
   2.107
   0.724
   2.310
   6.634
   1.270
   2.310
   3.699
   2.653
   1.158
   1.213
   1.922
   1.526
   1.106
   2.084
   3.824
   5.301
   0.999
   3.341
   5.181
   1.526
   3.834
   4.204
   1.158
   1.458
   1.458
   1.218
   2.909
   1.802
   1.106
   1.158
   6.376
   1.009
   1.674
   1.458
   1.458
   1.598
   5.199
   1.056
   1.158
   1.674
   1.218
   5.055
   1.835
   3.662
   3.452
   2.107
   1.598
   2.012
   2.419
   0.552
   2.909
   1.526
   2.247
   1.458
   1.213
   2.107
   3.809
   2.926
   1.270
   1.158
   1.330
   1.607
   3.750
   3.511
   1.922
   3.340
   1.458
   1.526
   1.598
   1.598
   1.598
   1.458
   3.046
   2.310
   0.995
   1.458
   2.419
   4.827
   1.056
   3.046
   1.023
   2.653
   3.985
   1.270
   3.834
   0.862
   1.922
   1.213
   1.270
   4.059
   1.598
   1.330
   1.458
   2.107
   0.839
   4.610
   2.921
  10.085
   1.056
   3.854
   4.173
   8.703
   6.664
   0.878
   3.340
   1.330
   3.839
   1.106
   2.078
   7.396
   0.999
   3.340
   1.213
   5.795
   4.151
   3.427
   0.920
   2.107
   1.598
   3.189
   1.922
   1.392
   4.817
   3.662
   1.753
   6.977
   2.469
   3.644
   3.340
   2.877
   1.330
   1.526
   2.310
   2.419
   1.270
   4.546
   1.281
   0.685
   2.419
   1.056
   1.330
   2.107
   1.458
   1.323
   3.477
   1.392
  13.104
   1.753
   1.056
  10.085
   0.794
   3.340
   3.176
   2.206
   1.270
   2.061
   1.071
   3.028
   2.712
   1.213
   1.009
   2.206
   2.107
   2.012
   1.458
   3.777
   4.243
   6.363
   3.854
   1.213
   1.392
   1.213
   0.920
   1.835
   4.649
   2.220
   1.902
   0.963
   1.270
   3.662
   1.392
   7.437
   3.269
   2.653
   1.835
   1.213
   0.878
   5.260
   4.859
   5.230
   2.012
   1.968
   1.835
   3.441
   8.448
   2.693
   3.490
   1.526
   0.937
   2.653
   1.922
   6.212
   1.213
   4.450
   1.598
   1.330
   1.213
   1.330
   2.754
   3.847
   1.973
   9.576
   0.933
   1.753
   1.287
   2.828
   1.458
   1.235
   3.869
   0.839
   1.379
   1.835
   0.591
   3.573
   0.963
   5.468
   1.392
   1.027
   1.270
   1.158
   4.730
   1.106
   1.753
   1.213
   6.177
   1.213
   1.922
   1.674
   2.133
   0.717
   2.671
   2.012
   1.526
   5.827
   2.107
   2.310
   1.270
   5.005
   2.107
   1.526
   1.526
   1.270
   1.835
   0.714
   1.106
   4.136
   1.330
   0.698
   1.056
   1.922
   1.392
   4.877
   0.920
   4.134
   1.392
   1.753
   1.458
   3.662
   1.598
   0.657
   0.954
   1.526
   1.835
   1.399
   0.651
   1.835
   1.458
   0.839
   1.392
   5.055
   2.107
   1.526
   1.598
   1.674
   1.330
   0.946
   3.189
   1.598
   0.963
   2.653
   1.213
  10.049
   1.458
   1.158
   1.056
   1.392
   3.497
   1.458
   3.615
   1.598
   1.270
   0.977
   2.206
   1.753
   1.598
   3.704
   4.580
   5.074
   2.974
   1.598
   1.598
   3.823
   2.653
   1.330
   1.270
   1.330
   1.526
   1.106
   1.056
   0.920
   1.835
   2.310
   4.988
   4.058
   1.330
   1.674
   2.520
   1.270
   1.330
   1.598
   1.392
   1.674
   0.847
   3.661
   7.443
   0.963
   2.900
   3.398
   5.293
   1.519
   1.056
   1.598
   1.835
   0.878
   1.835
   0.920
   2.653
   1.392
   0.755
   1.753
   1.598
   1.598
   1.835
   5.293
   3.046
   2.419
   1.056
   1.213
   1.922
   1.458
   9.307
   6.363
   1.835
   2.310
   0.878
   1.158
   3.725
   2.778
   5.860
   1.330
   6.651
   4.810
   2.107
   1.235
   9.055
   1.106
   3.668
   1.330
   3.220
   1.009
   1.526
   1.753
   1.835
   1.158
   1.526
   2.654
   3.694
   1.598
   4.402
   1.270
   0.920
   1.270
   1.598
   1.032
   3.203
   2.206
   1.458
   4.924
   2.533
   2.592
   2.533
   2.419
   1.458
   3.380
   1.392
   7.700
   2.596
   1.835
   1.526
   1.526
   0.920
   1.018
   1.753
   4.708
   1.330
   1.548
   3.340
   3.189
   1.392
   1.698
   1.299
   4.125
   1.270
   4.955
   2.760
   4.156
   2.310
   3.149
   2.726
   0.907
   1.330
   3.376
   4.084
   2.012
   1.056
   4.395
   1.330
   1.598
   4.185
   7.787
   3.449
   1.330
   1.922
   4.563
   3.377
   1.009
   0.963
   3.046
   2.107
   1.616
   2.445
   1.153
   1.252
   2.206
   0.839
   1.213
   2.012
   1.213
   0.663
   1.526
   1.147
   1.526
   5.247
   3.501
   1.330
   2.653
   1.458
   2.653
   1.158
   1.056
   2.206
   1.330
   1.330
   3.721
   3.111
   3.046
   2.206
   1.330
   1.056
   0.963
   1.458
   1.213
   3.132
   5.293
   2.925
   3.066
   1.330
   2.285
   1.465
   0.669
   6.371
   1.213
   1.598
   1.330
   2.206
   4.405
   4.394
   2.107
   1.106
   1.922
   1.922
   2.270
   1.392
   3.046
   2.487
   0.963
   3.041
   5.121
   0.457
   5.164
   2.012
   1.106
   3.438
   0.645
   0.963
   1.392
   1.922
   1.392
   4.039
   1.158
   2.653
   1.853
   4.714
   1.270
   1.598
   2.533
   1.351
   5.804
   2.310
   0.765
   3.497
   2.179
   0.801
   2.310
   5.148
   4.827
   6.180
   1.937
   0.878
   2.206
   1.458
   0.801
   1.835
   1.169
   6.835
   2.533
   0.786
   1.158
   2.012
   1.458
   1.835
   2.107
   1.458
   0.731
   6.171
   1.270
   1.458
   2.830
   3.226
   2.408
  11.210
   1.674
   2.533
   1.598
   5.857
   4.570
   1.526
   1.101
   4.204
   3.497
   2.533
   1.526
   3.206
   1.674
   1.434
   1.056
   1.213
   4.639
   2.108
   3.741
   3.662
   6.758
   5.389
   2.310
   1.158
   2.419
   1.213
   1.392
   1.458
   0.765
   2.107
   2.310
   1.598
   1.526
   7.944
   2.419
   3.972
   2.653
   4.217
   4.751
   3.770
   1.526
   0.920
   1.835
   3.277
   6.363
   4.015
   4.475
   3.046
   2.107
   2.012
   1.056
   1.598
   1.056
   2.310
   4.604
   1.458
   1.009
   0.878
   4.827
   1.526
   1.458
   0.963
   1.051
   4.698
   3.189
   2.184
   3.340
   5.198
   2.909
   2.218
   4.222
   5.293
   3.340
   2.653
   2.148
   1.106
   0.744
   2.206
   2.310
   1.694
   1.330
   1.674
   0.963
   1.458
   5.718
   2.909
   1.330
   0.724
   1.330
   0.963
   1.674
   2.419
   1.106
   0.995
   3.715
   2.688
   1.458
   1.270
   1.330
   1.392
   2.310
   1.526
   1.674
   0.920
   1.076
   1.835
   2.107
   1.753
   6.077
   0.862
   1.056
   1.158
   2.653
   1.174
   3.189
   1.922
   3.499
   1.106
   2.012
   1.746
   8.125
   2.419
   3.189
   2.653
  12.946
   6.498
   8.532
   1.106
   1.360
   2.206
   2.907
   1.270
   1.674
   1.111
   5.859
   2.653
   1.004
   2.653
   2.747
   4.827
   1.598
   1.831
   3.046
   1.674
   1.270
   0.676
   5.913
   1.674
   1.213
   1.674
   2.533
   2.463
   1.922
   1.056
   1.009
   2.206
   1.674
   3.650
   2.912
   5.321
   6.519
   3.340
   1.158
   4.015
   2.419
   1.753
   1.526
   0.963
   3.340
   4.473
   1.392
   1.032
   3.486
   5.181
   1.598
   0.839
   4.030
   2.821
   0.920
   4.827
   5.051
   1.598
   1.392
   2.653
   4.157
   0.839
   1.458
   1.674
   1.392
   1.106
   0.963
   1.009
   3.497
   2.175
   1.826
   1.901
   1.674
   2.107
   2.653
   3.275
   1.674
   2.533
   5.503
   1.158
   1.392
   3.053
   2.533
   1.753
   3.497
   1.847
   1.330
   1.753
   1.674
   4.610
   1.270
   4.173
   3.186
   4.665
   1.330
   1.330
   1.922
   5.437
   2.206
   0.790
   2.012
   2.909
   1.835
   3.834
   4.197
   2.469
   0.920
   3.329
   1.458
   1.270
   5.451
   2.880
   0.981
   1.106
   1.009
   4.037
   2.578
   2.419
   9.467
   1.526
   1.330
   1.121
   1.835
   1.674
   1.392
   1.674
   1.674
   2.310
   1.270
   5.542
   6.363
   1.270
   2.012
   1.106
   0.839
   1.270
   0.963
   0.762
   4.015
   3.662
   1.598
   1.056
   4.220
   5.574
   3.805
   4.289
   1.330
   1.526
   1.056
   2.647
   1.330
   0.963
   1.526
   1.598
   2.653
   2.653
   2.862
   1.598
   5.185
   2.107
   2.012
   0.911
   3.621
   2.132
   1.071
   0.946
   1.997
   3.825
   4.402
   2.533
   2.107
   4.225
   3.747
   4.538
   1.458
   1.270
   3.007
   3.683
   2.653
   1.056
   0.963
   1.458
   3.160
   1.270
   1.213
   1.753
   3.046
   1.158
   3.497
   1.158
   0.801
   4.435
   1.056
   0.866
   1.861
   3.046
   1.598
   0.963
   0.642
   2.778
   1.598
   1.753
   1.270
   2.419
   1.922
   5.395
   1.835
   4.880
   2.778
   3.189
   1.526
   2.012
   1.213
   3.596
   3.578
   1.009
   1.270
   1.392
   1.270
   3.662
   1.106
   1.270
   1.458
   0.878
   2.419
   0.963
   1.883
   2.012
   1.330
   0.688
   2.107
   1.392
   1.753
   1.526
   1.904
   1.835
   1.056
   5.908
   0.878
   1.796
   2.653
   1.406
   1.009
   5.240
   1.392
   5.760
   2.012
   1.526
   1.270
   1.158
   1.009
   1.270
   1.526
   1.213
   1.056
   1.270
   2.206
   0.731
   1.753
   1.458
   6.315
   3.480
   3.957
   4.827
   1.674
   2.653
   1.458
   1.106
   2.930
   3.674
   1.840
   2.310
   1.056
   3.340
   4.031
   2.778
   2.909
   3.155
   2.909
   1.526
   4.607
   1.731
   4.250
   2.206
   4.963
   2.107
   1.674
   1.056
   2.206
   0.963
   0.878
   0.783
   3.210
   5.902
   1.056
   4.286
   1.311
   2.310
   3.401
   2.206
   2.485
   1.753
   3.080
   1.213
   1.835
   2.206
   3.475
   4.986
   1.158
   5.380
   1.922
   1.158
   5.484
   1.598
   1.835
   2.913
   2.206
   2.107
   3.148
   1.674
   1.392
   4.136
   0.765
   0.920
   3.168
   1.392
   2.206
   1.598
   1.786
   4.260
   2.653
   1.213
   3.046
   3.331
   2.956
   2.915
   4.204
   0.731
   2.653
   1.922
   4.297
   4.827
   2.206
   1.330
   0.809
   3.497
   2.310
   0.920
   3.873
   1.674
   3.107
   3.988
   2.012
   1.674
   1.458
   2.653
   4.910
   1.835
   5.055
   0.963
   3.834
   1.392
   0.878
   1.598
   0.839
   2.546
   2.533
   1.753
   1.106
   0.783
   3.744
   1.056
   2.778
   1.968
   0.765
   2.012
   1.392
   1.458
   0.801
   3.954
   2.012
   3.834
   2.814
   3.434
   2.338
   1.526
   1.392
   1.674
   1.753
   1.056
   2.206
   4.440
   1.330
   1.270
   1.922
   1.526
   1.330
   1.330
   4.153
   1.674
   1.330
   3.390
   2.419
   1.270
   2.419
   4.016
   2.426
   1.213
   2.234
   3.360
   3.174
   2.107
   2.085
   1.270
   2.870
   2.419
   3.705
   0.801
   1.086
   1.674
   2.012
   1.158
   0.920
   0.920
   3.563
   2.012
   3.046
   3.259
   3.672
   2.432
   1.213
   2.206
   2.107
   2.310
   5.660
   1.458
   4.053
   2.654
   1.753
   3.662
   2.419
   1.674
   1.835
   0.765
   4.286
   4.204
   3.631
   1.106
   3.751
   3.046
   2.995
   1.598
   7.651
   2.012
   2.690
   0.963
   2.653
   2.136
   1.270
   1.526
   0.920
   4.492
   2.778
   1.330
   3.429
   3.299
   2.012
   2.310
   3.658
   2.012
   2.448
   1.009
   4.034
   0.854
   1.330
   1.158
   1.758
   0.704
   1.835
   2.206
   3.213
   4.444
   2.188
   4.827
   1.753
   1.392
   0.636
   3.497
   2.012
   2.012
   1.526
   3.340
   1.270
   5.163
   3.340
   6.943
   1.213
   2.310
   1.270
   2.419
   0.839
   2.255
   3.387
   5.155
   1.458
   2.419
   2.653
   2.419
   1.056
   1.106
   2.909
   1.835
   5.304
   4.310
   1.270
   1.213
   1.674
   1.826
   2.310
   2.008
   3.596
   2.910
   0.765
   1.009
   3.241
   2.653
   1.213
   4.619
   3.546
   1.330
   3.096
   1.392
   1.458
   1.598
   0.963
   5.293
   2.653
   1.674
   6.714
   1.101
   2.014
   0.839
   0.899
   1.458
   3.848
   1.753
   0.666
   0.727
   5.806
   3.340
   3.548
   2.909
   1.056
   4.086
   1.835
   1.526
   0.963
   5.297
   1.056
   2.906
   2.012
   2.107
   2.778
   3.192
   3.734
   2.107
   4.195
   2.653
   1.753
   2.668
   1.330
   1.835
   3.189
   1.330
   2.310
   1.674
   3.818
   3.662
   1.526
   1.458
   1.458
   2.653
   1.392
   1.213
   1.066
   2.012
   1.940
   1.603
   1.158
   2.533
   1.835
   1.674
   2.778
   2.118
   2.012
   2.012
   1.458
   1.458
   4.204
   2.107
   1.106
   2.419
   3.204
   1.330
   3.307
   1.526
   5.697
   1.392
   1.598
   1.056
   5.542
   1.158
   2.107
   1.392
   1.213
   1.270
   1.106
   4.359
   2.556
   5.185
   1.213
   4.832
   1.485
   3.662
   2.474
   3.552
   2.921
   3.189
   4.204
   1.056
   4.908
   1.392
   4.359
   0.801
   1.270
   1.213
   2.760
   1.213
   1.458
   3.854
   2.653
   4.402
   1.106
   2.012
   1.598
   2.419
   0.972
   5.106
   1.674
   4.231
   2.653
   1.922
   2.107
   1.270
   5.376
   5.559
   1.835
   1.753
   1.526
   4.016
   3.603
   3.693
   1.158
   4.697
   1.753
   1.458
   2.778
   1.753
   1.330
   3.334
   1.637
   1.158
   6.285
   1.056
   1.213
   1.458
   1.330
   2.778
   1.056
   2.012
   1.392
   3.970
   2.420
   4.296
   3.046
   1.598
   2.909
   0.839
   2.219
   1.458
   1.526
   1.270
   2.653
   2.653
   1.526
   2.310
   1.392
   0.717
   5.470
   2.341
   1.207
   3.834
   4.080
   3.675
   2.458
   1.922
   2.107
   1.458
   5.804
   1.158
   3.871
   1.835
   2.846
   2.012
   0.963
   1.458
   1.598
   3.593
   1.392
   1.009
   1.158
   0.599
   5.241
   0.731
   0.878
   1.753
   2.419
   1.106
   1.213
   1.270
   0.891
   1.458
   1.106
   0.839
   2.778
   1.013
   1.922
   2.310
   1.753
   1.270
   1.213
   2.107
  18.355
   4.713
   1.674
   1.270
   1.076
   4.502
   1.598
   2.012
   3.497
   1.523
   3.189
   3.930
   1.106
   4.344
   4.812
   1.922
   1.213
   2.206
   1.753
   3.762
   1.174
   4.634
   2.012
   2.618
   1.270
   1.213
   1.224
   1.835
   2.653
   1.598
   1.674
   1.330
   1.458
   1.392
   2.533
   1.598
   5.075
   1.270
   3.592
   5.969
   1.392
   1.526
   2.778
   1.835
   3.388
   2.419
   3.340
   0.765
   0.963
   1.922
   1.009
   3.838
   1.753
   2.107
   1.674
   6.763
   2.533
   4.118
   2.419
   3.206
   1.674
   3.888
   1.674
   5.156
   3.637
   1.056
   2.047
   3.889
   1.106
   1.392
   1.009
   5.663
   2.409
   1.526
   1.330
   1.392
   1.158
   2.653
   3.280
   1.392
   1.526
   1.835
