2455000.5
(6(1x,e22.16))
5
 0.2959139791414997E-03
     0.0000000000000000     0.0000000000000000     0.0000000000000000     0.0000000000000000     0.0000000000000000     0.0000000000000000
 0.2825345909524226E-06
     5.2806             0.065             0.0510652959          57.3078854859889759   299.6354220849266881   306.9537715874580499
 0.8459715185680659E-07                        
     8.825             0.08             0.3882249892         327.0350022847305809   106.2342330920600375    74.8463001685905454
 0.1292024916781969E-07                        
     18.4479             0.06             0.1189679950         219.8554988824076588   294.5755487322358590   181.6289613545142458
 0.1524358900784276E-07                        
     28.0691             0.02             0.2943209708         180.4214283229735543   177.2433427990481221   310.2421238918032032

