5
 0.2959139791414997E-03
 0.0000000000000000E+00 0.0000000000000000E+00 0.0000000000000000E+00
 0.0000000000000000E+00 0.0000000000000000E+00 0.0000000000000000E+00
 0.2825345909524226E-06
 -.3969944098314505E+01 -.3620910482982731E+01 -.3000958721947178E-01
 0.5112434306064422E-02 -.5213266661830371E-02 0.1072305184633739E-04
 0.8459715185680659E-07
 -.1549510625011582E+01 -.9942938781624717E+01 0.6918096257317266E-01
 0.5224972716544317E-02 -.7863795192789806E-03 -.7791681778603749E-04
 0.1292024916781969E-07
 0.1939151627445006E+02 0.4327725636716874E+01 0.3492307247776573E+00
 -.9348941230055070E-03 0.3667418464367751E-02 0.1211394787787556E-04
 0.1524358900784276E-07
 0.2523940911417605E+02 -.1610412548033966E+02 0.1880257870555203E+00
 0.1681845237759280E-02 0.2665779857920047E-02 -.3479492046703140E-04
