20
-1
1
  0.10469482   0.81141195   0.57502143  2.96613378e-04
  0.43711628  -0.35377692   0.82690462  1.49167537e-04
 -0.28917781   0.93162699   0.22010759  4.60507662e-04
 -0.57660914  -0.73936513  -0.34765083  3.09318387e-04
  0.86733596  -0.14885002   0.47494420  4.82089207e-04
  0.98327236  -0.02948694   0.17973866  3.39292521e-04
  0.85337702   0.50907470   0.11220792  3.49876299e-04
  0.44579392   0.42907952   0.78559439  4.35335302e-04
 -0.54289098  -0.04303746  -0.83869969  1.81599027e-04
 -0.81839559   0.56817333  -0.08606817  2.50239988e-04
  0.52394331   0.78225785   0.33698080  2.61542008e-04
 -0.71166823  -0.69939017   0.06619458  2.95285760e-04
 -0.61707414  -0.38615181  -0.68564297  1.81227237e-04
  0.13806005   0.42896308  -0.89270942  5.03176552e-04
  0.77726612   0.16741955   0.60648832  1.96549987e-04
  0.83525348   0.37932938  -0.39807142  3.99660566e-04
  0.06498944   0.76698121   0.63836996  2.30860427e-04
  0.30654516  -0.32563320  -0.89442332  2.26604362e-04
  0.72420431  -0.65273121   0.22241872  2.00219263e-04
  0.51665989   0.46289293  -0.72027265  2.23880192e-04
