20
 -1.1407996218300525E+00 -2.3170985309886123E+00 3.8420614944644871E-01
 8.8781640320915785E-03 -5.7693860417670174E-03 -1.6646765092388530E-03
0
0.0
 -1.1407996218300525E+00 -2.3170985309886123E+00 3.8420614944644871E-01
 8.8164687393749528E-03 -5.8396002989615572E-03 -1.6459009156705191E-03
0
0.0
 -1.1407996218300525E+00 -2.3170985309886123E+00 3.8420614944644871E-01
 8.6943436146022721E-03 -5.8889927270940308E-03 -1.6054252401989098E-03
0
0.0
 -1.1407996218300525E+00 -2.3170985309886123E+00 3.8420614944644871E-01
 8.8228018575235070E-03 -5.9589063778225718E-03 -1.5447198474701487E-03
0
0.0
 -1.1407996218300525E+00 -2.3170985309886123E+00 3.8420614944644871E-01
 8.6028821112443359E-03 -6.0382975260800673E-03 -1.5404247875766570E-03
0
0.0
 -1.1407996218300525E+00 -2.3170985309886123E+00 3.8420614944644871E-01
 8.6970731678868134E-03 -5.9043120406306170E-03 -1.4095846200180020E-03
0
0.0
 -1.1407996218300525E+00 -2.3170985309886123E+00 3.8420614944644871E-01
 8.8970873850375103E-03 -5.9017855654724845E-03 -1.6969604841292176E-03
0
0.0
 -1.1407996218300525E+00 -2.3170985309886123E+00 3.8420614944644871E-01
 8.7169521645875953E-03 -5.7840098769311628E-03 -1.6702712572455693E-03
0
0.0
 -1.1407996218300525E+00 -2.3170985309886123E+00 3.8420614944644871E-01
 8.8252869459928274E-03 -5.9788410155046665E-03 -1.4657516372532230E-03
0
0.0
 -1.1407996218300525E+00 -2.3170985309886123E+00 3.8420614944644871E-01
 8.8345464790396226E-03 -5.7957024157119690E-03 -1.5295602424967847E-03
0
0.0
 -1.1407996218300525E+00 -2.3170985309886123E+00 3.8420614944644871E-01
 9.0204224722557590E-03 -5.8218130578557292E-03 -1.5006231506231617E-03
0
0.0
 -1.1407996218300525E+00 -2.3170985309886123E+00 3.8420614944644871E-01
 8.8154408132430744E-03 -5.8771010192633279E-03 -1.6793510102862969E-03
0
0.0
 -1.1407996218300525E+00 -2.3170985309886123E+00 3.8420614944644871E-01
 8.6625847131688340E-03 -5.8645506799079707E-03 -1.8485346757753766E-03
0
0.0
 -1.1407996218300525E+00 -2.3170985309886123E+00 3.8420614944644871E-01
 8.9525169790544718E-03 -5.9360840543113179E-03 -1.6753552236924167E-03
0
0.0
 -1.1407996218300525E+00 -2.3170985309886123E+00 3.8420614944644871E-01
 8.7587102460091014E-03 -5.9095427124209376E-03 -1.5718591429751141E-03
0
0.0
 -1.1407996218300525E+00 -2.3170985309886123E+00 3.8420614944644871E-01
 8.7290525411867249E-03 -5.8710653340592056E-03 -1.4902636708695224E-03
0
0.0
 -1.1407996218300525E+00 -2.3170985309886123E+00 3.8420614944644871E-01
 8.7933018672711125E-03 -6.0109178706451482E-03 -1.6828668050510246E-03
0
0.0
 -1.1407996218300525E+00 -2.3170985309886123E+00 3.8420614944644871E-01
 8.7529776565796191E-03 -5.7580556817712842E-03 -1.7201146533350462E-03
0
0.0
 -1.1407996218300525E+00 -2.3170985309886123E+00 3.8420614944644871E-01
 9.1184326301508179E-03 -5.8276439267031781E-03 -1.6130236504591268E-03
0
0.0
 -1.1407996218300525E+00 -2.3170985309886123E+00 3.8420614944644871E-01
 8.8744968385710485E-03 -5.8131636045711246E-03 -1.7009060401429251E-03
0
0.0
