20
-1
1
 -0.73959702   0.67124882  -0.04920642  2.97831759e-04
  0.52595363   0.33354807   0.78238000  5.82774136e-04
  0.46719572   0.47608636   0.74503016  1.49475498e-04
 -0.31463712   0.55336590   0.77122608  2.07066875e-04
 -0.16883451   0.12332363   0.97789887  2.50446582e-04
  0.95975318  -0.15329706   0.23531649  8.43115714e-04
  0.31573984   0.93832310  -0.14091885  2.21082257e-04
 -0.97000692  -0.18813293  -0.15392394  1.83787480e-04
 -0.61019399   0.79225159  -0.00084849  3.71396266e-04
  0.29873934   0.94669999   0.12047382  1.46880175e-04
  0.53523108   0.63372252  -0.55850108  3.29098151e-04
 -0.01602783  -0.53524308   0.84454601  2.56111478e-04
 -0.37571070  -0.08141545   0.92315383  7.62381695e-04
 -0.77205543   0.35935815  -0.52420620  1.60150866e-04
  0.31867102  -0.81879717   0.47751437  2.64123850e-04
  0.34097820  -0.78855286  -0.51177950  4.02453720e-04
  0.58155394  -0.35504590  -0.73194086  3.26163416e-04
 -0.31930437   0.94595934   0.05661847  1.85024524e-04
 -0.89927638   0.21179798  -0.38267950  3.21084783e-04
 -0.70103574  -0.65923529  -0.27195171  3.73596982e-04
