50
-1
1
 -0.11194793  -0.54604585   0.83024189  3.04758861e-04
  0.02245887   0.86375856  -0.50340515  2.33661672e-04
  0.91808732  -0.32191157   0.23127606  1.52630116e-04
  0.15360384  -0.06606369  -0.98592162  1.62314339e-04
  0.02275499  -0.61332163   0.78950541  3.66676378e-04
  0.49709370   0.35695917   0.79087167  1.72564701e-04
 -0.39976135   0.38763298  -0.83062118  3.06930665e-04
  0.98550853   0.07016193   0.15443520  2.59991028e-04
 -0.93438918  -0.32052078  -0.15550975  2.27153962e-04
 -0.66427727  -0.61300744   0.42773542  1.60422912e-04
  0.25029632  -0.96071464  -0.11991301  1.56380116e-04
  0.69259728   0.69898950   0.17810863  3.60907056e-04
 -0.17024046   0.97031075   0.17179999  3.55886212e-04
 -0.67485659  -0.72177218   0.15366687  2.94885049e-04
 -0.99562052   0.02072352   0.09116093  5.63983020e-04
 -0.26656238   0.52743899  -0.80669239  8.02033140e-04
 -0.97425936   0.02683607  -0.22382699  2.03791341e-04
 -0.42864455  -0.60427476  -0.67165160  4.33967031e-04
 -0.87477186   0.46003633  -0.15212092  3.56031602e-04
  0.74740843  -0.46828951  -0.47125956  1.94780603e-04
  0.07050011  -0.82980729  -0.55357890  1.70605911e-04
  0.02183854   0.71567001  -0.69809707  3.41376373e-04
 -0.26075689  -0.23660644  -0.93596113  2.29078679e-04
  0.78154919   0.26698454   0.56382631  5.39676150e-04
  0.57739293  -0.54200215   0.61061532  2.42354470e-04
 -0.60967411   0.69276595   0.38519193  3.85754887e-04
  0.68317719  -0.65403206   0.32482457  2.74096910e-04
  0.62735432   0.54320272  -0.55799405  2.40553358e-04
  0.02777122  -0.33804592  -0.94071979  1.94763298e-04
  0.63193792   0.51510237   0.57907169  2.58657878e-04
  0.09183738   0.06630742  -0.99356390  2.30738852e-04
  0.70684018   0.14367331  -0.69262900  4.87569676e-04
  0.52876963   0.75297835  -0.39169668  1.83871189e-04
 -0.57535812   0.29663157  -0.76221568  1.69548118e-04
 -0.19711529   0.98023903  -0.01664319  5.86345811e-04
 -0.76246923   0.53547640   0.36318824  7.15257692e-04
  0.46074908   0.68485176  -0.56452489  1.80248258e-04
 -0.17590388   0.21444096   0.96076683  1.91523684e-04
 -0.84049652  -0.03734785  -0.54052821  6.25062219e-04
 -0.01007595  -0.99464086  -0.10289817  1.80530919e-04
  0.88508537   0.39222883  -0.25056022  4.18298633e-04
  0.40098313  -0.88756554   0.22680375  4.23738101e-04
  0.69705943  -0.63946497  -0.32433424  2.74340332e-04
  0.84081876  -0.46750648   0.27287634  1.81132926e-04
 -0.28463607  -0.06390430  -0.95650329  2.30336777e-04
  0.92105955   0.05021028   0.38617124  5.16794325e-04
  0.65025538  -0.75840744   0.04456556  1.60564032e-04
  0.89598284  -0.38601967  -0.21955310  6.19576028e-04
 -0.81382851  -0.38986809   0.43091302  3.54274367e-04
 -0.22316203  -0.14400481  -0.96408575  4.59974844e-04
