50
 -1.1407996218300525E+00 -2.3170985309886123E+00 3.8420614944644871E-01
 8.7712225290085405E-03 -5.9914168373514905E-03 -1.6376808627391818E-03
0
0.0
 -1.1407996218300525E+00 -2.3170985309886123E+00 3.8420614944644871E-01
 8.8364804625486078E-03 -5.9038262079019561E-03 -1.7566371323496346E-03
0
0.0
 -1.1407996218300525E+00 -2.3170985309886123E+00 3.8420614944644871E-01
 8.8094398850473259E-03 -5.8884345791525650E-03 -1.6947022417225230E-03
0
0.0
 -1.1407996218300525E+00 -2.3170985309886123E+00 3.8420614944644871E-01
 8.8056254229795343E-03 -5.8266212745840592E-03 -1.7074263729966066E-03
0
0.0
 -1.1407996218300525E+00 -2.3170985309886123E+00 3.8420614944644871E-01
 8.8334425414736302E-03 -5.9446770166715250E-03 -1.5929531602620253E-03
0
0.0
 -1.1407996218300525E+00 -2.3170985309886123E+00 3.8420614944644871E-01
 8.7290792064075445E-03 -5.8201865032341598E-03 -1.5129769014992109E-03
0
0.0
 -1.1407996218300525E+00 -2.3170985309886123E+00 3.8420614944644871E-01
 8.7543891395624202E-03 -6.1396997597481196E-03 -1.6180781001135982E-03
0
0.0
 -1.1407996218300525E+00 -2.3170985309886123E+00 3.8420614944644871E-01
 8.7962826029037971E-03 -5.9506782602125989E-03 -1.7086360427443163E-03
0
0.0
 -1.1407996218300525E+00 -2.3170985309886123E+00 3.8420614944644871E-01
 8.7820117978133997E-03 -5.9186184629528207E-03 -1.6225536690542748E-03
0
0.0
 -1.1407996218300525E+00 -2.3170985309886123E+00 3.8420614944644871E-01
 8.8362274355515760E-03 -5.8086149184146483E-03 -1.5810617205856529E-03
0
0.0
 -1.1407996218300525E+00 -2.3170985309886123E+00 3.8420614944644871E-01
 8.7755168397118041E-03 -5.9022611413139707E-03 -1.5908769699100895E-03
0
0.0
 -1.1407996218300525E+00 -2.3170985309886123E+00 3.8420614944644871E-01
 8.7943755738863257E-03 -5.9185489272444401E-03 -1.5162559912487521E-03
0
0.0
 -1.1407996218300525E+00 -2.3170985309886123E+00 3.8420614944644871E-01
 8.6474408016069364E-03 -5.9978412145194077E-03 -1.6184454144024234E-03
0
0.0
 -1.1407996218300525E+00 -2.3170985309886123E+00 3.8420614944644871E-01
 8.7729554476985768E-03 -6.0746655260627861E-03 -1.6224349168933866E-03
0
0.0
 -1.1407996218300525E+00 -2.3170985309886123E+00 3.8420614944644871E-01
 8.6756703214797091E-03 -6.1678934571271901E-03 -1.5157583805592994E-03
0
0.0
 -1.1407996218300525E+00 -2.3170985309886123E+00 3.8420614944644871E-01
 8.8133453934275321E-03 -6.1569878675271040E-03 -1.6483411562031604E-03
0
0.0
 -1.1407996218300525E+00 -2.3170985309886123E+00 3.8420614944644871E-01
 8.7286059764556806E-03 -5.8531011950500164E-03 -1.6004886219397874E-03
0
0.0
 -1.1407996218300525E+00 -2.3170985309886123E+00 3.8420614944644871E-01
 8.7599727166969010E-03 -5.7735507854893469E-03 -1.9375187619192567E-03
0
0.0
 -1.1407996218300525E+00 -2.3170985309886123E+00 3.8420614944644871E-01
 8.8836420327660197E-03 -6.0385705651473682E-03 -1.4948582022118995E-03
0
0.0
 -1.1407996218300525E+00 -2.3170985309886123E+00 3.8420614944644871E-01
 9.0281742268469561E-03 -5.9468726460717540E-03 -1.7953421874119981E-03
0
0.0
 -1.1407996218300525E+00 -2.3170985309886123E+00 3.8420614944644871E-01
 8.9263500812979540E-03 -5.6788316157254347E-03 -1.7215576464447407E-03
0
0.0
 -1.1407996218300525E+00 -2.3170985309886123E+00 3.8420614944644871E-01
 8.8172425427133286E-03 -5.7679755726043544E-03 -1.6340556117116775E-03
0
0.0
 -1.1407996218300525E+00 -2.3170985309886123E+00 3.8420614944644871E-01
 8.5893860666824973E-03 -6.1584301980201440E-03 -1.5261471738658176E-03
0
0.0
 -1.1407996218300525E+00 -2.3170985309886123E+00 3.8420614944644871E-01
 8.9683057087598817E-03 -5.8752329323457668E-03 -1.7013196613980919E-03
0
0.0
 -1.1407996218300525E+00 -2.3170985309886123E+00 3.8420614944644871E-01
 8.8408136013160103E-03 -5.9043195275321186E-03 -1.5045630732788279E-03
0
0.0
 -1.1407996218300525E+00 -2.3170985309886123E+00 3.8420614944644871E-01
 8.7484343258973831E-03 -5.9369259091600129E-03 -1.5189695814397820E-03
0
0.0
 -1.1407996218300525E+00 -2.3170985309886123E+00 3.8420614944644871E-01
 8.8855617260477984E-03 -5.9892730101307043E-03 -1.4951057978212267E-03
0
0.0
 -1.1407996218300525E+00 -2.3170985309886123E+00 3.8420614944644871E-01
 8.8129321886517200E-03 -5.9456360864587488E-03 -1.6158754048173996E-03
0
0.0
 -1.1407996218300525E+00 -2.3170985309886123E+00 3.8420614944644871E-01
 8.8105035685735536E-03 -5.7610750918167053E-03 -1.5101620022580154E-03
0
0.0
 -1.1407996218300525E+00 -2.3170985309886123E+00 3.8420614944644871E-01
 8.6011919896336365E-03 -5.7389284432770487E-03 -1.4971981582987137E-03
0
0.0
 -1.1407996218300525E+00 -2.3170985309886123E+00 3.8420614944644871E-01
 8.5717074801784331E-03 -6.1211580400617428E-03 -1.7675100383528638E-03
0
0.0
 -1.1407996218300525E+00 -2.3170985309886123E+00 3.8420614944644871E-01
 8.6881799941188886E-03 -5.9646278866022206E-03 -1.5155699595052255E-03
0
0.0
 -1.1407996218300525E+00 -2.3170985309886123E+00 3.8420614944644871E-01
 8.7239674652199155E-03 -5.8543613764801602E-03 -1.6414568560091090E-03
0
0.0
 -1.1407996218300525E+00 -2.3170985309886123E+00 3.8420614944644871E-01
 8.6000976279617686E-03 -5.7101382081547634E-03 -1.7201020019054301E-03
0
0.0
 -1.1407996218300525E+00 -2.3170985309886123E+00 3.8420614944644871E-01
 8.8020173064126787E-03 -5.8850577021267907E-03 -1.5514176428037840E-03
0
0.0
 -1.1407996218300525E+00 -2.3170985309886123E+00 3.8420614944644871E-01
 8.6823715533376044E-03 -5.9281651150703864E-03 -1.6375329182024899E-03
0
0.0
 -1.1407996218300525E+00 -2.3170985309886123E+00 3.8420614944644871E-01
 8.7503133394663934E-03 -5.7562830767194538E-03 -1.3665430175530831E-03
0
0.0
 -1.1407996218300525E+00 -2.3170985309886123E+00 3.8420614944644871E-01
 8.9417201703893227E-03 -5.7754877186998281E-03 -1.3905328195583744E-03
0
0.0
 -1.1407996218300525E+00 -2.3170985309886123E+00 3.8420614944644871E-01
 8.8586819327093301E-03 -6.2156587009934089E-03 -1.7629987809692680E-03
0
0.0
 -1.1407996218300525E+00 -2.3170985309886123E+00 3.8420614944644871E-01
 8.7167331616402541E-03 -6.0431148460042203E-03 -1.6420554247319390E-03
0
0.0
 -1.1407996218300525E+00 -2.3170985309886123E+00 3.8420614944644871E-01
 8.6728389391849021E-03 -5.6889626116405755E-03 -1.6220665956888963E-03
0
0.0
 -1.1407996218300525E+00 -2.3170985309886123E+00 3.8420614944644871E-01
 8.7751466673464847E-03 -5.7054172038047534E-03 -1.7927236898221404E-03
0
0.0
 -1.1407996218300525E+00 -2.3170985309886123E+00 3.8420614944644871E-01
 8.7737390089797709E-03 -5.8529685840194440E-03 -1.5756507426396625E-03
0
0.0
 -1.1407996218300525E+00 -2.3170985309886123E+00 3.8420614944644871E-01
 8.7575983699101079E-03 -6.0342108450070070E-03 -1.6765015968440863E-03
0
0.0
 -1.1407996218300525E+00 -2.3170985309886123E+00 3.8420614944644871E-01
 8.7146957865620756E-03 -6.1513619230605500E-03 -1.8533984450954020E-03
0
0.0
 -1.1407996218300525E+00 -2.3170985309886123E+00 3.8420614944644871E-01
 8.7958754132345229E-03 -5.8138666409838060E-03 -1.4226014521715902E-03
0
0.0
 -1.1407996218300525E+00 -2.3170985309886123E+00 3.8420614944644871E-01
 8.7637186685636786E-03 -5.9197533585158531E-03 -1.5321881004372773E-03
0
0.0
 -1.1407996218300525E+00 -2.3170985309886123E+00 3.8420614944644871E-01
 8.8801598274890290E-03 -5.7253930862259635E-03 -1.4243309574494239E-03
0
0.0
 -1.1407996218300525E+00 -2.3170985309886123E+00 3.8420614944644871E-01
 8.8760149712582073E-03 -5.7958699305881364E-03 -1.4392724117818769E-03
0
0.0
 -1.1407996218300525E+00 -2.3170985309886123E+00 3.8420614944644871E-01
 8.9161190026761771E-03 -5.9307537998868195E-03 -1.6798572834934970E-03
0
0.0
