50
-1
1
  0.03500643  -0.19867906   0.97943922  2.60611509e-04
  0.67816751   0.35738141  -0.64215836  2.36939272e-04
 -0.77736801  -0.29772784  -0.55412734  1.54812684e-04
  0.13817563   0.98223363  -0.12698262  5.88019895e-04
  0.85038030   0.18955419   0.49083862  1.62120527e-04
 -0.43747557   0.85986741   0.26314096  2.92359726e-04
  0.42431352   0.90019430   0.09802167  2.07250665e-04
 -0.61440938  -0.39985268   0.68016098  4.12200854e-04
 -0.61897818   0.25523782  -0.74277834  1.72675393e-04
  0.81803059  -0.54213367  -0.19213807  1.71254770e-04
 -0.11847596   0.85125763   0.51119849  5.34071484e-04
  0.44487476  -0.56620675   0.69389939  3.76821534e-04
  0.42239815  -0.89540902   0.14079234  2.23139780e-04
  0.88712014   0.02326545   0.46095182  6.51207933e-04
 -0.90028358  -0.28073095   0.33268544  1.71421852e-04
 -0.44443576   0.06841017  -0.89319477  4.06021460e-04
  0.32481083   0.84121359   0.43227031  2.07996767e-04
  0.25364091  -0.57230787  -0.77982690  2.48016766e-04
  0.66139422  -0.45707998  -0.59467266  3.12447774e-04
 -0.96590593   0.22426899   0.12934124  2.48723644e-04
  0.59748190   0.12123059  -0.79266546  2.21937577e-04
 -0.57814104  -0.37764717   0.72328110  1.83643341e-04
 -0.12396783  -0.83922130  -0.52947104  4.52550291e-04
  0.18688386   0.90668820   0.37814140  2.56172841e-04
 -0.89033709   0.27905419   0.35976191  1.64213503e-04
 -0.41523035   0.43700416   0.79787914  2.56521668e-04
 -0.89133509   0.44649596   0.07850553  2.20485584e-04
 -0.72707265   0.65467686   0.20679355  3.77105150e-04
 -0.60901006  -0.79316249  -0.00009220  1.51608189e-04
  0.62376555   0.64905549  -0.43548077  1.45685227e-04
 -0.74526025  -0.47168539   0.47127492  1.55386414e-04
 -0.63948463   0.64641794  -0.41617694  3.90151185e-04
  0.28428785  -0.20573359   0.93640488  5.21894709e-04
  0.39459275   0.03143516  -0.91831824  2.11535457e-04
  0.22477719  -0.09496124  -0.96977192  2.13946823e-04
  0.27162856   0.69689148   0.66374708  3.66546334e-04
 -0.95639338  -0.01471814   0.29171061  3.77810350e-04
  0.83753649   0.47983600   0.26132364  1.49923143e-04
 -0.22284120   0.39461234   0.89141623  4.31229745e-04
 -0.87368406  -0.47667657  -0.09723998  2.54932535e-04
  0.72368809   0.67685122   0.13471446  2.91806747e-04
  0.14321973   0.94158227  -0.30481295  5.32953500e-04
  0.33074545  -0.69884438  -0.63421130  1.67007429e-04
  0.24686990  -0.40122844  -0.88208333  3.04525650e-04
 -0.66215773  -0.67175617   0.33210058  5.28369514e-04
 -0.88745118   0.10328430   0.44918010  1.46853991e-04
  0.97220231   0.15723473   0.17349326  4.77850363e-04
  0.87011089   0.19467404  -0.45277926  7.06005972e-04
 -0.54415360   0.79039084  -0.28138794  1.55059633e-04
  0.15765448  -0.38684708   0.90856723  2.00196836e-04
