20
 -1.1407996218300525E+00 -2.3170985309886123E+00 3.8420614944644871E-01
 8.8071644214762230E-03 -6.0408177687945128E-03 -1.7921113753873300E-03
0
0.0
 -1.1407996218300525E+00 -2.3170985309886123E+00 3.8420614944644871E-01
 8.7790023359841200E-03 -6.0381730461741825E-03 -1.4566871307758436E-03
0
0.0
 -1.1407996218300525E+00 -2.3170985309886123E+00 3.8420614944644871E-01
 8.8203157184174666E-03 -5.7332998318466799E-03 -1.6718958380774146E-03
0
0.0
 -1.1407996218300525E+00 -2.3170985309886123E+00 3.8420614944644871E-01
 8.7680732232360177E-03 -6.0407996832581665E-03 -1.6152825025112097E-03
0
0.0
 -1.1407996218300525E+00 -2.3170985309886123E+00 3.8420614944644871E-01
 8.5740330177275503E-03 -5.9236041227624719E-03 -1.4852358905670250E-03
0
0.0
 -1.1407996218300525E+00 -2.3170985309886123E+00 3.8420614944644871E-01
 8.8305935752556793E-03 -5.9169681453212645E-03 -1.4165409643181969E-03
0
0.0
 -1.1407996218300525E+00 -2.3170985309886123E+00 3.8420614944644871E-01
 8.7840950148791921E-03 -6.1152486743940790E-03 -1.6754570860915158E-03
0
0.0
 -1.1407996218300525E+00 -2.3170985309886123E+00 3.8420614944644871E-01
 8.8590467016621821E-03 -5.9012427404443830E-03 -1.8659013342348890E-03
0
0.0
 -1.1407996218300525E+00 -2.3170985309886123E+00 3.8420614944644871E-01
 8.6480276313377485E-03 -5.7809859673147515E-03 -1.3746871295080519E-03
0
0.0
 -1.1407996218300525E+00 -2.3170985309886123E+00 3.8420614944644871E-01
 8.8764669562253016E-03 -5.9473468148032466E-03 -1.5730204105166392E-03
0
0.0
 -1.1407996218300525E+00 -2.3170985309886123E+00 3.8420614944644871E-01
 8.9038989057118687E-03 -5.7784370925958476E-03 -1.6472442277755800E-03
0
0.0
 -1.1407996218300525E+00 -2.3170985309886123E+00 3.8420614944644871E-01
 8.7883001602972310E-03 -5.8692101012307587E-03 -1.6525683297876409E-03
0
0.0
 -1.1407996218300525E+00 -2.3170985309886123E+00 3.8420614944644871E-01
 8.6515317966845955E-03 -5.8016778654865972E-03 -1.5732927240938433E-03
0
0.0
 -1.1407996218300525E+00 -2.3170985309886123E+00 3.8420614944644871E-01
 8.7117412515099104E-03 -5.9250893907302152E-03 -1.4824714497604695E-03
0
0.0
 -1.1407996218300525E+00 -2.3170985309886123E+00 3.8420614944644871E-01
 8.6677135457730627E-03 -6.0188938306940448E-03 -1.7125753004063483E-03
0
0.0
 -1.1407996218300525E+00 -2.3170985309886123E+00 3.8420614944644871E-01
 8.6146642371511331E-03 -5.9549497233296802E-03 -1.7540948480576849E-03
0
0.0
 -1.1407996218300525E+00 -2.3170985309886123E+00 3.8420614944644871E-01
 8.9216501284678212E-03 -5.8702592704192938E-03 -1.6498211411601585E-03
0
0.0
 -1.1407996218300525E+00 -2.3170985309886123E+00 3.8420614944644871E-01
 8.7152807061807343E-03 -5.6422926627682475E-03 -1.6946401317451693E-03
0
0.0
 -1.1407996218300525E+00 -2.3170985309886123E+00 3.8420614944644871E-01
 8.7444772182915520E-03 -5.9773365788369486E-03 -1.5407618485211152E-03
0
0.0
 -1.1407996218300525E+00 -2.3170985309886123E+00 3.8420614944644871E-01
 8.8893392504543998E-03 -6.0378564928426602E-03 -1.6011227540432425E-03
0
0.0
