50
-1
1
  0.96053449   0.01616010   0.27769110  5.97217675e-04
  0.29496043  -0.89383061   0.33773537  1.81313692e-04
  0.59341759  -0.63324444  -0.49684710  1.70342965e-04
 -0.43472156   0.33949417  -0.83412282  7.91465862e-04
 -0.20260015   0.09580741  -0.97456355  7.08024206e-04
 -0.05881256   0.09584747  -0.99365706  2.48714556e-04
  0.91127179  -0.41076989   0.02918596  2.71702283e-04
  0.79520919   0.32906001  -0.50927581  1.89042343e-04
  0.45831360   0.88818949  -0.03268138  1.85527963e-04
 -0.18194976   0.32375012  -0.92848271  1.95613467e-04
 -0.38641218  -0.11498261   0.91513093  2.88601901e-04
  0.60804662  -0.77017459  -0.19264062  3.40002265e-04
 -0.36083706   0.89622951   0.25801022  5.52575635e-04
  0.35882553   0.90194284   0.24029844  3.33050766e-04
  0.53006457   0.51672383  -0.67233031  5.97477012e-04
  0.24996724  -0.71450439  -0.65345226  2.13456221e-04
  0.17348797   0.49841925  -0.84939989  1.90221891e-04
  0.98239728   0.18676945  -0.00357093  1.94031329e-04
 -0.55744515  -0.54275370  -0.62823031  1.86426616e-04
 -0.87384451  -0.46120445   0.15390329  2.79893258e-04
  0.39251149  -0.74479111   0.53964890  7.52222045e-04
  0.18375611   0.97932074  -0.08464384  1.48210121e-04
  0.95629495   0.15558503  -0.24757478  3.41180425e-04
  0.17641184  -0.88162748   0.43773490  2.08170386e-04
 -0.63714526  -0.16458792  -0.75296529  2.19927775e-04
  0.43740995  -0.81897452  -0.37142060  3.91048089e-04
  0.96735241  -0.21957627  -0.12655269  2.84906002e-04
  0.41178586   0.90542588  -0.10313285  1.55583954e-04
  0.75524620  -0.64673547   0.10647261  7.01182527e-04
 -0.28446398  -0.01137078   0.95861929  1.60060978e-04
  0.38379418   0.78244703   0.49038625  1.46952324e-04
 -0.02964851   0.97066731  -0.23859156  3.02267045e-04
 -0.47443494  -0.25615310   0.84219777  3.47041692e-04
  0.82661436  -0.50770514   0.24278425  3.66246586e-04
 -0.61029669  -0.17947775   0.77157352  2.30216124e-04
 -0.43895981  -0.77346690  -0.45723435  2.51637208e-04
  0.62211085  -0.61916178  -0.47918345  1.57574604e-04
 -0.37839355   0.47035573   0.79723510  7.18575215e-04
 -0.49745889  -0.47913741   0.72316112  5.13106634e-04
 -0.16251389  -0.02300648  -0.98643800  1.46523069e-04
  0.06100012   0.54002981   0.83943242  1.65774775e-04
  0.41050374   0.19730659  -0.89025659  5.92706409e-04
 -0.78247476  -0.59155495   0.19441190  3.90285968e-04
 -0.87520605   0.45233093   0.17149664  5.13420004e-04
  0.74330370  -0.46838210  -0.47761681  1.99195770e-04
  0.33344245   0.65237043  -0.68060925  8.56964547e-04
 -0.61239851  -0.52184838   0.59383695  2.46049601e-04
  0.68614683  -0.47120516  -0.55422759  3.64121089e-04
 -0.39666377   0.84320501   0.36285421  1.96460611e-04
 -0.02691616  -0.94272484   0.33248369  1.50156616e-04
