50
 -1.1407996218300525E+00 -2.3170985309886123E+00 3.8420614944644871E-01
 8.9208757272157407E-03 -6.1991378145400356E-03 -1.6280453007406445E-03
0
0.0
 -1.1407996218300525E+00 -2.3170985309886123E+00 3.8420614944644871E-01
 8.7138389053962942E-03 -5.7660076413287766E-03 -1.6297246923843963E-03
0
0.0
 -1.1407996218300525E+00 -2.3170985309886123E+00 3.8420614944644871E-01
 8.6996995993022207E-03 -5.9147652693715708E-03 -1.5040901938364055E-03
0
0.0
 -1.1407996218300525E+00 -2.3170985309886123E+00 3.8420614944644871E-01
 8.9574728052798386E-03 -5.9334608064479967E-03 -1.5173180499904850E-03
0
0.0
 -1.1407996218300525E+00 -2.3170985309886123E+00 3.8420614944644871E-01
 8.7567121823665800E-03 -6.0072191623819302E-03 -1.5442333421363539E-03
0
0.0
 -1.1407996218300525E+00 -2.3170985309886123E+00 3.8420614944644871E-01
 9.0071360740268044E-03 -5.7923873756994520E-03 -1.5630488154532900E-03
0
0.0
 -1.1407996218300525E+00 -2.3170985309886123E+00 3.8420614944644871E-01
 8.7780103244110130E-03 -5.9462700998851063E-03 -1.6262856406843082E-03
0
0.0
 -1.1407996218300525E+00 -2.3170985309886123E+00 3.8420614944644871E-01
 8.7095029542481293E-03 -5.9593939027927870E-03 -1.7174264894706519E-03
0
0.0
 -1.1407996218300525E+00 -2.3170985309886123E+00 3.8420614944644871E-01
 8.5305296088676284E-03 -5.9187360348048534E-03 -1.4648747476623599E-03
0
0.0
 -1.1407996218300525E+00 -2.3170985309886123E+00 3.8420614944644871E-01
 8.6824486399457168E-03 -5.9126925579316147E-03 -1.5614559488163239E-03
0
0.0
 -1.1407996218300525E+00 -2.3170985309886123E+00 3.8420614944644871E-01
 8.8714854306778130E-03 -5.7716958691014873E-03 -1.8162210974624637E-03
0
0.0
 -1.1407996218300525E+00 -2.3170985309886123E+00 3.8420614944644871E-01
 9.0056923737354792E-03 -5.9729500601298962E-03 -1.5900968094745848E-03
0
0.0
 -1.1407996218300525E+00 -2.3170985309886123E+00 3.8420614944644871E-01
 8.4690079372743577E-03 -5.9278134205625957E-03 -1.5286472901274374E-03
0
0.0
 -1.1407996218300525E+00 -2.3170985309886123E+00 3.8420614944644871E-01
 8.7518435106152086E-03 -6.0154196656404257E-03 -1.5875839101248714E-03
0
0.0
 -1.1407996218300525E+00 -2.3170985309886123E+00 3.8420614944644871E-01
 8.9759577173680848E-03 -5.8800426893488291E-03 -1.6107494061494234E-03
0
0.0
 -1.1407996218300525E+00 -2.3170985309886123E+00 3.8420614944644871E-01
 8.6906467954140747E-03 -6.0882510802753561E-03 -1.7072107921451661E-03
0
0.0
 -1.1407996218300525E+00 -2.3170985309886123E+00 3.8420614944644871E-01
 8.7923081764259316E-03 -5.8349530098012886E-03 -1.4912473036118490E-03
0
0.0
 -1.1407996218300525E+00 -2.3170985309886123E+00 3.8420614944644871E-01
 8.6746335530761276E-03 -5.7617829104303917E-03 -1.6393720757784391E-03
0
0.0
 -1.1407996218300525E+00 -2.3170985309886123E+00 3.8420614944644871E-01
 9.0031894321250961E-03 -5.8980995316777890E-03 -1.3911581565849490E-03
0
0.0
 -1.1407996218300525E+00 -2.3170985309886123E+00 3.8420614944644871E-01
 8.6958567211897469E-03 -5.8509875009870992E-03 -1.8319314944933696E-03
0
0.0
 -1.1407996218300525E+00 -2.3170985309886123E+00 3.8420614944644871E-01
 8.6437455159351240E-03 -5.9152524484381618E-03 -1.4419094804088211E-03
0
0.0
 -1.1407996218300525E+00 -2.3170985309886123E+00 3.8420614944644871E-01
 8.7466121157690653E-03 -5.8413435297566142E-03 -1.5905640381897084E-03
0
0.0
 -1.1407996218300525E+00 -2.3170985309886123E+00 3.8420614944644871E-01
 8.5452961507109359E-03 -6.0762102974733761E-03 -1.5134592932069188E-03
0
0.0
 -1.1407996218300525E+00 -2.3170985309886123E+00 3.8420614944644871E-01
 8.7425185005515996E-03 -5.8889645643500372E-03 -1.9209086874428646E-03
0
0.0
 -1.1407996218300525E+00 -2.3170985309886123E+00 3.8420614944644871E-01
 8.6702978893036711E-03 -5.7032293660474595E-03 -1.7903008160160591E-03
0
0.0
 -1.1407996218300525E+00 -2.3170985309886123E+00 3.8420614944644871E-01
 8.8743219569240757E-03 -5.8959803654672748E-03 -1.6556494146985035E-03
0
0.0
 -1.1407996218300525E+00 -2.3170985309886123E+00 3.8420614944644871E-01
 8.5728087156365894E-03 -6.1098053387645167E-03 -1.6298046734733280E-03
0
0.0
 -1.1407996218300525E+00 -2.3170985309886123E+00 3.8420614944644871E-01
 8.4790565776512571E-03 -5.9727572397013278E-03 -1.5045020401269354E-03
0
0.0
 -1.1407996218300525E+00 -2.3170985309886123E+00 3.8420614944644871E-01
 8.8301578721553062E-03 -6.2109167657698533E-03 -1.5591235651513657E-03
0
0.0
 -1.1407996218300525E+00 -2.3170985309886123E+00 3.8420614944644871E-01
 8.8983950921706478E-03 -6.0014917039911608E-03 -1.7912806716701534E-03
0
0.0
 -1.1407996218300525E+00 -2.3170985309886123E+00 3.8420614944644871E-01
 8.8617844466740391E-03 -6.1229029782748426E-03 -1.5978611633805091E-03
0
0.0
 -1.1407996218300525E+00 -2.3170985309886123E+00 3.8420614944644871E-01
 8.8575773759297267E-03 -5.6984025062809425E-03 -1.7754061095764425E-03
0
0.0
 -1.1407996218300525E+00 -2.3170985309886123E+00 3.8420614944644871E-01
 8.7639229664915382E-03 -5.9067085763408154E-03 -1.9356720935377980E-03
0
0.0
 -1.1407996218300525E+00 -2.3170985309886123E+00 3.8420614944644871E-01
 8.8471863364313532E-03 -6.1337962248501588E-03 -1.6803405801158263E-03
0
0.0
 -1.1407996218300525E+00 -2.3170985309886123E+00 3.8420614944644871E-01
 8.8266311840407806E-03 -5.8421101664132054E-03 -1.6480028805656976E-03
0
0.0
 -1.1407996218300525E+00 -2.3170985309886123E+00 3.8420614944644871E-01
 8.7805959419515883E-03 -5.9064574767536083E-03 -1.6399284988054192E-03
0
0.0
 -1.1407996218300525E+00 -2.3170985309886123E+00 3.8420614944644871E-01
 8.8766475178992769E-03 -5.7187228317237670E-03 -1.8824549944186629E-03
0
0.0
 -1.1407996218300525E+00 -2.3170985309886123E+00 3.8420614944644871E-01
 8.7084288812623763E-03 -5.7674950531093182E-03 -1.5398274475461105E-03
0
0.0
 -1.1407996218300525E+00 -2.3170985309886123E+00 3.8420614944644871E-01
 8.7353018466236939E-03 -5.9824585642756630E-03 -1.5335175413630818E-03
0
0.0
 -1.1407996218300525E+00 -2.3170985309886123E+00 3.8420614944644871E-01
 8.6904232918821669E-03 -5.8926917177949609E-03 -1.6932114195136686E-03
0
0.0
 -1.1407996218300525E+00 -2.3170985309886123E+00 3.8420614944644871E-01
 8.6171018585052012E-03 -6.0450764736001764E-03 -1.7501606995020884E-03
0
0.0
 -1.1407996218300525E+00 -2.3170985309886123E+00 3.8420614944644871E-01
 8.8648114213149137E-03 -5.8679350296542724E-03 -1.6124240449096351E-03
0
0.0
 -1.1407996218300525E+00 -2.3170985309886123E+00 3.8420614944644871E-01
 8.7916119692400870E-03 -5.9307862352136319E-03 -1.6096870640656701E-03
0
0.0
 -1.1407996218300525E+00 -2.3170985309886123E+00 3.8420614944644871E-01
 8.7248695452956885E-03 -6.1105634180671818E-03 -1.3780354753257966E-03
0
0.0
 -1.1407996218300525E+00 -2.3170985309886123E+00 3.8420614944644871E-01
 8.6878075394665518E-03 -5.7308103497778094E-03 -1.8265082169223530E-03
0
0.0
 -1.1407996218300525E+00 -2.3170985309886123E+00 3.8420614944644871E-01
 8.9384911757625050E-03 -6.0713137637519888E-03 -1.7668968541097157E-03
0
0.0
 -1.1407996218300525E+00 -2.3170985309886123E+00 3.8420614944644871E-01
 8.9424097687350098E-03 -5.8879545629501248E-03 -1.5741299779079110E-03
0
0.0
 -1.1407996218300525E+00 -2.3170985309886123E+00 3.8420614944644871E-01
 9.0794951668109435E-03 -5.9022448597547041E-03 -1.7322533382172277E-03
0
0.0
 -1.1407996218300525E+00 -2.3170985309886123E+00 3.8420614944644871E-01
 8.8315647591918345E-03 -5.9395514588319346E-03 -1.6778137891661662E-03
0
0.0
 -1.1407996218300525E+00 -2.3170985309886123E+00 3.8420614944644871E-01
 8.6085810778453644E-03 -5.9619434148782688E-03 -1.7572625547514552E-03
0
0.0
