50
-1
1
 -0.56135855   0.00750415   0.82753868  4.86302052e-04
  0.31777629   0.41406341   0.85297698  1.81594916e-04
 -0.68380158  -0.39981413   0.61038026  1.57976425e-04
  0.85934222   0.35974016   0.36348034  2.80432491e-04
  0.04164983   0.22851246   0.97264965  1.58139741e-04
 -0.90258579  -0.01586916  -0.43021746  2.17859991e-04
  0.80189533   0.31681737  -0.50654776  6.89171504e-04
  0.03409026  -0.48139413  -0.87584105  3.02715707e-04
 -0.78375567  -0.41335641  -0.46353373  2.89372707e-04
  0.23388403  -0.96248390   0.13756092  1.94038680e-04
 -0.15915850  -0.96044594   0.22849981  1.54369892e-04
  0.01720855   0.87195998   0.48927462  2.20780607e-04
  0.11294398  -0.64746186  -0.75368216  1.54866371e-04
 -0.33668263  -0.31193802  -0.88844779  1.60034977e-04
 -0.81562658   0.34841421  -0.46190998  1.62790219e-04
 -0.61289448  -0.78884956  -0.04557112  1.83505822e-04
  0.68491245   0.09099156  -0.72292149  3.58745527e-04
  0.73212171  -0.64813705   0.20956185  2.46144779e-04
  0.31781464   0.93815223  -0.13734717  8.58291017e-04
 -0.42022356   0.23313227   0.87696152  1.57987324e-04
  0.86678083   0.48563745   0.11334574  1.79163219e-04
  0.08352463   0.55217670   0.82953272  1.81938205e-04
  0.01818823   0.58097930   0.81371508  1.92506604e-04
 -0.76011215  -0.33417179  -0.55727797  3.60862326e-04
  0.97921431   0.01898797   0.20193760  2.05382168e-04
 -0.85104507  -0.51365918  -0.10897953  2.24422918e-04
 -0.60372329   0.30310104  -0.73732486  1.51188265e-04
 -0.01230661   0.67794822  -0.73500664  2.59988632e-04
 -0.22756550   0.81765154  -0.52882880  6.31154738e-04
  0.01260072   0.81647736  -0.57723994  2.80251851e-04
  0.48197962  -0.02095197   0.87593188  1.51719774e-04
  0.13061913   0.92509611  -0.35656113  3.25815059e-04
 -0.73069557  -0.67850320   0.07561341  2.47692913e-04
 -0.44939145   0.79116569  -0.41485441  1.79391786e-04
  0.95466462   0.17524414   0.24063450  2.99253012e-04
  0.18021432   0.90364078   0.38853075  4.40338180e-04
 -0.61381413  -0.70447996  -0.35628670  5.11959252e-04
 -0.87265380  -0.48358067  -0.06800795  3.67355465e-04
 -0.68096808  -0.69837579  -0.22034909  3.62361240e-04
  0.18424674  -0.23392523   0.95463717  2.86947920e-04
  0.85532378   0.25738493   0.44963789  2.65217347e-04
  0.47044802   0.83949927   0.27188166  2.82996795e-04
 -0.12116465  -0.63166386  -0.76571529  3.76834212e-04
 -0.14822385  -0.89649801   0.41751767  3.17808170e-04
  0.08326700  -0.70058654   0.70869253  6.15069753e-04
 -0.72129072  -0.22774391  -0.65411956  1.93945133e-04
  0.70437625   0.67524580   0.21885431  3.00923162e-04
  0.87235609  -0.27342402   0.40525813  2.76844058e-04
  0.37970789  -0.22610758   0.89704920  1.49956525e-04
  0.41447170  -0.34031271   0.84403819  2.70959295e-04
