20
-1
1
 -0.64458097  -0.76095543   0.07390673  2.13022909e-04
 -0.50537395   0.78247092  -0.36378073  2.09467244e-04
  0.06286113   0.70520821  -0.70620808  1.56104539e-04
 -0.40655651  -0.78293596  -0.47087480  5.15898969e-04
  0.11974475   0.72229629   0.68113821  1.87335758e-04
 -0.73688778  -0.36634531   0.56814392  1.56378903e-04
 -0.67268305   0.55936593  -0.48436274  2.93393834e-04
 -0.38224769   0.29389598   0.87607754  3.94110869e-04
 -0.07485223   0.07440666  -0.99441480  4.06494259e-04
  0.17951310   0.00710182  -0.98372995  2.34027947e-04
  0.20797929  -0.20786852   0.95579040  1.63995173e-04
 -0.36760960  -0.91635574   0.15860438  1.59295083e-04
 -0.13216491  -0.89154663  -0.43321708  1.99547130e-04
  0.04813079   0.97157217  -0.23179937  5.34698651e-04
 -0.93045798   0.26846813   0.24934477  2.09796942e-04
 -0.75060502   0.43342243  -0.49873550  1.81108182e-04
  0.49113130  -0.39810151   0.77479367  2.64160091e-04
  0.22741135  -0.96429916   0.13568790  3.56838979e-04
  0.66572377   0.30591837   0.68060694  3.32469956e-04
  0.04165392   0.79573349   0.60421285  2.16115998e-04
