20
 -1.1407996218300525E+00 -2.3170985309886123E+00 3.8420614944644871E-01
 8.9022443895202374E-03 -5.8215624137834187E-03 -1.5954187943696574E-03
0
0.0
 -1.1407996218300525E+00 -2.3170985309886123E+00 3.8420614944644871E-01
 8.8449297446964014E-03 -6.1414046848358691E-03 -1.5868496485153558E-03
0
0.0
 -1.1407996218300525E+00 -2.3170985309886123E+00 3.8420614944644871E-01
 8.8933615476418509E-03 -5.7540003366766089E-03 -1.6069695302548047E-03
0
0.0
 -1.1407996218300525E+00 -2.3170985309886123E+00 3.8420614944644871E-01
 8.9029585614676231E-03 -6.1413351463383411E-03 -1.7993857786788164E-03
0
0.0
 -1.1407996218300525E+00 -2.3170985309886123E+00 3.8420614944644871E-01
 8.8165573572274863E-03 -6.0064269790904446E-03 -1.5426292898046558E-03
0
0.0
 -1.1407996218300525E+00 -2.3170985309886123E+00 3.8420614944644871E-01
 9.0150047399780893E-03 -5.7116176851154310E-03 -1.5111982794818002E-03
0
0.0
 -1.1407996218300525E+00 -2.3170985309886123E+00 3.8420614944644871E-01
 8.8161928972756865E-03 -5.8991299080921756E-03 -1.5752089703775837E-03
0
0.0
 -1.1407996218300525E+00 -2.3170985309886123E+00 3.8420614944644871E-01
 8.8527903635125353E-03 -5.6065717050670493E-03 -1.7649433848231511E-03
0
0.0
 -1.1407996218300525E+00 -2.3170985309886123E+00 3.8420614944644871E-01
 8.8208062743577540E-03 -5.8843532044180200E-03 -1.5434441198381766E-03
0
0.0
 -1.1407996218300525E+00 -2.3170985309886123E+00 3.8420614944644871E-01
 8.6724659577107639E-03 -5.5977765763644506E-03 -1.6447342205645750E-03
0
0.0
 -1.1407996218300525E+00 -2.3170985309886123E+00 3.8420614944644871E-01
 8.7955231773734124E-03 -5.9120930943876273E-03 -1.8447840455901531E-03
0
0.0
 -1.1407996218300525E+00 -2.3170985309886123E+00 3.8420614944644871E-01
 8.8336575997253978E-03 -5.9763528815957798E-03 -1.5242491069270953E-03
0
0.0
 -1.1407996218300525E+00 -2.3170985309886123E+00 3.8420614944644871E-01
 8.8232740275409442E-03 -5.7460284583552932E-03 -1.4851093889260843E-03
0
0.0
 -1.1407996218300525E+00 -2.3170985309886123E+00 3.8420614944644871E-01
 8.6981472761943745E-03 -5.9345946603007616E-03 -1.6120699218749217E-03
0
0.0
 -1.1407996218300525E+00 -2.3170985309886123E+00 3.8420614944644871E-01
 8.6551105379596201E-03 -5.8759060336231878E-03 -1.7818561071790034E-03
0
0.0
 -1.1407996218300525E+00 -2.3170985309886123E+00 3.8420614944644871E-01
 8.8176861665007957E-03 -6.0206865548917011E-03 -1.6780259384882913E-03
0
0.0
 -1.1407996218300525E+00 -2.3170985309886123E+00 3.8420614944644871E-01
 8.6397606377031540E-03 -5.8116750772552912E-03 -1.5950690481600235E-03
0
0.0
 -1.1407996218300525E+00 -2.3170985309886123E+00 3.8420614944644871E-01
 8.6340339991769540E-03 -5.8398358543412182E-03 -1.4299108998289650E-03
0
0.0
 -1.1407996218300525E+00 -2.3170985309886123E+00 3.8420614944644871E-01
 8.7124411586963699E-03 -5.9095921585639128E-03 -1.6202629034056111E-03
0
0.0
 -1.1407996218300525E+00 -2.3170985309886123E+00 3.8420614944644871E-01
 8.7851813266385161E-03 -5.9569176445525354E-03 -1.5626122978686019E-03
0
0.0
