20
-1
1
  0.79187756  -0.23279735  -0.56456650  3.30952539e-04
 -0.49359627   0.29793572  -0.81706611  2.17620079e-04
  0.74520523   0.45962246   0.48313182  3.30624791e-04
 -0.72308767   0.29672919   0.62377561  7.45997233e-04
 -0.22242316  -0.38408917  -0.89610459  1.95899394e-04
 -0.03842931  -0.97009946  -0.23964605  3.23183049e-04
  0.55346722   0.67272914  -0.49102907  2.52005046e-04
  0.52506331  -0.71773402   0.45734713  1.91455247e-04
 -0.17999775   0.94576459  -0.27042587  1.71457335e-04
  0.76506138  -0.50674057  -0.39736014  4.35275114e-04
 -0.21704852   0.78783432  -0.57637403  2.21910695e-04
  0.78102593   0.57072781  -0.25351185  1.69313734e-04
 -0.63646489   0.49879209   0.58831870  8.07806211e-04
 -0.70314444   0.13550861   0.69801527  3.07925025e-04
  0.55650831   0.55164639  -0.62127672  4.61232794e-04
 -0.14803203   0.11705811   0.98203051  2.22099344e-04
 -0.51083476   0.79715297  -0.32186176  2.78800469e-04
  0.37970315   0.88219655  -0.27848655  1.47071506e-04
  0.66857743   0.73981340  -0.07536813  2.47818392e-04
  0.49813821   0.54784175  -0.67210694  2.89913918e-04
