20
 -1.1407996218300525E+00 -2.3170985309886123E+00 3.8420614944644871E-01
 8.5926975397646339E-03 -5.7188332751454546E-03 -1.5422697255160222E-03
0
0.0
 -1.1407996218300525E+00 -2.3170985309886123E+00 3.8420614944644871E-01
 8.9123526176390199E-03 -6.1150387272703600E-03 -1.6263058784869837E-03
0
0.0
 -1.1407996218300525E+00 -2.3170985309886123E+00 3.8420614944644871E-01
 8.7564171044735972E-03 -5.8957403392584330E-03 -1.8928983602210338E-03
0
0.0
 -1.1407996218300525E+00 -2.3170985309886123E+00 3.8420614944644871E-01
 8.5064142806344275E-03 -5.7744860080423911E-03 -1.6695177591920488E-03
0
0.0
 -1.1407996218300525E+00 -2.3170985309886123E+00 3.8420614944644871E-01
 8.8436289778901691E-03 -5.7657764749096552E-03 -1.5926840081700502E-03
0
0.0
 -1.1407996218300525E+00 -2.3170985309886123E+00 3.8420614944644871E-01
 8.8041836677652842E-03 -5.9380226467049563E-03 -1.6108469106630770E-03
0
0.0
 -1.1407996218300525E+00 -2.3170985309886123E+00 3.8420614944644871E-01
 8.8338533531021161E-03 -5.8876182835257938E-03 -1.6746045928172706E-03
0
0.0
 -1.1407996218300525E+00 -2.3170985309886123E+00 3.8420614944644871E-01
 8.8790054656494623E-03 -5.9275920151897043E-03 -1.6352566563361862E-03
0
0.0
 -1.1407996218300525E+00 -2.3170985309886123E+00 3.8420614944644871E-01
 8.7789765096825557E-03 -5.8601400165239912E-03 -1.7470575462308815E-03
0
0.0
 -1.1407996218300525E+00 -2.3170985309886123E+00 3.8420614944644871E-01
 8.8081693837832199E-03 -6.0958954454330121E-03 -1.4123214197979796E-03
0
0.0
 -1.1407996218300525E+00 -2.3170985309886123E+00 3.8420614944644871E-01
 8.7450533932651470E-03 -5.6087529690780989E-03 -1.7825662748842406E-03
0
0.0
 -1.1407996218300525E+00 -2.3170985309886123E+00 3.8420614944644871E-01
 8.7049208406141474E-03 -5.8770714022440265E-03 -1.5478402102495296E-03
0
0.0
 -1.1407996218300525E+00 -2.3170985309886123E+00 3.8420614944644871E-01
 8.8111508314736332E-03 -5.8805023216745404E-03 -1.5721511240144176E-03
0
0.0
 -1.1407996218300525E+00 -2.3170985309886123E+00 3.8420614944644871E-01
 8.8257215904404482E-03 -5.7785791378785270E-03 -1.8325723472421636E-03
0
0.0
 -1.1407996218300525E+00 -2.3170985309886123E+00 3.8420614944644871E-01
 8.7444571491210460E-03 -5.9061524737185770E-03 -1.8301093464787044E-03
0
0.0
 -1.1407996218300525E+00 -2.3170985309886123E+00 3.8420614944644871E-01
 8.7095819524353590E-03 -5.8443765591615427E-03 -1.5005876563799372E-03
0
0.0
 -1.1407996218300525E+00 -2.3170985309886123E+00 3.8420614944644871E-01
 8.5617179421568455E-03 -5.8231431988054055E-03 -1.6523212460606560E-03
0
0.0
 -1.1407996218300525E+00 -2.3170985309886123E+00 3.8420614944644871E-01
 8.8135640088799171E-03 -5.8581192426627512E-03 -1.6706935845038282E-03
0
0.0
 -1.1407996218300525E+00 -2.3170985309886123E+00 3.8420614944644871E-01
 8.7117722746655017E-03 -6.1073138122890334E-03 -1.5162583478721587E-03
0
0.0
 -1.1407996218300525E+00 -2.3170985309886123E+00 3.8420614944644871E-01
 8.7399402856354336E-03 -5.6801543391569462E-03 -1.6634743385504944E-03
0
0.0
