20
-1
1
 -0.09657719  -0.98859106   0.11558788  2.06050836e-04
  0.31791071  -0.92161205  -0.22262978  2.77626802e-04
  0.98700702  -0.16067511  -0.00080851  2.32454388e-04
 -0.50181182   0.61380926   0.60944491  1.67683073e-04
  0.99184538  -0.10411778   0.07349985  1.60599753e-04
  0.77657250  -0.61538517  -0.13504163  1.79189144e-04
  0.80250125  -0.34572366   0.48627862  8.10341622e-04
  0.73374504   0.45128160  -0.50790071  6.86287468e-04
 -0.78701282  -0.12440208  -0.60426397  3.65313760e-04
 -0.80429411  -0.58572649  -0.10017713  2.24073717e-04
 -0.40165324  -0.32573029   0.85590563  2.79835655e-04
 -0.02054224   0.60545631  -0.79561340  2.06480697e-04
  0.43814564  -0.83160746  -0.34125861  1.55743707e-04
 -0.80111618  -0.28896780   0.52412831  2.47107370e-04
  0.57176920   0.19212174   0.79760216  2.37100901e-04
 -0.53853682   0.22478744   0.81206447  1.93655956e-04
  0.53923552  -0.51586802   0.66566151  2.69606477e-04
 -0.87600967  -0.28791586  -0.38692572  2.34588444e-04
  0.97125555  -0.05031993   0.23265974  2.24072995e-04
  0.95353877   0.06316977  -0.29457324  5.94261678e-04
