20
 -1.1407996218300525E+00 -2.3170985309886123E+00 3.8420614944644871E-01
 9.0357763974404232E-03 -5.9525531615478057E-03 -1.7827382132291265E-03
0
0.0
 -1.1407996218300525E+00 -2.3170985309886123E+00 3.8420614944644871E-01
 8.7867823693254920E-03 -6.0881955628593479E-03 -1.9058701302946276E-03
0
0.0
 -1.1407996218300525E+00 -2.3170985309886123E+00 3.8420614944644871E-01
 8.9484228734537218E-03 -5.7771297755795795E-03 -1.5668182342636501E-03
0
0.0
 -1.1407996218300525E+00 -2.3170985309886123E+00 3.8420614944644871E-01
 8.7992334872843067E-03 -5.6971242552533927E-03 -1.8270057415475931E-03
0
0.0
 -1.1407996218300525E+00 -2.3170985309886123E+00 3.8420614944644871E-01
 8.7511616744794414E-03 -5.8909377715342685E-03 -1.5983539051827359E-03
0
0.0
 -1.1407996218300525E+00 -2.3170985309886123E+00 3.8420614944644871E-01
 8.7298148126541512E-03 -6.0561611142344995E-03 -1.7000107760840159E-03
0
0.0
 -1.1407996218300525E+00 -2.3170985309886123E+00 3.8420614944644871E-01
 8.9322272006810526E-03 -5.7247805912582278E-03 -1.6660226596492311E-03
0
0.0
 -1.1407996218300525E+00 -2.3170985309886123E+00 3.8420614944644871E-01
 8.7435607177662657E-03 -5.5969831044875001E-03 -1.5564149265432736E-03
0
0.0
 -1.1407996218300525E+00 -2.3170985309886123E+00 3.8420614944644871E-01
 8.8368405379366938E-03 -6.1115804178897472E-03 -1.8709692115448182E-03
0
0.0
 -1.1407996218300525E+00 -2.3170985309886123E+00 3.8420614944644871E-01
 8.7204135270881472E-03 -6.2142038690489072E-03 -1.6787160310393844E-03
0
0.0
 -1.1407996218300525E+00 -2.3170985309886123E+00 3.8420614944644871E-01
 8.8906300983995681E-03 -5.9447941144100125E-03 -1.6810482358661247E-03
0
0.0
 -1.1407996218300525E+00 -2.3170985309886123E+00 3.8420614944644871E-01
 8.8543836914313587E-03 -5.7616944408260921E-03 -1.6534556608687142E-03
0
0.0
 -1.1407996218300525E+00 -2.3170985309886123E+00 3.8420614944644871E-01
 8.8357695766533989E-03 -5.8458113514218589E-03 -1.6468810052886653E-03
0
0.0
 -1.1407996218300525E+00 -2.3170985309886123E+00 3.8420614944644871E-01
 8.6464668910859830E-03 -6.0310128224366792E-03 -1.4461106485253589E-03
0
0.0
 -1.1407996218300525E+00 -2.3170985309886123E+00 3.8420614944644871E-01
 8.8472810779749826E-03 -5.9045316277584522E-03 -1.6168357023166962E-03
0
0.0
 -1.1407996218300525E+00 -2.3170985309886123E+00 3.8420614944644871E-01
 8.7218444213706045E-03 -5.9346154287459752E-03 -1.6467546339479320E-03
0
0.0
 -1.1407996218300525E+00 -2.3170985309886123E+00 3.8420614944644871E-01
 8.8398949192244527E-03 -5.9837264420373746E-03 -1.5478348465407582E-03
0
0.0
 -1.1407996218300525E+00 -2.3170985309886123E+00 3.8420614944644871E-01
 8.8277379955709508E-03 -5.9023702545108817E-03 -1.7433874089739531E-03
0
0.0
 -1.1407996218300525E+00 -2.3170985309886123E+00 3.8420614944644871E-01
 8.5118751479346198E-03 -5.9119380162480526E-03 -1.6773015005235141E-03
0
0.0
 -1.1407996218300525E+00 -2.3170985309886123E+00 3.8420614944644871E-01
 8.6622820970730565E-03 -5.9562216593145225E-03 -1.6475551218226355E-03
0
0.0
