20
-1
1
  0.94080217  -0.33775095   0.02855820  1.83194618e-04
  0.27060679  -0.95901936   0.08398707  2.32477636e-04
 -0.08690587  -0.98244668   0.16506329  1.48433044e-04
  0.73895772   0.55068645  -0.38818284  1.92044343e-04
 -0.23327343  -0.81390771   0.53210689  2.22691953e-04
 -0.26138617   0.84814771   0.46078490  1.78649846e-04
 -0.30836472   0.94108872  -0.13879202  2.11409122e-04
  0.88853418  -0.08558733  -0.45075695  2.32015484e-04
  0.98689591  -0.05751493  -0.15075972  1.69420280e-04
 -0.70396693   0.68964434  -0.16976821  1.63856036e-04
  0.27561122  -0.29195564  -0.91586045  5.46519713e-04
  0.15330421  -0.98621062   0.06234121  2.66875722e-04
  0.58106822  -0.77283013   0.25513391  1.86539027e-04
 -0.30656908   0.40278838  -0.86242503  7.54399920e-04
 -0.07606709  -0.06848364  -0.99474810  1.82910982e-04
  0.05827140   0.27000044   0.96109531  4.11263485e-04
 -0.62615752  -0.62392121   0.46759928  6.29755087e-04
  0.84870025  -0.52855706  -0.01831184  1.63307527e-04
 -0.75434893   0.51647681  -0.40522759  2.89214028e-04
  0.60068240   0.17915363   0.77915636  3.27496858e-04
