20
 -1.1407996218300525E+00 -2.3170985309886123E+00 3.8420614944644871E-01
 8.7450194208165341E-03 -5.8414307096451160E-03 -1.6697582243906158E-03
0
0.0
 -1.1407996218300525E+00 -2.3170985309886123E+00 3.8420614944644871E-01
 8.9520790900085578E-03 -5.8199998502823499E-03 -1.5122064899157042E-03
0
0.0
 -1.1407996218300525E+00 -2.3170985309886123E+00 3.8420614944644871E-01
 9.0100691621815537E-03 -6.0644040935987128E-03 -1.6077655936441249E-03
0
0.0
 -1.1407996218300525E+00 -2.3170985309886123E+00 3.8420614944644871E-01
 8.7826966672250092E-03 -5.8947561398447678E-03 -1.6496966113057278E-03
0
0.0
 -1.1407996218300525E+00 -2.3170985309886123E+00 3.8420614944644871E-01
 8.6669517135657334E-03 -5.9913963109525532E-03 -1.6398806542728759E-03
0
0.0
 -1.1407996218300525E+00 -2.3170985309886123E+00 3.8420614944644871E-01
 8.9502817317095289E-03 -5.7869578175028394E-03 -1.7563387010333627E-03
0
0.0
 -1.1407996218300525E+00 -2.3170985309886123E+00 3.8420614944644871E-01
 8.7302320106783099E-03 -5.7870760021380765E-03 -1.5656891055328133E-03
0
0.0
 -1.1407996218300525E+00 -2.3170985309886123E+00 3.8420614944644871E-01
 8.7767206201279924E-03 -5.7492535008028889E-03 -1.3477326298181075E-03
0
0.0
 -1.1407996218300525E+00 -2.3170985309886123E+00 3.8420614944644871E-01
 8.8600308227441242E-03 -5.7642061989920650E-03 -1.6222616884949558E-03
0
0.0
 -1.1407996218300525E+00 -2.3170985309886123E+00 3.8420614944644871E-01
 8.7660822257740450E-03 -5.9337784167382054E-03 -1.6282555390018610E-03
0
0.0
 -1.1407996218300525E+00 -2.3170985309886123E+00 3.8420614944644871E-01
 8.8150253362927131E-03 -5.9106608536994044E-03 -1.6406862068139370E-03
0
0.0
 -1.1407996218300525E+00 -2.3170985309886123E+00 3.8420614944644871E-01
 8.9560265591804213E-03 -5.9386265623260553E-03 -1.5600691197188462E-03
0
0.0
 -1.1407996218300525E+00 -2.3170985309886123E+00 3.8420614944644871E-01
 8.5860232318704949E-03 -5.9028832126390932E-03 -1.6849480212586801E-03
0
0.0
 -1.1407996218300525E+00 -2.3170985309886123E+00 3.8420614944644871E-01
 8.9367932293278746E-03 -5.9186135028134832E-03 -1.8638621432283144E-03
0
0.0
 -1.1407996218300525E+00 -2.3170985309886123E+00 3.8420614944644871E-01
 8.7490787908442082E-03 -5.8266728284902562E-03 -1.8981113667725057E-03
0
0.0
 -1.1407996218300525E+00 -2.3170985309886123E+00 3.8420614944644871E-01
 8.9580833379564774E-03 -6.0914811836055910E-03 -1.6106078272827948E-03
0
0.0
 -1.1407996218300525E+00 -2.3170985309886123E+00 3.8420614944644871E-01
 8.6759457035339022E-03 -6.0060252901110358E-03 -1.4643456126096715E-03
0
0.0
 -1.1407996218300525E+00 -2.3170985309886123E+00 3.8420614944644871E-01
 8.5649012037196000E-03 -6.0436377285810246E-03 -1.4414761633869092E-03
0
0.0
 -1.1407996218300525E+00 -2.3170985309886123E+00 3.8420614944644871E-01
 8.8299600591226022E-03 -5.9152153205879188E-03 -1.6268856840095699E-03
0
0.0
 -1.1407996218300525E+00 -2.3170985309886123E+00 3.8420614944644871E-01
 8.8601255738256137E-03 -6.1821804586521759E-03 -1.6437968489040194E-03
0
0.0
