20
 -1.1407996218300525E+00 -2.3170985309886123E+00 3.8420614944644871E-01
 8.8037044481761688E-03 -6.0391622666965804E-03 -1.8012679230442990E-03
0
0.0
 -1.1407996218300525E+00 -2.3170985309886123E+00 3.8420614944644871E-01
 8.9486047693007453E-03 -5.8560673236030120E-03 -1.8170772090179154E-03
0
0.0
 -1.1407996218300525E+00 -2.3170985309886123E+00 3.8420614944644871E-01
 8.9342361172655912E-03 -5.8354762934655800E-03 -1.6383489002938206E-03
0
0.0
 -1.1407996218300525E+00 -2.3170985309886123E+00 3.8420614944644871E-01
 8.8830671153999688E-03 -6.1842248044559865E-03 -1.7478881774989562E-03
0
0.0
 -1.1407996218300525E+00 -2.3170985309886123E+00 3.8420614944644871E-01
 8.9653023920925334E-03 -5.7895040617000253E-03 -1.4464361862625255E-03
0
0.0
 -1.1407996218300525E+00 -2.3170985309886123E+00 3.8420614944644871E-01
 8.9067856452983134E-03 -5.6518504666876095E-03 -1.6394402122445332E-03
0
0.0
 -1.1407996218300525E+00 -2.3170985309886123E+00 3.8420614944644871E-01
 8.7284063067952708E-03 -6.0315149637792040E-03 -1.7715916553519549E-03
0
0.0
 -1.1407996218300525E+00 -2.3170985309886123E+00 3.8420614944644871E-01
 9.0514475897673381E-03 -6.0298984626890803E-03 -1.5236282977202620E-03
0
0.0
 -1.1407996218300525E+00 -2.3170985309886123E+00 3.8420614944644871E-01
 8.9906637174512107E-03 -5.7362510791523673E-03 -1.6774316011350838E-03
0
0.0
 -1.1407996218300525E+00 -2.3170985309886123E+00 3.8420614944644871E-01
 8.7189080313505030E-03 -5.6603650964373821E-03 -1.7896885420903418E-03
0
0.0
 -1.1407996218300525E+00 -2.3170985309886123E+00 3.8420614944644871E-01
 8.6990464956146832E-03 -5.9130249725414157E-03 -1.6598913585498564E-03
0
0.0
 -1.1407996218300525E+00 -2.3170985309886123E+00 3.8420614944644871E-01
 8.7247115787225764E-03 -5.9785539377457614E-03 -1.7604276781230167E-03
0
0.0
 -1.1407996218300525E+00 -2.3170985309886123E+00 3.8420614944644871E-01
 8.6806311569089037E-03 -5.9558537589537415E-03 -1.3744073019130252E-03
0
0.0
 -1.1407996218300525E+00 -2.3170985309886123E+00 3.8420614944644871E-01
 8.7967060294361459E-03 -5.9211804001294867E-03 -1.6073759825136183E-03
0
0.0
 -1.1407996218300525E+00 -2.3170985309886123E+00 3.8420614944644871E-01
 8.9333559036721324E-03 -6.0622469869667473E-03 -1.5446935006737687E-03
0
0.0
 -1.1407996218300525E+00 -2.3170985309886123E+00 3.8420614944644871E-01
 8.6056356378660277E-03 -5.7578895702711562E-03 -1.6846332304771177E-03
0
0.0
 -1.1407996218300525E+00 -2.3170985309886123E+00 3.8420614944644871E-01
 8.8329055406661510E-03 -5.8013500724593426E-03 -1.8877849574971501E-03
0
0.0
 -1.1407996218300525E+00 -2.3170985309886123E+00 3.8420614944644871E-01
 8.9132961989809370E-03 -5.9326380495861334E-03 -1.6922240220915445E-03
0
0.0
 -1.1407996218300525E+00 -2.3170985309886123E+00 3.8420614944644871E-01
 8.9607913520811135E-03 -5.8498314689028295E-03 -1.7746728706764007E-03
0
0.0
 -1.1407996218300525E+00 -2.3170985309886123E+00 3.8420614944644871E-01
 8.7070193775493181E-03 -5.8699253280071672E-03 -1.5705437256300207E-03
0
0.0
