20
-1
1
  0.38679605   0.55399015  -0.73721349  3.84211178e-04
  0.88579282  -0.37639098  -0.27147912  2.21032385e-04
  0.53395344  -0.19842981  -0.82189983  4.73146076e-04
 -0.46447160  -0.84865289   0.25308971  3.46126473e-04
  0.72577282   0.66156855   0.18862891  2.92396885e-04
 -0.13131233  -0.87810340   0.46009943  5.77233931e-04
  0.72091519  -0.58135253  -0.37724068  2.63309331e-04
 -0.45766776  -0.44257165   0.77114885  4.00553254e-04
  0.87104965   0.22080247   0.43876961  1.91326303e-04
  0.54720107  -0.07478256  -0.83365374  1.67883727e-04
 -0.63151790   0.77430098  -0.04053564  2.11011501e-04
  0.64824782  -0.61116950  -0.45414382  7.58619622e-04
 -0.85179132   0.05622229   0.52085564  1.57926111e-04
  0.52094676  -0.67029288   0.52850916  1.53410807e-04
  0.19798827   0.97426653   0.10772822  1.97597075e-04
 -0.67278023   0.65685506   0.34045291  2.24143195e-04
 -0.79541733   0.45367822  -0.40185488  2.16605458e-04
  0.05050993   0.41809005   0.90700025  1.86331647e-04
 -0.13527852  -0.17763389   0.97475429  3.83500071e-04
  0.12195141   0.03747820  -0.99182823  5.42280995e-04
