20
 -1.1407996218300525E+00 -2.3170985309886123E+00 3.8420614944644871E-01
 8.6319628670804335E-03 -5.9119696100452968E-03 -1.8481287610056091E-03
0
0.0
 -1.1407996218300525E+00 -2.3170985309886123E+00 3.8420614944644871E-01
 8.8236629687950090E-03 -5.9198237098004539E-03 -1.6712340509524950E-03
0
0.0
 -1.1407996218300525E+00 -2.3170985309886123E+00 3.8420614944644871E-01
 8.8569586784093390E-03 -5.7958339945788631E-03 -1.6555483366044394E-03
0
0.0
 -1.1407996218300525E+00 -2.3170985309886123E+00 3.8420614944644871E-01
 8.7463486852494207E-03 -5.7894131241323062E-03 -1.4946744061178885E-03
0
0.0
 -1.1407996218300525E+00 -2.3170985309886123E+00 3.8420614944644871E-01
 8.9457161112996997E-03 -5.9014584546999349E-03 -1.5957709403750606E-03
0
0.0
 -1.1407996218300525E+00 -2.3170985309886123E+00 3.8420614944644871E-01
 8.6294752321360198E-03 -5.9759437014906026E-03 -1.6746634738737975E-03
0
0.0
 -1.1407996218300525E+00 -2.3170985309886123E+00 3.8420614944644871E-01
 8.6982081370415038E-03 -5.9818287364425023E-03 -1.6328020701155922E-03
0
0.0
 -1.1407996218300525E+00 -2.3170985309886123E+00 3.8420614944644871E-01
 8.8858256369436280E-03 -5.7392161808119584E-03 -1.7384344961614965E-03
0
0.0
 -1.1407996218300525E+00 -2.3170985309886123E+00 3.8420614944644871E-01
 8.5625979125383157E-03 -5.9948955807868380E-03 -1.7760669702412209E-03
0
0.0
 -1.1407996218300525E+00 -2.3170985309886123E+00 3.8420614944644871E-01
 8.7910197413495258E-03 -6.0010598452302968E-03 -1.6790549065320993E-03
0
0.0
 -1.1407996218300525E+00 -2.3170985309886123E+00 3.8420614944644871E-01
 8.8168546394955232E-03 -5.8313623255102417E-03 -1.6492062566205834E-03
0
0.0
 -1.1407996218300525E+00 -2.3170985309886123E+00 3.8420614944644871E-01
 8.5592519238381522E-03 -6.1055103903189982E-03 -1.7146089159051964E-03
0
0.0
 -1.1407996218300525E+00 -2.3170985309886123E+00 3.8420614944644871E-01
 8.7501813137907097E-03 -6.0327518067502910E-03 -1.5447970697250618E-03
0
0.0
 -1.1407996218300525E+00 -2.3170985309886123E+00 3.8420614944644871E-01
 8.8058493672693462E-03 -5.8515674854849146E-03 -1.4240045633299634E-03
0
0.0
 -1.1407996218300525E+00 -2.3170985309886123E+00 3.8420614944644871E-01
 8.6534201494639206E-03 -5.6065747007311966E-03 -1.6431474633734457E-03
0
0.0
 -1.1407996218300525E+00 -2.3170985309886123E+00 3.8420614944644871E-01
 8.8541120687918220E-03 -6.0197011974265453E-03 -1.4376065231391745E-03
0
0.0
 -1.1407996218300525E+00 -2.3170985309886123E+00 3.8420614944644871E-01
 8.8621090274386676E-03 -5.9454208811328462E-03 -1.6953112708538213E-03
0
0.0
 -1.1407996218300525E+00 -2.3170985309886123E+00 3.8420614944644871E-01
 8.6776124418960661E-03 -5.9191976471058656E-03 -1.5694200216443592E-03
0
0.0
 -1.1407996218300525E+00 -2.3170985309886123E+00 3.8420614944644871E-01
 8.8384276579160752E-03 -5.9434327186067065E-03 -1.5870581393792843E-03
0
0.0
 -1.1407996218300525E+00 -2.3170985309886123E+00 3.8420614944644871E-01
 8.7199385196556432E-03 -5.9333671945165792E-03 -1.4945931622669484E-03
0
0.0
