20
 -1.1407996218300525E+00 -2.3170985309886123E+00 3.8420614944644871E-01
 8.6437455159351240E-03 -5.9152524484381618E-03 -1.4419094804088211E-03
0
0.0
 -1.1407996218300525E+00 -2.3170985309886123E+00 3.8420614944644871E-01
 8.7466121157690653E-03 -5.8413435297566142E-03 -1.5905640381897084E-03
0
0.0
 -1.1407996218300525E+00 -2.3170985309886123E+00 3.8420614944644871E-01
 8.5452961507109359E-03 -6.0762102974733761E-03 -1.5134592932069188E-03
0
0.0
 -1.1407996218300525E+00 -2.3170985309886123E+00 3.8420614944644871E-01
 8.7425185005515996E-03 -5.8889645643500372E-03 -1.9209086874428646E-03
0
0.0
 -1.1407996218300525E+00 -2.3170985309886123E+00 3.8420614944644871E-01
 8.6702978893036711E-03 -5.7032293660474595E-03 -1.7903008160160591E-03
0
0.0
 -1.1407996218300525E+00 -2.3170985309886123E+00 3.8420614944644871E-01
 8.8743219569240757E-03 -5.8959803654672748E-03 -1.6556494146985035E-03
0
0.0
 -1.1407996218300525E+00 -2.3170985309886123E+00 3.8420614944644871E-01
 8.5728087156365894E-03 -6.1098053387645167E-03 -1.6298046734733280E-03
0
0.0
 -1.1407996218300525E+00 -2.3170985309886123E+00 3.8420614944644871E-01
 8.4790565776512571E-03 -5.9727572397013278E-03 -1.5045020401269354E-03
0
0.0
 -1.1407996218300525E+00 -2.3170985309886123E+00 3.8420614944644871E-01
 8.8301578721553062E-03 -6.2109167657698533E-03 -1.5591235651513657E-03
0
0.0
 -1.1407996218300525E+00 -2.3170985309886123E+00 3.8420614944644871E-01
 8.8983950921706478E-03 -6.0014917039911608E-03 -1.7912806716701534E-03
0
0.0
 -1.1407996218300525E+00 -2.3170985309886123E+00 3.8420614944644871E-01
 8.8617844466740391E-03 -6.1229029782748426E-03 -1.5978611633805091E-03
0
0.0
 -1.1407996218300525E+00 -2.3170985309886123E+00 3.8420614944644871E-01
 8.8575773759297267E-03 -5.6984025062809425E-03 -1.7754061095764425E-03
0
0.0
 -1.1407996218300525E+00 -2.3170985309886123E+00 3.8420614944644871E-01
 8.7639229664915382E-03 -5.9067085763408154E-03 -1.9356720935377980E-03
0
0.0
 -1.1407996218300525E+00 -2.3170985309886123E+00 3.8420614944644871E-01
 8.8471863364313532E-03 -6.1337962248501588E-03 -1.6803405801158263E-03
0
0.0
 -1.1407996218300525E+00 -2.3170985309886123E+00 3.8420614944644871E-01
 8.8266311840407806E-03 -5.8421101664132054E-03 -1.6480028805656976E-03
0
0.0
 -1.1407996218300525E+00 -2.3170985309886123E+00 3.8420614944644871E-01
 8.7805959419515883E-03 -5.9064574767536083E-03 -1.6399284988054192E-03
0
0.0
 -1.1407996218300525E+00 -2.3170985309886123E+00 3.8420614944644871E-01
 8.8766475178992769E-03 -5.7187228317237670E-03 -1.8824549944186629E-03
0
0.0
 -1.1407996218300525E+00 -2.3170985309886123E+00 3.8420614944644871E-01
 8.7084288812623763E-03 -5.7674950531093182E-03 -1.5398274475461105E-03
0
0.0
 -1.1407996218300525E+00 -2.3170985309886123E+00 3.8420614944644871E-01
 8.7353018466236939E-03 -5.9824585642756630E-03 -1.5335175413630818E-03
0
0.0
 -1.1407996218300525E+00 -2.3170985309886123E+00 3.8420614944644871E-01
 8.6904232918821669E-03 -5.8926917177949609E-03 -1.6932114195136686E-03
0
0.0
