20
-1
1
  0.45125365   0.10046518  -0.88672255  2.03368834e-04
 -0.19661024  -0.45298209   0.86956980  3.56612546e-04
  0.43952174  -0.38319947   0.81239080  3.85949864e-04
 -0.02741229  -0.21796413   0.97557173  2.31796052e-04
  0.73339263   0.07064910   0.67612422  1.77682307e-04
 -0.01422614   0.88163120  -0.47172454  4.80134481e-04
 -0.19540807  -0.61838567  -0.76119304  5.32938954e-04
  0.79336417  -0.53610561   0.28838180  1.59798350e-04
  0.75567605   0.17532107  -0.63104377  2.43272062e-04
  0.73494071   0.67632017  -0.04952957  1.93785764e-04
 -0.25664781  -0.92803265  -0.26997649  4.81686012e-04
  0.34523198   0.17108022  -0.92279274  3.24466870e-04
 -0.40545584   0.91410822   0.00342295  1.77356314e-04
 -0.06860032   0.50043520   0.86305192  2.93893530e-04
  0.23297551  -0.37380543  -0.89777052  1.74785529e-04
 -0.64730516   0.18689269  -0.73896357  2.72311342e-04
 -0.22206919   0.63348732  -0.74120111  2.07504516e-04
 -0.88898666  -0.45414209  -0.05880196  4.75295034e-04
  0.67381255  -0.69553207  -0.24942289  6.72961799e-04
 -0.90377715   0.42348308   0.06203982  2.40667299e-04
