20
-1
1
 -0.97991300  -0.16966147   0.10481170  1.61995033e-04
  0.32438268   0.92435945  -0.20083696  3.17214279e-04
  0.20048065  -0.76666341  -0.60994649  3.83116049e-04
  0.71339656  -0.12015209   0.69038310  2.90573577e-04
  0.59164657   0.62549631   0.50863416  1.99792969e-04
  0.99209599   0.05912691  -0.11067773  1.46339109e-04
  0.78642785   0.57065682   0.23639380  1.91980505e-04
 -0.32486593  -0.85751977   0.39890095  1.98389284e-04
  0.37019177   0.72277485   0.58357054  2.91860603e-04
 -0.83861964  -0.30300826   0.45266224  3.20440234e-04
 -0.57204770   0.82020060   0.00569323  2.50010208e-04
  0.41633379   0.90013723   0.12813721  2.26698595e-04
 -0.65831884   0.25466402   0.70835199  4.18638660e-04
  0.76831734   0.23885769   0.59383118  1.53157895e-04
  0.25431347   0.74640361  -0.61498481  1.59231693e-04
  0.05002690   0.93482539   0.35156622  2.69454855e-04
 -0.77000450   0.57483044  -0.27688091  2.55676991e-04
  0.17251359  -0.81841110   0.54812620  1.67830363e-04
  0.16516655  -0.98425124  -0.06300402  6.38679377e-04
 -0.76460713   0.60456860   0.22332207  2.00165321e-04
