20
 -1.1407996218300525E+00 -2.3170985309886123E+00 3.8420614944644871E-01
 8.7398412770351049E-03 -5.8732041950666893E-03 -1.4210293371405610E-03
0
0.0
 -1.1407996218300525E+00 -2.3170985309886123E+00 3.8420614944644871E-01
 8.8479677446544544E-03 -5.6704950276485061E-03 -1.5019980787208942E-03
0
0.0
 -1.1407996218300525E+00 -2.3170985309886123E+00 3.8420614944644871E-01
 8.6737049020807807E-03 -5.7879339425619255E-03 -1.6229649596406596E-03
0
0.0
 -1.1407996218300525E+00 -2.3170985309886123E+00 3.8420614944644871E-01
 8.9457828899650142E-03 -5.9343090806286136E-03 -1.6963368844564852E-03
0
0.0
 -1.1407996218300525E+00 -2.3170985309886123E+00 3.8420614944644871E-01
 8.9565914490837163E-03 -6.0324304514589554E-03 -1.4188734537256870E-03
0
0.0
 -1.1407996218300525E+00 -2.3170985309886123E+00 3.8420614944644871E-01
 8.8180073673822627E-03 -6.0713343042170555E-03 -1.6356426380726872E-03
0
0.0
 -1.1407996218300525E+00 -2.3170985309886123E+00 3.8420614944644871E-01
 8.9113192031739594E-03 -5.8907439980733101E-03 -1.6417595795112613E-03
0
0.0
 -1.1407996218300525E+00 -2.3170985309886123E+00 3.8420614944644871E-01
 8.8843282350911969E-03 -5.9320831441732743E-03 -1.6749593471476723E-03
0
0.0
 -1.1407996218300525E+00 -2.3170985309886123E+00 3.8420614944644871E-01
 8.6702706630240392E-03 -5.9184608154515218E-03 -1.7087167550920179E-03
0
0.0
 -1.1407996218300525E+00 -2.3170985309886123E+00 3.8420614944644871E-01
 8.7478368318467635E-03 -5.6549622311797667E-03 -1.4819173797642256E-03
0
0.0
 -1.1407996218300525E+00 -2.3170985309886123E+00 3.8420614944644871E-01
 8.6710853021629286E-03 -6.0726554502445089E-03 -1.7345450656314765E-03
0
0.0
 -1.1407996218300525E+00 -2.3170985309886123E+00 3.8420614944644871E-01
 8.7663874685305204E-03 -5.9164450264081033E-03 -1.6327865166981823E-03
0
0.0
 -1.1407996218300525E+00 -2.3170985309886123E+00 3.8420614944644871E-01
 8.6807243158895722E-03 -5.8599337173526906E-03 -1.5050831128889486E-03
0
0.0
 -1.1407996218300525E+00 -2.3170985309886123E+00 3.8420614944644871E-01
 8.9948929147167130E-03 -5.9177399482855334E-03 -1.5799221826391788E-03
0
0.0
 -1.1407996218300525E+00 -2.3170985309886123E+00 3.8420614944644871E-01
 8.6363744758081954E-03 -5.9301546759984213E-03 -1.5299811093990911E-03
0
0.0
 -1.1407996218300525E+00 -2.3170985309886123E+00 3.8420614944644871E-01
 8.8812756620204290E-03 -5.9091814005446993E-03 -1.6195427591940053E-03
0
0.0
 -1.1407996218300525E+00 -2.3170985309886123E+00 3.8420614944644871E-01
 8.7071945919511406E-03 -5.7734664964235538E-03 -1.5716775598319738E-03
0
0.0
 -1.1407996218300525E+00 -2.3170985309886123E+00 3.8420614944644871E-01
 8.8236534208700427E-03 -5.8653916782270199E-03 -1.5580721601999689E-03
0
0.0
 -1.1407996218300525E+00 -2.3170985309886123E+00 3.8420614944644871E-01
 8.7049817908740508E-03 -5.9103787654131851E-03 -1.6325170189654169E-03
0
0.0
 -1.1407996218300525E+00 -2.3170985309886123E+00 3.8420614944644871E-01
 8.8364432196919359E-03 -5.9867094342837476E-03 -1.8864209675666039E-03
0
0.0
