20
-1
1
  0.08253956  -0.56896501   0.81820904  1.66676443e-04
  0.84119117   0.44746247  -0.30360296  4.11058056e-04
  0.11035604  -0.49866379  -0.85974181  5.20194170e-04
 -0.46219748   0.56283183  -0.68526916  5.71706446e-04
 -0.52443565  -0.78567215   0.32815624  5.16895929e-04
 -0.38637088  -0.60186563  -0.69891008  4.32592303e-04
 -0.31123009   0.20233002  -0.92854639  4.47759681e-04
  0.87035404  -0.47992937  -0.11023445  3.15603069e-04
 -0.60574405   0.75780720  -0.24249206  2.02548791e-04
 -0.43310847   0.27344034  -0.85886404  3.24059588e-04
 -0.33919264   0.32970148  -0.88104783  6.33151949e-04
 -0.38576635  -0.92098016   0.05458812  1.57795406e-04
 -0.22279597   0.90360385  -0.36587161  1.67450239e-04
 -0.91402813  -0.40563875  -0.00312932  1.75171818e-04
 -0.36504043  -0.41498360  -0.83338712  1.54678109e-04
  0.41685642  -0.53972400   0.73138822  1.51095276e-04
  0.54793891  -0.78086618  -0.30001828  1.66212053e-04
 -0.87831735   0.28981578   0.38021763  3.66030062e-04
  0.76344066  -0.53382484  -0.36357860  1.83463153e-04
 -0.99581986   0.01746328  -0.08965395  5.88218440e-04
