20
 -1.1407996218300525E+00 -2.3170985309886123E+00 3.8420614944644871E-01
 9.0170754362786376E-03 -5.9321490608181988E-03 -1.6912489773555897E-03
0
0.0
 -1.1407996218300525E+00 -2.3170985309886123E+00 3.8420614944644871E-01
 8.5864267942987477E-03 -5.7762164271265562E-03 -1.5828560201877960E-03
0
0.0
 -1.1407996218300525E+00 -2.3170985309886123E+00 3.8420614944644871E-01
 8.8824593462400892E-03 -5.8956955051175210E-03 -1.5222910738280863E-03
0
0.0
 -1.1407996218300525E+00 -2.3170985309886123E+00 3.8420614944644871E-01
 8.5610924403245643E-03 -6.0224460543679397E-03 -1.4091293702824209E-03
0
0.0
 -1.1407996218300525E+00 -2.3170985309886123E+00 3.8420614944644871E-01
 8.5693501801660191E-03 -6.0603940483610402E-03 -1.4547618993324778E-03
0
0.0
 -1.1407996218300525E+00 -2.3170985309886123E+00 3.8420614944644871E-01
 8.6700245714500836E-03 -5.7470840748756061E-03 -1.6062956667496060E-03
0
0.0
 -1.1407996218300525E+00 -2.3170985309886123E+00 3.8420614944644871E-01
 9.0206367036346057E-03 -6.0916219435396893E-03 -1.7597910737278473E-03
0
0.0
 -1.1407996218300525E+00 -2.3170985309886123E+00 3.8420614944644871E-01
 8.6718580367781718E-03 -6.1438829017114822E-03 -1.4455976376522529E-03
0
0.0
 -1.1407996218300525E+00 -2.3170985309886123E+00 3.8420614944644871E-01
 8.9094136187294806E-03 -5.9218511851865411E-03 -1.6774809044323791E-03
0
0.0
 -1.1407996218300525E+00 -2.3170985309886123E+00 3.8420614944644871E-01
 8.6879093519874571E-03 -6.0230585649271402E-03 -1.5159401357503495E-03
0
0.0
 -1.1407996218300525E+00 -2.3170985309886123E+00 3.8420614944644871E-01
 8.8370751750559730E-03 -6.1544238036174226E-03 -1.6522648695153953E-03
0
0.0
 -1.1407996218300525E+00 -2.3170985309886123E+00 3.8420614944644871E-01
 8.7347567142919882E-03 -5.9979308163189398E-03 -1.6343393977724758E-03
0
0.0
 -1.1407996218300525E+00 -2.3170985309886123E+00 3.8420614944644871E-01
 8.8859544583982410E-03 -5.6582100580297359E-03 -1.6784744304709160E-03
0
0.0
 -1.1407996218300525E+00 -2.3170985309886123E+00 3.8420614944644871E-01
 8.9432472707406882E-03 -5.9590965006995475E-03 -1.8335111577793797E-03
0
0.0
 -1.1407996218300525E+00 -2.3170985309886123E+00 3.8420614944644871E-01
 8.6241382270905061E-03 -6.0985859643864979E-03 -1.4975191543235603E-03
0
0.0
 -1.1407996218300525E+00 -2.3170985309886123E+00 3.8420614944644871E-01
 8.5809814556008657E-03 -5.8139306431692498E-03 -1.8654275655533381E-03
0
0.0
 -1.1407996218300525E+00 -2.3170985309886123E+00 3.8420614944644871E-01
 8.7622635953218449E-03 -5.8361614083327577E-03 -1.3964502958616260E-03
0
0.0
 -1.1407996218300525E+00 -2.3170985309886123E+00 3.8420614944644871E-01
 8.6197340796321277E-03 -6.1405604965772296E-03 -1.7085480878482572E-03
0
0.0
 -1.1407996218300525E+00 -2.3170985309886123E+00 3.8420614944644871E-01
 8.7165434897013613E-03 -6.1638769924336452E-03 -1.7790845808496802E-03
0
0.0
 -1.1407996218300525E+00 -2.3170985309886123E+00 3.8420614944644871E-01
 8.9510880253046259E-03 -5.9846593234452287E-03 -1.5548440119903901E-03
0
0.0
