20
 -1.1407996218300525E+00 -2.3170985309886123E+00 3.8420614944644871E-01
 8.8145674272899349E-03 -5.8462369056190826E-03 -1.7373259886499153E-03
0
0.0
 -1.1407996218300525E+00 -2.3170985309886123E+00 3.8420614944644871E-01
 8.7324608421478125E-03 -5.7523604459514648E-03 -1.7526539496561175E-03
0
0.0
 -1.1407996218300525E+00 -2.3170985309886123E+00 3.8420614944644871E-01
 8.8343794281781664E-03 -5.9064132622737384E-03 -1.6420911950757215E-03
0
0.0
 -1.1407996218300525E+00 -2.3170985309886123E+00 3.8420614944644871E-01
 8.7509843500266880E-03 -5.9690915412358558E-03 -1.6778815441735487E-03
0
0.0
 -1.1407996218300525E+00 -2.3170985309886123E+00 3.8420614944644871E-01
 8.8118763154410897E-03 -5.9078338204436977E-03 -1.5966446809562614E-03
0
0.0
 -1.1407996218300525E+00 -2.3170985309886123E+00 3.8420614944644871E-01
 8.8474467316018626E-03 -6.1667966109041983E-03 -1.7485212516313358E-03
0
0.0
 -1.1407996218300525E+00 -2.3170985309886123E+00 3.8420614944644871E-01
 8.6806028043053228E-03 -6.0526913744762554E-03 -1.7030761752077606E-03
0
0.0
 -1.1407996218300525E+00 -2.3170985309886123E+00 3.8420614944644871E-01
 8.8323615831527574E-03 -6.1539165514483182E-03 -1.8287208298403150E-03
0
0.0
 -1.1407996218300525E+00 -2.3170985309886123E+00 3.8420614944644871E-01
 8.7949871185290622E-03 -5.7982743468490607E-03 -1.6757769582118657E-03
0
0.0
 -1.1407996218300525E+00 -2.3170985309886123E+00 3.8420614944644871E-01
 8.8599887548549972E-03 -5.9136426976966914E-03 -1.4762451674143456E-03
0
0.0
 -1.1407996218300525E+00 -2.3170985309886123E+00 3.8420614944644871E-01
 8.7360918478922040E-03 -5.7620379503131340E-03 -1.8206401535024511E-03
0
0.0
 -1.1407996218300525E+00 -2.3170985309886123E+00 3.8420614944644871E-01
 8.7625769028483839E-03 -5.8713116232265161E-03 -1.6579665040883048E-03
0
0.0
 -1.1407996218300525E+00 -2.3170985309886123E+00 3.8420614944644871E-01
 8.9538950380650441E-03 -6.0069122178750120E-03 -1.5162790682909427E-03
0
0.0
 -1.1407996218300525E+00 -2.3170985309886123E+00 3.8420614944644871E-01
 8.6947499822682753E-03 -5.6074712924487650E-03 -1.7396823291873870E-03
0
0.0
 -1.1407996218300525E+00 -2.3170985309886123E+00 3.8420614944644871E-01
 8.7608542276153851E-03 -5.7069608935360070E-03 -1.4881619393350804E-03
0
0.0
 -1.1407996218300525E+00 -2.3170985309886123E+00 3.8420614944644871E-01
 8.7950807807253995E-03 -6.1022266040347446E-03 -1.8463444458584673E-03
0
0.0
 -1.1407996218300525E+00 -2.3170985309886123E+00 3.8420614944644871E-01
 8.8849470465478184E-03 -5.8315025876855588E-03 -1.4720213196597765E-03
0
0.0
 -1.1407996218300525E+00 -2.3170985309886123E+00 3.8420614944644871E-01
 9.0038860567386476E-03 -6.0166674481026486E-03 -1.7208959320777263E-03
0
0.0
 -1.1407996218300525E+00 -2.3170985309886123E+00 3.8420614944644871E-01
 8.5567693035577420E-03 -6.1195923568629716E-03 -1.5503108168796185E-03
0
0.0
 -1.1407996218300525E+00 -2.3170985309886123E+00 3.8420614944644871E-01
 9.0436208183616515E-03 -5.7759401204650175E-03 -1.6536000699389813E-03
0
0.0
