20
-1
1
  0.10794060  -0.96073785  -0.25560049  8.60541570e-04
  0.51391344   0.15666805  -0.84341455  8.46681630e-04
 -0.40624687   0.57676332  -0.70873659  1.54963504e-04
 -0.94684252  -0.32035909  -0.02931371  3.43102000e-04
  0.34740048   0.90943289  -0.22857104  1.89235860e-04
 -0.75175624   0.35082339   0.55837757  1.70178418e-04
  0.38431077  -0.64829903  -0.65727741  2.14102903e-04
 -0.79899867  -0.59624543   0.07805460  1.54666449e-04
  0.13569015   0.80919372   0.57165874  5.35488792e-04
  0.85710209  -0.47508160   0.19918204  7.50878580e-04
 -0.46620120  -0.87973052   0.09343801  2.51118143e-04
  0.58401093   0.81171515  -0.00705310  4.02813012e-04
 -0.80437065   0.23783435   0.54444713  7.05877562e-04
 -0.95817112   0.08724871  -0.27257250  2.98715121e-04
 -0.36394841   0.88396474  -0.29350963  3.43138992e-04
 -0.14540589   0.98817183   0.04871920  6.09349162e-04
 -0.88556837  -0.44533808  -0.13207067  3.75601223e-04
  0.66242585  -0.20603546  -0.72023704  2.09112865e-04
  0.76536236  -0.51518063   0.38575818  2.57520918e-04
  0.97149898  -0.10517386   0.21243398  1.79848206e-04
