20
 -1.1407996218300525E+00 -2.3170985309886123E+00 3.8420614944644871E-01
 8.7909936112874759E-03 -5.6675424530480568E-03 -1.4971939527059579E-03
0
0.0
 -1.1407996218300525E+00 -2.3170985309886123E+00 3.8420614944644871E-01
 8.8036225396916131E-03 -5.9005521310581182E-03 -1.6652065779782950E-03
0
0.0
 -1.1407996218300525E+00 -2.3170985309886123E+00 3.8420614944644871E-01
 8.7828271278997411E-03 -5.8996933502734727E-03 -1.7039598062994650E-03
0
0.0
 -1.1407996218300525E+00 -2.3170985309886123E+00 3.8420614944644871E-01
 8.7427316162661060E-03 -5.8314560869078885E-03 -1.7541558730939061E-03
0
0.0
 -1.1407996218300525E+00 -2.3170985309886123E+00 3.8420614944644871E-01
 8.6945199355766105E-03 -5.9596508390692615E-03 -1.4541602998862984E-03
0
0.0
 -1.1407996218300525E+00 -2.3170985309886123E+00 3.8420614944644871E-01
 8.9312526026822953E-03 -6.0305892618368806E-03 -1.3892628771415864E-03
0
0.0
 -1.1407996218300525E+00 -2.3170985309886123E+00 3.8420614944644871E-01
 8.8212425731279912E-03 -5.8799225415999213E-03 -1.5989991175290273E-03
0
0.0
 -1.1407996218300525E+00 -2.3170985309886123E+00 3.8420614944644871E-01
 9.0258571241432755E-03 -5.8949401681018783E-03 -1.6404431766519928E-03
0
0.0
 -1.1407996218300525E+00 -2.3170985309886123E+00 3.8420614944644871E-01
 8.7966548877732864E-03 -5.8932099459556627E-03 -1.5075615139874910E-03
0
0.0
 -1.1407996218300525E+00 -2.3170985309886123E+00 3.8420614944644871E-01
 8.7119686000585294E-03 -5.8329650996692363E-03 -1.5520012751969428E-03
0
0.0
 -1.1407996218300525E+00 -2.3170985309886123E+00 3.8420614944644871E-01
 8.7272011697775327E-03 -5.8757873018052027E-03 -1.6246271545909449E-03
0
0.0
 -1.1407996218300525E+00 -2.3170985309886123E+00 3.8420614944644871E-01
 8.7463374315562819E-03 -5.8537203589751428E-03 -1.7112576231087279E-03
0
0.0
 -1.1407996218300525E+00 -2.3170985309886123E+00 3.8420614944644871E-01
 8.8052890279319337E-03 -6.0202535998790741E-03 -1.4058033085587057E-03
0
0.0
 -1.1407996218300525E+00 -2.3170985309886123E+00 3.8420614944644871E-01
 8.9009279352678088E-03 -5.6940488114476124E-03 -1.8122577044712698E-03
0
0.0
 -1.1407996218300525E+00 -2.3170985309886123E+00 3.8420614944644871E-01
 8.7488402021957002E-03 -6.1012491918839415E-03 -1.4555410906732882E-03
0
0.0
 -1.1407996218300525E+00 -2.3170985309886123E+00 3.8420614944644871E-01
 8.9102658956434298E-03 -5.8385414269086994E-03 -1.5621284483066029E-03
0
0.0
 -1.1407996218300525E+00 -2.3170985309886123E+00 3.8420614944644871E-01
 8.7899250984138609E-03 -5.8840542291149446E-03 -1.5006539123090747E-03
0
0.0
 -1.1407996218300525E+00 -2.3170985309886123E+00 3.8420614944644871E-01
 8.8285794033236449E-03 -6.1522589938814657E-03 -1.5919539512613938E-03
0
0.0
 -1.1407996218300525E+00 -2.3170985309886123E+00 3.8420614944644871E-01
 8.7736426768456003E-03 -5.8730249252689042E-03 -1.5889517587531132E-03
0
0.0
 -1.1407996218300525E+00 -2.3170985309886123E+00 3.8420614944644871E-01
 8.7676312414449852E-03 -5.8877611133989300E-03 -1.6111411715004618E-03
0
0.0
