20
-1
1
 -0.17312519   0.63883829   0.74960877  2.01964161e-04
  0.19755820  -0.97610714  -0.09047436  3.47320532e-04
  0.38819519  -0.91529548   0.10741820  1.59824297e-04
  0.18654576  -0.77771360  -0.60030178  3.19598121e-04
 -0.18625402   0.61024479   0.77000697  1.85109366e-04
  0.70745039   0.70445505   0.05707049  2.03852257e-04
 -0.51753887   0.74559697  -0.41980790  1.71944219e-04
  0.99011992   0.13401306   0.04126786  1.78775124e-04
 -0.03579021   0.85706745   0.51395958  1.54442131e-04
 -0.44102060  -0.88046159   0.17403512  2.26395059e-04
 -0.09345235  -0.90002631  -0.42569861  5.47160810e-04
 -0.31964570   0.54149605   0.77756585  1.70243740e-04
  0.81679781  -0.50367535  -0.28134050  1.48816558e-04
 -0.33960651   0.03833387   0.93978611  1.56827081e-04
  0.49694023   0.81737616  -0.29145603  1.92726926e-04
 -0.12791611   0.13581887  -0.98244120  1.71049295e-04
  0.53804060   0.24535816   0.80641905  7.34419800e-04
 -0.97383837   0.22722655   0.00263094  2.75756802e-04
  0.77136699   0.08944210  -0.63007386  1.52319641e-04
 -0.82624043   0.18104896  -0.53343043  1.73883410e-04
