20
 -1.1407996218300525E+00 -2.3170985309886123E+00 3.8420614944644871E-01
 8.7960362881246094E-03 -5.9516269183263800E-03 -1.7174525796377650E-03
0
0.0
 -1.1407996218300525E+00 -2.3170985309886123E+00 3.8420614944644871E-01
 8.8036575636893377E-03 -5.9474790759657019E-03 -1.6210470908438678E-03
0
0.0
 -1.1407996218300525E+00 -2.3170985309886123E+00 3.8420614944644871E-01
 8.8077666401708554E-03 -5.8704225235542340E-03 -1.6059606353588591E-03
0
0.0
 -1.1407996218300525E+00 -2.3170985309886123E+00 3.8420614944644871E-01
 8.6750949538579158E-03 -6.0248525501438053E-03 -1.8403584220829769E-03
0
0.0
 -1.1407996218300525E+00 -2.3170985309886123E+00 3.8420614944644871E-01
 8.7511346993008905E-03 -5.7005286000705426E-03 -1.4448078049714823E-03
0
0.0
 -1.1407996218300525E+00 -2.3170985309886123E+00 3.8420614944644871E-01
 8.7280530491773804E-03 -5.8896652751581711E-03 -1.6155978511596734E-03
0
0.0
 -1.1407996218300525E+00 -2.3170985309886123E+00 3.8420614944644871E-01
 8.7302385415747915E-03 -5.9917520035989384E-03 -1.6090937663891150E-03
0
0.0
 -1.1407996218300525E+00 -2.3170985309886123E+00 3.8420614944644871E-01
 8.8099372939730875E-03 -5.9063774198037308E-03 -1.4579844584797969E-03
0
0.0
 -1.1407996218300525E+00 -2.3170985309886123E+00 3.8420614944644871E-01
 8.7372194434515577E-03 -5.9965623576586982E-03 -1.6607052052293651E-03
0
0.0
 -1.1407996218300525E+00 -2.3170985309886123E+00 3.8420614944644871E-01
 8.6462189594739211E-03 -5.8735164030121285E-03 -1.6450956093849764E-03
0
0.0
 -1.1407996218300525E+00 -2.3170985309886123E+00 3.8420614944644871E-01
 8.9591177405012098E-03 -5.7835940248266377E-03 -1.5911004646556206E-03
0
0.0
 -1.1407996218300525E+00 -2.3170985309886123E+00 3.8420614944644871E-01
 8.6735206473488313E-03 -5.9215782170971929E-03 -1.5310231615195524E-03
0
0.0
 -1.1407996218300525E+00 -2.3170985309886123E+00 3.8420614944644871E-01
 8.8432568846506816E-03 -5.8331473166062893E-03 -1.6634170550543831E-03
0
0.0
 -1.1407996218300525E+00 -2.3170985309886123E+00 3.8420614944644871E-01
 8.7825541015938563E-03 -5.9115546915656418E-03 -1.6194462025211995E-03
0
0.0
 -1.1407996218300525E+00 -2.3170985309886123E+00 3.8420614944644871E-01
 8.5877273102712825E-03 -5.8925004508375246E-03 -1.4566437797621018E-03
0
0.0
 -1.1407996218300525E+00 -2.3170985309886123E+00 3.8420614944644871E-01
 8.7482026024154110E-03 -6.2030255856022221E-03 -1.5867532390476593E-03
0
0.0
 -1.1407996218300525E+00 -2.3170985309886123E+00 3.8420614944644871E-01
 8.8943318066658072E-03 -6.0159018784403636E-03 -1.6490183025047239E-03
0
0.0
 -1.1407996218300525E+00 -2.3170985309886123E+00 3.8420614944644871E-01
 8.6231690632345044E-03 -6.1105255285832435E-03 -1.7566696311204721E-03
0
0.0
 -1.1407996218300525E+00 -2.3170985309886123E+00 3.8420614944644871E-01
 8.7630726217281449E-03 -5.9378284421457714E-03 -1.4733518663172175E-03
0
0.0
 -1.1407996218300525E+00 -2.3170985309886123E+00 3.8420614944644871E-01
 8.7508203543762795E-03 -5.7791108626643588E-03 -1.8187560191054082E-03
0
0.0
