20
-1
1
  0.92865596   0.15973975  -0.33478547  1.58281268e-04
 -0.94868512   0.08409157  -0.30483627  1.47045055e-04
  0.54824391  -0.52811855   0.64847468  2.65882337e-04
 -0.34159551   0.76706136   0.54307400  4.06212732e-04
 -0.36253965   0.11605886  -0.92471366  1.92906174e-04
 -0.84832062  -0.23267251  -0.47562131  2.97918626e-04
  0.90615529  -0.39113872  -0.16091331  1.91736125e-04
 -0.51536019   0.58321927  -0.62790060  3.20809512e-04
  0.07830229   0.97301908   0.21703139  3.94605088e-04
 -0.04757675   0.42653233   0.90322014  2.33320406e-04
 -0.75283461   0.63099253  -0.18731921  1.59909069e-04
  0.15429082   0.94601091   0.28505736  3.55679290e-04
 -0.98784737  -0.12107858   0.09745540  1.96571263e-04
  0.70238532  -0.39579106  -0.59161162  2.37110872e-04
 -0.98621892   0.00398632   0.16539756  6.33196995e-04
 -0.94113816  -0.22251931  -0.25444867  6.13926827e-04
 -0.92962476   0.02185015  -0.36785918  2.40690359e-04
  0.07077024  -0.43687773  -0.89673264  1.86721906e-04
  0.43110169  -0.79210244   0.43211695  1.98083194e-04
  0.75228438   0.65359968   0.08291971  2.55829593e-04
