20
 -1.1407996218300525E+00 -2.3170985309886123E+00 3.8420614944644871E-01
 8.8604400655024201E-03 -6.1273384716556828E-03 -1.5701736941291947E-03
0
0.0
 -1.1407996218300525E+00 -2.3170985309886123E+00 3.8420614944644871E-01
 8.7680741491090088E-03 -5.7989223268021858E-03 -1.7613528630793217E-03
0
0.0
 -1.1407996218300525E+00 -2.3170985309886123E+00 3.8420614944644871E-01
 8.7194534776049229E-03 -5.8113754508971284E-03 -1.8159294824879903E-03
0
0.0
 -1.1407996218300525E+00 -2.3170985309886123E+00 3.8420614944644871E-01
 8.5922995479415579E-03 -5.7470714441289648E-03 -1.4281795837734067E-03
0
0.0
 -1.1407996218300525E+00 -2.3170985309886123E+00 3.8420614944644871E-01
 8.6660231163973155E-03 -5.8608248635954258E-03 -1.7862311785114783E-03
0
0.0
 -1.1407996218300525E+00 -2.3170985309886123E+00 3.8420614944644871E-01
 8.9394060891273726E-03 -5.8591605008890364E-03 -1.8545308009956536E-03
0
0.0
 -1.1407996218300525E+00 -2.3170985309886123E+00 3.8420614944644871E-01
 8.6682822556714452E-03 -5.7745402022775852E-03 -1.4741966031425078E-03
0
0.0
 -1.1407996218300525E+00 -2.3170985309886123E+00 3.8420614944644871E-01
 8.6655089516818988E-03 -6.0186075105770143E-03 -1.7634364379306728E-03
0
0.0
 -1.1407996218300525E+00 -2.3170985309886123E+00 3.8420614944644871E-01
 8.7829915675658263E-03 -5.9778926229372888E-03 -1.5541770898249278E-03
0
0.0
 -1.1407996218300525E+00 -2.3170985309886123E+00 3.8420614944644871E-01
 8.7712711691196790E-03 -6.0071371805283441E-03 -1.5951093660492557E-03
0
0.0
 -1.1407996218300525E+00 -2.3170985309886123E+00 3.8420614944644871E-01
 8.6452990342696674E-03 -5.9721133126418146E-03 -1.6868819939221563E-03
0
0.0
 -1.1407996218300525E+00 -2.3170985309886123E+00 3.8420614944644871E-01
 8.7960796650759128E-03 -6.0276828123523802E-03 -1.7319337688632712E-03
0
0.0
 -1.1407996218300525E+00 -2.3170985309886123E+00 3.8420614944644871E-01
 9.0897376073136513E-03 -5.8706289466837003E-03 -1.4887230620247022E-03
0
0.0
 -1.1407996218300525E+00 -2.3170985309886123E+00 3.8420614944644871E-01
 8.8523495765250940E-03 -5.6510758333975508E-03 -1.6634322436976186E-03
0
0.0
 -1.1407996218300525E+00 -2.3170985309886123E+00 3.8420614944644871E-01
 8.9147602674010690E-03 -5.8824051463471092E-03 -1.5480411710149414E-03
0
0.0
 -1.1407996218300525E+00 -2.3170985309886123E+00 3.8420614944644871E-01
 8.9122203822711160E-03 -5.8140571699533241E-03 -1.4284535519745092E-03
0
0.0
 -1.1407996218300525E+00 -2.3170985309886123E+00 3.8420614944644871E-01
 8.8570121118251438E-03 -5.7421858933897627E-03 -1.4126005564749269E-03
0
0.0
 -1.1407996218300525E+00 -2.3170985309886123E+00 3.8420614944644871E-01
 8.9219332612792950E-03 -5.8862005048487230E-03 -1.4798431884679151E-03
0
0.0
 -1.1407996218300525E+00 -2.3170985309886123E+00 3.8420614944644871E-01
 8.7998425146297004E-03 -5.9471638017370310E-03 -1.7469195817477164E-03
0
0.0
 -1.1407996218300525E+00 -2.3170985309886123E+00 3.8420614944644871E-01
 8.5073902133623990E-03 -6.1170139984705069E-03 -1.6195418194024985E-03
0
0.0
