20
-1
1
  0.94614230   0.20590745  -0.24983369  2.24457751e-04
  0.93513568  -0.05696676   0.34967993  6.25762047e-04
  0.14851032  -0.06104039   0.98702520  1.81290120e-04
 -0.49494874   0.85767501  -0.13935321  5.60701527e-04
  0.83553129   0.54736468   0.04774279  1.87769102e-04
 -0.10091857  -0.05410223  -0.99342256  3.27435143e-04
 -0.29703241   0.91697432  -0.26632656  2.44665053e-04
  0.29415787   0.29750642   0.90827368  1.56378615e-04
  0.10278422   0.94702076   0.30428125  3.04683585e-04
  0.40604506   0.68336314  -0.60674726  2.73108647e-04
 -0.32987133  -0.85020708   0.41028384  4.96384739e-04
  0.67933553  -0.65672317  -0.32744145  7.98950853e-04
 -0.98274878  -0.17775240   0.05107760  3.04286148e-04
  0.18114188  -0.02087945   0.98323531  5.28873729e-04
  0.25376306  -0.93545041   0.24604236  2.67117030e-04
  0.40297737   0.83835005   0.36712181  3.63724426e-04
 -0.31668587  -0.15163319  -0.93633190  1.62525279e-04
 -0.07601074   0.37101036  -0.92551266  3.41639875e-04
  0.65586232  -0.01342009  -0.75476123  3.90429991e-04
 -0.88925840   0.07494681   0.45122332  1.89384579e-04
