20
 -1.1407996218300525E+00 -2.3170985309886123E+00 3.8420614944644871E-01
 8.7977681963982771E-03 -5.8592431797607342E-03 -1.6079629424230921E-03
0
0.0
 -1.1407996218300525E+00 -2.3170985309886123E+00 3.8420614944644871E-01
 8.9588090210437066E-03 -5.6940032500960172E-03 -1.6018188009668968E-03
0
0.0
 -1.1407996218300525E+00 -2.3170985309886123E+00 3.8420614944644871E-01
 8.8278980754342169E-03 -6.2148639953282922E-03 -1.5152933043094550E-03
0
0.0
 -1.1407996218300525E+00 -2.3170985309886123E+00 3.8420614944644871E-01
 8.7766102871554598E-03 -5.8841960173573573E-03 -1.6809142927182907E-03
0
0.0
 -1.1407996218300525E+00 -2.3170985309886123E+00 3.8420614944644871E-01
 8.7766139614271436E-03 -6.0336491152309206E-03 -1.3984963795031905E-03
0
0.0
 -1.1407996218300525E+00 -2.3170985309886123E+00 3.8420614944644871E-01
 8.6739855792062059E-03 -5.7919629784265918E-03 -1.5820133099402579E-03
0
0.0
 -1.1407996218300525E+00 -2.3170985309886123E+00 3.8420614944644871E-01
 9.0685877268340178E-03 -5.9125882385898379E-03 -1.5584190406266487E-03
0
0.0
 -1.1407996218300525E+00 -2.3170985309886123E+00 3.8420614944644871E-01
 8.7906885366216062E-03 -5.8191635722158446E-03 -1.7041514853147945E-03
0
0.0
 -1.1407996218300525E+00 -2.3170985309886123E+00 3.8420614944644871E-01
 8.8314700482806964E-03 -5.9110645559059052E-03 -1.5960796449175916E-03
0
0.0
 -1.1407996218300525E+00 -2.3170985309886123E+00 3.8420614944644871E-01
 8.7812125585231132E-03 -5.9745523834034541E-03 -1.8526643876948597E-03
0
0.0
 -1.1407996218300525E+00 -2.3170985309886123E+00 3.8420614944644871E-01
 8.7055050272019825E-03 -5.9516084972799739E-03 -1.3377105579798199E-03
0
0.0
 -1.1407996218300525E+00 -2.3170985309886123E+00 3.8420614944644871E-01
 8.9884699742718791E-03 -5.9847677480544493E-03 -1.6801540323716491E-03
0
0.0
 -1.1407996218300525E+00 -2.3170985309886123E+00 3.8420614944644871E-01
 8.8434775001358049E-03 -5.8536492777514111E-03 -1.6730943293084919E-03
0
0.0
 -1.1407996218300525E+00 -2.3170985309886123E+00 3.8420614944644871E-01
 8.6870269034398165E-03 -5.9409308770407851E-03 -1.8509225745011243E-03
0
0.0
 -1.1407996218300525E+00 -2.3170985309886123E+00 3.8420614944644871E-01
 8.7216008569842435E-03 -6.0748137486901898E-03 -1.4610090485804035E-03
0
0.0
 -1.1407996218300525E+00 -2.3170985309886123E+00 3.8420614944644871E-01
 8.8425296978115377E-03 -5.7149223929493656E-03 -1.5017261369915749E-03
0
0.0
 -1.1407996218300525E+00 -2.3170985309886123E+00 3.8420614944644871E-01
 8.8030650895275092E-03 -5.9279130258782465E-03 -1.6064754918995857E-03
0
0.0
 -1.1407996218300525E+00 -2.3170985309886123E+00 3.8420614944644871E-01
 8.6864231066582417E-03 -6.0108963942531292E-03 -1.7072949573511743E-03
0
0.0
 -1.1407996218300525E+00 -2.3170985309886123E+00 3.8420614944644871E-01
 8.6138349005872167E-03 -6.0315967035077574E-03 -1.6692435914833052E-03
0
0.0
 -1.1407996218300525E+00 -2.3170985309886123E+00 3.8420614944644871E-01
 8.8088547354096079E-03 -5.8922658925055858E-03 -1.5929123114079618E-03
0
0.0
