50
-1
1
  0.28882925   0.91185835   0.29170535  4.09749267e-04
 -0.80754266   0.11834785  -0.57781367  1.53012144e-04
 -0.87110284   0.45804533   0.17712798  1.87806926e-04
  0.05425510  -0.62983178   0.77483438  1.60808710e-04
  0.76066609   0.62823582   0.16342233  2.00681660e-04
  0.36304718   0.09948355   0.92644469  5.41667845e-04
  0.83412203  -0.25660344   0.48825723  1.59926025e-04
 -0.13497714   0.26894153  -0.95365173  2.84546883e-04
 -0.60607524  -0.26337100   0.75053882  2.68905855e-04
  0.14559514   0.98115300   0.12704660  4.23683101e-04
 -0.81920109   0.09233794  -0.56602409  3.73085063e-04
  0.71060003  -0.27564310   0.64735499  2.99007184e-04
  0.79281347   0.52928039  -0.30217390  2.32101221e-04
  0.62309723  -0.77371614   0.11451278  1.48173494e-04
  0.98358386   0.07936000   0.16206412  3.68041834e-04
 -0.14944810  -0.94335909   0.29620753  8.67609707e-04
  0.24175567  -0.86449658   0.44068113  1.50501849e-04
 -0.96107109   0.23485241  -0.14555652  2.45107224e-04
  0.75423870   0.64747472  -0.10908924  4.25684382e-04
  0.69730676  -0.52030842   0.49299334  1.54695887e-04
  0.52789766   0.84743423   0.05638521  1.45733945e-04
  0.76041002  -0.36665301  -0.53604308  1.64936976e-04
  0.23981104  -0.48723095  -0.83970034  2.48093930e-04
  0.46432475  -0.66219648   0.58813124  5.68151998e-04
 -0.82776510  -0.55615268  -0.07415622  2.07967877e-04
  0.16812953  -0.80904168  -0.56319093  1.60164507e-04
 -0.82322732   0.37605358   0.42530045  3.85383235e-04
 -0.34060969  -0.72108152   0.60334607  2.59689910e-04
 -0.52898278  -0.05382950   0.84692361  1.63404145e-04
 -0.94645908  -0.26808072  -0.17985535  2.93793211e-04
 -0.65068324   0.71997565   0.24134287  2.86700308e-04
 -0.54695120   0.82566015   0.13831019  2.47606510e-04
  0.48625797   0.78131451   0.39128099  4.95433533e-04
  0.72690974   0.05559993  -0.68447855  1.74540031e-04
  0.59376887  -0.65445390  -0.46811177  2.00712447e-04
  0.70467564   0.43170243  -0.56308547  1.48500753e-04
 -0.12781697   0.81279484   0.56835497  5.01509492e-04
  0.43570816  -0.68464567  -0.58431045  2.73577903e-04
 -0.72706480   0.62677152   0.28023963  1.72927302e-04
  0.23591017   0.90651883  -0.35009999  5.70882891e-04
  0.07327199  -0.01887791   0.99713331  2.82563657e-04
  0.82916331   0.34453286  -0.44021054  2.67396147e-04
 -0.06974055   0.28805897  -0.95506978  2.28779510e-04
  0.05581878   0.57505443  -0.81620871  1.69740824e-04
  0.07636799  -0.78590765   0.61360988  2.95370056e-04
  0.52176233   0.40977445  -0.74823056  2.33911382e-04
 -0.17800683   0.61291767  -0.76983472  2.70376557e-04
  0.64343499   0.55723580  -0.52486158  1.46063644e-04
  0.69395849  -0.37887081  -0.61227325  1.75815877e-04
 -0.30049570  -0.23890053  -0.92337905  3.56663253e-04
