20
-1
1
 -0.41408639  -0.68976830   0.59392942  1.49794537e-04
 -0.92085949   0.21384084   0.32602130  2.42141868e-04
 -0.66679521  -0.63549179   0.38927410  1.73435174e-04
  0.38104174   0.43163892   0.81761546  1.83877088e-04
 -0.58062277  -0.77915179  -0.23621956  3.20810131e-04
 -0.71863484  -0.33882717  -0.60725622  2.83128616e-04
 -0.62381545  -0.77304829   0.11511134  1.52613491e-04
  0.18763033   0.93214839   0.30966795  3.03508297e-04
  0.37782407  -0.78091805  -0.49740926  5.93263114e-04
  0.85113684   0.13350428  -0.50768365  1.59688972e-04
 -0.07123802  -0.54034434  -0.83842301  2.77038761e-04
  0.61971192  -0.62759837  -0.47125091  2.51275889e-04
  0.06828468  -0.39072150   0.91797272  1.70220856e-04
 -0.40233298  -0.90437465   0.14224862  1.72603710e-04
  0.87654683  -0.36219240   0.31698948  1.69850394e-04
 -0.86950129   0.11181536  -0.48110792  2.10367994e-04
 -0.78138702  -0.59645788  -0.18350018  2.74088326e-04
 -0.48066179  -0.83505187  -0.26768007  3.84490400e-04
  0.72196409  -0.50806941  -0.46971622  1.82997496e-04
 -0.10673726  -0.70343181  -0.70270253  2.75867756e-04
