20
 -1.1407996218300525E+00 -2.3170985309886123E+00 3.8420614944644871E-01
 8.8430184073295531E-03 -5.8161739879020839E-03 -1.7057012658936114E-03
0
0.0
 -1.1407996218300525E+00 -2.3170985309886123E+00 3.8420614944644871E-01
 8.7325356570593527E-03 -5.9143577844182936E-03 -1.5810681243135659E-03
0
0.0
 -1.1407996218300525E+00 -2.3170985309886123E+00 3.8420614944644871E-01
 8.8716449761040150E-03 -5.8180661301024958E-03 -1.5612945386095807E-03
0
0.0
 -1.1407996218300525E+00 -2.3170985309886123E+00 3.8420614944644871E-01
 9.1181666233463767E-03 -5.9465138542597537E-03 -1.5597730074398692E-03
0
0.0
 -1.1407996218300525E+00 -2.3170985309886123E+00 3.8420614944644871E-01
 8.9368554695241024E-03 -5.7759478920878463E-03 -1.5464041955155700E-03
0
0.0
 -1.1407996218300525E+00 -2.3170985309886123E+00 3.8420614944644871E-01
 8.6885014468369333E-03 -5.9646864654924157E-03 -1.7956061517975562E-03
0
0.0
 -1.1407996218300525E+00 -2.3170985309886123E+00 3.8420614944644871E-01
 8.8432952701779678E-03 -6.0607142043841971E-03 -1.6424645677658384E-03
0
0.0
 -1.1407996218300525E+00 -2.3170985309886123E+00 3.8420614944644871E-01
 8.8758567381103295E-03 -5.8966558427375080E-03 -1.3031916511348073E-03
0
0.0
 -1.1407996218300525E+00 -2.3170985309886123E+00 3.8420614944644871E-01
 8.9244567301204596E-03 -5.8909323736294249E-03 -1.7536765483731648E-03
0
0.0
 -1.1407996218300525E+00 -2.3170985309886123E+00 3.8420614944644871E-01
 9.0575093341387219E-03 -5.8979617332599035E-03 -1.7402919746531465E-03
0
0.0
 -1.1407996218300525E+00 -2.3170985309886123E+00 3.8420614944644871E-01
 8.6818218473087901E-03 -5.7548960041754939E-03 -1.6473484103380874E-03
0
0.0
 -1.1407996218300525E+00 -2.3170985309886123E+00 3.8420614944644871E-01
 8.9035696261461732E-03 -5.8992386011135038E-03 -1.5019101002731350E-03
0
0.0
 -1.1407996218300525E+00 -2.3170985309886123E+00 3.8420614944644871E-01
 9.0756177823914357E-03 -5.8754186696792013E-03 -1.6216728409781261E-03
0
0.0
 -1.1407996218300525E+00 -2.3170985309886123E+00 3.8420614944644871E-01
 8.9270543329568099E-03 -5.6685743329723459E-03 -1.6025854358522513E-03
0
0.0
 -1.1407996218300525E+00 -2.3170985309886123E+00 3.8420614944644871E-01
 8.6638402485657018E-03 -5.7418194213307971E-03 -1.5819983755472127E-03
0
0.0
 -1.1407996218300525E+00 -2.3170985309886123E+00 3.8420614944644871E-01
 8.7548662877208801E-03 -5.8293260481783529E-03 -1.7328983919081334E-03
0
0.0
 -1.1407996218300525E+00 -2.3170985309886123E+00 3.8420614944644871E-01
 8.8482113336529385E-03 -6.0312359194731333E-03 -1.6002002038257971E-03
0
0.0
 -1.1407996218300525E+00 -2.3170985309886123E+00 3.8420614944644871E-01
 8.7820146064912768E-03 -5.7949328655441208E-03 -1.6748369854824533E-03
0
0.0
 -1.1407996218300525E+00 -2.3170985309886123E+00 3.8420614944644871E-01
 8.7799443209565821E-03 -5.9595608891053762E-03 -1.5899427122739963E-03
0
0.0
 -1.1407996218300525E+00 -2.3170985309886123E+00 3.8420614944644871E-01
 8.9302408150157726E-03 -6.0082037060134597E-03 -1.7479553744185021E-03
0
0.0
