20
-1
1
  0.52789766   0.84743423   0.05638521  1.45733945e-04
  0.76041002  -0.36665301  -0.53604308  1.64936976e-04
  0.23981104  -0.48723095  -0.83970034  2.48093930e-04
  0.46432475  -0.66219648   0.58813124  5.68151998e-04
 -0.82776510  -0.55615268  -0.07415622  2.07967877e-04
  0.16812953  -0.80904168  -0.56319093  1.60164507e-04
 -0.82322732   0.37605358   0.42530045  3.85383235e-04
 -0.34060969  -0.72108152   0.60334607  2.59689910e-04
 -0.52898278  -0.05382950   0.84692361  1.63404145e-04
 -0.94645908  -0.26808072  -0.17985535  2.93793211e-04
 -0.65068324   0.71997565   0.24134287  2.86700308e-04
 -0.54695120   0.82566015   0.13831019  2.47606510e-04
  0.48625797   0.78131451   0.39128099  4.95433533e-04
  0.72690974   0.05559993  -0.68447855  1.74540031e-04
  0.59376887  -0.65445390  -0.46811177  2.00712447e-04
  0.70467564   0.43170243  -0.56308547  1.48500753e-04
 -0.12781697   0.81279484   0.56835497  5.01509492e-04
  0.43570816  -0.68464567  -0.58431045  2.73577903e-04
 -0.72706480   0.62677152   0.28023963  1.72927302e-04
  0.23591017   0.90651883  -0.35009999  5.70882891e-04
