20
 -1.1407996218300525E+00 -2.3170985309886123E+00 3.8420614944644871E-01
 8.7683038889853297E-03 -5.8953305036609036E-03 -1.6545670349010898E-03
0
0.0
 -1.1407996218300525E+00 -2.3170985309886123E+00 3.8420614944644871E-01
 8.6290749511290822E-03 -6.0022339991380406E-03 -1.5638193964883417E-03
0
0.0
 -1.1407996218300525E+00 -2.3170985309886123E+00 3.8420614944644871E-01
 8.7504330024837946E-03 -5.9957861979099449E-03 -1.6443518281916590E-03
0
0.0
 -1.1407996218300525E+00 -2.3170985309886123E+00 3.8420614944644871E-01
 8.8336554915889407E-03 -5.9231095807391523E-03 -1.6087021601199200E-03
0
0.0
 -1.1407996218300525E+00 -2.3170985309886123E+00 3.8420614944644871E-01
 8.6657701348131048E-03 -6.0624629466488862E-03 -1.6241235162560844E-03
0
0.0
 -1.1407996218300525E+00 -2.3170985309886123E+00 3.8420614944644871E-01
 8.8351771142800451E-03 -5.9503056267865458E-03 -1.6918999307586288E-03
0
0.0
 -1.1407996218300525E+00 -2.3170985309886123E+00 3.8420614944644871E-01
 8.7638288295355162E-03 -6.0044201266098163E-03 -1.7230257981952753E-03
0
0.0
 -1.1407996218300525E+00 -2.3170985309886123E+00 3.8420614944644871E-01
 8.8535512960546108E-03 -5.8548891272068113E-03 -1.6292710197181965E-03
0
0.0
 -1.1407996218300525E+00 -2.3170985309886123E+00 3.8420614944644871E-01
 8.8359093183234729E-03 -5.9336928423810859E-03 -1.7074671026577331E-03
0
0.0
 -1.1407996218300525E+00 -2.3170985309886123E+00 3.8420614944644871E-01
 9.0681645525282715E-03 -5.9749680582188644E-03 -1.7586575512532000E-03
0
0.0
 -1.1407996218300525E+00 -2.3170985309886123E+00 3.8420614944644871E-01
 8.7195709986037460E-03 -5.9891257363019141E-03 -1.9015652238900333E-03
0
0.0
 -1.1407996218300525E+00 -2.3170985309886123E+00 3.8420614944644871E-01
 8.8313377842401345E-03 -5.7419773555780658E-03 -1.8959780312893582E-03
0
0.0
 -1.1407996218300525E+00 -2.3170985309886123E+00 3.8420614944644871E-01
 8.8607316858706296E-03 -5.7142297536696045E-03 -1.7198458867675945E-03
0
0.0
 -1.1407996218300525E+00 -2.3170985309886123E+00 3.8420614944644871E-01
 8.6120730260283145E-03 -5.8819111161142372E-03 -1.4300755377972671E-03
0
0.0
 -1.1407996218300525E+00 -2.3170985309886123E+00 3.8420614944644871E-01
 8.5682275012486219E-03 -5.9620099783253971E-03 -1.4679337207916326E-03
0
0.0
 -1.1407996218300525E+00 -2.3170985309886123E+00 3.8420614944644871E-01
 8.5724805921312593E-03 -5.9168548928317903E-03 -1.5989964706556357E-03
0
0.0
 -1.1407996218300525E+00 -2.3170985309886123E+00 3.8420614944644871E-01
 8.8415015143696266E-03 -5.7425644515102878E-03 -1.6410400761191770E-03
0
0.0
 -1.1407996218300525E+00 -2.3170985309886123E+00 3.8420614944644871E-01
 8.8630981867711227E-03 -6.1679821613488516E-03 -1.4939002999597598E-03
0
0.0
 -1.1407996218300525E+00 -2.3170985309886123E+00 3.8420614944644871E-01
 8.9977030073487233E-03 -5.8913152858331153E-03 -1.6783645542758705E-03
0
0.0
 -1.1407996218300525E+00 -2.3170985309886123E+00 3.8420614944644871E-01
 9.0425152308306472E-03 -5.7059242998021781E-03 -1.5465280397161350E-03
0
0.0
