50
-1
1
  0.60855639  -0.72071892  -0.33199904  3.03776232e-04
  0.38911253   0.55209979   0.73741254  2.67735835e-04
 -0.02652652  -0.31288420   0.94942078  1.82541810e-04
 -0.70849236  -0.53593530  -0.45914260  7.99141801e-04
  0.56480188   0.57631282   0.59064572  3.36566705e-04
 -0.99031159  -0.13234779   0.04203590  2.44834087e-04
  0.59527720   0.25959107   0.76043246  1.47315246e-04
 -0.71609874   0.02039232  -0.69770104  6.66511908e-04
  0.80567503  -0.23224626  -0.54493065  1.61525972e-04
 -0.61323951   0.49172379  -0.61817879  5.21754377e-04
  0.94399552  -0.07454464   0.32142736  1.67911542e-04
  0.15027153   0.94584728   0.28773494  2.56457183e-04
 -0.47710245  -0.25286582  -0.84168410  1.91813743e-04
  0.48348054  -0.79076803  -0.37540977  1.69633994e-04
 -0.67384740   0.56836439  -0.47211397  3.22771678e-04
  0.34679907  -0.52989058  -0.77391626  2.67272837e-04
  0.38607905   0.12839357  -0.91348676  1.79961705e-04
 -0.61392061  -0.72562420  -0.31075877  8.47987704e-04
  0.75061210   0.28189125   0.59759418  7.88228140e-04
 -0.97187959  -0.01062204   0.23523866  7.55436580e-04
 -0.90378323   0.34018453   0.25971207  6.41794933e-04
 -0.40700708   0.90708477   0.10743588  1.87680246e-04
  0.42230336   0.48511532   0.76571731  1.53305536e-04
  0.62347399   0.68208850   0.38214587  2.20546289e-04
  0.29796303   0.33035209  -0.89559228  2.51510824e-04
 -0.79026232   0.11422146  -0.60202900  2.06590044e-04
  0.32881754   0.34794500   0.87795974  2.04785901e-04
 -0.30083076   0.95329454  -0.02702527  1.60211732e-04
 -0.40191600  -0.52644837  -0.74921001  7.63490766e-04
  0.46455193  -0.74036364  -0.48585304  2.20816194e-04
 -0.73938848  -0.04456594  -0.67180246  1.94175763e-04
  0.22981970   0.96900168   0.09065676  1.81845561e-04
 -0.80629813  -0.52211528   0.27799094  4.01308899e-04
 -0.40380329   0.86255220   0.30487147  1.64324408e-04
  0.63102933  -0.37845963  -0.67717818  6.74589741e-04
  0.65981877  -0.71740034   0.22355301  2.10700198e-04
 -0.55947388  -0.63517559   0.53248563  4.49280488e-04
 -0.84030160   0.12013270  -0.52864105  2.78663675e-04
 -0.60152256   0.74846245   0.27923926  3.56500398e-04
 -0.55562823   0.72267512   0.41111791  2.21617275e-04
  0.11184342   0.99184527  -0.06110657  1.94422579e-04
 -0.41256937   0.58221822  -0.70057723  2.69321737e-04
  0.11039651  -0.99177257   0.06480566  5.99262302e-04
 -0.97371667   0.05030561   0.22213778  3.21575484e-04
 -0.69928908  -0.16707091   0.69504108  2.41432905e-04
  0.78885891   0.52124952   0.32557728  6.31914456e-04
  0.28967007  -0.04000813   0.95629002  2.28014872e-04
  0.49054361   0.73374991  -0.47008301  1.61602064e-04
  0.73687022  -0.60099015   0.30956924  1.91145883e-04
  0.74731456  -0.20789592  -0.63111033  1.57683715e-04
