50
 -1.1407996218300525E+00 -2.3170985309886123E+00 3.8420614944644871E-01
 8.8531613415321567E-03 -5.9097002469300592E-03 -1.7777476625654169E-03
0
0.0
 -1.1407996218300525E+00 -2.3170985309886123E+00 3.8420614944644871E-01
 8.6022089015926669E-03 -5.8160302591080950E-03 -1.4538223004082064E-03
0
0.0
 -1.1407996218300525E+00 -2.3170985309886123E+00 3.8420614944644871E-01
 8.7515362154355642E-03 -5.9628262426601204E-03 -1.5892473448903288E-03
0
0.0
 -1.1407996218300525E+00 -2.3170985309886123E+00 3.8420614944644871E-01
 8.7647711173157988E-03 -5.9125668461920593E-03 -1.4971624417715410E-03
0
0.0
 -1.1407996218300525E+00 -2.3170985309886123E+00 3.8420614944644871E-01
 8.5570679945567284E-03 -5.7306032053244822E-03 -1.5797363611778704E-03
0
0.0
 -1.1407996218300525E+00 -2.3170985309886123E+00 3.8420614944644871E-01
 8.9142026405396816E-03 -5.9561132895596383E-03 -1.8260385689523641E-03
0
0.0
 -1.1407996218300525E+00 -2.3170985309886123E+00 3.8420614944644871E-01
 8.7670197199189899E-03 -5.8761816387950900E-03 -1.6533962356392443E-03
0
0.0
 -1.1407996218300525E+00 -2.3170985309886123E+00 3.8420614944644871E-01
 8.6751149801258150E-03 -5.9595718738227462E-03 -1.8610299642562152E-03
0
0.0
 -1.1407996218300525E+00 -2.3170985309886123E+00 3.8420614944644871E-01
 8.7896982569659540E-03 -5.9386370635678854E-03 -1.6117161137899911E-03
0
0.0
 -1.1407996218300525E+00 -2.3170985309886123E+00 3.8420614944644871E-01
 8.9496698183281122E-03 -5.6565542347364866E-03 -1.4998677238298318E-03
0
0.0
 -1.1407996218300525E+00 -2.3170985309886123E+00 3.8420614944644871E-01
 8.8564872635866574E-03 -5.9994048312164453E-03 -1.6067028136843044E-03
0
0.0
 -1.1407996218300525E+00 -2.3170985309886123E+00 3.8420614944644871E-01
 8.7043953528851310E-03 -6.0116132659260475E-03 -1.6326980895975179E-03
0
0.0
 -1.1407996218300525E+00 -2.3170985309886123E+00 3.8420614944644871E-01
 8.7648721187778018E-03 -5.9463024658873743E-03 -1.5961029349048992E-03
0
0.0
 -1.1407996218300525E+00 -2.3170985309886123E+00 3.8420614944644871E-01
 8.6373058715181559E-03 -5.8469210815461489E-03 -1.6002312700472477E-03
0
0.0
 -1.1407996218300525E+00 -2.3170985309886123E+00 3.8420614944644871E-01
 8.6935681703891529E-03 -5.8866370952637892E-03 -1.5235011864993897E-03
0
0.0
 -1.1407996218300525E+00 -2.3170985309886123E+00 3.8420614944644871E-01
 8.5582749579073119E-03 -5.8180296298895448E-03 -1.5502196919105157E-03
0
0.0
 -1.1407996218300525E+00 -2.3170985309886123E+00 3.8420614944644871E-01
 8.9969521004427608E-03 -5.8980147499300998E-03 -1.7698067032721513E-03
0
0.0
 -1.1407996218300525E+00 -2.3170985309886123E+00 3.8420614944644871E-01
 8.8896962465100024E-03 -6.0801494534879963E-03 -1.6126926482916630E-03
0
0.0
 -1.1407996218300525E+00 -2.3170985309886123E+00 3.8420614944644871E-01
 8.5364274483281360E-03 -6.0019498011546265E-03 -1.7873475729423545E-03
0
0.0
 -1.1407996218300525E+00 -2.3170985309886123E+00 3.8420614944644871E-01
 8.9012866233598095E-03 -5.8460611919725078E-03 -1.6406288114816957E-03
0
0.0
 -1.1407996218300525E+00 -2.3170985309886123E+00 3.8420614944644871E-01
 8.8111213039812845E-03 -5.9101735721562186E-03 -1.6674779169802939E-03
0
0.0
 -1.1407996218300525E+00 -2.3170985309886123E+00 3.8420614944644871E-01
 8.9112705029791798E-03 -5.8584957738808700E-03 -1.9055011230166799E-03
0
0.0
 -1.1407996218300525E+00 -2.3170985309886123E+00 3.8420614944644871E-01
 8.6789976478841811E-03 -5.9103223009479584E-03 -1.6478738428378002E-03
0
0.0
 -1.1407996218300525E+00 -2.3170985309886123E+00 3.8420614944644871E-01
 8.7124548768615830E-03 -5.8637101449500713E-03 -1.6233869673400779E-03
0
0.0
 -1.1407996218300525E+00 -2.3170985309886123E+00 3.8420614944644871E-01
 8.8384999165016277E-03 -5.7028140045151457E-03 -1.4822132893689199E-03
0
0.0
 -1.1407996218300525E+00 -2.3170985309886123E+00 3.8420614944644871E-01
 8.8192457204864568E-03 -5.8293350878726724E-03 -1.5602630931098190E-03
0
0.0
 -1.1407996218300525E+00 -2.3170985309886123E+00 3.8420614944644871E-01
 8.8532582922968492E-03 -5.8818830795861147E-03 -1.8191144618273974E-03
0
0.0
 -1.1407996218300525E+00 -2.3170985309886123E+00 3.8420614944644871E-01
 8.6853236192288453E-03 -5.9305750442953551E-03 -1.6827790467400909E-03
0
0.0
 -1.1407996218300525E+00 -2.3170985309886123E+00 3.8420614944644871E-01
 8.8142127945460402E-03 -5.8832332697114709E-03 -1.6237541117469919E-03
0
0.0
 -1.1407996218300525E+00 -2.3170985309886123E+00 3.8420614944644871E-01
 8.7984933962221689E-03 -5.8410429803864112E-03 -1.6990087740136237E-03
0
0.0
 -1.1407996218300525E+00 -2.3170985309886123E+00 3.8420614944644871E-01
 8.6262180120558977E-03 -5.7499815416364071E-03 -1.4168675118827303E-03
0
0.0
 -1.1407996218300525E+00 -2.3170985309886123E+00 3.8420614944644871E-01
 8.6600860397708559E-03 -5.7851086961661080E-03 -1.7596352487394167E-03
0
0.0
 -1.1407996218300525E+00 -2.3170985309886123E+00 3.8420614944644871E-01
 8.6348072725209012E-03 -6.0125874757543420E-03 -1.6190263811506139E-03
0
0.0
 -1.1407996218300525E+00 -2.3170985309886123E+00 3.8420614944644871E-01
 8.8093221127136037E-03 -5.9706111370310174E-03 -1.3901266858635283E-03
0
0.0
 -1.1407996218300525E+00 -2.3170985309886123E+00 3.8420614944644871E-01
 8.7022597298450927E-03 -5.8124475073507501E-03 -1.5956483746841310E-03
0
0.0
 -1.1407996218300525E+00 -2.3170985309886123E+00 3.8420614944644871E-01
 8.8393022704730661E-03 -5.8787556416708938E-03 -1.5976839941489692E-03
0
0.0
 -1.1407996218300525E+00 -2.3170985309886123E+00 3.8420614944644871E-01
 8.8167853508520425E-03 -5.8947568478317442E-03 -1.6922453790434013E-03
0
0.0
 -1.1407996218300525E+00 -2.3170985309886123E+00 3.8420614944644871E-01
 8.6151547521930161E-03 -6.0294365957561658E-03 -1.6468254880406955E-03
0
0.0
 -1.1407996218300525E+00 -2.3170985309886123E+00 3.8420614944644871E-01
 8.5846702744783853E-03 -6.0005894710901822E-03 -1.6682445203252739E-03
0
0.0
 -1.1407996218300525E+00 -2.3170985309886123E+00 3.8420614944644871E-01
 8.8478547598504851E-03 -5.9618423006145161E-03 -1.5440405726385622E-03
0
0.0
 -1.1407996218300525E+00 -2.3170985309886123E+00 3.8420614944644871E-01
 8.7265554136038859E-03 -5.9752363348292243E-03 -1.7591610490764213E-03
0
0.0
 -1.1407996218300525E+00 -2.3170985309886123E+00 3.8420614944644871E-01
 8.7097754894988073E-03 -6.0167412330360045E-03 -1.7023823489081033E-03
0
0.0
 -1.1407996218300525E+00 -2.3170985309886123E+00 3.8420614944644871E-01
 8.7474610784157407E-03 -5.8876149211235249E-03 -1.6513945523977530E-03
0
0.0
 -1.1407996218300525E+00 -2.3170985309886123E+00 3.8420614944644871E-01
 8.7485443555738521E-03 -6.0408287469209780E-03 -1.6683420410803804E-03
0
0.0
 -1.1407996218300525E+00 -2.3170985309886123E+00 3.8420614944644871E-01
 8.7547678767700803E-03 -6.0489940683670987E-03 -1.4353148543783327E-03
0
0.0
 -1.1407996218300525E+00 -2.3170985309886123E+00 3.8420614944644871E-01
 8.7700138902222936E-03 -5.8781928553295823E-03 -1.6918543110285582E-03
0
0.0
 -1.1407996218300525E+00 -2.3170985309886123E+00 3.8420614944644871E-01
 8.5683735024065753E-03 -5.7414684628710865E-03 -1.4119230578692385E-03
0
0.0
 -1.1407996218300525E+00 -2.3170985309886123E+00 3.8420614944644871E-01
 8.8470893426111676E-03 -5.9423638943523031E-03 -1.4158828146641240E-03
0
0.0
 -1.1407996218300525E+00 -2.3170985309886123E+00 3.8420614944644871E-01
 8.9696630700466379E-03 -6.0289360648507501E-03 -1.8187237621062368E-03
0
0.0
 -1.1407996218300525E+00 -2.3170985309886123E+00 3.8420614944644871E-01
 8.6026611836365011E-03 -5.7986775026712990E-03 -1.5705126490843930E-03
0
0.0
