20
-1
1
  0.60855639  -0.72071892  -0.33199904  3.03776232e-04
  0.38911253   0.55209979   0.73741254  2.67735835e-04
 -0.02652652  -0.31288420   0.94942078  1.82541810e-04
 -0.70849236  -0.53593530  -0.45914260  7.99141801e-04
  0.56480188   0.57631282   0.59064572  3.36566705e-04
 -0.99031159  -0.13234779   0.04203590  2.44834087e-04
  0.59527720   0.25959107   0.76043246  1.47315246e-04
 -0.71609874   0.02039232  -0.69770104  6.66511908e-04
  0.80567503  -0.23224626  -0.54493065  1.61525972e-04
 -0.61323951   0.49172379  -0.61817879  5.21754377e-04
  0.94399552  -0.07454464   0.32142736  1.67911542e-04
  0.15027153   0.94584728   0.28773494  2.56457183e-04
 -0.47710245  -0.25286582  -0.84168410  1.91813743e-04
  0.48348054  -0.79076803  -0.37540977  1.69633994e-04
 -0.67384740   0.56836439  -0.47211397  3.22771678e-04
  0.34679907  -0.52989058  -0.77391626  2.67272837e-04
  0.38607905   0.12839357  -0.91348676  1.79961705e-04
 -0.61392061  -0.72562420  -0.31075877  8.47987704e-04
  0.75061210   0.28189125   0.59759418  7.88228140e-04
 -0.97187959  -0.01062204   0.23523866  7.55436580e-04
