 0.113
 0.071
 0.142
 0.171
 0.085
 0.154
 0.125
 0.133
 0.133
 0.171
 0.122
 0.223
 0.166
 0.230
 0.187
 0.154
 0.134
 0.190
 0.122
 0.186
 0.108
 0.111
 0.102
 0.166
 0.145
 0.122
 0.112
 0.174
 0.157
 0.091
 0.105
 0.075
 0.122
 0.177
 0.122
 0.111
 0.120
 0.122
 0.122
 0.100
 0.122
 0.122
 0.122
 0.122
 0.122
 0.205
 0.164
 0.122
 0.092
 0.122
 0.223
 0.122
 0.129
 0.122
 0.122
 0.122
 0.122
 0.227
 0.167
 0.073
 0.077
 0.141
 0.122
 0.110
 0.122
 0.101
 0.053
 0.156
 0.122
 0.122
 0.133
 0.170
 0.122
 0.150
 0.122
 0.133
 0.122
 0.122
 0.054
 0.122
 0.122
 0.122
 0.076
 0.193
 0.122
 0.128
 0.112
 0.092
 0.083
 0.101
 0.163
 0.115
 0.105
 0.150
 0.150
 0.068
 0.122
 0.122
 0.202
 0.185
 0.247
 0.140
 0.042
 0.094
 0.122
 0.145
 0.122
 0.122
 0.082
 0.122
 0.122
 0.122
 0.108
 0.070
 0.122
 0.078
 0.107
 0.089
 0.122
 0.107
 0.163
 0.122
 0.149
 0.088
 0.092
 0.122
 0.063
 0.061
 0.122
 0.141
 0.032
 0.054
 0.122
 0.057
 0.122
 0.040
 0.122
 0.122
 0.122
 0.173
 0.111
 0.122
 0.122
 0.092
