20
 -1.1407996218300525E+00 -2.3170985309886123E+00 3.8420614944644871E-01
 8.7291756430676170E-03 -6.1586657135647592E-03 -1.3997555820548292E-03
0
0.0
 -1.1407996218300525E+00 -2.3170985309886123E+00 3.8420614944644871E-01
 8.8047658425466132E-03 -6.1081987720200846E-03 -1.6823198163394004E-03
0
0.0
 -1.1407996218300525E+00 -2.3170985309886123E+00 3.8420614944644871E-01
 8.8914219232671503E-03 -5.9199700885627596E-03 -1.6587656552262582E-03
0
0.0
 -1.1407996218300525E+00 -2.3170985309886123E+00 3.8420614944644871E-01
 8.8039660349889162E-03 -5.9681952824233034E-03 -1.5301152271650887E-03
0
0.0
 -1.1407996218300525E+00 -2.3170985309886123E+00 3.8420614944644871E-01
 8.7298404319894451E-03 -5.9613367885190853E-03 -1.7067685453106551E-03
0
0.0
 -1.1407996218300525E+00 -2.3170985309886123E+00 3.8420614944644871E-01
 8.7060311137874217E-03 -5.9942896921145487E-03 -1.5156196872572680E-03
0
0.0
 -1.1407996218300525E+00 -2.3170985309886123E+00 3.8420614944644871E-01
 8.6285160674494446E-03 -5.7720546403386514E-03 -1.6559875971156090E-03
0
0.0
 -1.1407996218300525E+00 -2.3170985309886123E+00 3.8420614944644871E-01
 8.7198095071965541E-03 -5.7796872116382212E-03 -1.3903691862319422E-03
0
0.0
 -1.1407996218300525E+00 -2.3170985309886123E+00 3.8420614944644871E-01
 8.7657385259169388E-03 -5.9025858827179362E-03 -1.6199141379203835E-03
0
0.0
 -1.1407996218300525E+00 -2.3170985309886123E+00 3.8420614944644871E-01
 8.8484338523322822E-03 -5.9693094093677930E-03 -1.6705452331935260E-03
0
0.0
 -1.1407996218300525E+00 -2.3170985309886123E+00 3.8420614944644871E-01
 8.9459155436424753E-03 -6.0929577908905557E-03 -1.5120438288362497E-03
0
0.0
 -1.1407996218300525E+00 -2.3170985309886123E+00 3.8420614944644871E-01
 8.7978084266238914E-03 -5.8994301777580615E-03 -1.6665336285808473E-03
0
0.0
 -1.1407996218300525E+00 -2.3170985309886123E+00 3.8420614944644871E-01
 8.6801287795145125E-03 -5.8029649416092557E-03 -1.8103100129786679E-03
0
0.0
 -1.1407996218300525E+00 -2.3170985309886123E+00 3.8420614944644871E-01
 8.8959706258850725E-03 -5.9525192656007591E-03 -1.6576611192650951E-03
0
0.0
 -1.1407996218300525E+00 -2.3170985309886123E+00 3.8420614944644871E-01
 8.7926427830177113E-03 -6.0518876051967457E-03 -1.5733746611489596E-03
0
0.0
 -1.1407996218300525E+00 -2.3170985309886123E+00 3.8420614944644871E-01
 8.9213403079579073E-03 -5.9157675361917097E-03 -1.6525456865954531E-03
0
0.0
 -1.1407996218300525E+00 -2.3170985309886123E+00 3.8420614944644871E-01
 8.8023599428825091E-03 -5.8195716993133867E-03 -1.6885188908548803E-03
0
0.0
 -1.1407996218300525E+00 -2.3170985309886123E+00 3.8420614944644871E-01
 8.7961804053742869E-03 -5.7050640844119481E-03 -1.7252768507427061E-03
0
0.0
 -1.1407996218300525E+00 -2.3170985309886123E+00 3.8420614944644871E-01
 8.6830834702846891E-03 -5.8434644757755175E-03 -1.3585782830993869E-03
0
0.0
 -1.1407996218300525E+00 -2.3170985309886123E+00 3.8420614944644871E-01
 8.9422779305702513E-03 -6.1906459412713489E-03 -1.5770641738436526E-03
0
0.0
