20
-1
1
 -0.45354946   0.49825102  -0.73894439  2.08944667e-04
  0.42629636  -0.00701118  -0.90455639  6.39769406e-04
 -0.65589111   0.04222830   0.75367342  3.22669311e-04
  0.79623350  -0.25823008   0.54711009  1.61037307e-04
 -0.59612291  -0.01283762  -0.80279055  5.84124890e-04
 -0.15404193  -0.25160147  -0.95549348  1.76425373e-04
  0.32616831  -0.92765598  -0.18184780  2.74728900e-04
 -0.62163434  -0.05959926   0.78103692  2.66673998e-04
 -0.58947894   0.47443699   0.65377681  3.61857300e-04
 -0.97560166   0.17523306   0.13226782  1.78646156e-04
 -0.03479952  -0.41417234  -0.90953299  1.53052773e-04
  0.69180804  -0.37872930   0.61478920  3.78653595e-04
 -0.28877894   0.15565034   0.94465851  2.15923806e-04
 -0.86125838   0.26377524   0.43434621  2.87217948e-04
 -0.64282966  -0.76121668   0.08555231  4.13894763e-04
  0.39671243   0.12408977  -0.90951689  1.91925909e-04
  0.16428436  -0.34501346   0.92410841  2.24305813e-04
  0.36867977   0.80136400   0.47105305  2.19070444e-04
  0.46212309  -0.35334474  -0.81338167  8.50236829e-04
  0.23268046   0.44038404   0.86713419  2.12541879e-04
