20
 -1.1407996218300525E+00 -2.3170985309886123E+00 3.8420614944644871E-01
 8.8134525432744856E-03 -5.9302217901529720E-03 -1.5755064153708512E-03
0
0.0
 -1.1407996218300525E+00 -2.3170985309886123E+00 3.8420614944644871E-01
 8.7066033499589648E-03 -6.0222773929527896E-03 -1.4435734042243832E-03
0
0.0
 -1.1407996218300525E+00 -2.3170985309886123E+00 3.8420614944644871E-01
 8.8137129616555274E-03 -5.9641195082941996E-03 -1.5238458608791289E-03
0
0.0
 -1.1407996218300525E+00 -2.3170985309886123E+00 3.8420614944644871E-01
 8.9518398582659666E-03 -5.8527080452254725E-03 -1.8805316936025905E-03
0
0.0
 -1.1407996218300525E+00 -2.3170985309886123E+00 3.8420614944644871E-01
 8.9061063439129819E-03 -6.0181161819004578E-03 -1.5593317726466029E-03
0
0.0
 -1.1407996218300525E+00 -2.3170985309886123E+00 3.8420614944644871E-01
 8.7167160792255734E-03 -6.0404238675684976E-03 -1.5146226115132807E-03
0
0.0
 -1.1407996218300525E+00 -2.3170985309886123E+00 3.8420614944644871E-01
 9.0155417610900054E-03 -5.9175788403906509E-03 -1.4793060365139515E-03
0
0.0
 -1.1407996218300525E+00 -2.3170985309886123E+00 3.8420614944644871E-01
 9.0509111617284293E-03 -5.9002808564661575E-03 -1.5282751455419270E-03
0
0.0
 -1.1407996218300525E+00 -2.3170985309886123E+00 3.8420614944644871E-01
 8.6536176605589571E-03 -5.8508827509373973E-03 -1.7495239167923588E-03
0
0.0
 -1.1407996218300525E+00 -2.3170985309886123E+00 3.8420614944644871E-01
 8.7070663276297908E-03 -5.8306994397310285E-03 -1.3955847421452279E-03
0
0.0
 -1.1407996218300525E+00 -2.3170985309886123E+00 3.8420614944644871E-01
 8.8378720031177718E-03 -5.9410438303574573E-03 -1.4979306041727799E-03
0
0.0
 -1.1407996218300525E+00 -2.3170985309886123E+00 3.8420614944644871E-01
 8.5994086264227221E-03 -6.1405664179325714E-03 -1.7306058186814864E-03
0
0.0
 -1.1407996218300525E+00 -2.3170985309886123E+00 3.8420614944644871E-01
 8.6929273617414957E-03 -5.8115077132083514E-03 -1.8518229661162156E-03
0
0.0
 -1.1407996218300525E+00 -2.3170985309886123E+00 3.8420614944644871E-01
 8.6183984273515580E-03 -5.6677183348922532E-03 -1.8016253795272922E-03
0
0.0
 -1.1407996218300525E+00 -2.3170985309886123E+00 3.8420614944644871E-01
 8.7480015509786221E-03 -5.7638312381829990E-03 -1.8303585996274673E-03
0
0.0
 -1.1407996218300525E+00 -2.3170985309886123E+00 3.8420614944644871E-01
 8.6383009409066146E-03 -5.8332435212961600E-03 -1.6780866603863399E-03
0
0.0
 -1.1407996218300525E+00 -2.3170985309886123E+00 3.8420614944644871E-01
 8.9249067353417508E-03 -5.8876789904372057E-03 -1.6367242531943032E-03
0
0.0
 -1.1407996218300525E+00 -2.3170985309886123E+00 3.8420614944644871E-01
 8.8597624683793511E-03 -5.8779962915240748E-03 -1.5549395882400003E-03
0
0.0
 -1.1407996218300525E+00 -2.3170985309886123E+00 3.8420614944644871E-01
 8.6281823976884289E-03 -5.8737130930442624E-03 -1.5229784034828801E-03
0
0.0
 -1.1407996218300525E+00 -2.3170985309886123E+00 3.8420614944644871E-01
 8.7504418952857651E-03 -5.7291950496306775E-03 -1.3389574115040667E-03
0
0.0
