20
 -1.1407996218300525E+00 -2.3170985309886123E+00 3.8420614944644871E-01
 8.7216371818357452E-03 -5.9485000351280097E-03 -1.6091273385075925E-03
0
0.0
 -1.1407996218300525E+00 -2.3170985309886123E+00 3.8420614944644871E-01
 8.7611845840337016E-03 -5.6105514564034620E-03 -1.6542306260607217E-03
0
0.0
 -1.1407996218300525E+00 -2.3170985309886123E+00 3.8420614944644871E-01
 8.8601995711529158E-03 -6.0722894922620374E-03 -1.7882384206987369E-03
0
0.0
 -1.1407996218300525E+00 -2.3170985309886123E+00 3.8420614944644871E-01
 8.7469667802277558E-03 -5.8930850564833624E-03 -1.5703960651405099E-03
0
0.0
 -1.1407996218300525E+00 -2.3170985309886123E+00 3.8420614944644871E-01
 8.6650791538976178E-03 -5.8072357181353680E-03 -1.8589636756945033E-03
0
0.0
 -1.1407996218300525E+00 -2.3170985309886123E+00 3.8420614944644871E-01
 8.8041459897826389E-03 -5.8784452388039986E-03 -1.7006263521980392E-03
0
0.0
 -1.1407996218300525E+00 -2.3170985309886123E+00 3.8420614944644871E-01
 8.7043099043726535E-03 -5.8584274816292541E-03 -1.7341021125693791E-03
0
0.0
 -1.1407996218300525E+00 -2.3170985309886123E+00 3.8420614944644871E-01
 8.9547489973719266E-03 -5.9968156288015204E-03 -1.8630064550809885E-03
0
0.0
 -1.1407996218300525E+00 -2.3170985309886123E+00 3.8420614944644871E-01
 8.5734219629351547E-03 -5.8106448653883489E-03 -1.4615469856077146E-03
0
0.0
 -1.1407996218300525E+00 -2.3170985309886123E+00 3.8420614944644871E-01
 8.6653643483830291E-03 -5.9121567549278988E-03 -1.5474831129180242E-03
0
0.0
 -1.1407996218300525E+00 -2.3170985309886123E+00 3.8420614944644871E-01
 8.6198657984116727E-03 -5.9669414918578512E-03 -1.8597239789503442E-03
0
0.0
 -1.1407996218300525E+00 -2.3170985309886123E+00 3.8420614944644871E-01
 8.8475898964928291E-03 -6.1494975843666413E-03 -1.7572772919013952E-03
0
0.0
 -1.1407996218300525E+00 -2.3170985309886123E+00 3.8420614944644871E-01
 8.8679947263108783E-03 -5.7626837004575134E-03 -1.4644510888367828E-03
0
0.0
 -1.1407996218300525E+00 -2.3170985309886123E+00 3.8420614944644871E-01
 8.8096603095120067E-03 -5.8640515789134158E-03 -1.5972722303218064E-03
0
0.0
 -1.1407996218300525E+00 -2.3170985309886123E+00 3.8420614944644871E-01
 8.7385256330095445E-03 -6.0055482753102697E-03 -1.6504724132866896E-03
0
0.0
 -1.1407996218300525E+00 -2.3170985309886123E+00 3.8420614944644871E-01
 8.7910511034475936E-03 -5.9361704802330150E-03 -1.6577326789280989E-03
0
0.0
 -1.1407996218300525E+00 -2.3170985309886123E+00 3.8420614944644871E-01
 8.9311730413094304E-03 -6.1093606981550697E-03 -1.6409256862469292E-03
0
0.0
 -1.1407996218300525E+00 -2.3170985309886123E+00 3.8420614944644871E-01
 8.8677606296075177E-03 -5.8679204422050803E-03 -1.3272937240174473E-03
0
0.0
 -1.1407996218300525E+00 -2.3170985309886123E+00 3.8420614944644871E-01
 9.0377423595572604E-03 -5.8432915915815802E-03 -1.4323030981208220E-03
0
0.0
 -1.1407996218300525E+00 -2.3170985309886123E+00 3.8420614944644871E-01
 8.7642175570438602E-03 -5.9283126843755404E-03 -1.6047862711170034E-03
0
0.0
