20
-1
1
  0.60701000  -0.39974099   0.68683768  7.63137357e-04
 -0.86395950   0.25726213   0.43288588  5.52862216e-04
  0.91786668  -0.32485594  -0.22801178  6.36786830e-04
 -0.85541778  -0.51251819  -0.07473629  1.71599516e-04
  0.22416053   0.03291133  -0.97399636  2.50773613e-04
  0.27947589   0.21627154   0.93547840  1.59026286e-04
  0.09113309   0.97822471  -0.18647033  2.00060129e-04
 -0.58528761  -0.07946417  -0.80692246  2.78517215e-04
 -0.74684001   0.19274163  -0.63645947  1.48642466e-04
  0.38938739  -0.73427981   0.55606710  2.48948345e-04
 -0.81365229  -0.54566321  -0.20055327  4.92916350e-04
 -0.76912926   0.54252893   0.33779068  1.69262803e-04
 -0.58822897   0.80860717   0.01187924  2.14724637e-04
  0.86898870  -0.00395288  -0.49481614  2.83356374e-04
  0.29502806   0.22709012  -0.92811019  1.72666226e-04
 -0.78746366   0.59690989  -0.15362149  1.95694859e-04
 -0.93965855   0.31766704   0.12700182  2.45432301e-04
  0.34842029   0.66952542  -0.65600229  2.40507714e-04
  0.66229208   0.02363875   0.74887276  1.46735794e-04
 -0.69184198  -0.42403864   0.58441929  1.96044058e-04
