20
 -1.1407996218300525E+00 -2.3170985309886123E+00 3.8420614944644871E-01
 8.8768339386793831E-03 -5.8357945980583616E-03 -1.6737715218151765E-03
0
0.0
 -1.1407996218300525E+00 -2.3170985309886123E+00 3.8420614944644871E-01
 8.7216900387929851E-03 -5.9115701993941762E-03 -1.5951108793397742E-03
0
0.0
 -1.1407996218300525E+00 -2.3170985309886123E+00 3.8420614944644871E-01
 8.8410405763102388E-03 -5.8760332055911206E-03 -1.5909796461161122E-03
0
0.0
 -1.1407996218300525E+00 -2.3170985309886123E+00 3.8420614944644871E-01
 8.9165278435679556E-03 -5.9448491195420684E-03 -1.7216274991315717E-03
0
0.0
 -1.1407996218300525E+00 -2.3170985309886123E+00 3.8420614944644871E-01
 8.7435407600909131E-03 -5.8102773806308263E-03 -1.7839301974364688E-03
0
0.0
 -1.1407996218300525E+00 -2.3170985309886123E+00 3.8420614944644871E-01
 8.5829490361713848E-03 -5.8615570092722018E-03 -1.7663092901609913E-03
0
0.0
 -1.1407996218300525E+00 -2.3170985309886123E+00 3.8420614944644871E-01
 8.7895660373389535E-03 -5.8623204201847957E-03 -1.5360554799981948E-03
0
0.0
 -1.1407996218300525E+00 -2.3170985309886123E+00 3.8420614944644871E-01
 8.8623996782474703E-03 -5.9299399968092822E-03 -1.4628642631177775E-03
0
0.0
 -1.1407996218300525E+00 -2.3170985309886123E+00 3.8420614944644871E-01
 8.6773470311709167E-03 -5.9331828347454641E-03 -1.7258419173295317E-03
0
0.0
 -1.1407996218300525E+00 -2.3170985309886123E+00 3.8420614944644871E-01
 8.5232526135668452E-03 -6.0550492051130722E-03 -1.7179267057915353E-03
0
0.0
 -1.1407996218300525E+00 -2.3170985309886123E+00 3.8420614944644871E-01
 8.8392665002969602E-03 -5.7708060638072649E-03 -1.4456140806624099E-03
0
0.0
 -1.1407996218300525E+00 -2.3170985309886123E+00 3.8420614944644871E-01
 8.8637204385615398E-03 -5.8081175027088656E-03 -1.8279407411718595E-03
0
0.0
 -1.1407996218300525E+00 -2.3170985309886123E+00 3.8420614944644871E-01
 8.8593914656721826E-03 -5.9782730767000882E-03 -1.5618089789040679E-03
0
0.0
 -1.1407996218300525E+00 -2.3170985309886123E+00 3.8420614944644871E-01
 9.0496923195804400E-03 -5.7860868354368466E-03 -1.4987997462235850E-03
0
0.0
 -1.1407996218300525E+00 -2.3170985309886123E+00 3.8420614944644871E-01
 8.8066674971430635E-03 -5.9123813869162104E-03 -1.6356873222692606E-03
0
0.0
 -1.1407996218300525E+00 -2.3170985309886123E+00 3.8420614944644871E-01
 8.9237512862644242E-03 -5.7537973843684786E-03 -1.6314925146917781E-03
0
0.0
 -1.1407996218300525E+00 -2.3170985309886123E+00 3.8420614944644871E-01
 8.9689026436941648E-03 -6.1614177439329220E-03 -1.4982695713632833E-03
0
0.0
 -1.1407996218300525E+00 -2.3170985309886123E+00 3.8420614944644871E-01
 8.7546147858226699E-03 -5.6722891119096331E-03 -1.7094002468612433E-03
0
0.0
 -1.1407996218300525E+00 -2.3170985309886123E+00 3.8420614944644871E-01
 8.7713279801840717E-03 -5.9089567979817839E-03 -1.6525145858598601E-03
0
0.0
 -1.1407996218300525E+00 -2.3170985309886123E+00 3.8420614944644871E-01
 8.8500466001432392E-03 -5.7425427111543253E-03 -1.7174337216169305E-03
0
0.0
