20
-1
1
 -0.26658338   0.80001759   0.53749898  1.53625078e-04
  0.71765155  -0.61150800   0.33321799  1.91299103e-04
  0.30831713   0.82059537   0.48121075  3.98383973e-04
 -0.44358942   0.73493854  -0.51292667  2.85804993e-04
 -0.85806403  -0.47584973   0.19311434  2.04246396e-04
  0.71179452   0.03083763  -0.70171048  1.58826775e-04
 -0.91397566  -0.40553824  -0.01368345  1.67764446e-04
  0.61417425   0.75085754   0.24290524  7.34750923e-04
  0.70079355   0.64716169   0.30011690  3.44311389e-04
 -0.41059892  -0.91051274   0.04873468  1.63707138e-04
  0.31154453  -0.35836728   0.88006414  1.74966374e-04
 -0.96269686   0.12226513  -0.24138351  2.07076652e-04
 -0.36208487  -0.60703268   0.70739372  1.76877022e-04
  0.63795219   0.41087956   0.65130254  2.20422426e-04
 -0.60108455   0.52165159  -0.60545601  1.64470232e-04
 -0.97494612  -0.03652471  -0.21942197  2.38777062e-04
 -0.04410220   0.91459940   0.40194892  7.06310882e-04
  0.71784014   0.51291347   0.47077096  1.47553281e-04
 -0.27121132   0.96172639   0.03907385  1.93588565e-04
 -0.71599842   0.62503619   0.31092768  2.08474459e-04
