20
 -1.1407996218300525E+00 -2.3170985309886123E+00 3.8420614944644871E-01
 8.8035819160627669E-03 -5.9124054113047792E-03 -1.5030268605635490E-03
0
0.0
 -1.1407996218300525E+00 -2.3170985309886123E+00 3.8420614944644871E-01
 8.7345185584846909E-03 -6.0070139758500538E-03 -1.6626846417263647E-03
0
0.0
 -1.1407996218300525E+00 -2.3170985309886123E+00 3.8420614944644871E-01
 8.8078471387283523E-03 -5.9767496554482130E-03 -1.5318744277468539E-03
0
0.0
 -1.1407996218300525E+00 -2.3170985309886123E+00 3.8420614944644871E-01
 8.8461032725928625E-03 -5.7923605566356350E-03 -1.6263230025579415E-03
0
0.0
 -1.1407996218300525E+00 -2.3170985309886123E+00 3.8420614944644871E-01
 8.8892215322556884E-03 -6.0109690338596778E-03 -1.6360297206638647E-03
0
0.0
 -1.1407996218300525E+00 -2.3170985309886123E+00 3.8420614944644871E-01
 8.7942254534853770E-03 -5.8815682597701691E-03 -1.6845650311531066E-03
0
0.0
 -1.1407996218300525E+00 -2.3170985309886123E+00 3.8420614944644871E-01
 9.0110932906784392E-03 -5.9827624762088995E-03 -1.4720077296853607E-03
0
0.0
 -1.1407996218300525E+00 -2.3170985309886123E+00 3.8420614944644871E-01
 8.8440279395054031E-03 -5.8014426889795561E-03 -1.8184517027252261E-03
0
0.0
 -1.1407996218300525E+00 -2.3170985309886123E+00 3.8420614944644871E-01
 8.8010058243170718E-03 -6.1228094519122714E-03 -1.4422677425694364E-03
0
0.0
 -1.1407996218300525E+00 -2.3170985309886123E+00 3.8420614944644871E-01
 8.5198641348320607E-03 -5.7950360559788552E-03 -1.7639910207434013E-03
0
0.0
 -1.1407996218300525E+00 -2.3170985309886123E+00 3.8420614944644871E-01
 8.6795620124787524E-03 -5.7087905868381719E-03 -1.6083743873314394E-03
0
0.0
 -1.1407996218300525E+00 -2.3170985309886123E+00 3.8420614944644871E-01
 8.6522526922008496E-03 -5.7070813306893502E-03 -1.4284211583424791E-03
0
0.0
 -1.1407996218300525E+00 -2.3170985309886123E+00 3.8420614944644871E-01
 8.6958796669114914E-03 -5.8916740867112887E-03 -1.6641445194151780E-03
0
0.0
 -1.1407996218300525E+00 -2.3170985309886123E+00 3.8420614944644871E-01
 8.8078356275673782E-03 -5.8754159762881269E-03 -1.5300693417212190E-03
0
0.0
 -1.1407996218300525E+00 -2.3170985309886123E+00 3.8420614944644871E-01
 8.5096148936964367E-03 -6.0712078391446465E-03 -1.6208344612232077E-03
0
0.0
 -1.1407996218300525E+00 -2.3170985309886123E+00 3.8420614944644871E-01
 8.9520930189405067E-03 -5.9666787200206173E-03 -1.5512727427813037E-03
0
0.0
 -1.1407996218300525E+00 -2.3170985309886123E+00 3.8420614944644871E-01
 8.6318013025662669E-03 -5.8673546209221132E-03 -1.5897645838264512E-03
0
0.0
 -1.1407996218300525E+00 -2.3170985309886123E+00 3.8420614944644871E-01
 8.7796768609613631E-03 -5.7436833094063350E-03 -1.3634827378541572E-03
0
0.0
 -1.1407996218300525E+00 -2.3170985309886123E+00 3.8420614944644871E-01
 8.5319571908009321E-03 -5.8611281528977875E-03 -1.6948789929711503E-03
0
0.0
 -1.1407996218300525E+00 -2.3170985309886123E+00 3.8420614944644871E-01
 8.7823478932222872E-03 -5.9087799690926840E-03 -1.5819515389100666E-03
0
0.0
