20
-1
1
 -0.19427295   0.36327935   0.91120038  6.72505567e-04
  0.22077110   0.80800338  -0.54625146  2.40287344e-04
  0.37967715  -0.63435918   0.67337486  5.08180544e-04
 -0.89852347  -0.26726666  -0.34817253  2.58734461e-04
  0.43992238   0.38423142  -0.81168622  1.64604247e-04
  0.96139535   0.25580384   0.10140701  1.76528720e-04
 -0.57397075  -0.67871261   0.45815583  2.50861980e-04
 -0.44134154   0.57795299   0.68643134  1.46654761e-04
  0.56724138  -0.57952179  -0.58514248  1.85871963e-04
 -0.79441387  -0.54649631   0.26504411  2.00942694e-04
  0.38127343  -0.81729886  -0.43203374  1.67868781e-04
 -0.73342364   0.47736192  -0.48395803  5.69885414e-04
 -0.23455385   0.22128457  -0.94658208  1.45961999e-04
 -0.51726860  -0.11830258  -0.84760704  1.69609810e-04
  0.58222176  -0.47971385  -0.65642398  1.69334948e-04
  0.01355575  -0.78718633  -0.61656624  3.25025589e-04
 -0.27980039   0.18192824  -0.94266317  2.82452515e-04
  0.52956383  -0.49731061   0.68720035  1.54684926e-04
  0.73902546  -0.61149978   0.28268249  1.92594557e-04
 -0.00767150   0.61357289   0.78960082  1.56063193e-04
