50
-1
1
  0.69251662  -0.14200554   0.70728718  3.14144638e-04
  0.13115214   0.00574003  -0.99134564  2.10036323e-04
  0.21614828  -0.75812799   0.61524131  3.53247447e-04
 -0.88759926   0.27100783  -0.37245444  2.55190899e-04
 -0.97933211  -0.12423218   0.15960884  1.97540634e-04
  0.03027533   0.99952758  -0.00529386  4.92073272e-04
 -0.63168486  -0.53086140   0.56494284  7.09410076e-04
 -0.87797129  -0.46765867  -0.10228287  3.08241880e-04
 -0.35911786   0.04654402  -0.93213090  5.76900172e-04
  0.13711633  -0.60297495  -0.78588823  2.49965182e-04
  0.04692737   0.47476585  -0.87886018  1.49335655e-04
 -0.40473002  -0.91115492  -0.07739723  6.84125867e-04
 -0.20608510   0.90910010   0.36203031  1.57895272e-04
  0.43752642   0.78312110  -0.44191852  6.45097843e-04
 -0.98627220   0.04859390   0.15781567  1.75564817e-04
  0.05616251  -0.59390641  -0.80257146  7.57153613e-04
 -0.36013751   0.12289836  -0.92476860  2.18718374e-04
 -0.39083806  -0.14912491  -0.90829916  1.89983718e-04
  0.65171706   0.23083576   0.72248164  1.90537213e-04
 -0.93242722   0.12732578  -0.33818282  1.54162727e-04
 -0.04092508  -0.96398119  -0.26280298  5.76924626e-04
 -0.11480617  -0.73044478  -0.67325327  1.77364701e-04
 -0.78627204   0.04797796  -0.61601493  3.23460204e-04
 -0.96137830   0.01283717  -0.27493085  1.93390132e-04
 -0.78031988  -0.31258751   0.54165480  3.16030792e-04
 -0.33283481  -0.80775750   0.48656841  2.52418227e-04
 -0.77899372  -0.30963916   0.54524524  2.66709081e-04
 -0.99048240   0.10912896  -0.08387783  1.83186577e-04
  0.35443761  -0.40636980  -0.84216244  1.62649986e-04
 -0.56269724  -0.82384378   0.06821472  1.48058262e-04
  0.44370195   0.81060426   0.38216398  2.34336051e-04
  0.45246776  -0.68073184  -0.57608774  2.48578904e-04
  0.99163265  -0.05622003  -0.11620667  3.12541994e-04
  0.67145684   0.14414328  -0.72688956  5.23559898e-04
 -0.68998711  -0.40212489   0.60184164  2.38731569e-04
 -0.80127187   0.32668228  -0.50124055  4.01934055e-04
 -0.10618353   0.79833751   0.59277507  4.58794535e-04
 -0.90429121   0.10701426  -0.41328605  1.46926205e-04
  0.45047924  -0.02157547   0.89252616  3.09488442e-04
  0.13090478   0.97161246  -0.19706134  2.60230533e-04
  0.08879910  -0.44950899   0.88885116  2.23242053e-04
 -0.63918905  -0.48633197   0.59575043  4.63784440e-04
  0.81955529  -0.26871216  -0.50608587  2.38226632e-04
  0.72485631  -0.51958554  -0.45234301  6.56003786e-04
 -0.98191480   0.18918988  -0.00710775  1.57765295e-04
  0.77439944  -0.63264180   0.00835808  2.44462281e-04
  0.05872172   0.49020611   0.86962620  4.46883345e-04
 -0.65963907   0.47429638  -0.58302593  6.22043733e-04
 -0.38760770  -0.77970602  -0.49175075  7.42038864e-04
 -0.97945627   0.08338309   0.18361014  3.02561249e-04
