50
 -1.1407996218300525E+00 -2.3170985309886123E+00 3.8420614944644871E-01
 8.7396986391756887E-03 -5.8511521097602904E-03 -1.6335149877778129E-03
0
0.0
 -1.1407996218300525E+00 -2.3170985309886123E+00 3.8420614944644871E-01
 8.8395903962421481E-03 -5.8449410431762805E-03 -1.2991552144524707E-03
0
0.0
 -1.1407996218300525E+00 -2.3170985309886123E+00 3.8420614944644871E-01
 8.9494277083534725E-03 -5.6210748865760706E-03 -1.5848507012559071E-03
0
0.0
 -1.1407996218300525E+00 -2.3170985309886123E+00 3.8420614944644871E-01
 8.8326042270543952E-03 -6.1807631185703234E-03 -1.6058485534889166E-03
0
0.0
 -1.1407996218300525E+00 -2.3170985309886123E+00 3.8420614944644871E-01
 9.0658530200459306E-03 -5.8511185475303516E-03 -1.5582909472548726E-03
0
0.0
 -1.1407996218300525E+00 -2.3170985309886123E+00 3.8420614944644871E-01
 8.6830005628070681E-03 -5.8876399321213619E-03 -1.6444351311617148E-03
0
0.0
 -1.1407996218300525E+00 -2.3170985309886123E+00 3.8420614944644871E-01
 8.9175939529544876E-03 -5.8777460308711213E-03 -1.6311921964016173E-03
0
0.0
 -1.1407996218300525E+00 -2.3170985309886123E+00 3.8420614944644871E-01
 8.4663342631129800E-03 -5.9636823958571358E-03 -1.6397155918030726E-03
0
0.0
 -1.1407996218300525E+00 -2.3170985309886123E+00 3.8420614944644871E-01
 8.7045990655603752E-03 -5.7970194086371498E-03 -1.5297517019496590E-03
0
0.0
 -1.1407996218300525E+00 -2.3170985309886123E+00 3.8420614944644871E-01
 8.7590717489288861E-03 -6.0032853806561200E-03 -1.6151630681779797E-03
0
0.0
 -1.1407996218300525E+00 -2.3170985309886123E+00 3.8420614944644871E-01
 9.0304753480730960E-03 -5.9220121774822623E-03 -1.7437953532247362E-03
0
0.0
 -1.1407996218300525E+00 -2.3170985309886123E+00 3.8420614944644871E-01
 8.8140548322749607E-03 -5.6627390419224802E-03 -1.6586217285583485E-03
0
0.0
 -1.1407996218300525E+00 -2.3170985309886123E+00 3.8420614944644871E-01
 8.8884498445157938E-03 -5.9700297474918427E-03 -1.5813077652639962E-03
0
0.0
 -1.1407996218300525E+00 -2.3170985309886123E+00 3.8420614944644871E-01
 8.8589688450915974E-03 -6.0268525471307522E-03 -1.7396746703293017E-03
0
0.0
 -1.1407996218300525E+00 -2.3170985309886123E+00 3.8420614944644871E-01
 8.9809466183601930E-03 -5.7060508893797008E-03 -1.6797664698933400E-03
0
0.0
 -1.1407996218300525E+00 -2.3170985309886123E+00 3.8420614944644871E-01
 8.8279634208785311E-03 -5.8639703589807701E-03 -1.5603420395413695E-03
0
0.0
 -1.1407996218300525E+00 -2.3170985309886123E+00 3.8420614944644871E-01
 8.6710172629589286E-03 -5.9455725213760002E-03 -1.6075982546327121E-03
0
0.0
 -1.1407996218300525E+00 -2.3170985309886123E+00 3.8420614944644871E-01
 8.6334264560874920E-03 -5.9622033575803708E-03 -1.6472380927989255E-03
0
0.0
 -1.1407996218300525E+00 -2.3170985309886123E+00 3.8420614944644871E-01
 9.0141514195716116E-03 -5.8691257461922332E-03 -1.7351164760455457E-03
0
0.0
 -1.1407996218300525E+00 -2.3170985309886123E+00 3.8420614944644871E-01
 8.7781114581311961E-03 -5.8021535183277583E-03 -1.5826333481547656E-03
0
0.0
 -1.1407996218300525E+00 -2.3170985309886123E+00 3.8420614944644871E-01
 8.9394231846685272E-03 -5.7230307483754420E-03 -1.7121482261312387E-03
0
0.0
 -1.1407996218300525E+00 -2.3170985309886123E+00 3.8420614944644871E-01
 9.0113046772227704E-03 -5.7163942197128925E-03 -1.7454151124414886E-03
0
0.0
 -1.1407996218300525E+00 -2.3170985309886123E+00 3.8420614944644871E-01
 8.8752527861767298E-03 -5.8563627315293826E-03 -1.5265138861217313E-03
0
0.0
 -1.1407996218300525E+00 -2.3170985309886123E+00 3.8420614944644871E-01
 8.8571165301363879E-03 -5.8362401631243885E-03 -1.7595225163576228E-03
0
0.0
 -1.1407996218300525E+00 -2.3170985309886123E+00 3.8420614944644871E-01
 8.8499781557212689E-03 -5.9453614790800817E-03 -1.5485059462568627E-03
0
0.0
 -1.1407996218300525E+00 -2.3170985309886123E+00 3.8420614944644871E-01
 8.7655729298351005E-03 -5.9519251191944662E-03 -1.5577114345978369E-03
0
0.0
 -1.1407996218300525E+00 -2.3170985309886123E+00 3.8420614944644871E-01
 8.8383483667558334E-03 -5.8618904267871141E-03 -1.5288836694615192E-03
0
0.0
 -1.1407996218300525E+00 -2.3170985309886123E+00 3.8420614944644871E-01
 8.6960147058062244E-03 -5.9660070485954954E-03 -1.4887333219000102E-03
0
0.0
 -1.1407996218300525E+00 -2.3170985309886123E+00 3.8420614944644871E-01
 8.6143678917282290E-03 -5.6734177817681216E-03 -1.6730706436551375E-03
0
0.0
 -1.1407996218300525E+00 -2.3170985309886123E+00 3.8420614944644871E-01
 8.8675920518821172E-03 -5.8582987367683500E-03 -1.7353009894269967E-03
0
0.0
 -1.1407996218300525E+00 -2.3170985309886123E+00 3.8420614944644871E-01
 8.5453559833477341E-03 -5.7669391272251588E-03 -1.5975422540549981E-03
0
0.0
 -1.1407996218300525E+00 -2.3170985309886123E+00 3.8420614944644871E-01
 8.7288424318527381E-03 -5.8330322033313302E-03 -1.7727040517774798E-03
0
0.0
 -1.1407996218300525E+00 -2.3170985309886123E+00 3.8420614944644871E-01
 8.8484522056039537E-03 -5.9603441345946109E-03 -1.6757414637814949E-03
0
0.0
 -1.1407996218300525E+00 -2.3170985309886123E+00 3.8420614944644871E-01
 8.7816272547125238E-03 -5.7470906046040143E-03 -1.5285239541710310E-03
0
0.0
 -1.1407996218300525E+00 -2.3170985309886123E+00 3.8420614944644871E-01
 9.0179634261983652E-03 -5.8476553115468276E-03 -1.7125409802244624E-03
0
0.0
 -1.1407996218300525E+00 -2.3170985309886123E+00 3.8420614944644871E-01
 8.7724955200651905E-03 -5.6424832068053656E-03 -1.5746746379088417E-03
0
0.0
 -1.1407996218300525E+00 -2.3170985309886123E+00 3.8420614944644871E-01
 8.8377550937212609E-03 -5.8144856388454829E-03 -1.4141010802904701E-03
0
0.0
 -1.1407996218300525E+00 -2.3170985309886123E+00 3.8420614944644871E-01
 8.7032526134076232E-03 -5.8499197195186594E-03 -1.8983072696644896E-03
0
0.0
 -1.1407996218300525E+00 -2.3170985309886123E+00 3.8420614944644871E-01
 8.7322614705789697E-03 -5.9702499810436868E-03 -1.8296520653575568E-03
0
0.0
 -1.1407996218300525E+00 -2.3170985309886123E+00 3.8420614944644871E-01
 8.5843590101498529E-03 -5.9699894148635179E-03 -1.6813128767301582E-03
0
0.0
 -1.1407996218300525E+00 -2.3170985309886123E+00 3.8420614944644871E-01
 8.7687425411370999E-03 -5.8596897872484361E-03 -1.6836308673983172E-03
0
0.0
 -1.1407996218300525E+00 -2.3170985309886123E+00 3.8420614944644871E-01
 8.7136435408772459E-03 -5.7720709564394257E-03 -1.4381885522126345E-03
0
0.0
 -1.1407996218300525E+00 -2.3170985309886123E+00 3.8420614944644871E-01
 8.8354154749605580E-03 -5.8160594524756595E-03 -1.5462522130442410E-03
0
0.0
 -1.1407996218300525E+00 -2.3170985309886123E+00 3.8420614944644871E-01
 8.7464934175176586E-03 -6.0133034572969280E-03 -1.6825775049707258E-03
0
0.0
 -1.1407996218300525E+00 -2.3170985309886123E+00 3.8420614944644871E-01
 8.8596012812045526E-03 -5.8128350416314471E-03 -1.6767351416830962E-03
0
0.0
 -1.1407996218300525E+00 -2.3170985309886123E+00 3.8420614944644871E-01
 8.8397135855619209E-03 -5.8046218903621393E-03 -1.5214761156021226E-03
0
0.0
 -1.1407996218300525E+00 -2.3170985309886123E+00 3.8420614944644871E-01
 8.7788249596365085E-03 -6.1467876186342705E-03 -1.5632096923009491E-03
0
0.0
 -1.1407996218300525E+00 -2.3170985309886123E+00 3.8420614944644871E-01
 8.8012035278556174E-03 -5.9468684872618265E-03 -1.6149573486704848E-03
0
0.0
 -1.1407996218300525E+00 -2.3170985309886123E+00 3.8420614944644871E-01
 8.7558549258484903E-03 -6.0224552570918247E-03 -1.8470856888043367E-03
0
0.0
 -1.1407996218300525E+00 -2.3170985309886123E+00 3.8420614944644871E-01
 8.7940125391123298E-03 -5.8855351516318459E-03 -1.6173078152683384E-03
0
0.0
