20
-1
1
  0.77071844  -0.00224280  -0.63717192  2.05777056e-04
 -0.71702813   0.57145483   0.39913662  2.25070545e-04
 -0.19303532   0.97593242  -0.10145582  3.90530334e-04
  0.66750169   0.18839850   0.72038011  8.56381509e-04
  0.04138154  -0.36986366   0.92816402  1.55754830e-04
  0.24084627   0.89919396  -0.36529892  1.88095111e-04
  0.45269337  -0.30004367   0.83966809  5.71242882e-04
 -0.07434231   0.64305834   0.76220023  8.56472704e-04
  0.97626454  -0.16910851   0.13531391  1.54027352e-04
 -0.47016451   0.88144822   0.04465834  1.46234829e-04
  0.96913653   0.04521717  -0.24234232  1.97655215e-04
 -0.15592926   0.00166004  -0.98776683  1.95744816e-04
 -0.49297292  -0.81798207   0.29645072  3.03768515e-04
  0.35878470  -0.02384019  -0.93311585  1.48173083e-04
  0.65794975  -0.66969728  -0.34439466  4.99073327e-04
  0.40171276  -0.83732648  -0.37082506  2.71043171e-04
  0.55657300  -0.81500430  -0.16122805  2.33909888e-04
 -0.25324133   0.90615523  -0.33874995  6.30942962e-04
  0.11151671   0.85583283  -0.50508831  4.72567546e-04
  0.39911614  -0.88316745  -0.24641746  3.14978626e-04
