20
-1
1
 -0.63268834  -0.64909802  -0.42234727  2.06083227e-04
  0.93961298  -0.32878920  -0.09500060  3.28311858e-04
  0.11911034   0.99277260   0.01467247  1.67504464e-04
 -0.25230600  -0.87526801  -0.41261071  1.73906106e-04
  0.91622373  -0.20677747   0.34318677  1.95900329e-04
  0.62075056   0.18726729   0.76131446  4.79594760e-04
 -0.15455304  -0.38001775  -0.91197580  1.72059170e-04
 -0.96191922  -0.23982622   0.13112891  3.85516959e-04
 -0.99061067   0.11948078   0.06644432  2.88741480e-04
 -0.22321626   0.87467927  -0.43024490  6.04240461e-04
  0.49894911  -0.82849668  -0.25424997  7.75125091e-04
 -0.53383396   0.83975670  -0.09914629  1.65747612e-04
  0.44148938   0.47662914   0.76020510  2.04254713e-04
 -0.08056420   0.52921555   0.84465396  2.84156851e-04
  0.57849492  -0.57599439   0.57755874  2.34851494e-04
 -0.45730838  -0.64273690  -0.61462047  1.70202781e-04
 -0.63451195   0.40031739   0.66116607  2.10306383e-04
 -0.09116184   0.21418225  -0.97253045  4.90734352e-04
  0.83704657  -0.42510327  -0.34444193  2.46818656e-04
  0.29001602   0.13512117   0.94743495  1.95207688e-04
