20
 -1.1407996218300525E+00 -2.3170985309886123E+00 3.8420614944644871E-01
 8.6232385894674038E-03 -5.8981841295792543E-03 -1.9127701000611582E-03
0
0.0
 -1.1407996218300525E+00 -2.3170985309886123E+00 3.8420614944644871E-01
 9.0361963542779939E-03 -6.1173324086199292E-03 -1.6217226878264903E-03
0
0.0
 -1.1407996218300525E+00 -2.3170985309886123E+00 3.8420614944644871E-01
 8.8016802710803969E-03 -5.9281794821472071E-03 -1.5764846515474015E-03
0
0.0
 -1.1407996218300525E+00 -2.3170985309886123E+00 3.8420614944644871E-01
 9.1004506166559272E-03 -6.0409206696024767E-03 -1.5853893274785054E-03
0
0.0
 -1.1407996218300525E+00 -2.3170985309886123E+00 3.8420614944644871E-01
 8.8333325113427660E-03 -6.1987387597114323E-03 -1.6155917962763786E-03
0
0.0
 -1.1407996218300525E+00 -2.3170985309886123E+00 3.8420614944644871E-01
 8.7723479110360866E-03 -5.8092859639608729E-03 -1.4941149489972306E-03
0
0.0
 -1.1407996218300525E+00 -2.3170985309886123E+00 3.8420614944644871E-01
 8.6057421400044330E-03 -5.8506122640657517E-03 -1.7599183163666474E-03
0
0.0
 -1.1407996218300525E+00 -2.3170985309886123E+00 3.8420614944644871E-01
 8.5708599564141199E-03 -6.0258582075649516E-03 -1.7532551165321626E-03
0
0.0
 -1.1407996218300525E+00 -2.3170985309886123E+00 3.8420614944644871E-01
 8.7612889169202176E-03 -5.8965686720237366E-03 -1.5968818580273571E-03
0
0.0
 -1.1407996218300525E+00 -2.3170985309886123E+00 3.8420614944644871E-01
 8.6397796333432132E-03 -5.8100718834688762E-03 -1.8026931802639572E-03
0
0.0
 -1.1407996218300525E+00 -2.3170985309886123E+00 3.8420614944644871E-01
 8.9319231222568466E-03 -5.8252024260231671E-03 -1.4036782216371988E-03
0
0.0
 -1.1407996218300525E+00 -2.3170985309886123E+00 3.8420614944644871E-01
 8.6403626452726118E-03 -6.1624257791965198E-03 -1.5267762694161861E-03
0
0.0
 -1.1407996218300525E+00 -2.3170985309886123E+00 3.8420614944644871E-01
 8.7774174868952299E-03 -6.0043641949071667E-03 -1.4223502344788404E-03
0
0.0
 -1.1407996218300525E+00 -2.3170985309886123E+00 3.8420614944644871E-01
 8.6571203970944571E-03 -5.7954898535890207E-03 -1.6467350894115100E-03
0
0.0
 -1.1407996218300525E+00 -2.3170985309886123E+00 3.8420614944644871E-01
 8.7176139303805304E-03 -5.6052448726409826E-03 -1.5907141008052934E-03
0
0.0
 -1.1407996218300525E+00 -2.3170985309886123E+00 3.8420614944644871E-01
 8.7657605555483010E-03 -6.0059727749921911E-03 -1.6722111616486734E-03
0
0.0
 -1.1407996218300525E+00 -2.3170985309886123E+00 3.8420614944644871E-01
 8.8511806373146561E-03 -5.8697986486576917E-03 -1.3766073542362987E-03
0
0.0
 -1.1407996218300525E+00 -2.3170985309886123E+00 3.8420614944644871E-01
 8.6886988575677962E-03 -5.8357774329646957E-03 -1.7669309716893339E-03
0
0.0
 -1.1407996218300525E+00 -2.3170985309886123E+00 3.8420614944644871E-01
 8.8093594862771098E-03 -5.8489450531154143E-03 -1.5409428396341654E-03
0
0.0
 -1.1407996218300525E+00 -2.3170985309886123E+00 3.8420614944644871E-01
 8.8753803805017833E-03 -5.9512037697102664E-03 -1.5777362274964006E-03
0
0.0
