20
 -1.1407996218300525E+00 -2.3170985309886123E+00 3.8420614944644871E-01
 8.7486366106727057E-03 -5.9074442267021375E-03 -1.4828790425518074E-03
0
0.0
 -1.1407996218300525E+00 -2.3170985309886123E+00 3.8420614944644871E-01
 8.7530073906271922E-03 -5.8699293234250743E-03 -1.6215657157021995E-03
0
0.0
 -1.1407996218300525E+00 -2.3170985309886123E+00 3.8420614944644871E-01
 8.9938221099277755E-03 -6.0254573940198434E-03 -1.3924289613647810E-03
0
0.0
 -1.1407996218300525E+00 -2.3170985309886123E+00 3.8420614944644871E-01
 8.8399997107737327E-03 -5.8923088186920115E-03 -1.6014690926174318E-03
0
0.0
 -1.1407996218300525E+00 -2.3170985309886123E+00 3.8420614944644871E-01
 8.7818397127042442E-03 -5.9169501803596680E-03 -1.5975302523151289E-03
0
0.0
 -1.1407996218300525E+00 -2.3170985309886123E+00 3.8420614944644871E-01
 8.6740073507938237E-03 -5.9447085654725524E-03 -1.5745448754678826E-03
0
0.0
 -1.1407996218300525E+00 -2.3170985309886123E+00 3.8420614944644871E-01
 8.6347777349757883E-03 -5.9547110019053011E-03 -1.4145192526402923E-03
0
0.0
 -1.1407996218300525E+00 -2.3170985309886123E+00 3.8420614944644871E-01
 8.6137052555649365E-03 -5.7539695261054043E-03 -1.4538901828228033E-03
0
0.0
 -1.1407996218300525E+00 -2.3170985309886123E+00 3.8420614944644871E-01
 8.9701912556664747E-03 -5.7243138934743561E-03 -1.5378459292891501E-03
0
0.0
 -1.1407996218300525E+00 -2.3170985309886123E+00 3.8420614944644871E-01
 8.8723629085746426E-03 -5.7480400380728151E-03 -1.5340492195832207E-03
0
0.0
 -1.1407996218300525E+00 -2.3170985309886123E+00 3.8420614944644871E-01
 8.8484262352317052E-03 -6.2379370131100736E-03 -1.6526264256577553E-03
0
0.0
 -1.1407996218300525E+00 -2.3170985309886123E+00 3.8420614944644871E-01
 8.9579902006936846E-03 -5.8022291867021736E-03 -1.5807104010759914E-03
0
0.0
 -1.1407996218300525E+00 -2.3170985309886123E+00 3.8420614944644871E-01
 8.8414469716896187E-03 -5.8548398013348957E-03 -1.8465818976734730E-03
0
0.0
 -1.1407996218300525E+00 -2.3170985309886123E+00 3.8420614944644871E-01
 8.7302147960515008E-03 -5.9329445771961449E-03 -1.4964060306531879E-03
0
0.0
 -1.1407996218300525E+00 -2.3170985309886123E+00 3.8420614944644871E-01
 8.9888366519252742E-03 -5.7718662729876625E-03 -1.5542705606410594E-03
0
0.0
 -1.1407996218300525E+00 -2.3170985309886123E+00 3.8420614944644871E-01
 9.0402568660698825E-03 -5.9031901911230011E-03 -1.6135394134139688E-03
0
0.0
 -1.1407996218300525E+00 -2.3170985309886123E+00 3.8420614944644871E-01
 8.7317134380738553E-03 -5.9627247252703776E-03 -1.6515538640726457E-03
0
0.0
 -1.1407996218300525E+00 -2.3170985309886123E+00 3.8420614944644871E-01
 8.7286610582778725E-03 -5.8536899089288380E-03 -1.7605338988186249E-03
0
0.0
 -1.1407996218300525E+00 -2.3170985309886123E+00 3.8420614944644871E-01
 8.5012514235059036E-03 -5.9364522188362582E-03 -1.5965878634323510E-03
0
0.0
 -1.1407996218300525E+00 -2.3170985309886123E+00 3.8420614944644871E-01
 8.8426853844178633E-03 -6.0954618382945518E-03 -1.5490604561946978E-03
0
0.0
