20
-1
1
  0.31678483   0.31625426  -0.89422068  4.18653653e-04
 -0.46105325   0.69644934  -0.54989837  2.91615924e-04
 -0.45008012  -0.20701305   0.86866189  1.61807560e-04
 -0.49047779   0.82428280  -0.28282397  2.97292316e-04
  0.32125080  -0.19366918  -0.92697906  5.00557294e-04
  0.41364016  -0.53215037  -0.73872715  1.82333873e-04
  0.68512530   0.11884636  -0.71866464  1.68988037e-04
  0.57449422  -0.40761458   0.70979346  3.85642916e-04
 -0.63611480  -0.71142345  -0.29872168  2.07498443e-04
 -0.65926752  -0.31413336  -0.68314462  1.75855543e-04
  0.26146225   0.96441668   0.03921673  3.54541057e-04
  0.96066633   0.26386522   0.08657570  8.71257377e-04
 -0.06283331   0.15269193   0.98627438  2.91495968e-04
  0.10721331   0.98362243   0.14488689  3.95442333e-04
  0.23062087   0.88382219   0.40702868  5.37419618e-04
 -0.27191032   0.19055102  -0.94326830  5.14783511e-04
 -0.35362531   0.03416961   0.93476285  7.24565884e-04
 -0.39270586   0.18575266  -0.90070975  1.48421742e-04
  0.92279350   0.27901429   0.26571261  1.83860098e-04
 -0.31469547   0.88669097  -0.33874162  1.70988910e-04
