20
 -1.1407996218300525E+00 -2.3170985309886123E+00 3.8420614944644871E-01
 8.8695473032848957E-03 -6.0970441437262568E-03 -1.3918885191045887E-03
0
0.0
 -1.1407996218300525E+00 -2.3170985309886123E+00 3.8420614944644871E-01
 8.6744734126309158E-03 -5.9204775939924762E-03 -1.7038024643984658E-03
0
0.0
 -1.1407996218300525E+00 -2.3170985309886123E+00 3.8420614944644871E-01
 8.9795347700307362E-03 -5.9813139780270537E-03 -1.6373476280408534E-03
0
0.0
 -1.1407996218300525E+00 -2.3170985309886123E+00 3.8420614944644871E-01
 8.8763468622660557E-03 -5.8904347593930267E-03 -1.5563753552488200E-03
0
0.0
 -1.1407996218300525E+00 -2.3170985309886123E+00 3.8420614944644871E-01
 8.6355602436328453E-03 -6.0749891938915524E-03 -1.5946915815585223E-03
0
0.0
 -1.1407996218300525E+00 -2.3170985309886123E+00 3.8420614944644871E-01
 8.6818882690749312E-03 -5.9446969610540508E-03 -1.6469570254324668E-03
0
0.0
 -1.1407996218300525E+00 -2.3170985309886123E+00 3.8420614944644871E-01
 8.9110475631433428E-03 -5.8860257431982282E-03 -1.7046061316442031E-03
0
0.0
 -1.1407996218300525E+00 -2.3170985309886123E+00 3.8420614944644871E-01
 8.7213492517754544E-03 -5.9581374868309779E-03 -1.5426029573514361E-03
0
0.0
 -1.1407996218300525E+00 -2.3170985309886123E+00 3.8420614944644871E-01
 8.8628721410412906E-03 -6.1303032242115791E-03 -1.5294496276709402E-03
0
0.0
 -1.1407996218300525E+00 -2.3170985309886123E+00 3.8420614944644871E-01
 8.8431911925632850E-03 -5.9621173728971674E-03 -1.7574347022917040E-03
0
0.0
 -1.1407996218300525E+00 -2.3170985309886123E+00 3.8420614944644871E-01
 8.8617498830341965E-03 -5.9063432241671003E-03 -1.5881691648350596E-03
0
0.0
 -1.1407996218300525E+00 -2.3170985309886123E+00 3.8420614944644871E-01
 8.6695258467185676E-03 -5.8575873764525124E-03 -1.5590257038970827E-03
0
0.0
 -1.1407996218300525E+00 -2.3170985309886123E+00 3.8420614944644871E-01
 8.7445858976726108E-03 -5.8969732252016826E-03 -1.5884405138600051E-03
0
0.0
 -1.1407996218300525E+00 -2.3170985309886123E+00 3.8420614944644871E-01
 8.9563927483155802E-03 -5.9570289975704547E-03 -1.7108131230345487E-03
0
0.0
 -1.1407996218300525E+00 -2.3170985309886123E+00 3.8420614944644871E-01
 8.9484079702201579E-03 -5.7231885285375797E-03 -1.7702241990494719E-03
0
0.0
 -1.1407996218300525E+00 -2.3170985309886123E+00 3.8420614944644871E-01
 8.8292800674751992E-03 -5.8866355308679922E-03 -1.6471664843340185E-03
0
0.0
 -1.1407996218300525E+00 -2.3170985309886123E+00 3.8420614944644871E-01
 8.8537052083266961E-03 -5.8379172187501454E-03 -1.5889580429028721E-03
0
0.0
 -1.1407996218300525E+00 -2.3170985309886123E+00 3.8420614944644871E-01
 8.9196089341506898E-03 -5.7963691867257911E-03 -1.4085769773461915E-03
0
0.0
 -1.1407996218300525E+00 -2.3170985309886123E+00 3.8420614944644871E-01
 9.0096938470124524E-03 -6.0809636595896529E-03 -1.6638904384805701E-03
0
0.0
 -1.1407996218300525E+00 -2.3170985309886123E+00 3.8420614944644871E-01
 8.7594196760835200E-03 -5.9278486559541732E-03 -1.7312860267971791E-03
0
0.0
