50
 -1.1407996218300525E+00 -2.3170985309886123E+00 3.8420614944644871E-01
 8.9354291497003666E-03 -6.0009242070489677E-03 -1.6178047743549027E-03
0
0.0
 -1.1407996218300525E+00 -2.3170985309886123E+00 3.8420614944644871E-01
 8.7960142267302140E-03 -5.8430965615378647E-03 -1.7138193793350398E-03
0
0.0
 -1.1407996218300525E+00 -2.3170985309886123E+00 3.8420614944644871E-01
 8.8825486022264394E-03 -5.7461213094646196E-03 -1.4075440818144779E-03
0
0.0
 -1.1407996218300525E+00 -2.3170985309886123E+00 3.8420614944644871E-01
 8.7432570222495641E-03 -5.9327227611857781E-03 -1.8065057602668281E-03
0
0.0
 -1.1407996218300525E+00 -2.3170985309886123E+00 3.8420614944644871E-01
 8.8056154551299712E-03 -5.9544163403639936E-03 -1.6648719019992169E-03
0
0.0
 -1.1407996218300525E+00 -2.3170985309886123E+00 3.8420614944644871E-01
 8.8017257258314746E-03 -5.8852744008444030E-03 -1.5738313100232149E-03
0
0.0
 -1.1407996218300525E+00 -2.3170985309886123E+00 3.8420614944644871E-01
 8.8866491972917506E-03 -6.0756258694144635E-03 -1.8338173555932698E-03
0
0.0
 -1.1407996218300525E+00 -2.3170985309886123E+00 3.8420614944644871E-01
 8.5478824042069801E-03 -5.9130062387532569E-03 -1.6601816156469401E-03
0
0.0
 -1.1407996218300525E+00 -2.3170985309886123E+00 3.8420614944644871E-01
 8.6449593081450397E-03 -5.7544602966496210E-03 -1.6573136889316894E-03
0
0.0
 -1.1407996218300525E+00 -2.3170985309886123E+00 3.8420614944644871E-01
 8.5182387311135786E-03 -5.9513633375145956E-03 -1.5653542602951712E-03
0
0.0
 -1.1407996218300525E+00 -2.3170985309886123E+00 3.8420614944644871E-01
 8.6156169894333126E-03 -5.8631817097328726E-03 -1.7452972082650669E-03
0
0.0
 -1.1407996218300525E+00 -2.3170985309886123E+00 3.8420614944644871E-01
 8.6515267207538070E-03 -5.9920938381686148E-03 -1.3746996238725524E-03
0
0.0
 -1.1407996218300525E+00 -2.3170985309886123E+00 3.8420614944644871E-01
 8.9931354947728696E-03 -5.9966922359296643E-03 -1.7621433635705641E-03
0
0.0
 -1.1407996218300525E+00 -2.3170985309886123E+00 3.8420614944644871E-01
 8.9006905190930109E-03 -5.7877219811367292E-03 -1.7496229596464102E-03
0
0.0
 -1.1407996218300525E+00 -2.3170985309886123E+00 3.8420614944644871E-01
 8.7102137453740677E-03 -5.9954482742740275E-03 -1.6500277293908521E-03
0
0.0
 -1.1407996218300525E+00 -2.3170985309886123E+00 3.8420614944644871E-01
 8.8032317625526893E-03 -5.8126716930899233E-03 -1.8139593613119012E-03
0
0.0
 -1.1407996218300525E+00 -2.3170985309886123E+00 3.8420614944644871E-01
 9.0527517879443516E-03 -5.9218747451645522E-03 -1.8234382859855006E-03
0
0.0
 -1.1407996218300525E+00 -2.3170985309886123E+00 3.8420614944644871E-01
 8.9549908361736871E-03 -6.0079631677628009E-03 -1.5509267734020390E-03
0
0.0
 -1.1407996218300525E+00 -2.3170985309886123E+00 3.8420614944644871E-01
 8.7503518084241574E-03 -5.9693723501562067E-03 -1.5808459182270742E-03
0
0.0
 -1.1407996218300525E+00 -2.3170985309886123E+00 3.8420614944644871E-01
 8.8397818399891699E-03 -6.1681800830899226E-03 -1.6794375503355358E-03
0
0.0
 -1.1407996218300525E+00 -2.3170985309886123E+00 3.8420614944644871E-01
 8.9151038621262235E-03 -5.8318299940934900E-03 -1.5454654359042220E-03
0
0.0
 -1.1407996218300525E+00 -2.3170985309886123E+00 3.8420614944644871E-01
 8.6995938544059490E-03 -5.7707909714736199E-03 -1.7029829612210036E-03
0
0.0
 -1.1407996218300525E+00 -2.3170985309886123E+00 3.8420614944644871E-01
 8.7274329576766865E-03 -5.8089067151550810E-03 -1.5749829991838554E-03
0
0.0
 -1.1407996218300525E+00 -2.3170985309886123E+00 3.8420614944644871E-01
 8.9110785430816606E-03 -6.0002977146607931E-03 -1.4897237568263669E-03
0
0.0
 -1.1407996218300525E+00 -2.3170985309886123E+00 3.8420614944644871E-01
 8.7426869153112829E-03 -5.9628030411425729E-03 -1.2943801551386172E-03
0
0.0
 -1.1407996218300525E+00 -2.3170985309886123E+00 3.8420614944644871E-01
 8.9142473892076055E-03 -5.9928451462418365E-03 -1.8066927785351707E-03
0
0.0
 -1.1407996218300525E+00 -2.3170985309886123E+00 3.8420614944644871E-01
 8.7985336883996471E-03 -5.8108687852740995E-03 -1.4544820954980387E-03
0
0.0
 -1.1407996218300525E+00 -2.3170985309886123E+00 3.8420614944644871E-01
 8.8321895552904445E-03 -5.8739911327037823E-03 -1.5807134160173151E-03
0
0.0
 -1.1407996218300525E+00 -2.3170985309886123E+00 3.8420614944644871E-01
 8.8009205404653637E-03 -5.9050765278069834E-03 -1.8647514954666985E-03
0
0.0
 -1.1407996218300525E+00 -2.3170985309886123E+00 3.8420614944644871E-01
 8.7443297576128478E-03 -5.8933539704692749E-03 -1.7147118553635598E-03
0
0.0
 -1.1407996218300525E+00 -2.3170985309886123E+00 3.8420614944644871E-01
 8.8512996685429571E-03 -5.7440969191900780E-03 -1.3558613188064887E-03
0
0.0
 -1.1407996218300525E+00 -2.3170985309886123E+00 3.8420614944644871E-01
 8.7973574996198668E-03 -5.8960659820919544E-03 -1.6775670235214301E-03
0
0.0
 -1.1407996218300525E+00 -2.3170985309886123E+00 3.8420614944644871E-01
 8.8721905160648006E-03 -5.9109155383473061E-03 -1.7149863240087824E-03
0
0.0
 -1.1407996218300525E+00 -2.3170985309886123E+00 3.8420614944644871E-01
 8.7211090900058269E-03 -5.7711372935934230E-03 -1.5883725550583758E-03
0
0.0
 -1.1407996218300525E+00 -2.3170985309886123E+00 3.8420614944644871E-01
 8.8848604082580277E-03 -5.7720494225640346E-03 -1.6297002727970016E-03
0
0.0
 -1.1407996218300525E+00 -2.3170985309886123E+00 3.8420614944644871E-01
 8.7993198727217420E-03 -5.9310433578703527E-03 -1.6595510647558797E-03
0
0.0
 -1.1407996218300525E+00 -2.3170985309886123E+00 3.8420614944644871E-01
 8.8673086075299803E-03 -5.9843508875443473E-03 -1.6748667691112251E-03
0
0.0
 -1.1407996218300525E+00 -2.3170985309886123E+00 3.8420614944644871E-01
 8.8823430039549796E-03 -6.1810028387682594E-03 -1.7519654536603169E-03
0
0.0
 -1.1407996218300525E+00 -2.3170985309886123E+00 3.8420614944644871E-01
 8.8453292028927571E-03 -6.0597880150038193E-03 -1.5649306707075593E-03
0
0.0
 -1.1407996218300525E+00 -2.3170985309886123E+00 3.8420614944644871E-01
 8.7978294499060864E-03 -6.0214634183839355E-03 -1.6707058255408590E-03
0
0.0
 -1.1407996218300525E+00 -2.3170985309886123E+00 3.8420614944644871E-01
 8.7862267291463434E-03 -5.8411546604991487E-03 -1.5661342106414681E-03
0
0.0
 -1.1407996218300525E+00 -2.3170985309886123E+00 3.8420614944644871E-01
 8.8879599906708344E-03 -5.9902793699323454E-03 -1.6010056431547872E-03
0
0.0
 -1.1407996218300525E+00 -2.3170985309886123E+00 3.8420614944644871E-01
 8.8369168727129421E-03 -5.7465594151003821E-03 -1.5328565373050596E-03
0
0.0
 -1.1407996218300525E+00 -2.3170985309886123E+00 3.8420614944644871E-01
 8.7995349053945921E-03 -5.8049017976972679E-03 -1.8702965537231344E-03
0
0.0
 -1.1407996218300525E+00 -2.3170985309886123E+00 3.8420614944644871E-01
 8.9155173982962427E-03 -5.7773785606994033E-03 -1.5300688157425413E-03
0
0.0
 -1.1407996218300525E+00 -2.3170985309886123E+00 3.8420614944644871E-01
 8.8048528606128086E-03 -5.7270023482684602E-03 -1.6829666539396114E-03
0
0.0
 -1.1407996218300525E+00 -2.3170985309886123E+00 3.8420614944644871E-01
 9.1054805964293269E-03 -5.9638793999220140E-03 -1.5102844926693317E-03
0
0.0
 -1.1407996218300525E+00 -2.3170985309886123E+00 3.8420614944644871E-01
 8.6528236177381267E-03 -5.6234396867157494E-03 -1.7048016928768305E-03
0
0.0
 -1.1407996218300525E+00 -2.3170985309886123E+00 3.8420614944644871E-01
 8.7409937793194309E-03 -5.9515619448597375E-03 -1.7530009014945505E-03
0
0.0
 -1.1407996218300525E+00 -2.3170985309886123E+00 3.8420614944644871E-01
 8.6360899072896128E-03 -5.9373628661760647E-03 -1.5723659923035256E-03
0
0.0
