20
-1
1
  0.78718514  -0.05699355  -0.61407759  3.39847306e-04
 -0.86465327   0.11289352  -0.48951994  4.62896197e-04
 -0.95245632   0.30042316  -0.05072363  1.84332082e-04
  0.99873715   0.04833670   0.01369931  3.67469762e-04
 -0.73790449  -0.60899141   0.29090620  1.47124572e-04
 -0.56321117   0.81590824   0.13071694  1.82635091e-04
 -0.67320818  -0.15537857  -0.72294415  2.86014038e-04
 -0.11338346  -0.95716479  -0.26642027  5.65861765e-04
  0.19858032   0.42388717  -0.88367728  1.85518486e-04
  0.76062244  -0.41067998  -0.50278769  2.53885032e-04
 -0.55140275  -0.00707453   0.83420918  1.88174023e-04
 -0.64447852  -0.26444196  -0.71743842  1.46633849e-04
  0.76528807   0.08198500  -0.63844548  6.67838880e-04
 -0.99367647   0.09013297   0.06695604  2.88394537e-04
 -0.80506869   0.58411892   0.10329318  2.96982536e-04
 -0.57857843   0.76410380  -0.28529349  1.52530984e-04
 -0.91164526   0.13181301   0.38926630  2.67686853e-04
 -0.05774169   0.03349612   0.99776947  1.93426585e-04
  0.17511185  -0.10762816  -0.97864806  2.93804252e-04
  0.42702821   0.76273301  -0.48568021  2.57155216e-04
