50
-1
1
 -0.77261539  -0.58857411  -0.23800414  1.62952580e-04
  0.89833307  -0.23369259   0.37200197  3.25573717e-04
 -0.52848040   0.31749385  -0.78734118  1.46810583e-04
 -0.94184733   0.26733067   0.20361218  1.76813210e-04
 -0.28405014   0.51145864   0.81100282  2.57102662e-04
  0.49904924  -0.82912994  -0.25197895  6.00221493e-04
 -0.50930431   0.78234462  -0.35853315  4.83752398e-04
 -0.98168436   0.15500162   0.11077142  7.09843937e-04
 -0.81489359   0.00493455   0.57958958  1.63304468e-04
  0.60805548  -0.74919355   0.26263578  1.78787067e-04
  0.80340800   0.57764692   0.14442860  2.59465929e-04
  0.55283362   0.82559570   0.11298994  1.54624027e-04
 -0.69530777   0.30890611   0.64894077  3.88305904e-04
 -0.54614557   0.54589187  -0.63539522  2.27055761e-04
  0.98767006  -0.01316439   0.15599534  4.74856704e-04
 -0.61365648   0.44613161   0.65145400  6.32370280e-04
  0.59163901   0.35582185   0.72343216  2.20728233e-04
 -0.51862414  -0.62578833   0.58259589  1.56926306e-04
  0.15190503   0.71618733  -0.68117587  2.08642642e-04
  0.63479827   0.70017642   0.32677841  4.45661242e-04
 -0.14887817  -0.68249619   0.71556568  2.50711218e-04
  0.54614446   0.47550481   0.68965311  3.28872793e-04
 -0.62505613   0.58700308   0.51452134  1.59016075e-04
 -0.35077300  -0.59923295  -0.71963753  2.84180979e-04
 -0.16483528   0.98557440   0.03837228  3.50105794e-04
  0.08204797   0.74481057  -0.66221246  3.52600799e-04
 -0.97398699   0.09993413   0.20337774  1.58025605e-04
 -0.28468288  -0.94045805  -0.18572643  3.50001147e-04
  0.87547211  -0.26099703  -0.40672981  2.52334253e-04
 -0.23184951  -0.91836127  -0.32071541  3.55088332e-04
 -0.14454575   0.83069547  -0.53763516  2.02206130e-04
  0.61870986  -0.78382309   0.05309867  1.84820865e-04
  0.99863953  -0.04885160   0.01823736  3.47190587e-04
 -0.10186392   0.83554606  -0.53989492  4.09967496e-04
  0.13468460   0.94473969   0.29887620  1.72015890e-04
  0.47138825   0.07032256  -0.87911766  3.48645981e-04
 -0.35156010  -0.85221805  -0.38746598  2.57840703e-04
 -0.18422860   0.81896336  -0.54346926  3.43791832e-04
 -0.18335901  -0.12305707   0.97531350  5.44434874e-04
  0.13593734  -0.98820429   0.07052184  2.50020033e-04
  0.08400874  -0.96415454  -0.25169140  1.77551092e-04
  0.02379615  -0.68731908   0.72596572  1.80297387e-04
  0.11540179   0.96264714  -0.24493450  2.79659277e-04
 -0.43377892   0.88977516  -0.14190143  2.18659487e-04
  0.40161680  -0.91383352  -0.06010186  1.75338492e-04
  0.06465096   0.89181772   0.44775151  1.53723775e-04
 -0.07331971  -0.98298265   0.16843198  2.31185264e-04
 -0.52801459  -0.26715971   0.80611804  5.74113282e-04
 -0.56738465  -0.30388424  -0.76532936  2.09029014e-04
 -0.58213316  -0.03828516  -0.81219162  2.36339347e-04
