20
 -1.1407996218300525E+00 -2.3170985309886123E+00 3.8420614944644871E-01
 8.7444222559744187E-03 -5.9638546024799203E-03 -1.6268240777412590E-03
0
0.0
 -1.1407996218300525E+00 -2.3170985309886123E+00 3.8420614944644871E-01
 8.9475792186936905E-03 -5.9308660708170882E-03 -1.4846182578407674E-03
0
0.0
 -1.1407996218300525E+00 -2.3170985309886123E+00 3.8420614944644871E-01
 8.6294945696527674E-03 -6.2105201961506692E-03 -1.6653975869821399E-03
0
0.0
 -1.1407996218300525E+00 -2.3170985309886123E+00 3.8420614944644871E-01
 9.0211735187745272E-03 -5.9236749644219011E-03 -1.6454979170760714E-03
0
0.0
 -1.1407996218300525E+00 -2.3170985309886123E+00 3.8420614944644871E-01
 9.0481843741641709E-03 -6.0662770114939231E-03 -1.6132705364948435E-03
0
0.0
 -1.1407996218300525E+00 -2.3170985309886123E+00 3.8420614944644871E-01
 8.8795148624032944E-03 -5.9669696248652671E-03 -1.5697752562596932E-03
0
0.0
 -1.1407996218300525E+00 -2.3170985309886123E+00 3.8420614944644871E-01
 8.9930060421839226E-03 -6.0706386982697933E-03 -1.6887079404870604E-03
0
0.0
 -1.1407996218300525E+00 -2.3170985309886123E+00 3.8420614944644871E-01
 8.7249778923946617E-03 -5.8655098111596608E-03 -1.6664798319316054E-03
0
0.0
 -1.1407996218300525E+00 -2.3170985309886123E+00 3.8420614944644871E-01
 8.8157073504858529E-03 -5.6137130069289125E-03 -1.5591080941643372E-03
0
0.0
 -1.1407996218300525E+00 -2.3170985309886123E+00 3.8420614944644871E-01
 8.8554838104235763E-03 -5.6620807221059557E-03 -1.4421199977405700E-03
0
0.0
 -1.1407996218300525E+00 -2.3170985309886123E+00 3.8420614944644871E-01
 8.7727285762398809E-03 -5.9575416925632457E-03 -1.6760877201991656E-03
0
0.0
 -1.1407996218300525E+00 -2.3170985309886123E+00 3.8420614944644871E-01
 8.8982919434715639E-03 -6.0041550377993337E-03 -1.5954066424129479E-03
0
0.0
 -1.1407996218300525E+00 -2.3170985309886123E+00 3.8420614944644871E-01
 8.8193404784424594E-03 -6.0196852551816366E-03 -1.5853148880471421E-03
0
0.0
 -1.1407996218300525E+00 -2.3170985309886123E+00 3.8420614944644871E-01
 8.8086145006002897E-03 -5.9755166518600002E-03 -1.6217224363413731E-03
0
0.0
 -1.1407996218300525E+00 -2.3170985309886123E+00 3.8420614944644871E-01
 8.8292605068188319E-03 -5.8916488499312844E-03 -1.8586772847167909E-03
0
0.0
 -1.1407996218300525E+00 -2.3170985309886123E+00 3.8420614944644871E-01
 8.8032710965362040E-03 -6.0246459611080598E-03 -1.6591650722141433E-03
0
0.0
 -1.1407996218300525E+00 -2.3170985309886123E+00 3.8420614944644871E-01
 8.8108257213273672E-03 -5.7397184294901262E-03 -1.3372405749531701E-03
0
0.0
 -1.1407996218300525E+00 -2.3170985309886123E+00 3.8420614944644871E-01
 9.0434793511003485E-03 -5.7612075638255478E-03 -1.5158965794776606E-03
0
0.0
 -1.1407996218300525E+00 -2.3170985309886123E+00 3.8420614944644871E-01
 8.7954300244228907E-03 -5.9414030558271802E-03 -1.5421580085257509E-03
0
0.0
 -1.1407996218300525E+00 -2.3170985309886123E+00 3.8420614944644871E-01
 8.8204212402299316E-03 -5.9975217646939310E-03 -1.6552952591352976E-03
0
0.0
