50
-1
1
  0.44767900   0.78399985   0.43003226  1.46804058e-04
 -0.82843700  -0.50714681   0.23768522  1.84417031e-04
  0.74113404  -0.24890297   0.62351234  5.33738485e-04
  0.01031086   0.17900365  -0.98379438  2.63708694e-04
 -0.54506779  -0.83481133   0.07740249  1.70851483e-04
  0.02432511   0.12611343   0.99171755  8.04127998e-04
 -0.71711602   0.22071383   0.66108246  7.81321182e-04
 -0.33105739   0.41883867  -0.84556204  2.28053664e-04
 -0.43484461   0.73336380   0.52257793  1.68346141e-04
 -0.76230022  -0.52385319  -0.38010028  3.98277074e-04
  0.72703665   0.50445216   0.46577432  2.30976465e-04
 -0.35827742  -0.32253631   0.87613219  4.80000276e-04
 -0.93851679  -0.25961156  -0.22756993  3.18863537e-04
 -0.44124095   0.89203379  -0.09788839  2.18539596e-04
  0.95068901  -0.30266328   0.06771516  3.91933378e-04
  0.96929556  -0.24553425   0.01338119  2.21398458e-04
  0.47784378   0.32318022  -0.81683527  2.11160713e-04
 -0.35538455  -0.12340305  -0.92653846  4.08040264e-04
  0.88279929   0.43532104  -0.17652482  2.48983080e-04
 -0.15415195   0.68374972   0.71324855  1.59605673e-04
  0.80471330   0.58956929   0.06960284  5.29690905e-04
 -0.16464602   0.53292740  -0.82998800  2.72293705e-04
 -0.89997107  -0.43074571   0.06715806  4.07405757e-04
 -0.08237825  -0.91126347  -0.40350058  3.34936993e-04
  0.19163707  -0.97006572   0.14915673  2.13967033e-04
  0.00276709   0.98537592  -0.17037206  3.57825871e-04
 -0.44883019   0.20966369  -0.86867289  5.64764476e-04
  0.69596945   0.69835754   0.16710257  1.89400840e-04
  0.64440918  -0.05233006   0.76288818  1.65374815e-04
 -0.74517238  -0.14426995  -0.65107934  1.55393605e-04
 -0.23796857  -0.97096141  -0.02459466  2.22010994e-04
  0.22482403   0.53027448   0.81747363  6.07621856e-04
  0.88705857  -0.30723634  -0.34457644  1.69614074e-04
 -0.31346850   0.31621999   0.89540070  2.56731028e-04
 -0.43742029   0.11478784   0.89190092  2.42425975e-04
 -0.21658928  -0.66432106   0.71537865  7.19761760e-04
  0.10633872  -0.28247578  -0.95336221  4.83430779e-04
  0.85622090  -0.47124767  -0.21168702  2.19326923e-04
  0.27984717   0.64833044   0.70806299  3.11941584e-04
  0.71888104  -0.05934740  -0.69259507  1.97394850e-04
 -0.90003914  -0.42907287  -0.07632843  3.13715983e-04
 -0.72151856   0.66161184   0.20415861  2.11730916e-04
 -0.97064181   0.19339874  -0.14300841  4.25223479e-04
 -0.57354951   0.76937254  -0.28125941  1.45589635e-04
  0.52105277   0.81745546   0.24550069  2.25323856e-04
 -0.43934263  -0.89652924   0.05668661  2.32472532e-04
 -0.98722558  -0.02295318  -0.15766677  2.49078904e-04
 -0.37602915  -0.89371002   0.24471307  3.82007143e-04
  0.61777413  -0.55325083  -0.55881002  5.39080628e-04
  0.76352237   0.39898589  -0.50778327  2.31163668e-04
