50
 -1.1407996218300525E+00 -2.3170985309886123E+00 3.8420614944644871E-01
 8.6662684775886210E-03 -5.8263020544609620E-03 -1.3628838085578084E-03
0
0.0
 -1.1407996218300525E+00 -2.3170985309886123E+00 3.8420614944644871E-01
 8.7090548535571060E-03 -5.7664263880962694E-03 -1.6304170135492627E-03
0
0.0
 -1.1407996218300525E+00 -2.3170985309886123E+00 3.8420614944644871E-01
 8.7934007106511732E-03 -5.9781366857802045E-03 -1.5282632180743986E-03
0
0.0
 -1.1407996218300525E+00 -2.3170985309886123E+00 3.8420614944644871E-01
 8.7442825754807611E-03 -5.8571576625682780E-03 -1.5258071313860207E-03
0
0.0
 -1.1407996218300525E+00 -2.3170985309886123E+00 3.8420614944644871E-01
 8.5596900451327187E-03 -5.6654414782916955E-03 -1.6001133632331985E-03
0
0.0
 -1.1407996218300525E+00 -2.3170985309886123E+00 3.8420614944644871E-01
 8.8141727667939741E-03 -5.8536813766059846E-03 -1.7040247080537308E-03
0
0.0
 -1.1407996218300525E+00 -2.3170985309886123E+00 3.8420614944644871E-01
 8.8417079428636334E-03 -6.0000654607655583E-03 -1.3359699982715711E-03
0
0.0
 -1.1407996218300525E+00 -2.3170985309886123E+00 3.8420614944644871E-01
 8.8644627660037882E-03 -5.8238263160612577E-03 -1.4548851430531101E-03
0
0.0
 -1.1407996218300525E+00 -2.3170985309886123E+00 3.8420614944644871E-01
 8.7347681659612660E-03 -5.8599258852372882E-03 -1.9035982272202470E-03
0
0.0
 -1.1407996218300525E+00 -2.3170985309886123E+00 3.8420614944644871E-01
 8.6687316572799985E-03 -6.0627039091819225E-03 -1.7445924469079903E-03
0
0.0
 -1.1407996218300525E+00 -2.3170985309886123E+00 3.8420614944644871E-01
 8.8032397066621967E-03 -5.8057949393216929E-03 -1.3159000768900491E-03
0
0.0
 -1.1407996218300525E+00 -2.3170985309886123E+00 3.8420614944644871E-01
 8.6073719939714025E-03 -5.8933891730335664E-03 -1.6189172006227165E-03
0
0.0
 -1.1407996218300525E+00 -2.3170985309886123E+00 3.8420614944644871E-01
 8.5940816273201073E-03 -5.9740656414026764E-03 -1.6296671940007792E-03
0
0.0
 -1.1407996218300525E+00 -2.3170985309886123E+00 3.8420614944644871E-01
 8.7743936382251499E-03 -5.7143221328104232E-03 -1.6331318904617782E-03
0
0.0
 -1.1407996218300525E+00 -2.3170985309886123E+00 3.8420614944644871E-01
 8.9593431732573701E-03 -5.7970647704597405E-03 -1.6693417540399619E-03
0
0.0
 -1.1407996218300525E+00 -2.3170985309886123E+00 3.8420614944644871E-01
 8.8317689522777881E-03 -5.9340186463171258E-03 -1.7090393619855547E-03
0
0.0
 -1.1407996218300525E+00 -2.3170985309886123E+00 3.8420614944644871E-01
 8.9098013956002975E-03 -5.8375730873312355E-03 -1.4698922352226625E-03
0
0.0
 -1.1407996218300525E+00 -2.3170985309886123E+00 3.8420614944644871E-01
 8.7953447090285651E-03 -5.8307405197759029E-03 -1.6342458229798187E-03
0
0.0
 -1.1407996218300525E+00 -2.3170985309886123E+00 3.8420614944644871E-01
 8.8879519085876581E-03 -5.6448830793391436E-03 -1.5939578846235632E-03
0
0.0
 -1.1407996218300525E+00 -2.3170985309886123E+00 3.8420614944644871E-01
 8.8794813389828278E-03 -6.1066209608795887E-03 -1.7188134592906082E-03
0
0.0
 -1.1407996218300525E+00 -2.3170985309886123E+00 3.8420614944644871E-01
 8.6416647605682545E-03 -6.0255328588406697E-03 -1.5812596406701625E-03
0
0.0
 -1.1407996218300525E+00 -2.3170985309886123E+00 3.8420614944644871E-01
 8.8084724428458619E-03 -5.9062472453583533E-03 -1.6451851620494884E-03
0
0.0
 -1.1407996218300525E+00 -2.3170985309886123E+00 3.8420614944644871E-01
 8.9188713587131652E-03 -5.9462740114897168E-03 -1.5745005243359531E-03
0
0.0
 -1.1407996218300525E+00 -2.3170985309886123E+00 3.8420614944644871E-01
 9.1115660364441669E-03 -5.8803699855214378E-03 -1.5876904690976545E-03
0
0.0
 -1.1407996218300525E+00 -2.3170985309886123E+00 3.8420614944644871E-01
 8.6922373325509037E-03 -6.0977452501118252E-03 -1.7524103506536589E-03
0
0.0
 -1.1407996218300525E+00 -2.3170985309886123E+00 3.8420614944644871E-01
 8.7002220791880247E-03 -5.7477275217590650E-03 -1.5565756198378329E-03
0
0.0
 -1.1407996218300525E+00 -2.3170985309886123E+00 3.8420614944644871E-01
 8.8006141979541791E-03 -5.7763185199686739E-03 -1.4184627963224491E-03
0
0.0
 -1.1407996218300525E+00 -2.3170985309886123E+00 3.8420614944644871E-01
 8.8396730870195159E-03 -5.6296772460535044E-03 -1.5599998116113468E-03
0
0.0
 -1.1407996218300525E+00 -2.3170985309886123E+00 3.8420614944644871E-01
 8.6762902674164290E-03 -5.8840207578935893E-03 -1.7002554178842178E-03
0
0.0
 -1.1407996218300525E+00 -2.3170985309886123E+00 3.8420614944644871E-01
 8.8138370838448058E-03 -5.9152797497542004E-03 -1.6398833564761797E-03
0
0.0
 -1.1407996218300525E+00 -2.3170985309886123E+00 3.8420614944644871E-01
 8.6958383780184265E-03 -6.0217501447166408E-03 -1.6060863082883910E-03
0
0.0
 -1.1407996218300525E+00 -2.3170985309886123E+00 3.8420614944644871E-01
 8.8104778078767019E-03 -5.9436198082914917E-03 -1.5853118613413509E-03
0
0.0
 -1.1407996218300525E+00 -2.3170985309886123E+00 3.8420614944644871E-01
 8.7069800708345114E-03 -5.9605994808533532E-03 -1.7061264681549747E-03
0
0.0
 -1.1407996218300525E+00 -2.3170985309886123E+00 3.8420614944644871E-01
 8.6487750830425026E-03 -6.0743074411979542E-03 -1.4290809118106531E-03
0
0.0
 -1.1407996218300525E+00 -2.3170985309886123E+00 3.8420614944644871E-01
 8.8395751739147408E-03 -5.8926402306461231E-03 -1.5993537999614618E-03
0
0.0
 -1.1407996218300525E+00 -2.3170985309886123E+00 3.8420614944644871E-01
 8.6944977939176511E-03 -6.0550591549006841E-03 -1.5954454394577883E-03
0
0.0
 -1.1407996218300525E+00 -2.3170985309886123E+00 3.8420614944644871E-01
 8.6351733527318848E-03 -5.8643758172439537E-03 -1.3582333438875041E-03
0
0.0
 -1.1407996218300525E+00 -2.3170985309886123E+00 3.8420614944644871E-01
 8.7180753650020915E-03 -5.8142309627496769E-03 -1.6411324361143035E-03
0
0.0
 -1.1407996218300525E+00 -2.3170985309886123E+00 3.8420614944644871E-01
 8.6327277884172219E-03 -5.6850821814384452E-03 -1.7963385938327629E-03
0
0.0
 -1.1407996218300525E+00 -2.3170985309886123E+00 3.8420614944644871E-01
 8.7983254934098799E-03 -6.0435544714764582E-03 -1.4679623916752757E-03
0
0.0
 -1.1407996218300525E+00 -2.3170985309886123E+00 3.8420614944644871E-01
 8.9112650157017505E-03 -5.8662002001696389E-03 -1.4360395482915967E-03
0
0.0
 -1.1407996218300525E+00 -2.3170985309886123E+00 3.8420614944644871E-01
 8.8700755595677427E-03 -5.9261313640851469E-03 -1.4804308466544083E-03
0
0.0
 -1.1407996218300525E+00 -2.3170985309886123E+00 3.8420614944644871E-01
 8.6216650088346957E-03 -6.0395410075725275E-03 -1.7011908744500412E-03
0
0.0
 -1.1407996218300525E+00 -2.3170985309886123E+00 3.8420614944644871E-01
 8.7223031157006477E-03 -5.9622114649903572E-03 -1.6004317005341542E-03
0
0.0
 -1.1407996218300525E+00 -2.3170985309886123E+00 3.8420614944644871E-01
 8.7842477881117896E-03 -5.8532039333029891E-03 -1.7979867866344699E-03
0
0.0
 -1.1407996218300525E+00 -2.3170985309886123E+00 3.8420614944644871E-01
 8.8396139651221103E-03 -5.7908815748637186E-03 -1.4877825317617934E-03
0
0.0
 -1.1407996218300525E+00 -2.3170985309886123E+00 3.8420614944644871E-01
 8.5495298915986284E-03 -6.0487993622373379E-03 -1.4978013976492763E-03
0
0.0
 -1.1407996218300525E+00 -2.3170985309886123E+00 3.8420614944644871E-01
 8.8564250417486213E-03 -5.9821239349767494E-03 -1.6421958955797726E-03
0
0.0
 -1.1407996218300525E+00 -2.3170985309886123E+00 3.8420614944644871E-01
 8.7263645021936065E-03 -5.9360997905089441E-03 -1.5879598674720227E-03
0
0.0
 -1.1407996218300525E+00 -2.3170985309886123E+00 3.8420614944644871E-01
 8.6533060462709900E-03 -5.8717031520991690E-03 -1.7129104079055377E-03
0
0.0
