20
-1
1
 -0.66482476  -0.55116687  -0.50420542  2.84172380e-04
  0.45749834   0.67944251   0.57363154  8.12513673e-04
  0.77804856  -0.62677237  -0.04238897  2.37248414e-04
  0.17573828   0.95773538  -0.22772571  1.63318787e-04
 -0.25501211  -0.73880105   0.62381234  2.24208311e-04
 -0.89724948  -0.02306067  -0.44092128  2.38244523e-04
 -0.77541174  -0.24668037  -0.58127913  1.59480347e-04
  0.89184219   0.33081127   0.30851485  1.70101668e-04
  0.38081048  -0.92007768  -0.09187186  3.25413063e-04
 -0.04845388  -0.86649945  -0.49682082  1.53064394e-04
  0.78822366  -0.59604423  -0.15308412  4.40177816e-04
  0.85104104   0.15234594  -0.50251355  4.65426445e-04
 -0.68197279  -0.00447297   0.73136387  2.33806846e-04
 -0.76882105   0.22951801  -0.59685482  2.12908218e-04
 -0.42932799   0.32277344  -0.84350150  2.92181041e-04
  0.09595147  -0.09395082   0.99094226  5.73725915e-04
  0.94521981  -0.03576596   0.32446928  6.01972794e-04
 -0.47155323  -0.46189238  -0.75119437  5.04273782e-04
  0.51573184   0.00025781   0.85675002  5.94231404e-04
 -0.24288376   0.93706106  -0.25084668  2.52964557e-04
