20
 -1.1407996218300525E+00 -2.3170985309886123E+00 3.8420614944644871E-01
 8.7571941892934900E-03 -5.9145795448364673E-03 -1.5642138583333090E-03
0
0.0
 -1.1407996218300525E+00 -2.3170985309886123E+00 3.8420614944644871E-01
 8.9501240499410342E-03 -5.8342487095167095E-03 -1.5189658412840252E-03
0
0.0
 -1.1407996218300525E+00 -2.3170985309886123E+00 3.8420614944644871E-01
 8.6141049805058302E-03 -5.8149193117203605E-03 -1.4744958532874419E-03
0
0.0
 -1.1407996218300525E+00 -2.3170985309886123E+00 3.8420614944644871E-01
 8.6234798514721583E-03 -6.1433488322759841E-03 -1.8185099919913936E-03
0
0.0
 -1.1407996218300525E+00 -2.3170985309886123E+00 3.8420614944644871E-01
 8.8396858418305028E-03 -5.8186522855682354E-03 -1.6630077299308395E-03
0
0.0
 -1.1407996218300525E+00 -2.3170985309886123E+00 3.8420614944644871E-01
 8.8651540145574508E-03 -5.9741651286902104E-03 -1.6362628420525820E-03
0
0.0
 -1.1407996218300525E+00 -2.3170985309886123E+00 3.8420614944644871E-01
 8.8390776155121715E-03 -6.0135924078502977E-03 -1.5407791087555991E-03
0
0.0
 -1.1407996218300525E+00 -2.3170985309886123E+00 3.8420614944644871E-01
 8.8554635403004997E-03 -5.8851481820706743E-03 -1.5694039573123063E-03
0
0.0
 -1.1407996218300525E+00 -2.3170985309886123E+00 3.8420614944644871E-01
 8.7525496194160654E-03 -5.8948481333048492E-03 -1.6268013812005165E-03
0
0.0
 -1.1407996218300525E+00 -2.3170985309886123E+00 3.8420614944644871E-01
 8.5421877420677264E-03 -6.0198474058481607E-03 -1.6248101781627896E-03
0
0.0
 -1.1407996218300525E+00 -2.3170985309886123E+00 3.8420614944644871E-01
 8.6640620060112767E-03 -5.6721892356316481E-03 -1.6017293217368766E-03
0
0.0
 -1.1407996218300525E+00 -2.3170985309886123E+00 3.8420614944644871E-01
 8.8096064439635424E-03 -5.8124745487356409E-03 -1.6621602709205134E-03
0
0.0
 -1.1407996218300525E+00 -2.3170985309886123E+00 3.8420614944644871E-01
 8.9099868834919462E-03 -5.8474707983066712E-03 -1.6770833106595389E-03
0
0.0
 -1.1407996218300525E+00 -2.3170985309886123E+00 3.8420614944644871E-01
 8.8440177360371904E-03 -5.9729993648017588E-03 -1.7789624753398060E-03
0
0.0
 -1.1407996218300525E+00 -2.3170985309886123E+00 3.8420614944644871E-01
 8.7702255800097498E-03 -5.9164520696378632E-03 -1.6932010410836524E-03
0
0.0
 -1.1407996218300525E+00 -2.3170985309886123E+00 3.8420614944644871E-01
 8.8086104076954708E-03 -5.8846563334045412E-03 -1.6220514162198483E-03
0
0.0
 -1.1407996218300525E+00 -2.3170985309886123E+00 3.8420614944644871E-01
 8.7013684674689777E-03 -5.9977572407747650E-03 -1.4653519701540033E-03
0
0.0
 -1.1407996218300525E+00 -2.3170985309886123E+00 3.8420614944644871E-01
 8.7962940821803611E-03 -5.9207863255548920E-03 -1.6108568847247109E-03
0
0.0
 -1.1407996218300525E+00 -2.3170985309886123E+00 3.8420614944644871E-01
 8.9002128621446970E-03 -5.8360037448182637E-03 -1.5903586331556820E-03
0
0.0
 -1.1407996218300525E+00 -2.3170985309886123E+00 3.8420614944644871E-01
 8.6201480111540441E-03 -5.9190101625818869E-03 -1.6459264628990444E-03
0
0.0
