20
 -1.1407996218300525E+00 -2.3170985309886123E+00 3.8420614944644871E-01
 8.9208757272157407E-03 -6.1991378145400356E-03 -1.6280453007406445E-03
0
0.0
 -1.1407996218300525E+00 -2.3170985309886123E+00 3.8420614944644871E-01
 8.7138389053962942E-03 -5.7660076413287766E-03 -1.6297246923843963E-03
0
0.0
 -1.1407996218300525E+00 -2.3170985309886123E+00 3.8420614944644871E-01
 8.6996995993022207E-03 -5.9147652693715708E-03 -1.5040901938364055E-03
0
0.0
 -1.1407996218300525E+00 -2.3170985309886123E+00 3.8420614944644871E-01
 8.9574728052798386E-03 -5.9334608064479967E-03 -1.5173180499904850E-03
0
0.0
 -1.1407996218300525E+00 -2.3170985309886123E+00 3.8420614944644871E-01
 8.7567121823665800E-03 -6.0072191623819302E-03 -1.5442333421363539E-03
0
0.0
 -1.1407996218300525E+00 -2.3170985309886123E+00 3.8420614944644871E-01
 9.0071360740268044E-03 -5.7923873756994520E-03 -1.5630488154532900E-03
0
0.0
 -1.1407996218300525E+00 -2.3170985309886123E+00 3.8420614944644871E-01
 8.7780103244110130E-03 -5.9462700998851063E-03 -1.6262856406843082E-03
0
0.0
 -1.1407996218300525E+00 -2.3170985309886123E+00 3.8420614944644871E-01
 8.7095029542481293E-03 -5.9593939027927870E-03 -1.7174264894706519E-03
0
0.0
 -1.1407996218300525E+00 -2.3170985309886123E+00 3.8420614944644871E-01
 8.5305296088676284E-03 -5.9187360348048534E-03 -1.4648747476623599E-03
0
0.0
 -1.1407996218300525E+00 -2.3170985309886123E+00 3.8420614944644871E-01
 8.6824486399457168E-03 -5.9126925579316147E-03 -1.5614559488163239E-03
0
0.0
 -1.1407996218300525E+00 -2.3170985309886123E+00 3.8420614944644871E-01
 8.8714854306778130E-03 -5.7716958691014873E-03 -1.8162210974624637E-03
0
0.0
 -1.1407996218300525E+00 -2.3170985309886123E+00 3.8420614944644871E-01
 9.0056923737354792E-03 -5.9729500601298962E-03 -1.5900968094745848E-03
0
0.0
 -1.1407996218300525E+00 -2.3170985309886123E+00 3.8420614944644871E-01
 8.4690079372743577E-03 -5.9278134205625957E-03 -1.5286472901274374E-03
0
0.0
 -1.1407996218300525E+00 -2.3170985309886123E+00 3.8420614944644871E-01
 8.7518435106152086E-03 -6.0154196656404257E-03 -1.5875839101248714E-03
0
0.0
 -1.1407996218300525E+00 -2.3170985309886123E+00 3.8420614944644871E-01
 8.9759577173680848E-03 -5.8800426893488291E-03 -1.6107494061494234E-03
0
0.0
 -1.1407996218300525E+00 -2.3170985309886123E+00 3.8420614944644871E-01
 8.6906467954140747E-03 -6.0882510802753561E-03 -1.7072107921451661E-03
0
0.0
 -1.1407996218300525E+00 -2.3170985309886123E+00 3.8420614944644871E-01
 8.7923081764259316E-03 -5.8349530098012886E-03 -1.4912473036118490E-03
0
0.0
 -1.1407996218300525E+00 -2.3170985309886123E+00 3.8420614944644871E-01
 8.6746335530761276E-03 -5.7617829104303917E-03 -1.6393720757784391E-03
0
0.0
 -1.1407996218300525E+00 -2.3170985309886123E+00 3.8420614944644871E-01
 9.0031894321250961E-03 -5.8980995316777890E-03 -1.3911581565849490E-03
0
0.0
 -1.1407996218300525E+00 -2.3170985309886123E+00 3.8420614944644871E-01
 8.6958567211897469E-03 -5.8509875009870992E-03 -1.8319314944933696E-03
0
0.0
