20
-1
1
 -0.72412197   0.20584946   0.65823504  2.59808272e-04
  0.12150052  -0.97414100   0.19049128  2.43794853e-04
  0.84350920   0.16919532   0.50976973  1.71110835e-04
 -0.02665257   0.93705013   0.34817623  2.77330966e-04
 -0.31260904   0.73999626  -0.59555111  2.45745773e-04
  0.35751600  -0.73647464  -0.57427120  2.42129096e-04
  0.27523593   0.58851176  -0.76019675  2.37410293e-04
  0.98872157   0.05201166   0.14044376  2.15127902e-04
 -0.71725140  -0.63940190  -0.27697588  3.22323034e-04
  0.66757747  -0.57566867  -0.47217149  5.06723316e-04
 -0.52321736  -0.84694340   0.09450115  1.87514993e-04
 -0.18949322   0.68200488  -0.70637219  3.62418329e-04
  0.51953476  -0.85440862   0.00833908  4.83243566e-04
 -0.12120495   0.62829903   0.76847231  2.33826016e-04
 -0.94857099   0.10657104  -0.29808672  2.72253398e-04
  0.01611121   0.32359067   0.94605999  2.71256654e-04
  0.64130644   0.76554411   0.05165527  3.16688996e-04
  0.53171499  -0.37202742   0.76083820  2.17364908e-04
 -0.70722926   0.39693767  -0.58503612  8.04833097e-04
 -0.13824443  -0.81073722  -0.56885292  3.77174210e-04
