20
 -1.1407996218300525E+00 -2.3170985309886123E+00 3.8420614944644871E-01
 8.7484698302488957E-03 -5.7777533472459317E-03 -1.8827392478668406E-03
0
0.0
 -1.1407996218300525E+00 -2.3170985309886123E+00 3.8420614944644871E-01
 8.7576858928258144E-03 -5.9219657446703796E-03 -1.8961412665677042E-03
0
0.0
 -1.1407996218300525E+00 -2.3170985309886123E+00 3.8420614944644871E-01
 8.9281462435655944E-03 -5.7933827800877432E-03 -1.4703298698081364E-03
0
0.0
 -1.1407996218300525E+00 -2.3170985309886123E+00 3.8420614944644871E-01
 8.8059785343332225E-03 -6.0567540923573242E-03 -1.5474038713302507E-03
0
0.0
 -1.1407996218300525E+00 -2.3170985309886123E+00 3.8420614944644871E-01
 8.7087443948722469E-03 -5.7759742885983663E-03 -1.5521115060332640E-03
0
0.0
 -1.1407996218300525E+00 -2.3170985309886123E+00 3.8420614944644871E-01
 8.8333623392823097E-03 -5.6891493620730990E-03 -1.8491496840743935E-03
0
0.0
 -1.1407996218300525E+00 -2.3170985309886123E+00 3.8420614944644871E-01
 8.6828474123130904E-03 -5.9645655253431898E-03 -1.5661915384026261E-03
0
0.0
 -1.1407996218300525E+00 -2.3170985309886123E+00 3.8420614944644871E-01
 8.7872789342072696E-03 -5.9789607587494454E-03 -1.6234453951295958E-03
0
0.0
 -1.1407996218300525E+00 -2.3170985309886123E+00 3.8420614944644871E-01
 8.9711032175867067E-03 -5.8641782348438903E-03 -1.5946950608027722E-03
0
0.0
 -1.1407996218300525E+00 -2.3170985309886123E+00 3.8420614944644871E-01
 9.0528042474079234E-03 -5.9832725662846914E-03 -1.6501947145536448E-03
0
0.0
 -1.1407996218300525E+00 -2.3170985309886123E+00 3.8420614944644871E-01
 8.6651711112219129E-03 -6.0432819180044764E-03 -1.7711910722655487E-03
0
0.0
 -1.1407996218300525E+00 -2.3170985309886123E+00 3.8420614944644871E-01
 8.9026474749633495E-03 -5.7401012782738806E-03 -1.6997193420315896E-03
0
0.0
 -1.1407996218300525E+00 -2.3170985309886123E+00 3.8420614944644871E-01
 8.7231518814144642E-03 -5.9271238904945707E-03 -1.7256114896959745E-03
0
0.0
 -1.1407996218300525E+00 -2.3170985309886123E+00 3.8420614944644871E-01
 8.7481831125094910E-03 -6.0930008009431750E-03 -1.5364389792453291E-03
0
0.0
 -1.1407996218300525E+00 -2.3170985309886123E+00 3.8420614944644871E-01
 8.7827179442893713E-03 -5.8274748903999838E-03 -1.5925572905698239E-03
0
0.0
 -1.1407996218300525E+00 -2.3170985309886123E+00 3.8420614944644871E-01
 8.7706867372510412E-03 -5.9394089770183015E-03 -1.5938243109757018E-03
0
0.0
 -1.1407996218300525E+00 -2.3170985309886123E+00 3.8420614944644871E-01
 8.8615194940690790E-03 -5.9082237472194918E-03 -1.8225899263731148E-03
0
0.0
 -1.1407996218300525E+00 -2.3170985309886123E+00 3.8420614944644871E-01
 8.6719392412107649E-03 -5.9688969581292613E-03 -1.3695730306060440E-03
0
0.0
 -1.1407996218300525E+00 -2.3170985309886123E+00 3.8420614944644871E-01
 8.7430804687578280E-03 -6.0568467117404819E-03 -1.3734138609275278E-03
0
0.0
 -1.1407996218300525E+00 -2.3170985309886123E+00 3.8420614944644871E-01
 8.6097795214291149E-03 -6.1045598592772143E-03 -1.7221062166901135E-03
0
0.0
