20
-1
1
  0.92536950  -0.34062152  -0.16633781  1.92736590e-04
  0.17372410  -0.83610599   0.52033326  2.32229336e-04
 -0.89121886   0.20218054   0.40601968  3.44855565e-04
 -0.38152857   0.73209218   0.56433766  1.62070913e-04
 -0.86420581   0.30457540  -0.40047739  1.71415014e-04
 -0.06866853   0.56855324  -0.81977548  2.04804107e-04
  0.45768499  -0.64128112   0.61585954  1.51263377e-04
  0.97251946   0.00911702   0.23264303  5.54981807e-04
  0.10650892  -0.93747209  -0.33136374  4.77794535e-04
  0.27111031  -0.46956210   0.84024439  1.96357961e-04
 -0.92353572   0.37037530  -0.09951838  3.70647988e-04
  0.56462951   0.62877513  -0.53463572  1.68477982e-04
 -0.66994151  -0.18366153   0.71933776  1.49761548e-04
 -0.33592984   0.83599776   0.43388810  1.70786586e-04
 -0.30214661  -0.45555760   0.83736175  2.27466108e-04
  0.13447710   0.91079120   0.39035279  5.70085222e-04
  0.84385390   0.46297370  -0.27123044  6.09453881e-04
 -0.22033777  -0.91453157  -0.33923926  1.65735389e-04
 -0.63652232   0.60082970  -0.48357317  4.13285637e-04
 -0.98412960  -0.17223128   0.04272372  1.53059867e-04
