50
-1
1
 -0.93276298   0.29171960  -0.21178503  8.65134644e-04
 -0.90026764   0.09076305  -0.42577019  3.29979637e-04
  0.07306072   0.60714280  -0.79122674  3.40243135e-04
  0.09077226  -0.94020519  -0.32829041  7.15336199e-04
 -0.71885933   0.40611169   0.56419372  5.04012829e-04
  0.07942468  -0.82675235   0.55693113  2.14720460e-04
 -0.76257601  -0.55728525  -0.32849806  2.46074535e-04
  0.09915921   0.57602979  -0.81139210  1.64834815e-04
  0.23400199   0.17145804   0.95699802  2.82967537e-04
 -0.24906329  -0.70436983   0.66470341  2.01680677e-04
 -0.20818206   0.08773566   0.97414716  1.64620753e-04
  0.64678742  -0.39546603   0.65212932  1.76742907e-04
 -0.77638972   0.38760179  -0.49697470  4.13774900e-04
  0.96588172  -0.23449725   0.10992519  1.83992047e-04
 -0.73011781  -0.14390782   0.66799590  1.84174399e-04
  0.19583427  -0.89736710   0.39545066  1.52859964e-04
 -0.32635610  -0.12651229  -0.93674241  3.34437402e-04
 -0.28798613  -0.79578223   0.53272378  1.63978642e-04
 -0.23313321  -0.14168741  -0.96206735  3.80256706e-04
  0.21080684  -0.92607584   0.31296009  1.66299504e-04
  0.34562390  -0.49389777  -0.79787788  2.40253336e-04
  0.70144551   0.32516178   0.63422710  2.37381161e-04
  0.43348988  -0.57997260   0.68972335  7.67919134e-04
 -0.65360642   0.27280917  -0.70595595  2.24425820e-04
  0.48976023  -0.25565917   0.83353063  3.54353427e-04
 -0.19875825   0.36817881   0.90826181  2.11526244e-04
  0.11861064   0.98314022  -0.13916477  2.03836625e-04
  0.28052257   0.49687040  -0.82123498  3.96194576e-04
 -0.68566721  -0.07012607  -0.72452937  2.62122831e-04
  0.73019504  -0.49173934   0.47434969  1.68400143e-04
 -0.64401375  -0.72757575   0.23638912  4.66423705e-04
 -0.65033866   0.39912856   0.64634048  2.28761427e-04
 -0.46319488   0.01734813  -0.88608665  5.10374528e-04
  0.95362463  -0.21868356   0.20682741  2.30030886e-04
  0.15565567  -0.88343217   0.44194899  4.39717013e-04
 -0.13169007   0.11479393   0.98462180  2.14986533e-04
  0.48414861  -0.22779841   0.84481241  1.93380192e-04
  0.37898232   0.34901693  -0.85706452  2.28385255e-04
 -0.81117147  -0.56379115  -0.15537175  2.45833073e-04
  0.44261668  -0.89072300   0.10345531  1.88759473e-04
  0.08573382   0.85206857  -0.51636118  2.46019571e-04
 -0.97094118   0.21981002  -0.09464031  5.03340445e-04
  0.52082095  -0.76018018  -0.38842197  2.66359970e-04
  0.14969918  -0.12881924   0.98030391  3.57277272e-04
 -0.47578087  -0.84779505  -0.23425653  6.29478824e-04
  0.22522177  -0.88215753  -0.41361002  1.99720473e-04
  0.81191196  -0.52884370  -0.24723129  1.82693743e-04
 -0.23176148   0.83679937   0.49603773  2.27078950e-04
 -0.73654149   0.48185397   0.47468241  2.44525922e-04
 -0.72690017   0.65877458   0.19399022  2.04149259e-04
