50
 -1.1407996218300525E+00 -2.3170985309886123E+00 3.8420614944644871E-01
 8.6231889753127858E-03 -5.6558776815374950E-03 -1.5843886835120442E-03
0
0.0
 -1.1407996218300525E+00 -2.3170985309886123E+00 3.8420614944644871E-01
 8.8800698587682726E-03 -5.8319819723859391E-03 -1.8625617849653206E-03
0
0.0
 -1.1407996218300525E+00 -2.3170985309886123E+00 3.8420614944644871E-01
 8.7460890233034012E-03 -5.9226756154025836E-03 -1.3131991307862149E-03
0
0.0
 -1.1407996218300525E+00 -2.3170985309886123E+00 3.8420614944644871E-01
 8.6888735777185915E-03 -5.8515598129823985E-03 -1.6620799061404391E-03
0
0.0
 -1.1407996218300525E+00 -2.3170985309886123E+00 3.8420614944644871E-01
 8.5595544675551027E-03 -5.9418382116335731E-03 -1.8008772130904606E-03
0
0.0
 -1.1407996218300525E+00 -2.3170985309886123E+00 3.8420614944644871E-01
 8.9585680358858274E-03 -6.0019792938673152E-03 -1.6986100193089229E-03
0
0.0
 -1.1407996218300525E+00 -2.3170985309886123E+00 3.8420614944644871E-01
 8.6338902183691456E-03 -5.8806717830850617E-03 -1.6687895192016302E-03
0
0.0
 -1.1407996218300525E+00 -2.3170985309886123E+00 3.8420614944644871E-01
 8.8572599465728315E-03 -5.8762775128295931E-03 -1.6042956442203877E-03
0
0.0
 -1.1407996218300525E+00 -2.3170985309886123E+00 3.8420614944644871E-01
 8.7764946077095677E-03 -6.0142474123129775E-03 -1.6513193105418844E-03
0
0.0
 -1.1407996218300525E+00 -2.3170985309886123E+00 3.8420614944644871E-01
 8.8538902610260251E-03 -5.9148846450143688E-03 -1.7309827723727383E-03
0
0.0
 -1.1407996218300525E+00 -2.3170985309886123E+00 3.8420614944644871E-01
 8.8097800360240185E-03 -5.6909763770055096E-03 -1.7216975897117221E-03
0
0.0
 -1.1407996218300525E+00 -2.3170985309886123E+00 3.8420614944644871E-01
 8.7139206940220135E-03 -6.0127385223501025E-03 -1.7861784907253671E-03
0
0.0
 -1.1407996218300525E+00 -2.3170985309886123E+00 3.8420614944644871E-01
 8.7819853002807438E-03 -5.9076679415798836E-03 -1.6651660848400877E-03
0
0.0
 -1.1407996218300525E+00 -2.3170985309886123E+00 3.8420614944644871E-01
 8.8593129953163999E-03 -5.7760060885763860E-03 -1.4732893114123855E-03
0
0.0
 -1.1407996218300525E+00 -2.3170985309886123E+00 3.8420614944644871E-01
 8.7632408146715683E-03 -5.8189033265606321E-03 -1.6117062731100598E-03
0
0.0
 -1.1407996218300525E+00 -2.3170985309886123E+00 3.8420614944644871E-01
 8.7842508323032215E-03 -5.8368823085779009E-03 -1.5748104419810280E-03
0
0.0
 -1.1407996218300525E+00 -2.3170985309886123E+00 3.8420614944644871E-01
 8.6288451116216004E-03 -5.8605954065942259E-03 -1.6043875412918060E-03
0
0.0
 -1.1407996218300525E+00 -2.3170985309886123E+00 3.8420614944644871E-01
 8.8076877913096496E-03 -5.7773626167329081E-03 -1.7469075765478082E-03
0
0.0
 -1.1407996218300525E+00 -2.3170985309886123E+00 3.8420614944644871E-01
 8.7035927041407002E-03 -6.1058597625452135E-03 -1.6293480147473516E-03
0
0.0
 -1.1407996218300525E+00 -2.3170985309886123E+00 3.8420614944644871E-01
 8.9323680202276039E-03 -5.8901542299937704E-03 -1.7025387958264407E-03
0
0.0
 -1.1407996218300525E+00 -2.3170985309886123E+00 3.8420614944644871E-01
 8.7462752879709088E-03 -5.9690744691566835E-03 -1.6157799610017531E-03
0
0.0
 -1.1407996218300525E+00 -2.3170985309886123E+00 3.8420614944644871E-01
 9.0157484922284790E-03 -5.9369552894944187E-03 -1.5378845843921404E-03
0
0.0
 -1.1407996218300525E+00 -2.3170985309886123E+00 3.8420614944644871E-01
 8.8262371651009076E-03 -6.0484983889807203E-03 -1.8751024906969579E-03
0
0.0
 -1.1407996218300525E+00 -2.3170985309886123E+00 3.8420614944644871E-01
 8.9143778955914528E-03 -5.7444351793259803E-03 -1.6036157743179471E-03
0
0.0
 -1.1407996218300525E+00 -2.3170985309886123E+00 3.8420614944644871E-01
 8.9556151049450267E-03 -5.8593073354515270E-03 -1.8770187774398740E-03
0
0.0
 -1.1407996218300525E+00 -2.3170985309886123E+00 3.8420614944644871E-01
 8.6240387041904443E-03 -5.8645609042102444E-03 -1.5712708624065045E-03
0
0.0
 -1.1407996218300525E+00 -2.3170985309886123E+00 3.8420614944644871E-01
 9.0020276817214754E-03 -5.9618194154067959E-03 -1.7583736761172051E-03
0
0.0
 -1.1407996218300525E+00 -2.3170985309886123E+00 3.8420614944644871E-01
 8.9078662713532909E-03 -6.0918832216993683E-03 -1.7991770039958942E-03
0
0.0
 -1.1407996218300525E+00 -2.3170985309886123E+00 3.8420614944644871E-01
 8.8688051136130066E-03 -5.7430698151587998E-03 -1.6206483682090127E-03
0
0.0
 -1.1407996218300525E+00 -2.3170985309886123E+00 3.8420614944644871E-01
 8.9965091995309332E-03 -5.7361114176266220E-03 -1.7704254261595256E-03
0
0.0
 -1.1407996218300525E+00 -2.3170985309886123E+00 3.8420614944644871E-01
 8.9160332557676695E-03 -5.6089942236675619E-03 -1.6585853331197947E-03
0
0.0
 -1.1407996218300525E+00 -2.3170985309886123E+00 3.8420614944644871E-01
 8.7721255664426050E-03 -6.0232494271342928E-03 -1.3867289594698875E-03
0
0.0
 -1.1407996218300525E+00 -2.3170985309886123E+00 3.8420614944644871E-01
 8.9459081072485336E-03 -5.9518887300010559E-03 -1.5788161254653434E-03
0
0.0
 -1.1407996218300525E+00 -2.3170985309886123E+00 3.8420614944644871E-01
 8.6899298023611973E-03 -6.0632154778522841E-03 -1.6835746048277009E-03
0
0.0
 -1.1407996218300525E+00 -2.3170985309886123E+00 3.8420614944644871E-01
 8.6604075035790987E-03 -5.8142133118112820E-03 -1.6570769715388060E-03
0
0.0
 -1.1407996218300525E+00 -2.3170985309886123E+00 3.8420614944644871E-01
 8.9021297426249649E-03 -5.9065383073959995E-03 -1.5489659531105272E-03
0
0.0
 -1.1407996218300525E+00 -2.3170985309886123E+00 3.8420614944644871E-01
 8.8067802902011619E-03 -5.6766550568473316E-03 -1.5976105663137521E-03
0
0.0
 -1.1407996218300525E+00 -2.3170985309886123E+00 3.8420614944644871E-01
 8.5786661101284918E-03 -5.9378074917206293E-03 -1.8527398272361656E-03
0
0.0
 -1.1407996218300525E+00 -2.3170985309886123E+00 3.8420614944644871E-01
 8.8934967814314949E-03 -6.1053545532907356E-03 -1.5039460103319637E-03
0
0.0
 -1.1407996218300525E+00 -2.3170985309886123E+00 3.8420614944644871E-01
 8.8557069524524828E-03 -6.1330488330920340E-03 -1.7343154567910151E-03
0
0.0
 -1.1407996218300525E+00 -2.3170985309886123E+00 3.8420614944644871E-01
 8.6051643028543286E-03 -5.8495755954195462E-03 -1.5203158284293008E-03
0
0.0
 -1.1407996218300525E+00 -2.3170985309886123E+00 3.8420614944644871E-01
 8.6894977266079899E-03 -6.0145184523620393E-03 -1.6681587479022218E-03
0
0.0
 -1.1407996218300525E+00 -2.3170985309886123E+00 3.8420614944644871E-01
 8.8917384227864635E-03 -5.9770939740782522E-03 -1.3775808544038632E-03
0
0.0
 -1.1407996218300525E+00 -2.3170985309886123E+00 3.8420614944644871E-01
 8.6176860132866889E-03 -5.9740827710462697E-03 -1.5518833083704988E-03
0
0.0
 -1.1407996218300525E+00 -2.3170985309886123E+00 3.8420614944644871E-01
 8.6175402272450873E-03 -6.0252331805122350E-03 -1.5530527671553072E-03
0
0.0
 -1.1407996218300525E+00 -2.3170985309886123E+00 3.8420614944644871E-01
 8.7207997151395687E-03 -5.9392733745584131E-03 -1.5246548551289744E-03
0
0.0
 -1.1407996218300525E+00 -2.3170985309886123E+00 3.8420614944644871E-01
 8.7794461518941047E-03 -6.0937667666573526E-03 -1.6231300166011545E-03
0
0.0
 -1.1407996218300525E+00 -2.3170985309886123E+00 3.8420614944644871E-01
 8.7948299877663380E-03 -5.9216929924053629E-03 -1.6194636057290037E-03
0
0.0
 -1.1407996218300525E+00 -2.3170985309886123E+00 3.8420614944644871E-01
 8.8682671220471979E-03 -5.9159521889657228E-03 -1.9002384202824226E-03
0
0.0
 -1.1407996218300525E+00 -2.3170985309886123E+00 3.8420614944644871E-01
 8.6459126806829757E-03 -5.8324171095019660E-03 -1.6204211472578077E-03
0
0.0
