20
-1
1
 -0.51451248   0.77433438  -0.36835198  1.62260172e-04
 -0.32883395   0.56512380   0.75663950  1.59041713e-04
 -0.18724561  -0.57081326   0.79944437  2.16023831e-04
 -0.54004435  -0.21561857  -0.81354823  1.51104425e-04
 -0.04395094  -0.96805927   0.24683916  1.88187047e-04
  0.17755587  -0.97373353  -0.14253745  1.47794295e-04
  0.71502883   0.14553005  -0.68377977  6.62028311e-04
 -0.18947161   0.69070955  -0.69786877  5.02147428e-04
  0.54195909  -0.31832529   0.77778490  1.49080585e-04
  0.66007609   0.42087987   0.62222158  4.77877575e-04
 -0.24501857  -0.91759535   0.31302505  2.32145104e-04
  0.97730970   0.21143630   0.01266622  1.60824374e-04
  0.12798100  -0.88393004  -0.44976498  4.50929699e-04
  0.23357949  -0.60855595  -0.75835367  2.01384748e-04
  0.60611995  -0.78364413   0.13608997  3.11446624e-04
 -0.05864880   0.13943532  -0.98849285  2.55817285e-04
 -0.88992165  -0.45381877   0.04569451  3.66300682e-04
 -0.10763362   0.73826122   0.66587189  3.15314542e-04
 -0.61566236   0.74690863  -0.25117197  1.65034661e-04
 -0.55113061   0.60988599   0.56946828  3.58591887e-04
