20
 -1.1407996218300525E+00 -2.3170985309886123E+00 3.8420614944644871E-01
 8.6792661366499428E-03 -5.8483571404475982E-03 -1.7423898931814552E-03
0
0.0
 -1.1407996218300525E+00 -2.3170985309886123E+00 3.8420614944644871E-01
 9.0351470897251530E-03 -5.8928455230608358E-03 -1.7992302656209141E-03
0
0.0
 -1.1407996218300525E+00 -2.3170985309886123E+00 3.8420614944644871E-01
 8.7824321341555614E-03 -5.9152669784929800E-03 -1.9214778726804010E-03
0
0.0
 -1.1407996218300525E+00 -2.3170985309886123E+00 3.8420614944644871E-01
 8.6229542353747843E-03 -5.9382327933399587E-03 -1.5548108801876257E-03
0
0.0
 -1.1407996218300525E+00 -2.3170985309886123E+00 3.8420614944644871E-01
 8.7767933628468686E-03 -6.0128592276089297E-03 -1.9318710699597075E-03
0
0.0
 -1.1407996218300525E+00 -2.3170985309886123E+00 3.8420614944644871E-01
 8.7615306763732578E-03 -5.9771329844085196E-03 -1.4611352834786259E-03
0
0.0
 -1.1407996218300525E+00 -2.3170985309886123E+00 3.8420614944644871E-01
 8.8471755894050739E-03 -5.6994158072282324E-03 -1.8610838794115233E-03
0
0.0
 -1.1407996218300525E+00 -2.3170985309886123E+00 3.8420614944644871E-01
 8.6915268220349798E-03 -5.9927875265117026E-03 -1.6042681553813999E-03
0
0.0
 -1.1407996218300525E+00 -2.3170985309886123E+00 3.8420614944644871E-01
 8.6076050148827347E-03 -5.9569903570082204E-03 -1.4931147402678468E-03
0
0.0
 -1.1407996218300525E+00 -2.3170985309886123E+00 3.8420614944644871E-01
 8.8302323159182346E-03 -5.7570177710052003E-03 -1.7428720955059470E-03
0
0.0
 -1.1407996218300525E+00 -2.3170985309886123E+00 3.8420614944644871E-01
 8.6644272066684139E-03 -6.0936096390729897E-03 -1.3705666261791803E-03
0
0.0
 -1.1407996218300525E+00 -2.3170985309886123E+00 3.8420614944644871E-01
 8.7551962340806054E-03 -6.0329755655137802E-03 -1.6906372671486084E-03
0
0.0
 -1.1407996218300525E+00 -2.3170985309886123E+00 3.8420614944644871E-01
 8.7077295541902744E-03 -5.9015108231283628E-03 -1.4586060527757940E-03
0
0.0
 -1.1407996218300525E+00 -2.3170985309886123E+00 3.8420614944644871E-01
 8.7913896263199873E-03 -5.8334973412554536E-03 -1.6251476686107952E-03
0
0.0
 -1.1407996218300525E+00 -2.3170985309886123E+00 3.8420614944644871E-01
 8.8340485828548344E-03 -5.9350664307482592E-03 -1.5791650164860220E-03
0
0.0
 -1.1407996218300525E+00 -2.3170985309886123E+00 3.8420614944644871E-01
 8.6675584412809342E-03 -5.8452004051736256E-03 -1.4917191474483023E-03
0
0.0
 -1.1407996218300525E+00 -2.3170985309886123E+00 3.8420614944644871E-01
 8.8498178659119440E-03 -6.1387269381910229E-03 -1.5378856320975303E-03
0
0.0
 -1.1407996218300525E+00 -2.3170985309886123E+00 3.8420614944644871E-01
 8.9130581072718266E-03 -5.8268957394042031E-03 -1.6341161090213737E-03
0
0.0
 -1.1407996218300525E+00 -2.3170985309886123E+00 3.8420614944644871E-01
 8.6959018633054226E-03 -5.9069137582632792E-03 -1.6229723345841025E-03
0
0.0
 -1.1407996218300525E+00 -2.3170985309886123E+00 3.8420614944644871E-01
 8.6887114579159794E-03 -5.8376059696303283E-03 -1.5938404502251642E-03
0
0.0
