50
-1
1
  0.31450176   0.68413804  -0.65806062  2.06036047e-04
  0.51654237   0.62120036  -0.58931664  2.17096180e-04
 -0.09817647  -0.06517239   0.99303270  3.12517053e-04
  0.72214230   0.31438164   0.61617748  2.47222707e-04
 -0.01264958  -0.63242081  -0.77452173  4.90265608e-04
 -0.05869560   0.53756811  -0.84117498  6.15302326e-04
 -0.39983794  -0.86827275   0.29365295  3.08962964e-04
 -0.06828980   0.27172992   0.95994758  2.31390533e-04
 -0.88694418   0.20298469   0.41488220  2.03137152e-04
  0.28698440   0.42928140   0.85636291  1.52799692e-04
 -0.62375839  -0.65944947  -0.41958536  1.96113719e-04
  0.94353110  -0.11034446   0.31236703  4.33965492e-04
 -0.80271389  -0.15646657  -0.57547252  7.95249010e-04
 -0.58971091  -0.75637222   0.28309382  5.50435781e-04
 -0.97681134   0.03316469  -0.21151766  1.67538375e-04
  0.13814343   0.91585842  -0.37698774  2.19629180e-04
  0.27104289   0.38388016   0.88270707  1.84614552e-04
  0.74203274   0.59310971  -0.31242324  1.97468282e-04
  0.48275184  -0.51709406  -0.70679870  1.64645798e-04
  0.52128923   0.60948973   0.59731048  2.34843510e-04
  0.83465480   0.55075832   0.00407887  3.19774985e-04
 -0.39900687  -0.01891437  -0.91675284  1.53646694e-04
  0.25409062  -0.86404121  -0.43459263  2.83774784e-04
 -0.32567966   0.94511365   0.02632389  3.28242186e-04
 -0.13707880  -0.97512211   0.17420183  2.06787752e-04
  0.51192527   0.69631554   0.50306777  4.60653405e-04
  0.40992181   0.27609569   0.86933036  6.19801528e-04
 -0.02323649   0.96247592  -0.27037042  3.34529614e-04
  0.73792384  -0.45654911   0.49702245  1.81335360e-04
  0.45083773   0.05463047  -0.89093258  2.00646655e-04
 -0.73760302  -0.60153443  -0.30675416  4.12910154e-04
 -0.27590517   0.69021088  -0.66894340  1.86532821e-04
 -0.51038623  -0.34737675  -0.78666085  1.84662066e-04
  0.25138870  -0.22888564   0.94043346  6.13422403e-04
 -0.71280884  -0.20723742  -0.67004194  1.94184579e-04
  0.12402313   0.99189212  -0.02771791  2.20814895e-04
 -0.53560366   0.40091136  -0.74323536  2.10569714e-04
 -0.07684631   0.40022112  -0.91319094  5.37143015e-04
 -0.00080508  -0.08075171  -0.99673392  2.12087315e-04
 -0.47416388   0.61779484   0.62729431  3.05354802e-04
  0.28602520  -0.91760843   0.27601512  1.89484519e-04
 -0.17951222  -0.49072706  -0.85262085  3.56974431e-04
 -0.87544347   0.10862063  -0.47095678  2.97748031e-04
 -0.20867783   0.46870095   0.85835481  1.61163761e-04
 -0.37742351  -0.36589572   0.85068903  2.58737978e-04
  0.65890436  -0.40531709   0.63369007  4.07185751e-04
 -0.14552034   0.43231211   0.88990453  2.93831721e-04
 -0.63984434  -0.09872187   0.76213726  3.39075081e-04
 -0.27494841   0.94241188  -0.19042905  1.96219105e-04
 -0.80730452  -0.58237479  -0.09538879  1.81402277e-04
