50
 -1.1407996218300525E+00 -2.3170985309886123E+00 3.8420614944644871E-01
 8.5935496435883933E-03 -5.8507810865800394E-03 -1.4808505702055979E-03
0
0.0
 -1.1407996218300525E+00 -2.3170985309886123E+00 3.8420614944644871E-01
 8.5829953867798698E-03 -5.9626485386356674E-03 -1.4553875681619542E-03
0
0.0
 -1.1407996218300525E+00 -2.3170985309886123E+00 3.8420614944644871E-01
 8.7027875507914732E-03 -6.0971456546287583E-03 -1.6139315682507729E-03
0
0.0
 -1.1407996218300525E+00 -2.3170985309886123E+00 3.8420614944644871E-01
 8.8014326193950453E-03 -5.8116777059501884E-03 -1.6703922606618818E-03
0
0.0
 -1.1407996218300525E+00 -2.3170985309886123E+00 3.8420614944644871E-01
 8.8242194043700421E-03 -5.9387273498017921E-03 -1.6443514160524098E-03
0
0.0
 -1.1407996218300525E+00 -2.3170985309886123E+00 3.8420614944644871E-01
 8.7989852684648862E-03 -5.8926360072366459E-03 -1.5989013138432264E-03
0
0.0
 -1.1407996218300525E+00 -2.3170985309886123E+00 3.8420614944644871E-01
 8.7376419464486373E-03 -5.8563483235205592E-03 -1.6695826329016889E-03
0
0.0
 -1.1407996218300525E+00 -2.3170985309886123E+00 3.8420614944644871E-01
 8.6212128558812700E-03 -5.8814149604066576E-03 -1.5548797594327865E-03
0
0.0
 -1.1407996218300525E+00 -2.3170985309886123E+00 3.8420614944644871E-01
 8.7212279459125356E-03 -6.1264744971921111E-03 -1.5125551476307649E-03
0
0.0
 -1.1407996218300525E+00 -2.3170985309886123E+00 3.8420614944644871E-01
 8.7043625403109091E-03 -6.1728004361182682E-03 -1.4419852661231851E-03
0
0.0
 -1.1407996218300525E+00 -2.3170985309886123E+00 3.8420614944644871E-01
 8.9233161052010655E-03 -5.9034602041510582E-03 -1.8820730000016412E-03
0
0.0
 -1.1407996218300525E+00 -2.3170985309886123E+00 3.8420614944644871E-01
 8.7241751453875100E-03 -5.8887167123250744E-03 -1.4159661952407988E-03
0
0.0
 -1.1407996218300525E+00 -2.3170985309886123E+00 3.8420614944644871E-01
 8.7858284910958592E-03 -5.6782227882707439E-03 -1.4228122444267380E-03
0
0.0
 -1.1407996218300525E+00 -2.3170985309886123E+00 3.8420614944644871E-01
 8.6649810056643878E-03 -6.0098349148881517E-03 -1.5068983096769601E-03
0
0.0
 -1.1407996218300525E+00 -2.3170985309886123E+00 3.8420614944644871E-01
 8.8575654984380213E-03 -5.8092840156173838E-03 -1.4241452512569043E-03
0
0.0
 -1.1407996218300525E+00 -2.3170985309886123E+00 3.8420614944644871E-01
 8.7310403288729087E-03 -6.0154089501726852E-03 -1.6103067297628618E-03
0
0.0
 -1.1407996218300525E+00 -2.3170985309886123E+00 3.8420614944644871E-01
 8.9238793117119887E-03 -5.9529809255803590E-03 -1.7299696787466251E-03
0
0.0
 -1.1407996218300525E+00 -2.3170985309886123E+00 3.8420614944644871E-01
 8.9558673330675728E-03 -5.6747296706073811E-03 -1.7457228982343804E-03
0
0.0
 -1.1407996218300525E+00 -2.3170985309886123E+00 3.8420614944644871E-01
 8.8467523863385213E-03 -5.9620222559605904E-03 -1.6539889910836812E-03
0
0.0
 -1.1407996218300525E+00 -2.3170985309886123E+00 3.8420614944644871E-01
 8.7280754776393448E-03 -5.8955960274689172E-03 -1.8716597309454709E-03
0
0.0
 -1.1407996218300525E+00 -2.3170985309886123E+00 3.8420614944644871E-01
 8.7287923847759463E-03 -5.7598688616965947E-03 -1.8718793204239679E-03
0
0.0
 -1.1407996218300525E+00 -2.3170985309886123E+00 3.8420614944644871E-01
 8.9246195138335555E-03 -6.1489099749357633E-03 -1.6779357122614859E-03
0
0.0
 -1.1407996218300525E+00 -2.3170985309886123E+00 3.8420614944644871E-01
 8.6529819349716441E-03 -5.7898496974017541E-03 -1.8658710346445184E-03
0
0.0
 -1.1407996218300525E+00 -2.3170985309886123E+00 3.8420614944644871E-01
 9.0007656165823711E-03 -5.7248388246375955E-03 -1.7489781511826391E-03
0
0.0
 -1.1407996218300525E+00 -2.3170985309886123E+00 3.8420614944644871E-01
 8.7464875168836859E-03 -5.9062708616753204E-03 -1.5852005860122512E-03
0
0.0
 -1.1407996218300525E+00 -2.3170985309886123E+00 3.8420614944644871E-01
 8.6585750204910637E-03 -5.9178217860454928E-03 -1.8348696005192487E-03
0
0.0
 -1.1407996218300525E+00 -2.3170985309886123E+00 3.8420614944644871E-01
 8.6323313653946122E-03 -5.9431861246165129E-03 -1.4979949829160531E-03
0
0.0
 -1.1407996218300525E+00 -2.3170985309886123E+00 3.8420614944644871E-01
 8.9620286147920041E-03 -5.9248075753971074E-03 -1.6305140061539710E-03
0
0.0
 -1.1407996218300525E+00 -2.3170985309886123E+00 3.8420614944644871E-01
 8.7220419918922609E-03 -5.9830144678980641E-03 -1.6652710528476835E-03
0
0.0
 -1.1407996218300525E+00 -2.3170985309886123E+00 3.8420614944644871E-01
 8.9812278396737347E-03 -5.7651161947622834E-03 -1.5306335969596336E-03
0
0.0
 -1.1407996218300525E+00 -2.3170985309886123E+00 3.8420614944644871E-01
 8.7235257230264089E-03 -5.9882005896934477E-03 -1.6694193746768151E-03
0
0.0
 -1.1407996218300525E+00 -2.3170985309886123E+00 3.8420614944644871E-01
 8.9852741339688843E-03 -5.9910373433406930E-03 -1.7689806646619217E-03
0
0.0
 -1.1407996218300525E+00 -2.3170985309886123E+00 3.8420614944644871E-01
 8.8971898303253950E-03 -5.7994558453502718E-03 -1.7368962481818665E-03
0
0.0
 -1.1407996218300525E+00 -2.3170985309886123E+00 3.8420614944644871E-01
 8.7143264042787247E-03 -5.8271283281654497E-03 -1.8670567428957844E-03
0
0.0
 -1.1407996218300525E+00 -2.3170985309886123E+00 3.8420614944644871E-01
 8.8066263569503457E-03 -5.7200266184487753E-03 -1.5178796977791740E-03
0
0.0
 -1.1407996218300525E+00 -2.3170985309886123E+00 3.8420614944644871E-01
 8.8131219761579237E-03 -5.8998904313119745E-03 -1.6447286470227186E-03
0
0.0
 -1.1407996218300525E+00 -2.3170985309886123E+00 3.8420614944644871E-01
 8.7740317986518129E-03 -5.6222751325553143E-03 -1.5978566142934812E-03
0
0.0
 -1.1407996218300525E+00 -2.3170985309886123E+00 3.8420614944644871E-01
 8.8487874042368561E-03 -6.0123848832807272E-03 -1.6153930347785421E-03
0
0.0
 -1.1407996218300525E+00 -2.3170985309886123E+00 3.8420614944644871E-01
 8.8137813189126009E-03 -5.8280231327586000E-03 -1.5393983079953959E-03
0
0.0
 -1.1407996218300525E+00 -2.3170985309886123E+00 3.8420614944644871E-01
 8.5758663534825606E-03 -6.0058313533615515E-03 -1.6585874085188661E-03
0
0.0
 -1.1407996218300525E+00 -2.3170985309886123E+00 3.8420614944644871E-01
 8.5791903447286436E-03 -5.8982337875448949E-03 -1.4968436840636433E-03
0
0.0
 -1.1407996218300525E+00 -2.3170985309886123E+00 3.8420614944644871E-01
 8.8946813615681641E-03 -5.8265248741646162E-03 -1.6031920806912790E-03
0
0.0
 -1.1407996218300525E+00 -2.3170985309886123E+00 3.8420614944644871E-01
 8.7804248710237100E-03 -5.9240529814797525E-03 -1.3508456141109763E-03
0
0.0
 -1.1407996218300525E+00 -2.3170985309886123E+00 3.8420614944644871E-01
 8.8779399520232637E-03 -6.1351357559499848E-03 -1.7289057204629482E-03
0
0.0
 -1.1407996218300525E+00 -2.3170985309886123E+00 3.8420614944644871E-01
 8.9981906391137234E-03 -6.0845493741985045E-03 -1.7573858258506012E-03
0
0.0
 -1.1407996218300525E+00 -2.3170985309886123E+00 3.8420614944644871E-01
 8.7721479585189596E-03 -5.9623635609779083E-03 -1.6988620388442251E-03
0
0.0
 -1.1407996218300525E+00 -2.3170985309886123E+00 3.8420614944644871E-01
 8.7710461836637138E-03 -5.9070058036970602E-03 -1.6074820205588482E-03
0
0.0
 -1.1407996218300525E+00 -2.3170985309886123E+00 3.8420614944644871E-01
 8.7501264511425838E-03 -5.9815305407425485E-03 -1.6595316601970968E-03
0
0.0
 -1.1407996218300525E+00 -2.3170985309886123E+00 3.8420614944644871E-01
 8.8084000215341123E-03 -5.9951142780350353E-03 -1.6352189907292947E-03
0
0.0
 -1.1407996218300525E+00 -2.3170985309886123E+00 3.8420614944644871E-01
 8.7052203630833078E-03 -5.9403477911618213E-03 -1.6528491932929210E-03
0
0.0
