50
-1
1
 -0.53914089  -0.54950106  -0.63825988  4.34220355e-04
 -0.21792544   0.91500547   0.33951950  2.03518436e-04
 -0.76959093   0.02278668  -0.63813052  1.73191635e-04
  0.70018821  -0.18271335  -0.69018280  1.95109605e-04
 -0.09301300   0.67574709  -0.73124172  1.55087809e-04
  0.66021942   0.43286281   0.61379158  4.41329182e-04
 -0.60918628   0.77755204  -0.15590027  1.46820926e-04
  0.76470818  -0.62709743  -0.14822354  2.87844834e-04
 -0.21323402  -0.91130146   0.35222280  1.72032335e-04
  0.97826762   0.02160625  -0.20621743  8.15768740e-04
 -0.71777068   0.49270162  -0.49198614  5.41599333e-04
  0.51537498   0.41307104  -0.75084016  3.43692519e-04
 -0.13728648  -0.65205441   0.74563897  4.25977740e-04
  0.66687924  -0.73586984   0.11733568  1.45676232e-04
  0.69677024   0.01012507   0.71722292  2.70181415e-04
 -0.28037604   0.91348187  -0.29485615  2.80426997e-04
 -0.00609933  -0.64417410  -0.76485458  1.63501408e-04
  0.48830436  -0.76411466  -0.42153011  8.22601652e-04
  0.58091535  -0.56190204   0.58890020  2.59066445e-04
 -0.20383420  -0.81806486   0.53779317  4.47284960e-04
 -0.91218627  -0.19371450   0.36109680  2.34603793e-04
  0.47648208   0.87122209  -0.11805461  1.95892654e-04
  0.86642827  -0.00662302   0.49925763  1.92248275e-04
 -0.85453693   0.51888823  -0.02283964  8.52638587e-04
  0.03939025   0.75443361   0.65519335  3.66711735e-04
  0.48697361  -0.26354214   0.83270778  8.29021877e-04
 -0.35828361   0.59510409   0.71936359  8.32278452e-04
  0.28859840   0.95556969  -0.05997947  2.38548767e-04
  0.21391061   0.47816714  -0.85182066  6.77839646e-04
  0.13052850  -0.79305001  -0.59500756  2.11370694e-04
  0.17392555   0.68903335   0.70355025  6.49098822e-04
  0.58528805   0.59037319  -0.55578539  4.78501444e-04
  0.56938108  -0.67026336  -0.47597500  7.20004971e-04
  0.05144676  -0.28488396   0.95718042  4.09143448e-04
 -0.51292164  -0.73226063  -0.44800197  2.85595732e-04
  0.54450216  -0.01977070  -0.83852640  3.44653685e-04
  0.22441487   0.84932713  -0.47778801  2.44222882e-04
 -0.18016095  -0.32076664  -0.92986601  5.10577008e-04
 -0.85163682  -0.09929134  -0.51464158  1.77711961e-04
  0.52040657  -0.62735779   0.57930925  5.27184236e-04
  0.53770427  -0.09886585  -0.83731694  2.13116105e-04
  0.41721864   0.48141103  -0.77082555  3.07547650e-04
  0.41859531  -0.81071353  -0.40929395  2.60203956e-04
 -0.14540063  -0.94307858   0.29910107  4.33832460e-04
  0.63382373   0.70361034  -0.32124754  1.73414356e-04
 -0.32393186   0.92510300   0.19812266  1.59758015e-04
 -0.19345944  -0.50214429   0.84286687  1.52649917e-04
  0.15976293  -0.88419485  -0.43894791  6.06780832e-04
 -0.26760793   0.83309982  -0.48407715  4.62727638e-04
 -0.94616809  -0.23312336   0.22454275  1.49710280e-04
