50
 -1.1407996218300525E+00 -2.3170985309886123E+00 3.8420614944644871E-01
 8.7907304685135509E-03 -6.0413875408313758E-03 -1.7454152493253511E-03
0
0.0
 -1.1407996218300525E+00 -2.3170985309886123E+00 3.8420614944644871E-01
 8.9744323025867326E-03 -5.8573194249323321E-03 -1.7094859536953156E-03
0
0.0
 -1.1407996218300525E+00 -2.3170985309886123E+00 3.8420614944644871E-01
 8.6433384487402849E-03 -5.9699417496857947E-03 -1.8633191549894267E-03
0
0.0
 -1.1407996218300525E+00 -2.3170985309886123E+00 3.8420614944644871E-01
 8.9486296266163123E-03 -6.0604595853910436E-03 -1.6006921002817997E-03
0
0.0
 -1.1407996218300525E+00 -2.3170985309886123E+00 3.8420614944644871E-01
 8.5974225464054317E-03 -5.8692022670152116E-03 -1.4693890974489272E-03
0
0.0
 -1.1407996218300525E+00 -2.3170985309886123E+00 3.8420614944644871E-01
 8.7107926932998916E-03 -6.0257513661650542E-03 -1.5768538975230665E-03
0
0.0
 -1.1407996218300525E+00 -2.3170985309886123E+00 3.8420614944644871E-01
 8.8196625366334935E-03 -5.9275852458454993E-03 -1.7009866869910455E-03
0
0.0
 -1.1407996218300525E+00 -2.3170985309886123E+00 3.8420614944644871E-01
 8.9170474491560778E-03 -6.0671970205256219E-03 -1.6586528731894615E-03
0
0.0
 -1.1407996218300525E+00 -2.3170985309886123E+00 3.8420614944644871E-01
 8.8772598941378317E-03 -6.0111032414641935E-03 -1.4929910343487662E-03
0
0.0
 -1.1407996218300525E+00 -2.3170985309886123E+00 3.8420614944644871E-01
 8.7741604667457701E-03 -5.8094814919553662E-03 -1.7061101168791156E-03
0
0.0
 -1.1407996218300525E+00 -2.3170985309886123E+00 3.8420614944644871E-01
 8.7680863505457604E-03 -5.9023768076422204E-03 -1.7158045611525190E-03
0
0.0
 -1.1407996218300525E+00 -2.3170985309886123E+00 3.8420614944644871E-01
 8.4989536308524051E-03 -5.7462114450407172E-03 -1.6657900829697531E-03
0
0.0
 -1.1407996218300525E+00 -2.3170985309886123E+00 3.8420614944644871E-01
 8.9914098016683312E-03 -5.8979556372919994E-03 -1.5641929580729472E-03
0
0.0
 -1.1407996218300525E+00 -2.3170985309886123E+00 3.8420614944644871E-01
 8.6636536991801256E-03 -5.8146171531207333E-03 -1.6866877858681629E-03
0
0.0
 -1.1407996218300525E+00 -2.3170985309886123E+00 3.8420614944644871E-01
 8.9881221619852129E-03 -5.8602543317533839E-03 -1.6764167816072097E-03
0
0.0
 -1.1407996218300525E+00 -2.3170985309886123E+00 3.8420614944644871E-01
 8.6117093951839519E-03 -5.8795371723443998E-03 -1.6978035889357872E-03
0
0.0
 -1.1407996218300525E+00 -2.3170985309886123E+00 3.8420614944644871E-01
 8.8722388152384004E-03 -5.9981720350822674E-03 -1.6905297478635093E-03
0
0.0
 -1.1407996218300525E+00 -2.3170985309886123E+00 3.8420614944644871E-01
 8.9926859330778080E-03 -6.0411503282668082E-03 -1.5318135835662898E-03
0
0.0
 -1.1407996218300525E+00 -2.3170985309886123E+00 3.8420614944644871E-01
 8.8013266116897491E-03 -5.8588344139384107E-03 -1.7213508002816237E-03
0
0.0
 -1.1407996218300525E+00 -2.3170985309886123E+00 3.8420614944644871E-01
 8.7540139658867106E-03 -5.8002155022996134E-03 -1.6744337684568731E-03
0
0.0
 -1.1407996218300525E+00 -2.3170985309886123E+00 3.8420614944644871E-01
 8.7081608679490628E-03 -5.6312915617295570E-03 -1.7441434957508205E-03
0
0.0
 -1.1407996218300525E+00 -2.3170985309886123E+00 3.8420614944644871E-01
 8.6288784667635753E-03 -6.0645824534762737E-03 -1.6295853156105052E-03
0
0.0
 -1.1407996218300525E+00 -2.3170985309886123E+00 3.8420614944644871E-01
 8.8531702746459627E-03 -5.9191797192112219E-03 -1.5875335412739232E-03
0
0.0
 -1.1407996218300525E+00 -2.3170985309886123E+00 3.8420614944644871E-01
 8.8030534536662833E-03 -5.6500843153107320E-03 -1.6869515825349340E-03
0
0.0
 -1.1407996218300525E+00 -2.3170985309886123E+00 3.8420614944644871E-01
 8.8743918243669711E-03 -5.7731114780894856E-03 -1.5902677762106481E-03
0
0.0
 -1.1407996218300525E+00 -2.3170985309886123E+00 3.8420614944644871E-01
 9.0367781022232061E-03 -5.7471952919739902E-03 -1.7948209384114294E-03
0
0.0
 -1.1407996218300525E+00 -2.3170985309886123E+00 3.8420614944644871E-01
 8.8038574532538407E-03 -5.8250406606855662E-03 -1.4412800085350508E-03
0
0.0
 -1.1407996218300525E+00 -2.3170985309886123E+00 3.8420614944644871E-01
 8.7737004351232991E-03 -5.9554045578714392E-03 -1.8180462911488639E-03
0
0.0
 -1.1407996218300525E+00 -2.3170985309886123E+00 3.8420614944644871E-01
 8.8870639684490212E-03 -5.9879911161023923E-03 -1.6432729632902493E-03
0
0.0
 -1.1407996218300525E+00 -2.3170985309886123E+00 3.8420614944644871E-01
 8.8533973269000719E-03 -5.9568011144801739E-03 -1.5409378062263750E-03
0
0.0
 -1.1407996218300525E+00 -2.3170985309886123E+00 3.8420614944644871E-01
 8.8005558866654822E-03 -6.0033016025363515E-03 -1.8120843648835212E-03
0
0.0
 -1.1407996218300525E+00 -2.3170985309886123E+00 3.8420614944644871E-01
 8.7786250073328392E-03 -5.9490395794355878E-03 -1.6403686376429789E-03
0
0.0
 -1.1407996218300525E+00 -2.3170985309886123E+00 3.8420614944644871E-01
 9.0512981962451271E-03 -5.9835436381598175E-03 -1.5818412704756138E-03
0
0.0
 -1.1407996218300525E+00 -2.3170985309886123E+00 3.8420614944644871E-01
 8.5644378985390204E-03 -5.9944523515372636E-03 -1.6671370445759063E-03
0
0.0
 -1.1407996218300525E+00 -2.3170985309886123E+00 3.8420614944644871E-01
 8.7641055985638698E-03 -5.8572772650218969E-03 -1.6621548478347021E-03
0
0.0
 -1.1407996218300525E+00 -2.3170985309886123E+00 3.8420614944644871E-01
 8.8700140455203903E-03 -5.8571627179600516E-03 -1.3294457266297044E-03
0
0.0
 -1.1407996218300525E+00 -2.3170985309886123E+00 3.8420614944644871E-01
 8.7725146898666225E-03 -6.0758204661546236E-03 -1.5058858916078637E-03
0
0.0
 -1.1407996218300525E+00 -2.3170985309886123E+00 3.8420614944644871E-01
 8.7852296813256993E-03 -6.0204345982786288E-03 -1.3631879045017906E-03
0
0.0
 -1.1407996218300525E+00 -2.3170985309886123E+00 3.8420614944644871E-01
 8.9450250824925932E-03 -5.9547281381697277E-03 -1.6135187529082399E-03
0
0.0
 -1.1407996218300525E+00 -2.3170985309886123E+00 3.8420614944644871E-01
 8.7662578944552334E-03 -5.9411351489156751E-03 -1.5766505078724194E-03
0
0.0
 -1.1407996218300525E+00 -2.3170985309886123E+00 3.8420614944644871E-01
 8.5917744327477213E-03 -5.9123155715794934E-03 -1.8392597757670129E-03
0
0.0
 -1.1407996218300525E+00 -2.3170985309886123E+00 3.8420614944644871E-01
 8.7645724233643141E-03 -6.0970744181137512E-03 -1.7757547902435753E-03
0
0.0
 -1.1407996218300525E+00 -2.3170985309886123E+00 3.8420614944644871E-01
 8.5526662337600604E-03 -6.0953059621693647E-03 -1.5640758985278286E-03
0
0.0
 -1.1407996218300525E+00 -2.3170985309886123E+00 3.8420614944644871E-01
 8.5299606520258652E-03 -6.0485559996790901E-03 -1.8124797120994802E-03
0
0.0
 -1.1407996218300525E+00 -2.3170985309886123E+00 3.8420614944644871E-01
 8.8451082984793792E-03 -6.0442383752462936E-03 -1.4842107544570213E-03
0
0.0
 -1.1407996218300525E+00 -2.3170985309886123E+00 3.8420614944644871E-01
 8.9015700168707020E-03 -5.9900156075959037E-03 -1.7916647929780787E-03
0
0.0
 -1.1407996218300525E+00 -2.3170985309886123E+00 3.8420614944644871E-01
 8.7436378529771822E-03 -5.7979728970566280E-03 -1.4974671720491865E-03
0
0.0
 -1.1407996218300525E+00 -2.3170985309886123E+00 3.8420614944644871E-01
 8.8381219957918960E-03 -5.8521194813175390E-03 -1.8000512615662671E-03
0
0.0
 -1.1407996218300525E+00 -2.3170985309886123E+00 3.8420614944644871E-01
 8.7789838005126655E-03 -6.1308659220172387E-03 -1.5596650338417001E-03
0
0.0
 -1.1407996218300525E+00 -2.3170985309886123E+00 3.8420614944644871E-01
 8.8680631671345760E-03 -5.8354453719952201E-03 -1.7319557890001689E-03
0
0.0
