50
-1
1
  0.36654278  -0.20119066  -0.90838797  1.60690358e-04
 -0.90753745   0.08219490   0.41184922  1.61596930e-04
  0.22988011   0.15011464   0.96157201  5.37505935e-04
  0.98187784   0.09484060  -0.16407669  8.39873560e-04
 -0.79216392   0.55067463  -0.26312311  4.64820412e-04
 -0.13520695   0.48507266  -0.86395810  2.06901293e-04
  0.66239272   0.56765958   0.48887471  2.10264636e-04
 -0.56156068  -0.43751382  -0.70230425  2.78995149e-04
  0.53001564   0.02079555   0.84773284  2.19856235e-04
 -0.31493596  -0.89693672   0.31035442  1.58590541e-04
 -0.97602664   0.21577402  -0.02852314  4.15614442e-04
  0.81197944   0.33153601   0.48038866  3.11806235e-04
  0.50915146   0.30784853  -0.80373757  6.24102269e-04
 -0.74525334  -0.46161006   0.48115862  8.11787252e-04
 -0.66466878   0.63179307  -0.39881441  3.84838527e-04
 -0.15095069   0.58886013   0.79401362  6.03266215e-04
 -0.86681070  -0.40888090  -0.28540430  3.49407830e-04
  0.11922417   0.99163109   0.04953157  5.03472960e-04
 -0.91091561   0.10675627  -0.39854217  3.57445708e-04
  0.12658789  -0.23365961   0.96404289  2.54994023e-04
 -0.12256584   0.73615930   0.66561783  1.75736083e-04
  0.46309793   0.84412729   0.27016556  3.76145179e-04
 -0.18763865   0.66813091  -0.71999502  1.74812765e-04
 -0.40158240  -0.87553834   0.26863392  2.19985694e-04
  0.30936901   0.90268745  -0.29907554  1.77070254e-04
  0.39410401  -0.19168492  -0.89885423  2.45457819e-04
  0.44276281   0.81778192   0.36768713  1.52207810e-04
  0.34026220   0.90483007   0.25593783  2.20989635e-04
 -0.73130971  -0.04497082   0.68056134  2.38183742e-04
  0.06198491   0.92599129  -0.37242180  4.77250005e-04
 -0.83266751   0.54751968   0.08298805  7.44808663e-04
  0.42934006   0.56327608   0.70596542  6.34600011e-04
 -0.77713207  -0.03012883   0.62861593  3.33238576e-04
 -0.82383333   0.12783477   0.55222904  1.95389773e-04
 -0.07610578  -0.15383902  -0.98516063  4.14569773e-04
 -0.36914066  -0.59874549   0.71080167  2.38452217e-04
 -0.31342787   0.18767787   0.93088129  1.68667698e-04
 -0.78317635  -0.61507424   0.09120570  4.92759305e-04
  0.91370061  -0.33595379   0.22866187  1.62228896e-04
 -0.40597816   0.59933061  -0.68991633  4.16678919e-04
  0.07278441   0.79055130   0.60805515  1.51145374e-04
 -0.04981886  -0.03662815  -0.99808640  5.40565047e-04
  0.97191803  -0.21424297   0.09734113  1.48054124e-04
 -0.27044965  -0.02114465   0.96250189  1.69495097e-04
 -0.88771484   0.15370247   0.43397916  4.52853243e-04
 -0.83102963  -0.43965779   0.34072097  1.55047626e-04
 -0.17388756  -0.15161660  -0.97302391  3.17012431e-04
 -0.07770453   0.98046714   0.18068260  1.51019074e-04
  0.47207565   0.71737760  -0.51236115  2.83923501e-04
  0.89143531  -0.11738576  -0.43767987  3.66257310e-04
