20
 -1.1407996218300525E+00 -2.3170985309886123E+00 3.8420614944644871E-01
 8.9151038621262235E-03 -5.8318299940934900E-03 -1.5454654359042220E-03
0
0.0
 -1.1407996218300525E+00 -2.3170985309886123E+00 3.8420614944644871E-01
 8.6995938544059490E-03 -5.7707909714736199E-03 -1.7029829612210036E-03
0
0.0
 -1.1407996218300525E+00 -2.3170985309886123E+00 3.8420614944644871E-01
 8.7274329576766865E-03 -5.8089067151550810E-03 -1.5749829991838554E-03
0
0.0
 -1.1407996218300525E+00 -2.3170985309886123E+00 3.8420614944644871E-01
 8.9110785430816606E-03 -6.0002977146607931E-03 -1.4897237568263669E-03
0
0.0
 -1.1407996218300525E+00 -2.3170985309886123E+00 3.8420614944644871E-01
 8.7426869153112829E-03 -5.9628030411425729E-03 -1.2943801551386172E-03
0
0.0
 -1.1407996218300525E+00 -2.3170985309886123E+00 3.8420614944644871E-01
 8.9142473892076055E-03 -5.9928451462418365E-03 -1.8066927785351707E-03
0
0.0
 -1.1407996218300525E+00 -2.3170985309886123E+00 3.8420614944644871E-01
 8.7985336883996471E-03 -5.8108687852740995E-03 -1.4544820954980387E-03
0
0.0
 -1.1407996218300525E+00 -2.3170985309886123E+00 3.8420614944644871E-01
 8.8321895552904445E-03 -5.8739911327037823E-03 -1.5807134160173151E-03
0
0.0
 -1.1407996218300525E+00 -2.3170985309886123E+00 3.8420614944644871E-01
 8.8009205404653637E-03 -5.9050765278069834E-03 -1.8647514954666985E-03
0
0.0
 -1.1407996218300525E+00 -2.3170985309886123E+00 3.8420614944644871E-01
 8.7443297576128478E-03 -5.8933539704692749E-03 -1.7147118553635598E-03
0
0.0
 -1.1407996218300525E+00 -2.3170985309886123E+00 3.8420614944644871E-01
 8.8512996685429571E-03 -5.7440969191900780E-03 -1.3558613188064887E-03
0
0.0
 -1.1407996218300525E+00 -2.3170985309886123E+00 3.8420614944644871E-01
 8.7973574996198668E-03 -5.8960659820919544E-03 -1.6775670235214301E-03
0
0.0
 -1.1407996218300525E+00 -2.3170985309886123E+00 3.8420614944644871E-01
 8.8721905160648006E-03 -5.9109155383473061E-03 -1.7149863240087824E-03
0
0.0
 -1.1407996218300525E+00 -2.3170985309886123E+00 3.8420614944644871E-01
 8.7211090900058269E-03 -5.7711372935934230E-03 -1.5883725550583758E-03
0
0.0
 -1.1407996218300525E+00 -2.3170985309886123E+00 3.8420614944644871E-01
 8.8848604082580277E-03 -5.7720494225640346E-03 -1.6297002727970016E-03
0
0.0
 -1.1407996218300525E+00 -2.3170985309886123E+00 3.8420614944644871E-01
 8.7993198727217420E-03 -5.9310433578703527E-03 -1.6595510647558797E-03
0
0.0
 -1.1407996218300525E+00 -2.3170985309886123E+00 3.8420614944644871E-01
 8.8673086075299803E-03 -5.9843508875443473E-03 -1.6748667691112251E-03
0
0.0
 -1.1407996218300525E+00 -2.3170985309886123E+00 3.8420614944644871E-01
 8.8823430039549796E-03 -6.1810028387682594E-03 -1.7519654536603169E-03
0
0.0
 -1.1407996218300525E+00 -2.3170985309886123E+00 3.8420614944644871E-01
 8.8453292028927571E-03 -6.0597880150038193E-03 -1.5649306707075593E-03
0
0.0
 -1.1407996218300525E+00 -2.3170985309886123E+00 3.8420614944644871E-01
 8.7978294499060864E-03 -6.0214634183839355E-03 -1.6707058255408590E-03
0
0.0
