400
-1
1
 -0.91250034  -0.19788317   0.35802986  1.82402062e-04
  0.61077055  -0.55280994  -0.56688668  2.58611951e-04
 -0.65038627   0.10505919   0.75230331  1.49785351e-04
  0.00178546   0.62345006   0.78186114  6.30437364e-04
  0.58071395  -0.74951620   0.31779991  3.22540914e-04
  0.60416774   0.29001274   0.74220883  5.67016233e-04
  0.24495209   0.82638528   0.50703633  3.04206077e-04
 -0.26086603   0.44144934  -0.85852862  3.46799495e-04
  0.53034009   0.37184110  -0.76188817  3.75038906e-04
 -0.45963207  -0.87177936  -0.16952611  5.45951196e-04
 -0.57855093   0.64730586   0.49625995  2.07189616e-04
  0.25933980  -0.50488433   0.82330716  4.07801817e-04
 -0.34380922   0.12892495   0.93014707  2.94935593e-04
 -0.28568567   0.82753801  -0.48328516  1.97342305e-04
 -0.27426713   0.18600619  -0.94349310  4.20473657e-04
  0.91552202  -0.18321630  -0.35812179  1.78702593e-04
  0.52077222  -0.84883746   0.09094644  2.13172804e-04
  0.37996241  -0.86003955   0.34052980  4.74192312e-04
 -0.62324425  -0.73529623  -0.26628192  2.20080289e-04
 -0.65095912   0.60072146  -0.46409692  2.58629886e-04
 -0.29386854   0.41317591   0.86193210  1.78750934e-04
  0.36475399  -0.68704485  -0.62842971  1.54952452e-04
  0.85682735   0.19507551   0.47727606  1.81647484e-04
 -0.05298943  -0.33093652  -0.94216407  3.47883003e-04
 -0.49250558  -0.52115385   0.69702003  4.04445076e-04
  0.01745958  -0.99981411  -0.00817938  3.81190879e-04
  0.07132554  -0.77836419   0.62374823  5.18533376e-04
  0.35676824   0.92244110  -0.14771205  1.79578344e-04
 -0.78407970   0.62065788   0.00167653  3.11933639e-04
  0.19153007  -0.41607225  -0.88893201  2.12341489e-04
  0.30116918   0.08358444   0.94990040  5.40022076e-04
  0.42154261  -0.70527685  -0.56998806  1.61654330e-04
 -0.04627795   0.71095290   0.70171527  2.78437070e-04
  0.28922906  -0.87526270   0.38763612  1.51354677e-04
  0.46240377   0.59329820  -0.65892336  4.61814392e-04
  0.25284183  -0.50224257   0.82693616  1.97732961e-04
 -0.09681722   0.98923194  -0.10975695  1.65968254e-04
 -0.56474743  -0.67063605   0.48094451  5.64038917e-04
 -0.11108105  -0.28473124  -0.95214974  1.91412012e-04
  0.68873009  -0.68603672   0.23453034  2.19606100e-04
 -0.66604958   0.22348087   0.71164194  1.70329900e-04
 -0.97945202  -0.16484066  -0.11619511  1.66212050e-04
 -0.30978653  -0.53812460  -0.78387130  2.70677392e-04
 -0.93982298  -0.11840899  -0.32048724  1.85364050e-04
 -0.20129324  -0.97060864   0.13190866  1.58002200e-04
  0.72250252   0.12490007  -0.67999270  2.36550073e-04
  0.73939399   0.57057565  -0.35740727  1.89433530e-04
  0.30116943   0.80378874   0.51305032  3.07043334e-04
  0.17123567  -0.33220841  -0.92753217  1.93027116e-04
  0.17341815  -0.75926939   0.62724487  5.66349963e-04
 -0.74307385   0.31660767   0.58957683  1.47732233e-04
 -0.69092484  -0.51991348   0.50230751  3.64931218e-04
  0.51660027   0.83640902   0.18315052  1.64388478e-04
 -0.06850625   0.57410544   0.81591043  1.69516368e-04
  0.99916167   0.01118552   0.03938061  1.66781424e-04
  0.71162120   0.11889295   0.69243031  1.98683972e-04
  0.70109133  -0.67968495  -0.21563699  3.70101393e-04
  0.43235227  -0.88654153  -0.16466823  4.57548334e-04
  0.53047121  -0.39374389  -0.75071036  2.38378173e-04
 -0.67709566   0.69608013  -0.23877586  5.25955297e-04
 -0.57538996   0.01675309   0.81770761  2.81029162e-04
 -0.68528935  -0.43235484  -0.58604419  2.35010212e-04
 -0.47193255   0.11361681   0.87428307  8.32058410e-04
  0.20469619  -0.24754259   0.94700694  3.77050827e-04
 -0.44157349  -0.89425432   0.07295243  1.48065977e-04
 -0.27020229   0.89590000   0.35263851  1.68818777e-04
 -0.36795001  -0.74706343   0.55363257  1.82816665e-04
  0.77704635  -0.42526682   0.46405507  1.68882243e-04
 -0.69710980   0.06579112   0.71393940  4.16685465e-04
 -0.18416020  -0.95072416  -0.24941650  1.54577884e-04
 -0.73517445   0.65769589   0.16417868  3.07624775e-04
  0.47712111   0.74729866  -0.46249341  1.53138713e-04
  0.09387305  -0.31080445   0.94582686  3.04751657e-04
  0.13057010  -0.87478105  -0.46659357  3.72133610e-04
  0.41378669  -0.86256496  -0.29113961  5.47739302e-04
 -0.55289367   0.70299319   0.44733562  8.43283250e-04
  0.52164964  -0.79540250  -0.30857174  5.15095036e-04
 -0.58792764   0.80888877  -0.00632847  2.39271447e-04
 -0.69380095  -0.67134097   0.26065599  2.79046231e-04
  0.84945937  -0.46334280   0.25245242  7.67049619e-04
 -0.09582286   0.55629838  -0.82543933  8.18003427e-04
  0.98471552  -0.14750393   0.09261720  1.85707756e-04
  0.77058392   0.08044708  -0.63224101  2.02921301e-04
 -0.93006640  -0.01213854  -0.36719088  8.55450295e-04
  0.67995908   0.72776726  -0.08950120  2.41812710e-04
 -0.29785629   0.09790996   0.94957636  2.14238471e-04
 -0.31516212   0.64192801  -0.69900019  1.48379719e-04
 -0.30461977  -0.94055576   0.15020537  1.45710191e-04
  0.91485122  -0.39451716  -0.08604331  5.19445380e-04
  0.31910943  -0.93231549  -0.17016756  6.08430483e-04
  0.28424079  -0.85073482   0.44210568  2.15780902e-04
  0.11796103   0.32520604   0.93825701  1.65501428e-04
 -0.28904401   0.84648182   0.44712647  8.55992516e-04
  0.71779459   0.55140215   0.42511951  2.53092050e-04
 -0.22688430  -0.49348385   0.83964111  1.60221668e-04
  0.65255265   0.16953072  -0.73853529  2.11773285e-04
 -0.31680471  -0.53234000  -0.78501522  1.84420125e-04
 -0.78253846   0.45955910  -0.42004641  1.64513094e-04
 -0.66052679  -0.73734728  -0.14150385  4.84074817e-04
 -0.52111090  -0.84963403  -0.08102744  2.96245946e-04
  0.66937589  -0.49859721  -0.55076015  3.53008983e-04
  0.63576735  -0.67480356   0.37475330  2.04142858e-04
 -0.39690071   0.65171346  -0.64632762  3.66226396e-04
  0.61845847  -0.38779253  -0.68346622  6.66267731e-04
  0.03423722  -0.86834630  -0.49477522  2.80473415e-04
 -0.98565165  -0.16842099  -0.01118928  2.02732810e-04
  0.97949983   0.16625515  -0.11375109  2.95200819e-04
  0.47871182  -0.76240222   0.43540537  2.05418407e-04
  0.68221483  -0.72198960   0.11538601  3.97768619e-04
 -0.29802063   0.76856618  -0.56611813  2.28322741e-04
 -0.81971734  -0.06834459   0.56867610  5.83585926e-04
 -0.63992651  -0.74229172  -0.19873870  4.85637447e-04
  0.76120576  -0.62551910  -0.17114804  2.75383768e-04
 -0.59247642  -0.36283432  -0.71925166  2.68841589e-04
 -0.11432457  -0.32589987   0.93846639  2.16641121e-04
  0.51035342   0.67792942  -0.52910405  2.85785465e-04
  0.05897960  -0.15979628   0.98538650  1.65616611e-04
 -0.67063628  -0.58200676  -0.45990772  2.83885188e-04
 -0.61832604  -0.76814423   0.16621477  2.21180638e-04
 -0.87191015  -0.47970253  -0.09827599  1.70136626e-04
  0.40792778  -0.62824178  -0.66250071  1.69835151e-04
  0.36253507   0.26252797   0.89423005  2.89505328e-04
 -0.43281205   0.20987509   0.87671328  2.37831709e-04
 -0.03624454   0.97904738   0.20038105  3.42803505e-04
  0.72478068   0.48873880   0.48562058  1.82065460e-04
 -0.59821811   0.61835212   0.50968201  2.07327540e-04
 -0.57435319   0.20736340  -0.79190835  2.22056982e-04
 -0.92939030   0.36865012  -0.01818677  1.90856695e-04
 -0.01477271   0.64518604   0.76388268  7.25883332e-04
  0.32249938  -0.13185480   0.93734117  2.62971289e-04
 -0.21258140  -0.19880616  -0.95670542  2.88222418e-04
 -0.52604882   0.82710465  -0.19791549  2.77476379e-04
 -0.58620833   0.81013533  -0.00636750  3.70356605e-04
  0.82436869  -0.01446627   0.56586834  6.15220699e-04
  0.52751566   0.33793822   0.77943889  3.03593475e-04
  0.50351650  -0.77615571   0.37954374  2.19606419e-04
  0.98105812  -0.19037517   0.03580870  2.77676958e-04
 -0.15606119   0.02833871  -0.98734078  2.52005104e-04
 -0.73191982  -0.67440941  -0.09728991  1.88432184e-04
 -0.14644763   0.78244518   0.60525419  2.02942918e-04
 -0.67441986   0.45942524   0.57800199  1.53680972e-04
 -0.72139757  -0.65364109   0.22877692  2.14174411e-04
 -0.83662263  -0.34659745  -0.42418485  3.83614400e-04
 -0.64853935  -0.49481068   0.57841085  2.15739295e-04
 -0.84640395  -0.15274702   0.51016537  2.08167126e-04
  0.43809020   0.56829875  -0.69650090  2.83003310e-04
 -0.24054694   0.95320876   0.18311260  1.57690347e-04
  0.31849992  -0.37392397  -0.87105606  1.91133092e-04
 -0.15430898  -0.77348078   0.61474891  2.80908429e-04
 -0.29939195   0.78229220   0.54624479  4.06222833e-04
  0.14025020  -0.83003113  -0.53979460  3.65465215e-04
  0.10337931  -0.59703622  -0.79552528  7.93884468e-04
 -0.49627923  -0.86451759   0.07947489  4.54062433e-04
  0.85720250   0.05582304   0.51194499  1.70396382e-04
  0.85560986   0.23360290   0.46191065  5.62820394e-04
 -0.60124014  -0.68284424  -0.41501088  2.47355941e-04
  0.05937846   0.95327104   0.29622378  5.16239392e-04
 -0.20840300  -0.79606465   0.56819826  5.21747337e-04
  0.64421333  -0.76264142  -0.05802801  4.57763703e-04
 -0.97514183   0.04356562  -0.21725665  2.18239172e-04
 -0.44434742   0.05031603  -0.89444042  2.87866328e-04
  0.69650635  -0.65838463  -0.28532191  3.68714569e-04
  0.81947834   0.20236682   0.53619299  1.97106958e-04
  0.52741522   0.79678262  -0.29490785  1.93119053e-04
  0.27105607  -0.96104795   0.05399492  3.85684058e-04
 -0.93283773   0.15655504  -0.32450622  7.75309193e-04
 -0.52864182   0.64001000   0.55760651  1.67746117e-04
 -0.38181240  -0.16680744  -0.90906247  4.15259099e-04
  0.32261744  -0.93598075   0.14091850  5.07787347e-04
 -0.31731019  -0.75644246  -0.57193448  2.97435934e-04
 -0.80552667  -0.03592764  -0.59146934  7.03760179e-04
 -0.70531716   0.69957323   0.11456439  1.99774929e-04
 -0.57812259  -0.63240712   0.51559239  5.58622728e-04
  0.77022319   0.63133158  -0.09042491  3.04219735e-04
 -0.57296547   0.81383443   0.09687148  1.95557282e-04
  0.17539126  -0.08245438  -0.98103985  2.19998307e-04
  0.04199146  -0.15232907   0.98743738  1.84133123e-04
 -0.41751443   0.60619324  -0.67691318  6.17914237e-04
  0.44165967   0.70586681   0.55379489  3.89690730e-04
  0.44267774  -0.88040826   0.17005210  1.99329071e-04
 -0.32062142   0.91118640   0.25873006  1.74653067e-04
 -0.47722363  -0.85213061  -0.21478136  7.45524754e-04
  0.68866296   0.38389753  -0.61511463  1.78440476e-04
 -0.12337998   0.87176779  -0.47412899  1.95311990e-04
  0.70350802   0.17151081   0.68968145  3.46372928e-04
 -0.30586118   0.94484708   0.11710222  1.59325382e-04
  0.45077887  -0.76717090   0.45634113  2.45741428e-04
 -0.25642788  -0.78132169  -0.56901771  4.29512355e-04
  0.31584999   0.80298931   0.50541760  1.50464899e-04
 -0.29384293   0.45320979  -0.84158019  2.58206371e-04
 -0.58019706  -0.68431443   0.44168443  2.27474810e-04
 -0.95300137  -0.30244946   0.01768378  3.80620028e-04
 -0.78184157   0.24733128   0.57232071  3.02622896e-04
  0.29544017  -0.85788545  -0.42041368  2.54477598e-04
  0.25254720   0.74477353  -0.61768301  2.32652371e-04
 -0.23727143  -0.54422218  -0.80468906  2.14595592e-04
  0.31286137  -0.54349441   0.77892977  2.21270491e-04
  0.60950548  -0.78701141   0.09547829  2.18133993e-04
  0.28449210   0.63176475   0.72106695  3.63385165e-04
 -0.99017649   0.02003240  -0.13838068  5.80870478e-04
  0.93601848  -0.04845386  -0.34859952  2.80082608e-04
  0.97348058   0.18944646  -0.12824037  4.56086634e-04
 -0.18062088  -0.43916423   0.88006299  1.72623793e-04
 -0.42617880   0.85158870  -0.30523485  2.50166236e-04
 -0.20141859  -0.67542059  -0.70939240  2.06584501e-04
 -0.47356755   0.31291297  -0.82329779  2.42844309e-04
  0.75536477   0.57185379   0.32001143  2.33928799e-04
  0.93421877   0.26000469   0.24419838  2.08263820e-04
 -0.58312424   0.79689333  -0.15788329  1.56679498e-04
 -0.80392345  -0.53832408   0.25281273  2.07573321e-04
 -0.74547300   0.65881121   0.10118203  2.41887431e-04
 -0.18323534   0.90833297  -0.37597343  1.46178688e-04
  0.96064756  -0.24163836  -0.13699329  3.21840963e-04
 -0.68500007   0.56238958   0.46313374  1.47323871e-04
  0.59160118  -0.79972437   0.10222020  1.53566678e-04
  0.70439532   0.53618166  -0.46511984  1.58952820e-04
  0.21184651  -0.74301278  -0.63486460  2.22315643e-04
  0.28377231  -0.14533964  -0.94781310  1.75923847e-04
  0.98591029  -0.16105793  -0.04518005  4.36069057e-04
  0.24550653   0.41790575   0.87468927  2.26039930e-04
  0.23648293  -0.85436518   0.46274827  7.16785418e-04
 -0.59749419  -0.46339525  -0.65442000  1.83159755e-04
  0.99209524  -0.11609699  -0.04762911  2.41111815e-04
  0.05824369   0.69104594  -0.72046039  1.81877441e-04
 -0.66786205   0.09902944   0.73766758  3.10194887e-04
 -0.34146879   0.92717889   0.15407262  7.66914044e-04
 -0.49323022  -0.81804522   0.29584789  2.51057626e-04
 -0.10188141   0.45589722  -0.88418205  3.21376041e-04
  0.40748857  -0.14830128   0.90108812  2.18122115e-04
 -0.99124848  -0.07883726   0.10588270  4.68021337e-04
  0.17689455  -0.96796832  -0.17817310  2.12393653e-04
  0.51792493  -0.75698048  -0.39841476  3.14080127e-04
  0.65867003  -0.46264333   0.59339274  5.87006768e-04
  0.43515559  -0.45693980   0.77578710  2.34966081e-04
  0.72316448   0.33590535   0.60349046  1.83722015e-04
 -0.71734095   0.55114283   0.42622006  3.50784343e-04
  0.56208611   0.63898182  -0.52512992  2.68118381e-04
 -0.68862246  -0.64795247  -0.32550991  1.55601849e-04
 -0.87618525   0.07856408  -0.47552823  2.23493655e-04
  0.85040015   0.45074180  -0.27138794  5.00868536e-04
  0.97664516  -0.20935787  -0.04830638  3.70074175e-04
 -0.48226549   0.58161424   0.65509150  2.35296556e-04
  0.60491544  -0.76088372   0.23480476  2.78710091e-04
  0.44273765  -0.38071703   0.81181150  2.20288137e-04
 -0.84289578  -0.51197401  -0.16555760  2.27613694e-04
  0.82547353  -0.41174327   0.38608410  1.65845846e-04
  0.02469939   0.27729094   0.96046847  3.72105769e-04
  0.67525204   0.73697738   0.02998367  1.78044660e-04
  0.97214065   0.06339987  -0.22566127  6.71750896e-04
  0.03828690   0.03453104   0.99866998  1.93907969e-04
 -0.61900153   0.23530516  -0.74931207  8.13925020e-04
  0.62723415   0.11627976  -0.77010151  2.27317949e-04
 -0.27036085  -0.29988769  -0.91486195  7.35216282e-04
 -0.64703592  -0.76076385   0.05082199  3.38019834e-04
  0.90809049  -0.33276942   0.25423646  4.68914300e-04
 -0.04571014  -0.37700802  -0.92508137  1.46749378e-04
  0.11460944  -0.99328520   0.01578589  8.40272617e-04
 -0.56361585   0.56685047  -0.60084750  1.80440495e-04
  0.20602385   0.96163490   0.18114221  5.11446482e-04
  0.80306428   0.15933445  -0.57419535  2.07157413e-04
  0.21556895  -0.97361986  -0.07479570  3.12738252e-04
 -0.81424061   0.10181085   0.57153022  1.55292811e-04
  0.82178550  -0.56755010   0.05055170  2.43209892e-04
 -0.78410328  -0.57299048  -0.23846166  2.09836298e-04
 -0.55265922  -0.83322096   0.01762409  2.93662375e-04
 -0.59053349  -0.47130808   0.65508693  2.19435312e-04
 -0.28625563   0.89859257   0.33254940  1.53219744e-04
  0.46457186  -0.22827561   0.85560694  1.74938743e-04
 -0.01479007   0.43193065   0.90178555  1.76917985e-04
 -0.72343797   0.48899250   0.48736418  2.95450530e-04
  0.10297466   0.17853330  -0.97853057  3.62650752e-04
  0.23222474  -0.33182448   0.91431077  2.53986352e-04
  0.86150121   0.28206162  -0.42220481  2.66742939e-04
 -0.51617347   0.61280788  -0.59835730  2.83936469e-04
 -0.76539624  -0.38560490   0.51524504  3.16113029e-04
  0.51335460   0.11046296   0.85103759  2.33450995e-04
  0.97388343   0.07265060  -0.21511152  3.29366715e-04
  0.87761257  -0.47880132   0.02335552  1.91370023e-04
 -0.76585354  -0.63689451  -0.08850841  1.92380914e-04
 -0.83097094  -0.48781611   0.26743734  2.06997386e-04
 -0.69415202  -0.62273364   0.36104817  2.11291225e-04
 -0.71573126   0.55158896   0.42834376  3.82669043e-04
 -0.57050449   0.71924445  -0.39649975  3.63991402e-04
 -0.19970020  -0.86490415   0.46050042  1.62299613e-04
  0.31594122   0.34336494   0.88446688  1.54312536e-04
 -0.18917125   0.10358499   0.97646525  2.99715543e-04
 -0.70256667   0.56303362   0.43519332  1.81051394e-04
 -0.60661270  -0.45518118  -0.65179070  2.22560639e-04
  0.88940102  -0.45708379   0.00634282  1.99739522e-04
 -0.16078648   0.24609368  -0.95581672  2.18685179e-04
  0.90706585  -0.25741132   0.33312303  4.26124407e-04
 -0.82016049   0.22408125   0.52642603  2.05319535e-04
 -0.25200781  -0.91100819  -0.32642938  1.93800432e-04
  0.08852183   0.90028550   0.42620407  3.47962749e-04
 -0.13313685   0.46506890   0.87520597  5.01759781e-04
 -0.01465704  -0.95291724   0.30287606  1.67367613e-04
  0.86476500   0.47238492   0.17039362  1.72807897e-04
 -0.36573830   0.33379223  -0.86880276  1.78358030e-04
  0.21573370   0.74178986   0.63498565  5.93909585e-04
 -0.22200144   0.62879339  -0.74520751  3.95561954e-04
 -0.11194793  -0.54604585   0.83024189  3.04758861e-04
  0.02245887   0.86375856  -0.50340515  2.33661672e-04
  0.91808732  -0.32191157   0.23127606  1.52630116e-04
  0.15360384  -0.06606369  -0.98592162  1.62314339e-04
  0.02275499  -0.61332163   0.78950541  3.66676378e-04
  0.49709370   0.35695917   0.79087167  1.72564701e-04
 -0.39976135   0.38763298  -0.83062118  3.06930665e-04
  0.98550853   0.07016193   0.15443520  2.59991028e-04
 -0.93438918  -0.32052078  -0.15550975  2.27153962e-04
 -0.66427727  -0.61300744   0.42773542  1.60422912e-04
  0.25029632  -0.96071464  -0.11991301  1.56380116e-04
  0.69259728   0.69898950   0.17810863  3.60907056e-04
 -0.17024046   0.97031075   0.17179999  3.55886212e-04
 -0.67485659  -0.72177218   0.15366687  2.94885049e-04
 -0.99562052   0.02072352   0.09116093  5.63983020e-04
 -0.26656238   0.52743899  -0.80669239  8.02033140e-04
 -0.97425936   0.02683607  -0.22382699  2.03791341e-04
 -0.42864455  -0.60427476  -0.67165160  4.33967031e-04
 -0.87477186   0.46003633  -0.15212092  3.56031602e-04
  0.74740843  -0.46828951  -0.47125956  1.94780603e-04
  0.07050011  -0.82980729  -0.55357890  1.70605911e-04
  0.02183854   0.71567001  -0.69809707  3.41376373e-04
 -0.26075689  -0.23660644  -0.93596113  2.29078679e-04
  0.78154919   0.26698454   0.56382631  5.39676150e-04
  0.57739293  -0.54200215   0.61061532  2.42354470e-04
 -0.60967411   0.69276595   0.38519193  3.85754887e-04
  0.68317719  -0.65403206   0.32482457  2.74096910e-04
  0.62735432   0.54320272  -0.55799405  2.40553358e-04
  0.02777122  -0.33804592  -0.94071979  1.94763298e-04
  0.63193792   0.51510237   0.57907169  2.58657878e-04
  0.09183738   0.06630742  -0.99356390  2.30738852e-04
  0.70684018   0.14367331  -0.69262900  4.87569676e-04
  0.52876963   0.75297835  -0.39169668  1.83871189e-04
 -0.57535812   0.29663157  -0.76221568  1.69548118e-04
 -0.19711529   0.98023903  -0.01664319  5.86345811e-04
 -0.76246923   0.53547640   0.36318824  7.15257692e-04
  0.46074908   0.68485176  -0.56452489  1.80248258e-04
 -0.17590388   0.21444096   0.96076683  1.91523684e-04
 -0.84049652  -0.03734785  -0.54052821  6.25062219e-04
 -0.01007595  -0.99464086  -0.10289817  1.80530919e-04
  0.88508537   0.39222883  -0.25056022  4.18298633e-04
  0.40098313  -0.88756554   0.22680375  4.23738101e-04
  0.69705943  -0.63946497  -0.32433424  2.74340332e-04
  0.84081876  -0.46750648   0.27287634  1.81132926e-04
 -0.28463607  -0.06390430  -0.95650329  2.30336777e-04
  0.92105955   0.05021028   0.38617124  5.16794325e-04
  0.65025538  -0.75840744   0.04456556  1.60564032e-04
  0.89598284  -0.38601967  -0.21955310  6.19576028e-04
 -0.81382851  -0.38986809   0.43091302  3.54274367e-04
 -0.22316203  -0.14400481  -0.96408575  4.59974844e-04
  0.65710570  -0.70364437   0.27036401  5.35917348e-04
  0.21014404   0.67602210  -0.70628153  4.24793690e-04
 -0.56319646  -0.68928668  -0.45573415  2.25959386e-04
  0.96822019  -0.13965519  -0.20747554  2.62058334e-04
  0.72247387   0.47197000   0.50524828  6.64798504e-04
  0.54998241   0.83410517  -0.04228372  1.60128390e-04
 -0.14248605   0.98096680   0.13191615  4.59974526e-04
  0.10512999  -0.67329418  -0.73186244  4.42332703e-04
 -0.54320854  -0.07474615   0.83626401  4.99025926e-04
  0.90852081   0.36132266  -0.20984725  1.97847977e-04
 -0.97968939  -0.06127121   0.19093071  1.59101252e-04
  0.32688237   0.54519956   0.77194906  1.66157660e-04
  0.98201641   0.14635628  -0.11926276  1.74484146e-04
 -0.68681865  -0.61290637   0.39067369  1.59652290e-04
 -0.71483297  -0.15633467   0.68159613  1.97125849e-04
  0.67221269   0.51217419  -0.53460986  2.85125738e-04
 -0.38931521  -0.65149475   0.65114381  4.08029962e-04
 -0.05433280  -0.47385577  -0.87892471  1.54993707e-04
  0.44449610  -0.43567543   0.78269415  1.67958782e-04
  0.73368224  -0.33992987  -0.58835198  2.03125408e-04
  0.70911733  -0.53597061   0.45813549  1.59878792e-04
 -0.45419784   0.77744498  -0.43506738  1.97621650e-04
  0.29643517  -0.53520559   0.79100011  1.65197515e-04
 -0.49303116   0.05576480  -0.86822265  3.43774363e-04
  0.48128340  -0.87568148  -0.03934765  2.53612051e-04
  0.90123432  -0.22222191   0.37201361  1.93406340e-04
 -0.76635776   0.44936168   0.45909679  2.51234865e-04
 -0.88165511   0.09271965   0.46269572  3.82009870e-04
 -0.11871545   0.99288580  -0.00918886  3.32003545e-04
  0.84184751  -0.17944334   0.50901164  8.52395625e-04
  0.29785420  -0.83070903   0.47032476  5.60012088e-04
  0.54522759  -0.42265725  -0.72393903  1.61550159e-04
  0.44602218  -0.88777517   0.11366385  2.10964728e-04
  0.55515236   0.16875333   0.81444961  4.75895071e-04
  0.80423709   0.28231080  -0.52297544  1.71098850e-04
  0.41941392  -0.85253846   0.31188161  2.03631464e-04
  0.61957067  -0.78379846   0.04233397  3.69980375e-04
  0.51753989   0.76672350  -0.37985199  1.83660726e-04
  0.85992090  -0.47522607  -0.18626923  3.16431386e-04
 -0.18567281  -0.33291666  -0.92449559  3.43959846e-04
 -0.85870502   0.41170019  -0.30516985  2.34333781e-04
 -0.03829491   0.47449506  -0.87942477  5.45630273e-04
 -0.81001588   0.09104511  -0.57929704  2.56486767e-04
 -0.94170337  -0.20004880  -0.27050923  1.66855451e-04
  0.67945934   0.73086557   0.06457968  2.62276172e-04
 -0.13803528   0.44796888   0.88332901  1.62469578e-04
 -0.00494149  -0.88572964   0.46417517  1.69622854e-04
 -0.29338486  -0.77761420   0.55609485  4.78750116e-04
  0.78188414   0.43213739   0.44934893  1.73655939e-04
  0.96886769  -0.12957566   0.21096337  6.67444836e-04
