400
 -1.1407996218300525E+00 -2.3170985309886123E+00 3.8420614944644871E-01
 8.7822752473595850E-03 -5.9372272605382028E-03 -1.6142342809383539E-03
0
0.0
 -1.1407996218300525E+00 -2.3170985309886123E+00 3.8420614944644871E-01
 8.8922703235601534E-03 -5.8870914802703917E-03 -1.6385809680255982E-03
0
0.0
 -1.1407996218300525E+00 -2.3170985309886123E+00 3.8420614944644871E-01
 8.7621812895213088E-03 -5.7531831635101414E-03 -1.8918950208007056E-03
0
0.0
 -1.1407996218300525E+00 -2.3170985309886123E+00 3.8420614944644871E-01
 8.5922255173237656E-03 -5.9880982987553658E-03 -1.5692118253839260E-03
0
0.0
 -1.1407996218300525E+00 -2.3170985309886123E+00 3.8420614944644871E-01
 8.6384761222970084E-03 -5.8776735150243530E-03 -1.6873270984730725E-03
0
0.0
 -1.1407996218300525E+00 -2.3170985309886123E+00 3.8420614944644871E-01
 8.8010505891634953E-03 -5.8897079130801645E-03 -1.4245524434179640E-03
0
0.0
 -1.1407996218300525E+00 -2.3170985309886123E+00 3.8420614944644871E-01
 8.8248800614334020E-03 -6.0319622300354743E-03 -1.6357418163631832E-03
0
0.0
 -1.1407996218300525E+00 -2.3170985309886123E+00 3.8420614944644871E-01
 8.8192677738315427E-03 -5.8662460349989329E-03 -1.6372528486492920E-03
0
0.0
 -1.1407996218300525E+00 -2.3170985309886123E+00 3.8420614944644871E-01
 8.6819340765952688E-03 -6.0079578728235829E-03 -1.5177267714685579E-03
0
0.0
 -1.1407996218300525E+00 -2.3170985309886123E+00 3.8420614944644871E-01
 8.6250935102993760E-03 -6.0858660443090587E-03 -1.6628709302032836E-03
0
0.0
 -1.1407996218300525E+00 -2.3170985309886123E+00 3.8420614944644871E-01
 8.8203995366310309E-03 -6.1515865534878195E-03 -1.7507283705088580E-03
0
0.0
 -1.1407996218300525E+00 -2.3170985309886123E+00 3.8420614944644871E-01
 8.6913728252277882E-03 -5.8175611280434766E-03 -1.6547897806357141E-03
0
0.0
 -1.1407996218300525E+00 -2.3170985309886123E+00 3.8420614944644871E-01
 8.6376629460331832E-03 -5.9467928364183497E-03 -1.6395631377398268E-03
0
0.0
 -1.1407996218300525E+00 -2.3170985309886123E+00 3.8420614944644871E-01
 8.9009060914682428E-03 -5.6653221160596684E-03 -1.6348047103537638E-03
0
0.0
 -1.1407996218300525E+00 -2.3170985309886123E+00 3.8420614944644871E-01
 8.7906223252002536E-03 -5.8373723360054999E-03 -1.6518430306287179E-03
0
0.0
 -1.1407996218300525E+00 -2.3170985309886123E+00 3.8420614944644871E-01
 8.7803478421077663E-03 -5.7218107660969427E-03 -1.7832801693568698E-03
0
0.0
 -1.1407996218300525E+00 -2.3170985309886123E+00 3.8420614944644871E-01
 8.8184642953405279E-03 -6.0115765458728177E-03 -1.6338840736576778E-03
0
0.0
 -1.1407996218300525E+00 -2.3170985309886123E+00 3.8420614944644871E-01
 8.8927963197734435E-03 -5.7152974653598334E-03 -1.8729732266299897E-03
0
0.0
 -1.1407996218300525E+00 -2.3170985309886123E+00 3.8420614944644871E-01
 8.8874214203660783E-03 -5.6588800598987351E-03 -1.8188536740064694E-03
0
0.0
 -1.1407996218300525E+00 -2.3170985309886123E+00 3.8420614944644871E-01
 9.0612266224290808E-03 -5.9612280656415918E-03 -1.7491247436471251E-03
0
0.0
 -1.1407996218300525E+00 -2.3170985309886123E+00 3.8420614944644871E-01
 8.9115115304294768E-03 -6.0862769639255365E-03 -1.8061981213833543E-03
0
0.0
 -1.1407996218300525E+00 -2.3170985309886123E+00 3.8420614944644871E-01
 8.5903834615616379E-03 -5.9720362108888203E-03 -1.7719325250888612E-03
0
0.0
 -1.1407996218300525E+00 -2.3170985309886123E+00 3.8420614944644871E-01
 8.8717165980506715E-03 -5.8479954565422458E-03 -1.5821068689952878E-03
0
0.0
 -1.1407996218300525E+00 -2.3170985309886123E+00 3.8420614944644871E-01
 8.6126196589209232E-03 -5.9375745044590381E-03 -1.4728377920807090E-03
0
0.0
 -1.1407996218300525E+00 -2.3170985309886123E+00 3.8420614944644871E-01
 8.8059304359762967E-03 -5.9898980245130821E-03 -1.9536817250812373E-03
0
0.0
 -1.1407996218300525E+00 -2.3170985309886123E+00 3.8420614944644871E-01
 9.0051145024253494E-03 -5.9336958954862044E-03 -1.6151248483791873E-03
0
0.0
 -1.1407996218300525E+00 -2.3170985309886123E+00 3.8420614944644871E-01
 8.9744492115827832E-03 -5.9676244819630454E-03 -1.9041772628418450E-03
0
0.0
 -1.1407996218300525E+00 -2.3170985309886123E+00 3.8420614944644871E-01
 8.6273939959507807E-03 -6.0933103308236751E-03 -1.7954554894523040E-03
0
0.0
 -1.1407996218300525E+00 -2.3170985309886123E+00 3.8420614944644871E-01
 8.8758264845411466E-03 -5.8521393315734962E-03 -1.5772659675739069E-03
0
0.0
 -1.1407996218300525E+00 -2.3170985309886123E+00 3.8420614944644871E-01
 8.7181893836284739E-03 -5.7902277460239364E-03 -1.6288714526515153E-03
0
0.0
 -1.1407996218300525E+00 -2.3170985309886123E+00 3.8420614944644871E-01
 8.7011675521620497E-03 -5.9085511989469524E-03 -1.6289234625679035E-03
0
0.0
 -1.1407996218300525E+00 -2.3170985309886123E+00 3.8420614944644871E-01
 8.6766782505301333E-03 -5.6883582888604435E-03 -1.3875378217862394E-03
0
0.0
 -1.1407996218300525E+00 -2.3170985309886123E+00 3.8420614944644871E-01
 8.7374507545378878E-03 -5.9531651610933130E-03 -1.6559198299112700E-03
0
0.0
 -1.1407996218300525E+00 -2.3170985309886123E+00 3.8420614944644871E-01
 8.7987211118538463E-03 -6.1494322211300854E-03 -1.7124691886215360E-03
0
0.0
 -1.1407996218300525E+00 -2.3170985309886123E+00 3.8420614944644871E-01
 8.5731458923635658E-03 -5.8843211334360969E-03 -1.6512187247984108E-03
0
0.0
 -1.1407996218300525E+00 -2.3170985309886123E+00 3.8420614944644871E-01
 8.4929729213698776E-03 -5.9377766297723251E-03 -1.4990394165788762E-03
0
0.0
 -1.1407996218300525E+00 -2.3170985309886123E+00 3.8420614944644871E-01
 8.7388925484774959E-03 -5.9362378237108725E-03 -1.5798788245741486E-03
0
0.0
 -1.1407996218300525E+00 -2.3170985309886123E+00 3.8420614944644871E-01
 8.7468882455032475E-03 -5.9525482785829902E-03 -1.8311763402800618E-03
0
0.0
 -1.1407996218300525E+00 -2.3170985309886123E+00 3.8420614944644871E-01
 8.7757208589612831E-03 -5.8437504636246040E-03 -1.5819487944757121E-03
0
0.0
 -1.1407996218300525E+00 -2.3170985309886123E+00 3.8420614944644871E-01
 8.7536811657764595E-03 -5.8589603451604036E-03 -1.7727797921702514E-03
0
0.0
 -1.1407996218300525E+00 -2.3170985309886123E+00 3.8420614944644871E-01
 8.5786740251068173E-03 -5.8972531004991219E-03 -1.5903036330033049E-03
0
0.0
 -1.1407996218300525E+00 -2.3170985309886123E+00 3.8420614944644871E-01
 8.7974600158030655E-03 -5.9154627388380522E-03 -1.6336164080216469E-03
0
0.0
 -1.1407996218300525E+00 -2.3170985309886123E+00 3.8420614944644871E-01
 8.5708469798899244E-03 -6.1140249683441809E-03 -1.5573229313234622E-03
0
0.0
 -1.1407996218300525E+00 -2.3170985309886123E+00 3.8420614944644871E-01
 8.8857705977253617E-03 -5.8383289033531287E-03 -1.7218671303296349E-03
0
0.0
 -1.1407996218300525E+00 -2.3170985309886123E+00 3.8420614944644871E-01
 8.7135765160718404E-03 -6.0330004640121900E-03 -1.5741837933991017E-03
0
0.0
 -1.1407996218300525E+00 -2.3170985309886123E+00 3.8420614944644871E-01
 8.7647166545130606E-03 -5.8743558137462400E-03 -1.6915479890332828E-03
0
0.0
 -1.1407996218300525E+00 -2.3170985309886123E+00 3.8420614944644871E-01
 8.7705460658734236E-03 -5.9427409066768640E-03 -1.6183658862911994E-03
0
0.0
 -1.1407996218300525E+00 -2.3170985309886123E+00 3.8420614944644871E-01
 8.8945482469857604E-03 -5.8556798852988558E-03 -1.3631842724230142E-03
0
0.0
 -1.1407996218300525E+00 -2.3170985309886123E+00 3.8420614944644871E-01
 8.9438180152359836E-03 -5.9355938748928416E-03 -1.5478893693103711E-03
0
0.0
 -1.1407996218300525E+00 -2.3170985309886123E+00 3.8420614944644871E-01
 8.7646342999473312E-03 -5.9215129352833580E-03 -1.6943409347998956E-03
0
0.0
 -1.1407996218300525E+00 -2.3170985309886123E+00 3.8420614944644871E-01
 8.6713132574330071E-03 -5.9635681560442208E-03 -1.6863141823800544E-03
0
0.0
 -1.1407996218300525E+00 -2.3170985309886123E+00 3.8420614944644871E-01
 8.7468231097769487E-03 -5.9353342535421669E-03 -1.6708475271307508E-03
0
0.0
 -1.1407996218300525E+00 -2.3170985309886123E+00 3.8420614944644871E-01
 8.7815271058179385E-03 -5.8068601810250782E-03 -1.6476600214421731E-03
0
0.0
 -1.1407996218300525E+00 -2.3170985309886123E+00 3.8420614944644871E-01
 8.8266847919276029E-03 -5.9286142440177804E-03 -1.5812149241654491E-03
0
0.0
 -1.1407996218300525E+00 -2.3170985309886123E+00 3.8420614944644871E-01
 8.8383029528275123E-03 -5.6804804335022514E-03 -1.5359303280722198E-03
0
0.0
 -1.1407996218300525E+00 -2.3170985309886123E+00 3.8420614944644871E-01
 8.8194170428083918E-03 -5.9211343513086278E-03 -1.6557714209414682E-03
0
0.0
 -1.1407996218300525E+00 -2.3170985309886123E+00 3.8420614944644871E-01
 8.7471525984950792E-03 -6.0101701716156726E-03 -1.4680393815702632E-03
0
0.0
 -1.1407996218300525E+00 -2.3170985309886123E+00 3.8420614944644871E-01
 8.8530688637034043E-03 -5.9663134423576904E-03 -1.6980270679241012E-03
0
0.0
 -1.1407996218300525E+00 -2.3170985309886123E+00 3.8420614944644871E-01
 8.6041334130839749E-03 -5.9351759060323047E-03 -1.6294629294786155E-03
0
0.0
 -1.1407996218300525E+00 -2.3170985309886123E+00 3.8420614944644871E-01
 8.6644598219438266E-03 -5.7285704531319917E-03 -1.7404191809840543E-03
0
0.0
 -1.1407996218300525E+00 -2.3170985309886123E+00 3.8420614944644871E-01
 8.8932461706345868E-03 -5.9823924504122617E-03 -1.6755358043136243E-03
0
0.0
 -1.1407996218300525E+00 -2.3170985309886123E+00 3.8420614944644871E-01
 8.8995902561309782E-03 -5.8595088798070166E-03 -1.5273758881976861E-03
0
0.0
 -1.1407996218300525E+00 -2.3170985309886123E+00 3.8420614944644871E-01
 8.8101521202428538E-03 -5.9883493990644738E-03 -1.3098576971814749E-03
0
0.0
 -1.1407996218300525E+00 -2.3170985309886123E+00 3.8420614944644871E-01
 8.8207688968062782E-03 -5.9788217656557372E-03 -1.6566959980480866E-03
0
0.0
 -1.1407996218300525E+00 -2.3170985309886123E+00 3.8420614944644871E-01
 8.5573240456029188E-03 -6.0739026121743901E-03 -1.6187334468168869E-03
0
0.0
 -1.1407996218300525E+00 -2.3170985309886123E+00 3.8420614944644871E-01
 8.7063803679986035E-03 -5.7234120551870032E-03 -1.6233274565969926E-03
0
0.0
 -1.1407996218300525E+00 -2.3170985309886123E+00 3.8420614944644871E-01
 8.9937453862481524E-03 -5.8456342608721387E-03 -1.7582937419800910E-03
0
0.0
 -1.1407996218300525E+00 -2.3170985309886123E+00 3.8420614944644871E-01
 8.8925312297327645E-03 -6.0014346040345038E-03 -1.5386551077724209E-03
0
0.0
 -1.1407996218300525E+00 -2.3170985309886123E+00 3.8420614944644871E-01
 8.8269607532263632E-03 -5.8354524950696247E-03 -1.5928817714226404E-03
0
0.0
 -1.1407996218300525E+00 -2.3170985309886123E+00 3.8420614944644871E-01
 8.8302556512583896E-03 -5.7652503264663769E-03 -1.4280504348578558E-03
0
0.0
 -1.1407996218300525E+00 -2.3170985309886123E+00 3.8420614944644871E-01
 8.6658064962515484E-03 -5.8865226653938554E-03 -1.9167579202212885E-03
0
0.0
 -1.1407996218300525E+00 -2.3170985309886123E+00 3.8420614944644871E-01
 8.6097661503878077E-03 -5.7921866456372194E-03 -1.5775734897047759E-03
0
0.0
 -1.1407996218300525E+00 -2.3170985309886123E+00 3.8420614944644871E-01
 8.8326550749607217E-03 -5.8188937076966195E-03 -1.6442219423213043E-03
0
0.0
 -1.1407996218300525E+00 -2.3170985309886123E+00 3.8420614944644871E-01
 8.9940506364923536E-03 -6.0223759563159777E-03 -1.5128154879732552E-03
0
0.0
 -1.1407996218300525E+00 -2.3170985309886123E+00 3.8420614944644871E-01
 8.7516613650392618E-03 -5.8872637338708870E-03 -1.6029192751819818E-03
0
0.0
 -1.1407996218300525E+00 -2.3170985309886123E+00 3.8420614944644871E-01
 8.6865778307444741E-03 -6.2126027550122587E-03 -1.5407271250596395E-03
0
0.0
 -1.1407996218300525E+00 -2.3170985309886123E+00 3.8420614944644871E-01
 8.8403536395698073E-03 -5.9132938054950440E-03 -1.6180374987559843E-03
0
0.0
 -1.1407996218300525E+00 -2.3170985309886123E+00 3.8420614944644871E-01
 8.7986996480340293E-03 -6.0024123324330008E-03 -1.6398008338711387E-03
0
0.0
 -1.1407996218300525E+00 -2.3170985309886123E+00 3.8420614944644871E-01
 8.9066351820575387E-03 -6.0118096737370851E-03 -1.8144941113293442E-03
0
0.0
 -1.1407996218300525E+00 -2.3170985309886123E+00 3.8420614944644871E-01
 8.8496071504430805E-03 -5.9691268060292060E-03 -1.6737681188555701E-03
0
0.0
 -1.1407996218300525E+00 -2.3170985309886123E+00 3.8420614944644871E-01
 8.7291756430676170E-03 -6.1586657135647592E-03 -1.3997555820548292E-03
0
0.0
 -1.1407996218300525E+00 -2.3170985309886123E+00 3.8420614944644871E-01
 8.8047658425466132E-03 -6.1081987720200846E-03 -1.6823198163394004E-03
0
0.0
 -1.1407996218300525E+00 -2.3170985309886123E+00 3.8420614944644871E-01
 8.8914219232671503E-03 -5.9199700885627596E-03 -1.6587656552262582E-03
0
0.0
 -1.1407996218300525E+00 -2.3170985309886123E+00 3.8420614944644871E-01
 8.8039660349889162E-03 -5.9681952824233034E-03 -1.5301152271650887E-03
0
0.0
 -1.1407996218300525E+00 -2.3170985309886123E+00 3.8420614944644871E-01
 8.7298404319894451E-03 -5.9613367885190853E-03 -1.7067685453106551E-03
0
0.0
 -1.1407996218300525E+00 -2.3170985309886123E+00 3.8420614944644871E-01
 8.7060311137874217E-03 -5.9942896921145487E-03 -1.5156196872572680E-03
0
0.0
 -1.1407996218300525E+00 -2.3170985309886123E+00 3.8420614944644871E-01
 8.6285160674494446E-03 -5.7720546403386514E-03 -1.6559875971156090E-03
0
0.0
 -1.1407996218300525E+00 -2.3170985309886123E+00 3.8420614944644871E-01
 8.7198095071965541E-03 -5.7796872116382212E-03 -1.3903691862319422E-03
0
0.0
 -1.1407996218300525E+00 -2.3170985309886123E+00 3.8420614944644871E-01
 8.7657385259169388E-03 -5.9025858827179362E-03 -1.6199141379203835E-03
0
0.0
 -1.1407996218300525E+00 -2.3170985309886123E+00 3.8420614944644871E-01
 8.8484338523322822E-03 -5.9693094093677930E-03 -1.6705452331935260E-03
0
0.0
 -1.1407996218300525E+00 -2.3170985309886123E+00 3.8420614944644871E-01
 8.9459155436424753E-03 -6.0929577908905557E-03 -1.5120438288362497E-03
0
0.0
 -1.1407996218300525E+00 -2.3170985309886123E+00 3.8420614944644871E-01
 8.7978084266238914E-03 -5.8994301777580615E-03 -1.6665336285808473E-03
0
0.0
 -1.1407996218300525E+00 -2.3170985309886123E+00 3.8420614944644871E-01
 8.6801287795145125E-03 -5.8029649416092557E-03 -1.8103100129786679E-03
0
0.0
 -1.1407996218300525E+00 -2.3170985309886123E+00 3.8420614944644871E-01
 8.8959706258850725E-03 -5.9525192656007591E-03 -1.6576611192650951E-03
0
0.0
 -1.1407996218300525E+00 -2.3170985309886123E+00 3.8420614944644871E-01
 8.7926427830177113E-03 -6.0518876051967457E-03 -1.5733746611489596E-03
0
0.0
 -1.1407996218300525E+00 -2.3170985309886123E+00 3.8420614944644871E-01
 8.9213403079579073E-03 -5.9157675361917097E-03 -1.6525456865954531E-03
0
0.0
 -1.1407996218300525E+00 -2.3170985309886123E+00 3.8420614944644871E-01
 8.8023599428825091E-03 -5.8195716993133867E-03 -1.6885188908548803E-03
0
0.0
 -1.1407996218300525E+00 -2.3170985309886123E+00 3.8420614944644871E-01
 8.7961804053742869E-03 -5.7050640844119481E-03 -1.7252768507427061E-03
0
0.0
 -1.1407996218300525E+00 -2.3170985309886123E+00 3.8420614944644871E-01
 8.6830834702846891E-03 -5.8434644757755175E-03 -1.3585782830993869E-03
0
0.0
 -1.1407996218300525E+00 -2.3170985309886123E+00 3.8420614944644871E-01
 8.9422779305702513E-03 -6.1906459412713489E-03 -1.5770641738436526E-03
0
0.0
 -1.1407996218300525E+00 -2.3170985309886123E+00 3.8420614944644871E-01
 8.7801206262786737E-03 -5.9162208827355121E-03 -1.6231203503698779E-03
0
0.0
 -1.1407996218300525E+00 -2.3170985309886123E+00 3.8420614944644871E-01
 8.9286693267621089E-03 -6.0983163887875780E-03 -1.4268779570422289E-03
0
0.0
 -1.1407996218300525E+00 -2.3170985309886123E+00 3.8420614944644871E-01
 8.8715693710759887E-03 -5.8506548704152393E-03 -1.5690338225320738E-03
0
0.0
 -1.1407996218300525E+00 -2.3170985309886123E+00 3.8420614944644871E-01
 8.6726755280416498E-03 -5.8395188838209905E-03 -1.9057118983651939E-03
0
0.0
 -1.1407996218300525E+00 -2.3170985309886123E+00 3.8420614944644871E-01
 8.9291277757096964E-03 -5.9136676200508128E-03 -1.8366441035034364E-03
0
0.0
 -1.1407996218300525E+00 -2.3170985309886123E+00 3.8420614944644871E-01
 8.8306580510124095E-03 -6.0491507487511111E-03 -1.4010040741489252E-03
0
0.0
 -1.1407996218300525E+00 -2.3170985309886123E+00 3.8420614944644871E-01
 8.7690590772610405E-03 -6.0372686435226416E-03 -1.5857907079794193E-03
0
0.0
 -1.1407996218300525E+00 -2.3170985309886123E+00 3.8420614944644871E-01
 8.8256104328543888E-03 -6.1332151504341686E-03 -1.6557525903264764E-03
0
0.0
 -1.1407996218300525E+00 -2.3170985309886123E+00 3.8420614944644871E-01
 8.9751993787473977E-03 -5.8467907627903458E-03 -1.5333119960319814E-03
0
0.0
 -1.1407996218300525E+00 -2.3170985309886123E+00 3.8420614944644871E-01
 8.9235226390565001E-03 -5.9746488135632809E-03 -1.6920618607576925E-03
0
0.0
 -1.1407996218300525E+00 -2.3170985309886123E+00 3.8420614944644871E-01
 8.8969457199644334E-03 -5.8819782749316603E-03 -1.4488739647764168E-03
0
0.0
 -1.1407996218300525E+00 -2.3170985309886123E+00 3.8420614944644871E-01
 8.8249993755307576E-03 -5.8484214484570739E-03 -1.7054978998778114E-03
0
0.0
 -1.1407996218300525E+00 -2.3170985309886123E+00 3.8420614944644871E-01
 8.7962272262608835E-03 -5.9563111218430458E-03 -1.4646814331822204E-03
0
0.0
 -1.1407996218300525E+00 -2.3170985309886123E+00 3.8420614944644871E-01
 8.8008142015690623E-03 -6.0825053582195948E-03 -1.5872032091585400E-03
0
0.0
 -1.1407996218300525E+00 -2.3170985309886123E+00 3.8420614944644871E-01
 8.7881797318904477E-03 -5.9011694450941477E-03 -1.6204938422350653E-03
0
0.0
 -1.1407996218300525E+00 -2.3170985309886123E+00 3.8420614944644871E-01
 8.7941194014704085E-03 -5.8329730764304913E-03 -1.7867575385274721E-03
0
0.0
 -1.1407996218300525E+00 -2.3170985309886123E+00 3.8420614944644871E-01
 9.0729188431414969E-03 -5.9791188415317786E-03 -1.5636742713574540E-03
0
0.0
 -1.1407996218300525E+00 -2.3170985309886123E+00 3.8420614944644871E-01
 8.6827309938397948E-03 -5.8759450260159329E-03 -1.5666553172636586E-03
0
0.0
 -1.1407996218300525E+00 -2.3170985309886123E+00 3.8420614944644871E-01
 8.8688835034273789E-03 -5.7742432713911405E-03 -1.6499632832887342E-03
0
0.0
 -1.1407996218300525E+00 -2.3170985309886123E+00 3.8420614944644871E-01
 8.8483320044373068E-03 -5.8755145222188125E-03 -1.7390765527516934E-03
0
0.0
 -1.1407996218300525E+00 -2.3170985309886123E+00 3.8420614944644871E-01
 8.9603389081137769E-03 -6.0080006587787341E-03 -1.5336519219450902E-03
0
0.0
 -1.1407996218300525E+00 -2.3170985309886123E+00 3.8420614944644871E-01
 8.7025099882826543E-03 -5.8670569940477363E-03 -1.6107356043166487E-03
0
0.0
 -1.1407996218300525E+00 -2.3170985309886123E+00 3.8420614944644871E-01
 8.6772786926561443E-03 -5.6274933447576624E-03 -1.6014383811479977E-03
0
0.0
 -1.1407996218300525E+00 -2.3170985309886123E+00 3.8420614944644871E-01
 8.7498062592397986E-03 -6.0405001959856972E-03 -1.6566010550852065E-03
0
0.0
 -1.1407996218300525E+00 -2.3170985309886123E+00 3.8420614944644871E-01
 8.8601477403601574E-03 -5.9534214467678497E-03 -1.8778417491506216E-03
0
0.0
 -1.1407996218300525E+00 -2.3170985309886123E+00 3.8420614944644871E-01
 8.7647682785457828E-03 -5.9340700459170779E-03 -1.5890512570316555E-03
0
0.0
 -1.1407996218300525E+00 -2.3170985309886123E+00 3.8420614944644871E-01
 8.6712841453396600E-03 -5.6308645715816980E-03 -1.6987837343555665E-03
0
0.0
 -1.1407996218300525E+00 -2.3170985309886123E+00 3.8420614944644871E-01
 8.9313299127426783E-03 -5.8772126012947385E-03 -1.7708784940358554E-03
0
0.0
 -1.1407996218300525E+00 -2.3170985309886123E+00 3.8420614944644871E-01
 8.7579398129432884E-03 -5.9303924902475366E-03 -1.5521125668213761E-03
0
0.0
 -1.1407996218300525E+00 -2.3170985309886123E+00 3.8420614944644871E-01
 8.9214790929971633E-03 -5.8172934107966964E-03 -1.7902364731755675E-03
0
0.0
 -1.1407996218300525E+00 -2.3170985309886123E+00 3.8420614944644871E-01
 8.9439025133149427E-03 -6.1935763614421281E-03 -1.6850216204826341E-03
0
0.0
 -1.1407996218300525E+00 -2.3170985309886123E+00 3.8420614944644871E-01
 8.7118576796552834E-03 -5.9759915430296039E-03 -1.8513205938039718E-03
0
0.0
 -1.1407996218300525E+00 -2.3170985309886123E+00 3.8420614944644871E-01
 8.8274459846726678E-03 -6.0129419438591574E-03 -1.5304456521277286E-03
0
0.0
 -1.1407996218300525E+00 -2.3170985309886123E+00 3.8420614944644871E-01
 8.8032677242224598E-03 -5.8488643716709358E-03 -1.2995271992922806E-03
0
0.0
 -1.1407996218300525E+00 -2.3170985309886123E+00 3.8420614944644871E-01
 8.8014122439637656E-03 -5.7209215327273331E-03 -1.5951166979731343E-03
0
0.0
 -1.1407996218300525E+00 -2.3170985309886123E+00 3.8420614944644871E-01
 8.9837785937396976E-03 -6.0099182439254904E-03 -1.6791735210500743E-03
0
0.0
 -1.1407996218300525E+00 -2.3170985309886123E+00 3.8420614944644871E-01
 8.6872662147183498E-03 -5.9146034827461686E-03 -1.6052028365444540E-03
0
0.0
 -1.1407996218300525E+00 -2.3170985309886123E+00 3.8420614944644871E-01
 8.7470331049356344E-03 -5.7528356768184975E-03 -1.5624433500531023E-03
0
0.0
 -1.1407996218300525E+00 -2.3170985309886123E+00 3.8420614944644871E-01
 8.6280067229748767E-03 -5.9034094243739302E-03 -1.6844076714429711E-03
0
0.0
 -1.1407996218300525E+00 -2.3170985309886123E+00 3.8420614944644871E-01
 8.9091895611564526E-03 -5.7752696742705643E-03 -1.6995167279118186E-03
0
0.0
 -1.1407996218300525E+00 -2.3170985309886123E+00 3.8420614944644871E-01
 8.9260233863333108E-03 -5.8986126472068499E-03 -1.7248236973499086E-03
0
0.0
 -1.1407996218300525E+00 -2.3170985309886123E+00 3.8420614944644871E-01
 8.6831428725102494E-03 -6.0501891113661803E-03 -1.4879594752719920E-03
0
0.0
 -1.1407996218300525E+00 -2.3170985309886123E+00 3.8420614944644871E-01
 8.7975376553595455E-03 -6.0485279512817770E-03 -1.5647342549040479E-03
0
0.0
 -1.1407996218300525E+00 -2.3170985309886123E+00 3.8420614944644871E-01
 8.7413285440711905E-03 -5.9861208873528389E-03 -1.6039692556452977E-03
0
0.0
 -1.1407996218300525E+00 -2.3170985309886123E+00 3.8420614944644871E-01
 8.7656849730301124E-03 -5.8681962743672130E-03 -1.7025207380829317E-03
0
0.0
 -1.1407996218300525E+00 -2.3170985309886123E+00 3.8420614944644871E-01
 8.6714880791270849E-03 -6.0979376908888716E-03 -1.6402980251762759E-03
0
0.0
 -1.1407996218300525E+00 -2.3170985309886123E+00 3.8420614944644871E-01
 8.7506421740510716E-03 -5.7659532546893676E-03 -1.6534149693313524E-03
0
0.0
 -1.1407996218300525E+00 -2.3170985309886123E+00 3.8420614944644871E-01
 8.7301907447634459E-03 -5.9521324298369045E-03 -1.5908463522922617E-03
0
0.0
 -1.1407996218300525E+00 -2.3170985309886123E+00 3.8420614944644871E-01
 8.8010090067839244E-03 -5.7911575850312274E-03 -1.3627413920506946E-03
0
0.0
 -1.1407996218300525E+00 -2.3170985309886123E+00 3.8420614944644871E-01
 8.9712538257495991E-03 -5.9306550216578439E-03 -1.4254821157696131E-03
0
0.0
 -1.1407996218300525E+00 -2.3170985309886123E+00 3.8420614944644871E-01
 8.6554204290984846E-03 -5.9807285097082663E-03 -1.6093810216844791E-03
0
0.0
 -1.1407996218300525E+00 -2.3170985309886123E+00 3.8420614944644871E-01
 8.7212182942696063E-03 -5.8895350998128104E-03 -1.5946400132916916E-03
0
0.0
 -1.1407996218300525E+00 -2.3170985309886123E+00 3.8420614944644871E-01
 8.7767871420370708E-03 -5.9135496868087415E-03 -1.5879005932832608E-03
0
0.0
 -1.1407996218300525E+00 -2.3170985309886123E+00 3.8420614944644871E-01
 8.7625461937199823E-03 -5.8880381811942922E-03 -1.5315504005729769E-03
0
0.0
 -1.1407996218300525E+00 -2.3170985309886123E+00 3.8420614944644871E-01
 8.7097897523993086E-03 -5.8714492733750396E-03 -1.6241472659421906E-03
0
0.0
 -1.1407996218300525E+00 -2.3170985309886123E+00 3.8420614944644871E-01
 8.7334185375866642E-03 -5.8965693744718979E-03 -1.5576290777368810E-03
0
0.0
 -1.1407996218300525E+00 -2.3170985309886123E+00 3.8420614944644871E-01
 8.8117623316620042E-03 -5.9446140270641443E-03 -1.6266080673912407E-03
0
0.0
 -1.1407996218300525E+00 -2.3170985309886123E+00 3.8420614944644871E-01
 8.9717321858872896E-03 -5.8671065445909292E-03 -1.7635165374810630E-03
0
0.0
 -1.1407996218300525E+00 -2.3170985309886123E+00 3.8420614944644871E-01
 8.4671249082407998E-03 -5.8053736622887481E-03 -1.6249347012795986E-03
0
0.0
 -1.1407996218300525E+00 -2.3170985309886123E+00 3.8420614944644871E-01
 8.8850978809675799E-03 -5.7838011455047375E-03 -1.5822844190612033E-03
0
0.0
 -1.1407996218300525E+00 -2.3170985309886123E+00 3.8420614944644871E-01
 8.9712734630113863E-03 -5.8314718676918910E-03 -1.5973816838310659E-03
0
0.0
 -1.1407996218300525E+00 -2.3170985309886123E+00 3.8420614944644871E-01
 8.8525231879399407E-03 -5.9114510583860146E-03 -1.5778050171292926E-03
0
0.0
 -1.1407996218300525E+00 -2.3170985309886123E+00 3.8420614944644871E-01
 8.7364413543982080E-03 -6.0311241603034889E-03 -1.7833015438233838E-03
0
0.0
 -1.1407996218300525E+00 -2.3170985309886123E+00 3.8420614944644871E-01
 8.7594412472131195E-03 -5.7767878646141271E-03 -1.5669695411527839E-03
0
0.0
 -1.1407996218300525E+00 -2.3170985309886123E+00 3.8420614944644871E-01
 8.7999745175267562E-03 -5.9740756519800495E-03 -1.6491229349894275E-03
0
0.0
 -1.1407996218300525E+00 -2.3170985309886123E+00 3.8420614944644871E-01
 8.7092928019618637E-03 -5.9936035250148538E-03 -1.5900604182891929E-03
0
0.0
 -1.1407996218300525E+00 -2.3170985309886123E+00 3.8420614944644871E-01
 8.6158652178305681E-03 -6.0284093059187350E-03 -1.6311985173048408E-03
0
0.0
 -1.1407996218300525E+00 -2.3170985309886123E+00 3.8420614944644871E-01
 8.7670724776049962E-03 -6.0184075887350962E-03 -1.6186594456213991E-03
0
0.0
 -1.1407996218300525E+00 -2.3170985309886123E+00 3.8420614944644871E-01
 8.7951638220151746E-03 -5.7779561544469560E-03 -1.6874850911439542E-03
0
0.0
 -1.1407996218300525E+00 -2.3170985309886123E+00 3.8420614944644871E-01
 8.7250032159272503E-03 -5.8651669464141101E-03 -1.6606659630911580E-03
0
0.0
 -1.1407996218300525E+00 -2.3170985309886123E+00 3.8420614944644871E-01
 8.7545722182631684E-03 -5.9101125221065823E-03 -1.4774293935043629E-03
0
0.0
 -1.1407996218300525E+00 -2.3170985309886123E+00 3.8420614944644871E-01
 8.9247608502988456E-03 -5.9062105920973367E-03 -1.5955982412429765E-03
0
0.0
 -1.1407996218300525E+00 -2.3170985309886123E+00 3.8420614944644871E-01
 8.8861703320546864E-03 -5.9176682290434978E-03 -1.7234058858026566E-03
0
0.0
 -1.1407996218300525E+00 -2.3170985309886123E+00 3.8420614944644871E-01
 8.8904662820310093E-03 -6.1180605805366099E-03 -1.6095264136816423E-03
0
0.0
 -1.1407996218300525E+00 -2.3170985309886123E+00 3.8420614944644871E-01
 8.7686774358848741E-03 -5.9000682901579823E-03 -1.6550783417847448E-03
0
0.0
 -1.1407996218300525E+00 -2.3170985309886123E+00 3.8420614944644871E-01
 8.7937324752024940E-03 -5.8561832231573468E-03 -1.5980387573607956E-03
0
0.0
 -1.1407996218300525E+00 -2.3170985309886123E+00 3.8420614944644871E-01
 8.9046995518719339E-03 -5.9031432977030805E-03 -1.3488500043414031E-03
0
0.0
 -1.1407996218300525E+00 -2.3170985309886123E+00 3.8420614944644871E-01
 8.7178721326684784E-03 -5.7533997004696079E-03 -1.7394099626976323E-03
0
0.0
 -1.1407996218300525E+00 -2.3170985309886123E+00 3.8420614944644871E-01
 8.6525620802646447E-03 -5.9558657528857081E-03 -1.6760199230360154E-03
0
0.0
 -1.1407996218300525E+00 -2.3170985309886123E+00 3.8420614944644871E-01
 8.7121555963386148E-03 -5.9496754068243353E-03 -1.4881983820109800E-03
0
0.0
 -1.1407996218300525E+00 -2.3170985309886123E+00 3.8420614944644871E-01
 8.7637751554771152E-03 -5.9086940396391226E-03 -1.6579417319651380E-03
0
0.0
 -1.1407996218300525E+00 -2.3170985309886123E+00 3.8420614944644871E-01
 8.9741871674147659E-03 -6.0169371476452224E-03 -1.4187344193574358E-03
0
0.0
 -1.1407996218300525E+00 -2.3170985309886123E+00 3.8420614944644871E-01
 8.8509500756072685E-03 -5.9247102955774702E-03 -1.4971053611001126E-03
0
0.0
 -1.1407996218300525E+00 -2.3170985309886123E+00 3.8420614944644871E-01
 8.7573583821865895E-03 -5.6626130725068915E-03 -1.5484973636668055E-03
0
0.0
 -1.1407996218300525E+00 -2.3170985309886123E+00 3.8420614944644871E-01
 8.7273122599066614E-03 -6.0660826253541317E-03 -1.3520293728454869E-03
0
0.0
 -1.1407996218300525E+00 -2.3170985309886123E+00 3.8420614944644871E-01
 8.7258776463639571E-03 -5.8901279852333691E-03 -1.6423054364650045E-03
0
0.0
 -1.1407996218300525E+00 -2.3170985309886123E+00 3.8420614944644871E-01
 8.7431202596335907E-03 -5.9604715394601087E-03 -1.5582434205288391E-03
0
0.0
 -1.1407996218300525E+00 -2.3170985309886123E+00 3.8420614944644871E-01
 8.8134544497103142E-03 -5.8061922069126389E-03 -1.5441785424548354E-03
0
0.0
 -1.1407996218300525E+00 -2.3170985309886123E+00 3.8420614944644871E-01
 8.6757180962903895E-03 -5.9118977040560116E-03 -1.8662507243103080E-03
0
0.0
 -1.1407996218300525E+00 -2.3170985309886123E+00 3.8420614944644871E-01
 8.5134621645223587E-03 -5.9544387043352380E-03 -1.5957049503443454E-03
0
0.0
 -1.1407996218300525E+00 -2.3170985309886123E+00 3.8420614944644871E-01
 8.7720486671936850E-03 -6.1479800368024395E-03 -1.6236594009766355E-03
0
0.0
 -1.1407996218300525E+00 -2.3170985309886123E+00 3.8420614944644871E-01
 8.9451277064114508E-03 -5.7946120909182957E-03 -1.7424664537036985E-03
0
0.0
 -1.1407996218300525E+00 -2.3170985309886123E+00 3.8420614944644871E-01
 8.7165064586751852E-03 -5.8861564341967315E-03 -1.5723885019916452E-03
0
0.0
 -1.1407996218300525E+00 -2.3170985309886123E+00 3.8420614944644871E-01
 8.6712549961875055E-03 -5.7486317161522847E-03 -1.6889306824035661E-03
0
0.0
 -1.1407996218300525E+00 -2.3170985309886123E+00 3.8420614944644871E-01
 8.7569070941081514E-03 -5.5824994429639931E-03 -1.5465120414914718E-03
0
0.0
 -1.1407996218300525E+00 -2.3170985309886123E+00 3.8420614944644871E-01
 8.8285960235753667E-03 -5.7404795846811513E-03 -1.5921214683286787E-03
0
0.0
 -1.1407996218300525E+00 -2.3170985309886123E+00 3.8420614944644871E-01
 8.8036379914955623E-03 -6.1313484521063307E-03 -1.5184923210785019E-03
0
0.0
 -1.1407996218300525E+00 -2.3170985309886123E+00 3.8420614944644871E-01
 8.8439080687609910E-03 -5.7710627243040945E-03 -1.4783578746554278E-03
0
0.0
 -1.1407996218300525E+00 -2.3170985309886123E+00 3.8420614944644871E-01
 8.7949992451260717E-03 -5.7427876810449358E-03 -1.9044982748259841E-03
0
0.0
 -1.1407996218300525E+00 -2.3170985309886123E+00 3.8420614944644871E-01
 8.7932937038668387E-03 -5.8989874889918579E-03 -1.6424790260991422E-03
0
0.0
 -1.1407996218300525E+00 -2.3170985309886123E+00 3.8420614944644871E-01
 8.9066178607180996E-03 -6.0381081083919997E-03 -1.3410370835056874E-03
0
0.0
 -1.1407996218300525E+00 -2.3170985309886123E+00 3.8420614944644871E-01
 8.9843124346023449E-03 -5.7612443112044489E-03 -1.6729517860442442E-03
0
0.0
 -1.1407996218300525E+00 -2.3170985309886123E+00 3.8420614944644871E-01
 8.7784266687229735E-03 -5.9871865451091473E-03 -1.8179328994195011E-03
0
0.0
 -1.1407996218300525E+00 -2.3170985309886123E+00 3.8420614944644871E-01
 8.5262153018902890E-03 -5.7866885457658552E-03 -1.6789623739196350E-03
0
0.0
 -1.1407996218300525E+00 -2.3170985309886123E+00 3.8420614944644871E-01
 8.8557236954407877E-03 -5.8341608307664102E-03 -1.4145432237815741E-03
0
0.0
 -1.1407996218300525E+00 -2.3170985309886123E+00 3.8420614944644871E-01
 8.8358818405241055E-03 -5.8901899875055813E-03 -1.6557862594646009E-03
0
0.0
 -1.1407996218300525E+00 -2.3170985309886123E+00 3.8420614944644871E-01
 8.8710504567551165E-03 -5.8925534525078411E-03 -1.5815487403018525E-03
0
0.0
 -1.1407996218300525E+00 -2.3170985309886123E+00 3.8420614944644871E-01
 9.0134793737965038E-03 -5.9851726252202796E-03 -1.3876492940625975E-03
0
0.0
 -1.1407996218300525E+00 -2.3170985309886123E+00 3.8420614944644871E-01
 8.5555716463644009E-03 -5.9879461140396302E-03 -1.7717527751046629E-03
0
0.0
 -1.1407996218300525E+00 -2.3170985309886123E+00 3.8420614944644871E-01
 9.0307139818778838E-03 -5.8465558709109933E-03 -1.6358280380269629E-03
0
0.0
 -1.1407996218300525E+00 -2.3170985309886123E+00 3.8420614944644871E-01
 8.6378079748485360E-03 -5.7409039751452774E-03 -1.4531010338056285E-03
0
0.0
 -1.1407996218300525E+00 -2.3170985309886123E+00 3.8420614944644871E-01
 8.6288829527437980E-03 -5.8216204197121856E-03 -1.4387568468146822E-03
0
0.0
 -1.1407996218300525E+00 -2.3170985309886123E+00 3.8420614944644871E-01
 8.8759322411106449E-03 -6.0569140713191225E-03 -1.6493180480094513E-03
0
0.0
 -1.1407996218300525E+00 -2.3170985309886123E+00 3.8420614944644871E-01
 8.7728865545559902E-03 -5.9734567023503205E-03 -1.3982573932849207E-03
0
0.0
 -1.1407996218300525E+00 -2.3170985309886123E+00 3.8420614944644871E-01
 8.6592216396531637E-03 -5.8864905088750075E-03 -1.5396869549835252E-03
0
0.0
 -1.1407996218300525E+00 -2.3170985309886123E+00 3.8420614944644871E-01
 8.8583702968566061E-03 -5.9850321975524453E-03 -1.5761614069095631E-03
0
0.0
 -1.1407996218300525E+00 -2.3170985309886123E+00 3.8420614944644871E-01
 8.6088602864203816E-03 -6.0703747501164793E-03 -1.6853422146482821E-03
0
0.0
 -1.1407996218300525E+00 -2.3170985309886123E+00 3.8420614944644871E-01
 8.7463260538507507E-03 -5.9565240315393193E-03 -1.6347183149491645E-03
0
0.0
 -1.1407996218300525E+00 -2.3170985309886123E+00 3.8420614944644871E-01
 8.7634883075789656E-03 -6.0551585730036174E-03 -1.6595066064937977E-03
0
0.0
 -1.1407996218300525E+00 -2.3170985309886123E+00 3.8420614944644871E-01
 8.8368367192023442E-03 -5.8853329185065929E-03 -1.5138627047841489E-03
0
0.0
 -1.1407996218300525E+00 -2.3170985309886123E+00 3.8420614944644871E-01
 8.7531688257402041E-03 -6.1461140094020870E-03 -1.6780340360003354E-03
0
0.0
 -1.1407996218300525E+00 -2.3170985309886123E+00 3.8420614944644871E-01
 8.8233404875826347E-03 -5.8245274718447216E-03 -1.6433983311949776E-03
0
0.0
 -1.1407996218300525E+00 -2.3170985309886123E+00 3.8420614944644871E-01
 8.6908020209570790E-03 -5.6900539775996302E-03 -1.8344975052427489E-03
0
0.0
 -1.1407996218300525E+00 -2.3170985309886123E+00 3.8420614944644871E-01
 8.9008200281114266E-03 -5.7977802403317551E-03 -1.5664777488196703E-03
0
0.0
 -1.1407996218300525E+00 -2.3170985309886123E+00 3.8420614944644871E-01
 8.9636389549262088E-03 -5.9253678173858664E-03 -1.8082347072379617E-03
0
0.0
 -1.1407996218300525E+00 -2.3170985309886123E+00 3.8420614944644871E-01
 8.7299561840019444E-03 -6.1040298206921050E-03 -1.6470384223907651E-03
0
0.0
 -1.1407996218300525E+00 -2.3170985309886123E+00 3.8420614944644871E-01
 8.6617285641759929E-03 -5.7330768636683523E-03 -1.6808716697639754E-03
0
0.0
 -1.1407996218300525E+00 -2.3170985309886123E+00 3.8420614944644871E-01
 8.8912208025813903E-03 -5.9387571478531154E-03 -1.5326166981559284E-03
0
0.0
 -1.1407996218300525E+00 -2.3170985309886123E+00 3.8420614944644871E-01
 8.9318094251630252E-03 -5.8122519079964611E-03 -1.5571203360238196E-03
0
0.0
 -1.1407996218300525E+00 -2.3170985309886123E+00 3.8420614944644871E-01
 8.7959646310123100E-03 -5.8436834920572887E-03 -1.6056713925375133E-03
0
0.0
 -1.1407996218300525E+00 -2.3170985309886123E+00 3.8420614944644871E-01
 8.7977665169262521E-03 -5.9247794878079666E-03 -1.6791641546476705E-03
0
0.0
 -1.1407996218300525E+00 -2.3170985309886123E+00 3.8420614944644871E-01
 9.0309935545372158E-03 -5.9195032976895410E-03 -1.6674814757988482E-03
0
0.0
 -1.1407996218300525E+00 -2.3170985309886123E+00 3.8420614944644871E-01
 8.9991278431011002E-03 -6.0807884272410500E-03 -1.4515626124444714E-03
0
0.0
 -1.1407996218300525E+00 -2.3170985309886123E+00 3.8420614944644871E-01
 8.7842380306415429E-03 -5.9790984316194602E-03 -1.8972330925386802E-03
0
0.0
 -1.1407996218300525E+00 -2.3170985309886123E+00 3.8420614944644871E-01
 8.7127835294942037E-03 -5.6064496746531731E-03 -1.6043225349165028E-03
0
0.0
 -1.1407996218300525E+00 -2.3170985309886123E+00 3.8420614944644871E-01
 8.9302454283930553E-03 -5.7596739988063335E-03 -1.5647778695908276E-03
0
0.0
 -1.1407996218300525E+00 -2.3170985309886123E+00 3.8420614944644871E-01
 8.7350237436733553E-03 -5.8396909850595225E-03 -1.8127483142952024E-03
0
0.0
 -1.1407996218300525E+00 -2.3170985309886123E+00 3.8420614944644871E-01
 8.5916478464289590E-03 -5.9548766556863190E-03 -1.7306379107811481E-03
0
0.0
 -1.1407996218300525E+00 -2.3170985309886123E+00 3.8420614944644871E-01
 8.8422841479695712E-03 -5.8779562781824642E-03 -1.2867951174121122E-03
0
0.0
 -1.1407996218300525E+00 -2.3170985309886123E+00 3.8420614944644871E-01
 8.8868675799625048E-03 -5.9284676363541003E-03 -1.8265147673851463E-03
0
0.0
 -1.1407996218300525E+00 -2.3170985309886123E+00 3.8420614944644871E-01
 8.7772800575825188E-03 -5.8324433869935957E-03 -1.5433726366981795E-03
0
0.0
 -1.1407996218300525E+00 -2.3170985309886123E+00 3.8420614944644871E-01
 8.9507715919497858E-03 -5.6818868851103857E-03 -1.4685624316278722E-03
0
0.0
 -1.1407996218300525E+00 -2.3170985309886123E+00 3.8420614944644871E-01
 8.9731266758393963E-03 -5.9567680548846137E-03 -1.6813392676661035E-03
0
0.0
 -1.1407996218300525E+00 -2.3170985309886123E+00 3.8420614944644871E-01
 8.6009251301031493E-03 -5.7449968586395141E-03 -1.5499011434594433E-03
0
0.0
 -1.1407996218300525E+00 -2.3170985309886123E+00 3.8420614944644871E-01
 8.8301689742414091E-03 -5.9262786628445311E-03 -1.7943691643062926E-03
0
0.0
 -1.1407996218300525E+00 -2.3170985309886123E+00 3.8420614944644871E-01
 8.8776385947557396E-03 -5.9180351778720369E-03 -1.5482101715352883E-03
0
0.0
 -1.1407996218300525E+00 -2.3170985309886123E+00 3.8420614944644871E-01
 8.8763132418980453E-03 -5.9478064404746593E-03 -1.7578889472113575E-03
0
0.0
 -1.1407996218300525E+00 -2.3170985309886123E+00 3.8420614944644871E-01
 8.7837595036529079E-03 -5.7377936209123681E-03 -1.6464702609398218E-03
0
0.0
 -1.1407996218300525E+00 -2.3170985309886123E+00 3.8420614944644871E-01
 8.6671608647785822E-03 -5.6429913290425597E-03 -1.5338912745099899E-03
0
0.0
 -1.1407996218300525E+00 -2.3170985309886123E+00 3.8420614944644871E-01
 8.8461521603018616E-03 -5.7160197226896461E-03 -1.5720675096614609E-03
0
0.0
 -1.1407996218300525E+00 -2.3170985309886123E+00 3.8420614944644871E-01
 8.7467311303974313E-03 -5.8931105816172526E-03 -1.7579999672618712E-03
0
0.0
 -1.1407996218300525E+00 -2.3170985309886123E+00 3.8420614944644871E-01
 8.8527532703614360E-03 -5.8192089165780992E-03 -1.6917937681606092E-03
0
0.0
 -1.1407996218300525E+00 -2.3170985309886123E+00 3.8420614944644871E-01
 8.7366066028129186E-03 -5.7342727073884181E-03 -1.4602439754809909E-03
0
0.0
 -1.1407996218300525E+00 -2.3170985309886123E+00 3.8420614944644871E-01
 8.9469908648211229E-03 -5.9385844305090887E-03 -1.6707861544304845E-03
0
0.0
 -1.1407996218300525E+00 -2.3170985309886123E+00 3.8420614944644871E-01
 8.6865980603103472E-03 -5.8520681790844489E-03 -1.3185238372254960E-03
0
0.0
 -1.1407996218300525E+00 -2.3170985309886123E+00 3.8420614944644871E-01
 8.7070426588323601E-03 -6.0439182875059918E-03 -1.7133876609440385E-03
0
0.0
 -1.1407996218300525E+00 -2.3170985309886123E+00 3.8420614944644871E-01
 8.9006142302400660E-03 -5.9504914301779658E-03 -1.6407804972942428E-03
0
0.0
 -1.1407996218300525E+00 -2.3170985309886123E+00 3.8420614944644871E-01
 8.9529788886311291E-03 -6.1678716047449626E-03 -1.6976125920105871E-03
0
0.0
 -1.1407996218300525E+00 -2.3170985309886123E+00 3.8420614944644871E-01
 8.6209288555974348E-03 -5.7912490897689319E-03 -1.6834713920574655E-03
0
0.0
 -1.1407996218300525E+00 -2.3170985309886123E+00 3.8420614944644871E-01
 8.7963689295528485E-03 -5.8994812811329744E-03 -1.6820438004502632E-03
0
0.0
 -1.1407996218300525E+00 -2.3170985309886123E+00 3.8420614944644871E-01
 8.7084654406187935E-03 -5.6710862478179004E-03 -1.5295421233871322E-03
0
0.0
 -1.1407996218300525E+00 -2.3170985309886123E+00 3.8420614944644871E-01
 8.9117863679894771E-03 -5.9462995877964716E-03 -1.4822809706409078E-03
0
0.0
 -1.1407996218300525E+00 -2.3170985309886123E+00 3.8420614944644871E-01
 8.7987817652134658E-03 -5.9573500952285951E-03 -1.5263844578947664E-03
0
0.0
 -1.1407996218300525E+00 -2.3170985309886123E+00 3.8420614944644871E-01
 8.5633817275517395E-03 -5.8561392570879132E-03 -1.5710560996875914E-03
0
0.0
 -1.1407996218300525E+00 -2.3170985309886123E+00 3.8420614944644871E-01
 8.6679290829763979E-03 -6.1344161509160455E-03 -1.7917334690735075E-03
0
0.0
 -1.1407996218300525E+00 -2.3170985309886123E+00 3.8420614944644871E-01
 8.7117648263652769E-03 -5.9439343759587924E-03 -1.5637957928652073E-03
0
0.0
 -1.1407996218300525E+00 -2.3170985309886123E+00 3.8420614944644871E-01
 8.5201986488449982E-03 -5.8583135230942922E-03 -1.7094051545992032E-03
0
0.0
 -1.1407996218300525E+00 -2.3170985309886123E+00 3.8420614944644871E-01
 8.8582210552488553E-03 -5.9702352068836430E-03 -1.5454782364814198E-03
0
0.0
 -1.1407996218300525E+00 -2.3170985309886123E+00 3.8420614944644871E-01
 8.7588910436845625E-03 -6.1252591942299256E-03 -1.6090247203459462E-03
0
0.0
 -1.1407996218300525E+00 -2.3170985309886123E+00 3.8420614944644871E-01
 8.5689161300747507E-03 -5.7957432265585539E-03 -1.5929481979817899E-03
0
0.0
 -1.1407996218300525E+00 -2.3170985309886123E+00 3.8420614944644871E-01
 8.6995118556522245E-03 -5.6470461469738673E-03 -1.6362708208247972E-03
0
0.0
 -1.1407996218300525E+00 -2.3170985309886123E+00 3.8420614944644871E-01
 8.7367406162578275E-03 -5.8757856979344139E-03 -1.6428152162796246E-03
0
0.0
 -1.1407996218300525E+00 -2.3170985309886123E+00 3.8420614944644871E-01
 8.7983794228311766E-03 -6.0052765664630955E-03 -1.4087044266180380E-03
0
0.0
 -1.1407996218300525E+00 -2.3170985309886123E+00 3.8420614944644871E-01
 8.6379368937126496E-03 -5.9912677121893845E-03 -1.5137145843201235E-03
0
0.0
 -1.1407996218300525E+00 -2.3170985309886123E+00 3.8420614944644871E-01
 8.9073365923874048E-03 -6.0673515699335937E-03 -1.5938779396278096E-03
0
0.0
 -1.1407996218300525E+00 -2.3170985309886123E+00 3.8420614944644871E-01
 8.8540601737841368E-03 -5.9005153194632903E-03 -1.4347063745322286E-03
0
0.0
 -1.1407996218300525E+00 -2.3170985309886123E+00 3.8420614944644871E-01
 8.5835222054052307E-03 -5.9860326711659809E-03 -1.6036436690012499E-03
0
0.0
 -1.1407996218300525E+00 -2.3170985309886123E+00 3.8420614944644871E-01
 8.8462527187777532E-03 -5.9405907396545918E-03 -1.6356621723201382E-03
0
0.0
 -1.1407996218300525E+00 -2.3170985309886123E+00 3.8420614944644871E-01
 8.7494722283567600E-03 -5.9284174675369892E-03 -1.6821080598559380E-03
0
0.0
 -1.1407996218300525E+00 -2.3170985309886123E+00 3.8420614944644871E-01
 8.8666954754476925E-03 -5.6322612692007862E-03 -1.6132838823824291E-03
0
0.0
 -1.1407996218300525E+00 -2.3170985309886123E+00 3.8420614944644871E-01
 8.7107048006501153E-03 -5.8972257218629634E-03 -1.8495880419192006E-03
0
0.0
 -1.1407996218300525E+00 -2.3170985309886123E+00 3.8420614944644871E-01
 8.7270922940114286E-03 -5.8936764378929802E-03 -1.6317097321359492E-03
0
0.0
 -1.1407996218300525E+00 -2.3170985309886123E+00 3.8420614944644871E-01
 8.6331339239150429E-03 -6.1062520011513667E-03 -1.6565470130314099E-03
0
0.0
 -1.1407996218300525E+00 -2.3170985309886123E+00 3.8420614944644871E-01
 8.5826278067905257E-03 -5.8849725776179045E-03 -1.8096658613545144E-03
0
0.0
 -1.1407996218300525E+00 -2.3170985309886123E+00 3.8420614944644871E-01
 8.7296194999439518E-03 -5.7542457338684476E-03 -1.5461903785034456E-03
0
0.0
 -1.1407996218300525E+00 -2.3170985309886123E+00 3.8420614944644871E-01
 8.7806855276983502E-03 -6.0847653116291511E-03 -1.8638942629003649E-03
0
0.0
 -1.1407996218300525E+00 -2.3170985309886123E+00 3.8420614944644871E-01
 8.9233063061469556E-03 -5.9154297626674620E-03 -1.4920752826617723E-03
0
0.0
 -1.1407996218300525E+00 -2.3170985309886123E+00 3.8420614944644871E-01
 8.7713050415366908E-03 -5.9231368303289504E-03 -1.6649849015633851E-03
0
0.0
 -1.1407996218300525E+00 -2.3170985309886123E+00 3.8420614944644871E-01
 8.7185278894523367E-03 -5.6290729959272909E-03 -1.6654394132795377E-03
0
0.0
 -1.1407996218300525E+00 -2.3170985309886123E+00 3.8420614944644871E-01
 8.9473879491751337E-03 -5.8241039234822236E-03 -1.6345420471980121E-03
0
0.0
 -1.1407996218300525E+00 -2.3170985309886123E+00 3.8420614944644871E-01
 8.7748184610657171E-03 -5.8736548919367951E-03 -1.7326904972621198E-03
0
0.0
 -1.1407996218300525E+00 -2.3170985309886123E+00 3.8420614944644871E-01
 8.8336495795035587E-03 -5.8441869965045355E-03 -1.7883065616267904E-03
0
0.0
 -1.1407996218300525E+00 -2.3170985309886123E+00 3.8420614944644871E-01
 8.7908903129473945E-03 -6.2134691969749252E-03 -1.6443073303751485E-03
0
0.0
 -1.1407996218300525E+00 -2.3170985309886123E+00 3.8420614944644871E-01
 8.6697104449732481E-03 -5.9852458565732292E-03 -1.5389031210045136E-03
0
0.0
 -1.1407996218300525E+00 -2.3170985309886123E+00 3.8420614944644871E-01
 8.6932852058821813E-03 -5.7682650809992072E-03 -1.9094736923128634E-03
0
0.0
 -1.1407996218300525E+00 -2.3170985309886123E+00 3.8420614944644871E-01
 8.5254093845691416E-03 -6.0764063518190950E-03 -1.5710957583582061E-03
0
0.0
 -1.1407996218300525E+00 -2.3170985309886123E+00 3.8420614944644871E-01
 8.5927246801948132E-03 -6.1113796240145806E-03 -1.7619220231428956E-03
0
0.0
 -1.1407996218300525E+00 -2.3170985309886123E+00 3.8420614944644871E-01
 8.7352035737436485E-03 -5.9276515625704840E-03 -1.4527409993811214E-03
0
0.0
 -1.1407996218300525E+00 -2.3170985309886123E+00 3.8420614944644871E-01
 8.9051457884419937E-03 -6.1459905303375591E-03 -1.6412787929637139E-03
0
0.0
 -1.1407996218300525E+00 -2.3170985309886123E+00 3.8420614944644871E-01
 8.8884635790152083E-03 -5.9485189864228703E-03 -1.7948784065167894E-03
0
0.0
 -1.1407996218300525E+00 -2.3170985309886123E+00 3.8420614944644871E-01
 8.7712225290085405E-03 -5.9914168373514905E-03 -1.6376808627391818E-03
0
0.0
 -1.1407996218300525E+00 -2.3170985309886123E+00 3.8420614944644871E-01
 8.8364804625486078E-03 -5.9038262079019561E-03 -1.7566371323496346E-03
0
0.0
 -1.1407996218300525E+00 -2.3170985309886123E+00 3.8420614944644871E-01
 8.8094398850473259E-03 -5.8884345791525650E-03 -1.6947022417225230E-03
0
0.0
 -1.1407996218300525E+00 -2.3170985309886123E+00 3.8420614944644871E-01
 8.8056254229795343E-03 -5.8266212745840592E-03 -1.7074263729966066E-03
0
0.0
 -1.1407996218300525E+00 -2.3170985309886123E+00 3.8420614944644871E-01
 8.8334425414736302E-03 -5.9446770166715250E-03 -1.5929531602620253E-03
0
0.0
 -1.1407996218300525E+00 -2.3170985309886123E+00 3.8420614944644871E-01
 8.7290792064075445E-03 -5.8201865032341598E-03 -1.5129769014992109E-03
0
0.0
 -1.1407996218300525E+00 -2.3170985309886123E+00 3.8420614944644871E-01
 8.7543891395624202E-03 -6.1396997597481196E-03 -1.6180781001135982E-03
0
0.0
 -1.1407996218300525E+00 -2.3170985309886123E+00 3.8420614944644871E-01
 8.7962826029037971E-03 -5.9506782602125989E-03 -1.7086360427443163E-03
0
0.0
 -1.1407996218300525E+00 -2.3170985309886123E+00 3.8420614944644871E-01
 8.7820117978133997E-03 -5.9186184629528207E-03 -1.6225536690542748E-03
0
0.0
 -1.1407996218300525E+00 -2.3170985309886123E+00 3.8420614944644871E-01
 8.8362274355515760E-03 -5.8086149184146483E-03 -1.5810617205856529E-03
0
0.0
 -1.1407996218300525E+00 -2.3170985309886123E+00 3.8420614944644871E-01
 8.7755168397118041E-03 -5.9022611413139707E-03 -1.5908769699100895E-03
0
0.0
 -1.1407996218300525E+00 -2.3170985309886123E+00 3.8420614944644871E-01
 8.7943755738863257E-03 -5.9185489272444401E-03 -1.5162559912487521E-03
0
0.0
 -1.1407996218300525E+00 -2.3170985309886123E+00 3.8420614944644871E-01
 8.6474408016069364E-03 -5.9978412145194077E-03 -1.6184454144024234E-03
0
0.0
 -1.1407996218300525E+00 -2.3170985309886123E+00 3.8420614944644871E-01
 8.7729554476985768E-03 -6.0746655260627861E-03 -1.6224349168933866E-03
0
0.0
 -1.1407996218300525E+00 -2.3170985309886123E+00 3.8420614944644871E-01
 8.6756703214797091E-03 -6.1678934571271901E-03 -1.5157583805592994E-03
0
0.0
 -1.1407996218300525E+00 -2.3170985309886123E+00 3.8420614944644871E-01
 8.8133453934275321E-03 -6.1569878675271040E-03 -1.6483411562031604E-03
0
0.0
 -1.1407996218300525E+00 -2.3170985309886123E+00 3.8420614944644871E-01
 8.7286059764556806E-03 -5.8531011950500164E-03 -1.6004886219397874E-03
0
0.0
 -1.1407996218300525E+00 -2.3170985309886123E+00 3.8420614944644871E-01
 8.7599727166969010E-03 -5.7735507854893469E-03 -1.9375187619192567E-03
0
0.0
 -1.1407996218300525E+00 -2.3170985309886123E+00 3.8420614944644871E-01
 8.8836420327660197E-03 -6.0385705651473682E-03 -1.4948582022118995E-03
0
0.0
 -1.1407996218300525E+00 -2.3170985309886123E+00 3.8420614944644871E-01
 9.0281742268469561E-03 -5.9468726460717540E-03 -1.7953421874119981E-03
0
0.0
 -1.1407996218300525E+00 -2.3170985309886123E+00 3.8420614944644871E-01
 8.9263500812979540E-03 -5.6788316157254347E-03 -1.7215576464447407E-03
0
0.0
 -1.1407996218300525E+00 -2.3170985309886123E+00 3.8420614944644871E-01
 8.8172425427133286E-03 -5.7679755726043544E-03 -1.6340556117116775E-03
0
0.0
 -1.1407996218300525E+00 -2.3170985309886123E+00 3.8420614944644871E-01
 8.5893860666824973E-03 -6.1584301980201440E-03 -1.5261471738658176E-03
0
0.0
 -1.1407996218300525E+00 -2.3170985309886123E+00 3.8420614944644871E-01
 8.9683057087598817E-03 -5.8752329323457668E-03 -1.7013196613980919E-03
0
0.0
 -1.1407996218300525E+00 -2.3170985309886123E+00 3.8420614944644871E-01
 8.8408136013160103E-03 -5.9043195275321186E-03 -1.5045630732788279E-03
0
0.0
 -1.1407996218300525E+00 -2.3170985309886123E+00 3.8420614944644871E-01
 8.7484343258973831E-03 -5.9369259091600129E-03 -1.5189695814397820E-03
0
0.0
 -1.1407996218300525E+00 -2.3170985309886123E+00 3.8420614944644871E-01
 8.8855617260477984E-03 -5.9892730101307043E-03 -1.4951057978212267E-03
0
0.0
 -1.1407996218300525E+00 -2.3170985309886123E+00 3.8420614944644871E-01
 8.8129321886517200E-03 -5.9456360864587488E-03 -1.6158754048173996E-03
0
0.0
 -1.1407996218300525E+00 -2.3170985309886123E+00 3.8420614944644871E-01
 8.8105035685735536E-03 -5.7610750918167053E-03 -1.5101620022580154E-03
0
0.0
 -1.1407996218300525E+00 -2.3170985309886123E+00 3.8420614944644871E-01
 8.6011919896336365E-03 -5.7389284432770487E-03 -1.4971981582987137E-03
0
0.0
 -1.1407996218300525E+00 -2.3170985309886123E+00 3.8420614944644871E-01
 8.5717074801784331E-03 -6.1211580400617428E-03 -1.7675100383528638E-03
0
0.0
 -1.1407996218300525E+00 -2.3170985309886123E+00 3.8420614944644871E-01
 8.6881799941188886E-03 -5.9646278866022206E-03 -1.5155699595052255E-03
0
0.0
 -1.1407996218300525E+00 -2.3170985309886123E+00 3.8420614944644871E-01
 8.7239674652199155E-03 -5.8543613764801602E-03 -1.6414568560091090E-03
0
0.0
 -1.1407996218300525E+00 -2.3170985309886123E+00 3.8420614944644871E-01
 8.6000976279617686E-03 -5.7101382081547634E-03 -1.7201020019054301E-03
0
0.0
 -1.1407996218300525E+00 -2.3170985309886123E+00 3.8420614944644871E-01
 8.8020173064126787E-03 -5.8850577021267907E-03 -1.5514176428037840E-03
0
0.0
 -1.1407996218300525E+00 -2.3170985309886123E+00 3.8420614944644871E-01
 8.6823715533376044E-03 -5.9281651150703864E-03 -1.6375329182024899E-03
0
0.0
 -1.1407996218300525E+00 -2.3170985309886123E+00 3.8420614944644871E-01
 8.7503133394663934E-03 -5.7562830767194538E-03 -1.3665430175530831E-03
0
0.0
 -1.1407996218300525E+00 -2.3170985309886123E+00 3.8420614944644871E-01
 8.9417201703893227E-03 -5.7754877186998281E-03 -1.3905328195583744E-03
0
0.0
 -1.1407996218300525E+00 -2.3170985309886123E+00 3.8420614944644871E-01
 8.8586819327093301E-03 -6.2156587009934089E-03 -1.7629987809692680E-03
0
0.0
 -1.1407996218300525E+00 -2.3170985309886123E+00 3.8420614944644871E-01
 8.7167331616402541E-03 -6.0431148460042203E-03 -1.6420554247319390E-03
0
0.0
 -1.1407996218300525E+00 -2.3170985309886123E+00 3.8420614944644871E-01
 8.6728389391849021E-03 -5.6889626116405755E-03 -1.6220665956888963E-03
0
0.0
 -1.1407996218300525E+00 -2.3170985309886123E+00 3.8420614944644871E-01
 8.7751466673464847E-03 -5.7054172038047534E-03 -1.7927236898221404E-03
0
0.0
 -1.1407996218300525E+00 -2.3170985309886123E+00 3.8420614944644871E-01
 8.7737390089797709E-03 -5.8529685840194440E-03 -1.5756507426396625E-03
0
0.0
 -1.1407996218300525E+00 -2.3170985309886123E+00 3.8420614944644871E-01
 8.7575983699101079E-03 -6.0342108450070070E-03 -1.6765015968440863E-03
0
0.0
 -1.1407996218300525E+00 -2.3170985309886123E+00 3.8420614944644871E-01
 8.7146957865620756E-03 -6.1513619230605500E-03 -1.8533984450954020E-03
0
0.0
 -1.1407996218300525E+00 -2.3170985309886123E+00 3.8420614944644871E-01
 8.7958754132345229E-03 -5.8138666409838060E-03 -1.4226014521715902E-03
0
0.0
 -1.1407996218300525E+00 -2.3170985309886123E+00 3.8420614944644871E-01
 8.7637186685636786E-03 -5.9197533585158531E-03 -1.5321881004372773E-03
0
0.0
 -1.1407996218300525E+00 -2.3170985309886123E+00 3.8420614944644871E-01
 8.8801598274890290E-03 -5.7253930862259635E-03 -1.4243309574494239E-03
0
0.0
 -1.1407996218300525E+00 -2.3170985309886123E+00 3.8420614944644871E-01
 8.8760149712582073E-03 -5.7958699305881364E-03 -1.4392724117818769E-03
0
0.0
 -1.1407996218300525E+00 -2.3170985309886123E+00 3.8420614944644871E-01
 8.9161190026761771E-03 -5.9307537998868195E-03 -1.6798572834934970E-03
0
0.0
 -1.1407996218300525E+00 -2.3170985309886123E+00 3.8420614944644871E-01
 8.7909215170864988E-03 -5.9093351274288296E-03 -1.4720660752940758E-03
0
0.0
 -1.1407996218300525E+00 -2.3170985309886123E+00 3.8420614944644871E-01
 8.7098319114197447E-03 -6.0632903278833340E-03 -1.6475878016058204E-03
0
0.0
 -1.1407996218300525E+00 -2.3170985309886123E+00 3.8420614944644871E-01
 8.5266309129273226E-03 -5.7893014532325515E-03 -1.5004518734077139E-03
0
0.0
 -1.1407996218300525E+00 -2.3170985309886123E+00 3.8420614944644871E-01
 8.8086887388385635E-03 -6.0649952474622982E-03 -1.7721304594847736E-03
0
0.0
 -1.1407996218300525E+00 -2.3170985309886123E+00 3.8420614944644871E-01
 8.7705312785555743E-03 -5.7814931421314259E-03 -1.6269741822274014E-03
0
0.0
 -1.1407996218300525E+00 -2.3170985309886123E+00 3.8420614944644871E-01
 8.8752910856534622E-03 -6.1242271644072442E-03 -1.5194258256774572E-03
0
0.0
 -1.1407996218300525E+00 -2.3170985309886123E+00 3.8420614944644871E-01
 8.7667650507357690E-03 -6.0437340477790527E-03 -1.6892361921339728E-03
0
0.0
 -1.1407996218300525E+00 -2.3170985309886123E+00 3.8420614944644871E-01
 8.9691249878523383E-03 -6.0111130380996634E-03 -1.4904963839202216E-03
0
0.0
 -1.1407996218300525E+00 -2.3170985309886123E+00 3.8420614944644871E-01
 8.8159160337277307E-03 -5.8919874064944809E-03 -1.5989413462203668E-03
0
0.0
 -1.1407996218300525E+00 -2.3170985309886123E+00 3.8420614944644871E-01
 8.7460463006622663E-03 -5.7154785124068916E-03 -1.6741583722754505E-03
0
0.0
 -1.1407996218300525E+00 -2.3170985309886123E+00 3.8420614944644871E-01
 8.6198438984331147E-03 -5.8944090800335932E-03 -1.7950528523991516E-03
0
0.0
 -1.1407996218300525E+00 -2.3170985309886123E+00 3.8420614944644871E-01
 8.8631970893568238E-03 -5.8864232598524052E-03 -1.7453280191824815E-03
0
0.0
 -1.1407996218300525E+00 -2.3170985309886123E+00 3.8420614944644871E-01
 8.8020293282709116E-03 -5.9367090841587157E-03 -1.5954705939554177E-03
0
0.0
 -1.1407996218300525E+00 -2.3170985309886123E+00 3.8420614944644871E-01
 8.7034223065197407E-03 -5.8629037366918560E-03 -1.7387614895550004E-03
0
0.0
 -1.1407996218300525E+00 -2.3170985309886123E+00 3.8420614944644871E-01
 8.9591243872986712E-03 -6.0370334393383294E-03 -1.6253306208029493E-03
0
0.0
 -1.1407996218300525E+00 -2.3170985309886123E+00 3.8420614944644871E-01
 8.8502359701501145E-03 -5.8580093227410595E-03 -1.6655380441969977E-03
0
0.0
 -1.1407996218300525E+00 -2.3170985309886123E+00 3.8420614944644871E-01
 8.8285598920427432E-03 -5.9239672575422562E-03 -1.6348062557009471E-03
0
0.0
 -1.1407996218300525E+00 -2.3170985309886123E+00 3.8420614944644871E-01
 8.5561949332356706E-03 -5.8994217479823637E-03 -1.7245428083252920E-03
0
0.0
 -1.1407996218300525E+00 -2.3170985309886123E+00 3.8420614944644871E-01
 8.7989374945975536E-03 -6.0213289361536453E-03 -1.8839395033273289E-03
0
0.0
 -1.1407996218300525E+00 -2.3170985309886123E+00 3.8420614944644871E-01
 8.6230086128078493E-03 -5.8100264869767326E-03 -1.5552449799430168E-03
0
0.0
 -1.1407996218300525E+00 -2.3170985309886123E+00 3.8420614944644871E-01
 8.7368691319042822E-03 -5.7332922164609786E-03 -1.8115125494060345E-03
0
0.0
 -1.1407996218300525E+00 -2.3170985309886123E+00 3.8420614944644871E-01
 8.9000412113319841E-03 -5.8018881651358727E-03 -1.6539102156428319E-03
0
0.0
 -1.1407996218300525E+00 -2.3170985309886123E+00 3.8420614944644871E-01
 8.5683831066556276E-03 -5.9961462240115740E-03 -1.3802834236949619E-03
0
0.0
 -1.1407996218300525E+00 -2.3170985309886123E+00 3.8420614944644871E-01
 8.5749288646034504E-03 -6.0078460519832995E-03 -1.7109590015995687E-03
0
0.0
 -1.1407996218300525E+00 -2.3170985309886123E+00 3.8420614944644871E-01
 8.5952722163108453E-03 -5.9112706158036075E-03 -1.7287849282735771E-03
0
0.0
 -1.1407996218300525E+00 -2.3170985309886123E+00 3.8420614944644871E-01
 8.7910885012251697E-03 -5.8897406175043463E-03 -1.5198664747981643E-03
0
0.0
 -1.1407996218300525E+00 -2.3170985309886123E+00 3.8420614944644871E-01
 8.7978260319429829E-03 -5.9761173432958167E-03 -1.6162086267652233E-03
0
0.0
 -1.1407996218300525E+00 -2.3170985309886123E+00 3.8420614944644871E-01
 8.7058493823518306E-03 -6.0108703389222563E-03 -1.4350501551230110E-03
0
0.0
 -1.1407996218300525E+00 -2.3170985309886123E+00 3.8420614944644871E-01
 8.8107942464407049E-03 -5.9035927330529049E-03 -1.5707646453232119E-03
0
0.0
 -1.1407996218300525E+00 -2.3170985309886123E+00 3.8420614944644871E-01
 8.8270045464928799E-03 -5.9667740212412460E-03 -1.5733576711953726E-03
0
0.0
 -1.1407996218300525E+00 -2.3170985309886123E+00 3.8420614944644871E-01
 8.9189849308654433E-03 -5.8775885382061207E-03 -1.6744254048529964E-03
0
0.0
 -1.1407996218300525E+00 -2.3170985309886123E+00 3.8420614944644871E-01
 8.8394520065183200E-03 -5.6491057006081624E-03 -1.6414889323045757E-03
0
0.0
 -1.1407996218300525E+00 -2.3170985309886123E+00 3.8420614944644871E-01
 9.0911858708930659E-03 -5.7996148113863234E-03 -1.5642937050025809E-03
0
0.0
 -1.1407996218300525E+00 -2.3170985309886123E+00 3.8420614944644871E-01
 8.9321113851647919E-03 -6.0453725631470119E-03 -1.6231773741646443E-03
0
0.0
 -1.1407996218300525E+00 -2.3170985309886123E+00 3.8420614944644871E-01
 8.9247176708144929E-03 -5.9322305821353175E-03 -1.8388015165130768E-03
0
0.0
 -1.1407996218300525E+00 -2.3170985309886123E+00 3.8420614944644871E-01
 8.8756572050671424E-03 -5.7655709809895797E-03 -1.5769995476063816E-03
0
0.0
 -1.1407996218300525E+00 -2.3170985309886123E+00 3.8420614944644871E-01
 8.8125936022548368E-03 -5.9488062411400576E-03 -1.8489421545931607E-03
0
0.0
 -1.1407996218300525E+00 -2.3170985309886123E+00 3.8420614944644871E-01
 8.8594302316693848E-03 -6.0452471169733218E-03 -1.7702390748309939E-03
0
0.0
 -1.1407996218300525E+00 -2.3170985309886123E+00 3.8420614944644871E-01
 8.9264757761205772E-03 -5.9249291653635334E-03 -1.4996705188198233E-03
0
0.0
 -1.1407996218300525E+00 -2.3170985309886123E+00 3.8420614944644871E-01
 8.6261057802248207E-03 -5.9340461038466874E-03 -1.5211757933369717E-03
0
0.0
 -1.1407996218300525E+00 -2.3170985309886123E+00 3.8420614944644871E-01
 8.7574692795232383E-03 -5.7153775807194671E-03 -1.5546530897946552E-03
0
0.0
 -1.1407996218300525E+00 -2.3170985309886123E+00 3.8420614944644871E-01
 8.7907004153646804E-03 -5.9453664111325825E-03 -1.6026849988458273E-03
0
0.0
 -1.1407996218300525E+00 -2.3170985309886123E+00 3.8420614944644871E-01
 8.7877197416787282E-03 -5.6724791170093183E-03 -1.6733333894011972E-03
0
0.0
 -1.1407996218300525E+00 -2.3170985309886123E+00 3.8420614944644871E-01
 8.9744866161986497E-03 -5.9066170907356415E-03 -1.3687402397808939E-03
0
0.0
 -1.1407996218300525E+00 -2.3170985309886123E+00 3.8420614944644871E-01
 8.6224435071060729E-03 -5.6717621040077420E-03 -1.5100322799379161E-03
0
0.0
 -1.1407996218300525E+00 -2.3170985309886123E+00 3.8420614944644871E-01
 8.7714533756014963E-03 -6.0747664853921151E-03 -1.6786432525524647E-03
0
0.0
 -1.1407996218300525E+00 -2.3170985309886123E+00 3.8420614944644871E-01
 8.8120078423280755E-03 -5.9669878719951731E-03 -1.6258552757732248E-03
0
0.0
 -1.1407996218300525E+00 -2.3170985309886123E+00 3.8420614944644871E-01
 8.8313841270263333E-03 -5.9342800485160602E-03 -1.6791958145470970E-03
0
0.0
 -1.1407996218300525E+00 -2.3170985309886123E+00 3.8420614944644871E-01
 8.8105771289340978E-03 -5.7638693779063057E-03 -1.5357999266082248E-03
0
0.0
 -1.1407996218300525E+00 -2.3170985309886123E+00 3.8420614944644871E-01
 8.5639679174667957E-03 -5.8437332116722321E-03 -1.4120464154365314E-03
0
0.0
