400
   1054.00 3540.0 2000.0 0.0010  680.0 0.10 0.90
   6704.00 3540.0 2000.0 0.0010  680.0 0.10 0.90
   3038.00 3540.0 2000.0 0.0010  680.0 0.10 0.90
    837.00 3540.0 2000.0 0.0010  680.0 0.10 0.90
   4128.00 3540.0 2000.0 0.0010  680.0 0.10 0.90
    876.00 3540.0 2000.0 0.0010  680.0 0.10 0.90
   1103.00 3540.0 2000.0 0.0010  680.0 0.10 0.90
    481.00 3540.0 2000.0 0.0010  680.0 0.10 0.90
    528.00 3540.0 2000.0 0.0010  680.0 0.10 0.90
   1748.00 3540.0 2000.0 0.0010  680.0 0.10 0.90
    876.00 3540.0 2000.0 0.0010  680.0 0.10 0.90
   1006.00 3540.0 2000.0 0.0010  680.0 0.10 0.90
    406.00 3540.0 2000.0 0.0010  680.0 0.10 0.90
    876.00 3540.0 2000.0 0.0010  680.0 0.10 0.90
    665.00 3540.0 2000.0 0.0010  680.0 0.10 0.90
    607.00 3540.0 2000.0 0.0010  680.0 0.10 0.90
   2771.00 3540.0 2000.0 0.0010  680.0 0.10 0.90
   1103.00 3540.0 2000.0 0.0010  680.0 0.10 0.90
    635.00 3540.0 2000.0 0.0010  680.0 0.10 0.90
   1658.00 3540.0 2000.0 0.0010  680.0 0.10 0.90
   1817.00 3540.0 2000.0 0.0010  680.0 0.10 0.90
   1389.00 3540.0 2000.0 0.0010  680.0 0.10 0.90
   1096.00 3540.0 2000.0 0.0010  680.0 0.10 0.90
    665.00 3540.0 2000.0 0.0010  680.0 0.10 0.90
    528.00 3540.0 2000.0 0.0010  680.0 0.10 0.90
   2771.00 3540.0 2000.0 0.0010  680.0 0.10 0.90
    696.00 3540.0 2000.0 0.0010  680.0 0.10 0.90
    665.00 3540.0 2000.0 0.0010  680.0 0.10 0.90
    464.00 3540.0 2000.0 0.0010  680.0 0.10 0.90
   1835.00 3540.0 2000.0 0.0010  680.0 0.10 0.90
    799.00 3540.0 2000.0 0.0010  680.0 0.10 0.90
    876.00 3540.0 2000.0 0.0010  680.0 0.10 0.90
   1223.00 3540.0 2000.0 0.0010  680.0 0.10 0.90
    635.00 3540.0 2000.0 0.0010  680.0 0.10 0.90
   1006.00 3540.0 2000.0 0.0010  680.0 0.10 0.90
    607.00 3540.0 2000.0 0.0010  680.0 0.10 0.90
   1006.00 3540.0 2000.0 0.0010  680.0 0.10 0.90
   1155.00 3540.0 2000.0 0.0010  680.0 0.10 0.90
    917.00 3540.0 2000.0 0.0010  680.0 0.10 0.90
    607.00 3540.0 2000.0 0.0010  680.0 0.10 0.90
    553.00 3540.0 2000.0 0.0010  680.0 0.10 0.90
   1595.00 3540.0 2000.0 0.0010  680.0 0.10 0.90
   1647.00 3540.0 2000.0 0.0010  680.0 0.10 0.90
    696.00 3540.0 2000.0 0.0010  680.0 0.10 0.90
   1454.00 3540.0 2000.0 0.0010  680.0 0.10 0.90
    665.00 3540.0 2000.0 0.0010  680.0 0.10 0.90
    763.00 3540.0 2000.0 0.0010  680.0 0.10 0.90
   1210.00 3540.0 2000.0 0.0010  680.0 0.10 0.90
    917.00 3540.0 2000.0 0.0010  680.0 0.10 0.90
   1054.00 3540.0 2000.0 0.0010  680.0 0.10 0.90
   1103.00 3540.0 2000.0 0.0010  680.0 0.10 0.90
    481.00 3540.0 2000.0 0.0010  680.0 0.10 0.90
   2792.00 3540.0 2000.0 0.0010  680.0 0.10 0.90
   1250.00 3540.0 2000.0 0.0010  680.0 0.10 0.90
    961.00 3540.0 2000.0 0.0010  680.0 0.10 0.90
   1620.00 3540.0 2000.0 0.0010  680.0 0.10 0.90
    481.00 3540.0 2000.0 0.0010  680.0 0.10 0.90
   1796.00 3540.0 2000.0 0.0010  680.0 0.10 0.90
   2102.00 3540.0 2000.0 0.0010  680.0 0.10 0.90
   1706.00 3540.0 2000.0 0.0010  680.0 0.10 0.90
   1356.00 3540.0 2000.0 0.0010  680.0 0.10 0.90
   1056.00 3540.0 2000.0 0.0010  680.0 0.10 0.90
   1523.00 3540.0 2000.0 0.0010  680.0 0.10 0.90
   1454.00 3540.0 2000.0 0.0010  680.0 0.10 0.90
   4123.00 3540.0 2000.0 0.0010  680.0 0.10 0.90
   2876.00 3540.0 2000.0 0.0010  680.0 0.10 0.90
    638.00 3540.0 2000.0 0.0010  680.0 0.10 0.90
   1155.00 3540.0 2000.0 0.0010  680.0 0.10 0.90
   1449.00 3540.0 2000.0 0.0010  680.0 0.10 0.90
   1574.00 3540.0 2000.0 0.0010  680.0 0.10 0.90
   1494.00 3540.0 2000.0 0.0010  680.0 0.10 0.90
    383.00 3540.0 2000.0 0.0010  680.0 0.10 0.90
    696.00 3540.0 2000.0 0.0010  680.0 0.10 0.90
    837.00 3540.0 2000.0 0.0010  680.0 0.10 0.90
    635.00 3540.0 2000.0 0.0010  680.0 0.10 0.90
    448.00 3540.0 2000.0 0.0010  680.0 0.10 0.90
    635.00 3540.0 2000.0 0.0010  680.0 0.10 0.90
   2490.00 3540.0 2000.0 0.0010  680.0 0.10 0.90
   1389.00 3540.0 2000.0 0.0010  680.0 0.10 0.90
   1054.00 3540.0 2000.0 0.0010  680.0 0.10 0.90
    837.00 3540.0 2000.0 0.0010  680.0 0.10 0.90
    961.00 3540.0 2000.0 0.0010  680.0 0.10 0.90
    917.00 3540.0 2000.0 0.0010  680.0 0.10 0.90
   1006.00 3540.0 2000.0 0.0010  680.0 0.10 0.90
   2287.00 3540.0 2000.0 0.0010  680.0 0.10 0.90
    439.00 3540.0 2000.0 0.0010  680.0 0.10 0.90
    460.00 3540.0 2000.0 0.0010  680.0 0.10 0.90
    925.00 3540.0 2000.0 0.0010  680.0 0.10 0.90
   1054.00 3540.0 2000.0 0.0010  680.0 0.10 0.90
   1389.00 3540.0 2000.0 0.0010  680.0 0.10 0.90
    837.00 3540.0 2000.0 0.0010  680.0 0.10 0.90
    876.00 3540.0 2000.0 0.0010  680.0 0.10 0.90
    609.00 3540.0 2000.0 0.0010  680.0 0.10 0.90
    548.00 3540.0 2000.0 0.0010  680.0 0.10 0.90
   1132.00 3540.0 2000.0 0.0010  680.0 0.10 0.90
   1054.00 3540.0 2000.0 0.0010  680.0 0.10 0.90
    481.00 3540.0 2000.0 0.0010  680.0 0.10 0.90
    579.00 3540.0 2000.0 0.0010  680.0 0.10 0.90
    490.00 3540.0 2000.0 0.0010  680.0 0.10 0.90
    543.00 3540.0 2000.0 0.0010  680.0 0.10 0.90
    504.00 3540.0 2000.0 0.0010  680.0 0.10 0.90
    535.00 3540.0 2000.0 0.0010  680.0 0.10 0.90
   1050.00 3540.0 2000.0 0.0010  680.0 0.10 0.90
    984.00 3540.0 2000.0 0.0010  680.0 0.10 0.90
    696.00 3540.0 2000.0 0.0010  680.0 0.10 0.90
    837.00 3540.0 2000.0 0.0010  680.0 0.10 0.90
    579.00 3540.0 2000.0 0.0010  680.0 0.10 0.90
    460.00 3540.0 2000.0 0.0010  680.0 0.10 0.90
    353.00 3540.0 2000.0 0.0010  680.0 0.10 0.90
   2145.00 3540.0 2000.0 0.0010  680.0 0.10 0.90
    799.00 3540.0 2000.0 0.0010  680.0 0.10 0.90
    696.00 3540.0 2000.0 0.0010  680.0 0.10 0.90
    661.00 3540.0 2000.0 0.0010  680.0 0.10 0.90
   4359.00 3540.0 2000.0 0.0010  680.0 0.10 0.90
    481.00 3540.0 2000.0 0.0010  680.0 0.10 0.90
   1523.00 3540.0 2000.0 0.0010  680.0 0.10 0.90
    729.00 3540.0 2000.0 0.0010  680.0 0.10 0.90
    665.00 3540.0 2000.0 0.0010  680.0 0.10 0.90
    528.00 3540.0 2000.0 0.0010  680.0 0.10 0.90
   1694.00 3540.0 2000.0 0.0010  680.0 0.10 0.90
   4437.00 3540.0 2000.0 0.0010  680.0 0.10 0.90
   1006.00 3540.0 2000.0 0.0010  680.0 0.10 0.90
   1669.00 3540.0 2000.0 0.0010  680.0 0.10 0.90
   1748.00 3540.0 2000.0 0.0010  680.0 0.10 0.90
   1103.00 3540.0 2000.0 0.0010  680.0 0.10 0.90
    640.00 3540.0 2000.0 0.0010  680.0 0.10 0.90
   1079.00 3540.0 2000.0 0.0010  680.0 0.10 0.90
   2269.00 3540.0 2000.0 0.0010  680.0 0.10 0.90
    961.00 3540.0 2000.0 0.0010  680.0 0.10 0.90
    665.00 3540.0 2000.0 0.0010  680.0 0.10 0.90
   1454.00 3540.0 2000.0 0.0010  680.0 0.10 0.90
   5093.00 3540.0 2000.0 0.0010  680.0 0.10 0.90
    837.00 3540.0 2000.0 0.0010  680.0 0.10 0.90
   1210.00 3540.0 2000.0 0.0010  680.0 0.10 0.90
   2957.00 3540.0 2000.0 0.0010  680.0 0.10 0.90
   1913.00 3540.0 2000.0 0.0010  680.0 0.10 0.90
    696.00 3540.0 2000.0 0.0010  680.0 0.10 0.90
   2502.00 3540.0 2000.0 0.0010  680.0 0.10 0.90
    579.00 3540.0 2000.0 0.0010  680.0 0.10 0.90
    607.00 3540.0 2000.0 0.0010  680.0 0.10 0.90
   1831.00 3540.0 2000.0 0.0010  680.0 0.10 0.90
   1748.00 3540.0 2000.0 0.0010  680.0 0.10 0.90
    837.00 3540.0 2000.0 0.0010  680.0 0.10 0.90
   1917.00 3540.0 2000.0 0.0010  680.0 0.10 0.90
   1772.00 3540.0 2000.0 0.0010  680.0 0.10 0.90
    528.00 3540.0 2000.0 0.0010  680.0 0.10 0.90
    528.00 3540.0 2000.0 0.0010  680.0 0.10 0.90
   1389.00 3540.0 2000.0 0.0010  680.0 0.10 0.90
   1518.00 3540.0 2000.0 0.0010  680.0 0.10 0.90
    665.00 3540.0 2000.0 0.0010  680.0 0.10 0.90
   2413.00 3540.0 2000.0 0.0010  680.0 0.10 0.90
   1831.00 3540.0 2000.0 0.0010  680.0 0.10 0.90
    635.00 3540.0 2000.0 0.0010  680.0 0.10 0.90
   1389.00 3540.0 2000.0 0.0010  680.0 0.10 0.90
   1617.00 3540.0 2000.0 0.0010  680.0 0.10 0.90
    729.00 3540.0 2000.0 0.0010  680.0 0.10 0.90
   2647.00 3540.0 2000.0 0.0010  680.0 0.10 0.90
   1393.00 3540.0 2000.0 0.0010  680.0 0.10 0.90
    665.00 3540.0 2000.0 0.0010  680.0 0.10 0.90
   1327.00 3540.0 2000.0 0.0010  680.0 0.10 0.90
   2325.00 3540.0 2000.0 0.0010  680.0 0.10 0.90
    799.00 3540.0 2000.0 0.0010  680.0 0.10 0.90
   1927.00 3540.0 2000.0 0.0010  680.0 0.10 0.90
    917.00 3540.0 2000.0 0.0010  680.0 0.10 0.90
    799.00 3540.0 2000.0 0.0010  680.0 0.10 0.90
    638.00 3540.0 2000.0 0.0010  680.0 0.10 0.90
    917.00 3540.0 2000.0 0.0010  680.0 0.10 0.90
   1054.00 3540.0 2000.0 0.0010  680.0 0.10 0.90
    696.00 3540.0 2000.0 0.0010  680.0 0.10 0.90
    799.00 3540.0 2000.0 0.0010  680.0 0.10 0.90
    579.00 3540.0 2000.0 0.0010  680.0 0.10 0.90
   1389.00 3540.0 2000.0 0.0010  680.0 0.10 0.90
    961.00 3540.0 2000.0 0.0010  680.0 0.10 0.90
    729.00 3540.0 2000.0 0.0010  680.0 0.10 0.90
    729.00 3540.0 2000.0 0.0010  680.0 0.10 0.90
   1054.00 3540.0 2000.0 0.0010  680.0 0.10 0.90
    579.00 3540.0 2000.0 0.0010  680.0 0.10 0.90
   1688.00 3540.0 2000.0 0.0010  680.0 0.10 0.90
    553.00 3540.0 2000.0 0.0010  680.0 0.10 0.90
   2812.00 3540.0 2000.0 0.0010  680.0 0.10 0.90
    763.00 3540.0 2000.0 0.0010  680.0 0.10 0.90
    837.00 3540.0 2000.0 0.0010  680.0 0.10 0.90
    439.00 3540.0 2000.0 0.0010  680.0 0.10 0.90
    460.00 3540.0 2000.0 0.0010  680.0 0.10 0.90
    475.00 3540.0 2000.0 0.0010  680.0 0.10 0.90
   1103.00 3540.0 2000.0 0.0010  680.0 0.10 0.90
    763.00 3540.0 2000.0 0.0010  680.0 0.10 0.90
    696.00 3540.0 2000.0 0.0010  680.0 0.10 0.90
    460.00 3540.0 2000.0 0.0010  680.0 0.10 0.90
   1155.00 3540.0 2000.0 0.0010  680.0 0.10 0.90
   1389.00 3540.0 2000.0 0.0010  680.0 0.10 0.90
   1831.00 3540.0 2000.0 0.0010  680.0 0.10 0.90
   1006.00 3540.0 2000.0 0.0010  680.0 0.10 0.90
   1054.00 3540.0 2000.0 0.0010  680.0 0.10 0.90
    607.00 3540.0 2000.0 0.0010  680.0 0.10 0.90
    462.00 3540.0 2000.0 0.0010  680.0 0.10 0.90
   2406.00 3540.0 2000.0 0.0010  680.0 0.10 0.90
    635.00 3540.0 2000.0 0.0010  680.0 0.10 0.90
   2755.00 3540.0 2000.0 0.0010  680.0 0.10 0.90
    763.00 3540.0 2000.0 0.0010  680.0 0.10 0.90
   1468.00 3540.0 2000.0 0.0010  680.0 0.10 0.90
    961.00 3540.0 2000.0 0.0010  680.0 0.10 0.90
    635.00 3540.0 2000.0 0.0010  680.0 0.10 0.90
    504.00 3540.0 2000.0 0.0010  680.0 0.10 0.90
    365.00 3540.0 2000.0 0.0010  680.0 0.10 0.90
   1481.00 3540.0 2000.0 0.0010  680.0 0.10 0.90
   1986.00 3540.0 2000.0 0.0010  680.0 0.10 0.90
   1006.00 3540.0 2000.0 0.0010  680.0 0.10 0.90
    876.00 3540.0 2000.0 0.0010  680.0 0.10 0.90
    555.00 3540.0 2000.0 0.0010  680.0 0.10 0.90
    961.00 3540.0 2000.0 0.0010  680.0 0.10 0.90
    763.00 3540.0 2000.0 0.0010  680.0 0.10 0.90
   1528.00 3540.0 2000.0 0.0010  680.0 0.10 0.90
   1103.00 3540.0 2000.0 0.0010  680.0 0.10 0.90
    837.00 3540.0 2000.0 0.0010  680.0 0.10 0.90
    528.00 3540.0 2000.0 0.0010  680.0 0.10 0.90
   2075.00 3540.0 2000.0 0.0010  680.0 0.10 0.90
   2676.00 3540.0 2000.0 0.0010  680.0 0.10 0.90
   1171.00 3540.0 2000.0 0.0010  680.0 0.10 0.90
   1188.00 3540.0 2000.0 0.0010  680.0 0.10 0.90
    917.00 3540.0 2000.0 0.0010  680.0 0.10 0.90
    799.00 3540.0 2000.0 0.0010  680.0 0.10 0.90
    528.00 3540.0 2000.0 0.0010  680.0 0.10 0.90
    961.00 3540.0 2000.0 0.0010  680.0 0.10 0.90
    961.00 3540.0 2000.0 0.0010  680.0 0.10 0.90
    729.00 3540.0 2000.0 0.0010  680.0 0.10 0.90
   2365.00 3540.0 2000.0 0.0010  680.0 0.10 0.90
    917.00 3540.0 2000.0 0.0010  680.0 0.10 0.90
   1298.00 3540.0 2000.0 0.0010  680.0 0.10 0.90
    665.00 3540.0 2000.0 0.0010  680.0 0.10 0.90
    481.00 3540.0 2000.0 0.0010  680.0 0.10 0.90
    961.00 3540.0 2000.0 0.0010  680.0 0.10 0.90
   1054.00 3540.0 2000.0 0.0010  680.0 0.10 0.90
   1800.00 3540.0 2000.0 0.0010  680.0 0.10 0.90
   1054.00 3540.0 2000.0 0.0010  680.0 0.10 0.90
   1813.00 3540.0 2000.0 0.0010  680.0 0.10 0.90
   1603.00 3540.0 2000.0 0.0010  680.0 0.10 0.90
   1054.00 3540.0 2000.0 0.0010  680.0 0.10 0.90
    729.00 3540.0 2000.0 0.0010  680.0 0.10 0.90
    579.00 3540.0 2000.0 0.0010  680.0 0.10 0.90
   1569.00 3540.0 2000.0 0.0010  680.0 0.10 0.90
    665.00 3540.0 2000.0 0.0010  680.0 0.10 0.90
    917.00 3540.0 2000.0 0.0010  680.0 0.10 0.90
   2934.00 3540.0 2000.0 0.0010  680.0 0.10 0.90
   1210.00 3540.0 2000.0 0.0010  680.0 0.10 0.90
   1006.00 3540.0 2000.0 0.0010  680.0 0.10 0.90
   2596.00 3540.0 2000.0 0.0010  680.0 0.10 0.90
   1232.00 3540.0 2000.0 0.0010  680.0 0.10 0.90
    876.00 3540.0 2000.0 0.0010  680.0 0.10 0.90
   1054.00 3540.0 2000.0 0.0010  680.0 0.10 0.90
    553.00 3540.0 2000.0 0.0010  680.0 0.10 0.90
    635.00 3540.0 2000.0 0.0010  680.0 0.10 0.90
   5604.00 3540.0 2000.0 0.0010  680.0 0.10 0.90
   3053.00 3540.0 2000.0 0.0010  680.0 0.10 0.90
    635.00 3540.0 2000.0 0.0010  680.0 0.10 0.90
   3798.00 3540.0 2000.0 0.0010  680.0 0.10 0.90
   2190.00 3540.0 2000.0 0.0010  680.0 0.10 0.90
    961.00 3540.0 2000.0 0.0010  680.0 0.10 0.90
   5034.00 3540.0 2000.0 0.0010  680.0 0.10 0.90
   1871.00 3540.0 2000.0 0.0010  680.0 0.10 0.90
   1595.00 3540.0 2000.0 0.0010  680.0 0.10 0.90
    607.00 3540.0 2000.0 0.0010  680.0 0.10 0.90
   3674.00 3540.0 2000.0 0.0010  680.0 0.10 0.90
    876.00 3540.0 2000.0 0.0010  680.0 0.10 0.90
   4789.00 3540.0 2000.0 0.0010  680.0 0.10 0.90
    553.00 3540.0 2000.0 0.0010  680.0 0.10 0.90
   1657.00 3540.0 2000.0 0.0010  680.0 0.10 0.90
    528.00 3540.0 2000.0 0.0010  680.0 0.10 0.90
    511.00 3540.0 2000.0 0.0010  680.0 0.10 0.90
   2034.00 3540.0 2000.0 0.0010  680.0 0.10 0.90
   3045.00 3540.0 2000.0 0.0010  680.0 0.10 0.90
    481.00 3540.0 2000.0 0.0010  680.0 0.10 0.90
   2640.00 3540.0 2000.0 0.0010  680.0 0.10 0.90
   1889.00 3540.0 2000.0 0.0010  680.0 0.10 0.90
    553.00 3540.0 2000.0 0.0010  680.0 0.10 0.90
    876.00 3540.0 2000.0 0.0010  680.0 0.10 0.90
   1054.00 3540.0 2000.0 0.0010  680.0 0.10 0.90
    528.00 3540.0 2000.0 0.0010  680.0 0.10 0.90
    435.00 3540.0 2000.0 0.0010  680.0 0.10 0.90
   2708.00 3540.0 2000.0 0.0010  680.0 0.10 0.90
    961.00 3540.0 2000.0 0.0010  680.0 0.10 0.90
   1006.00 3540.0 2000.0 0.0010  680.0 0.10 0.90
    579.00 3540.0 2000.0 0.0010  680.0 0.10 0.90
    506.00 3540.0 2000.0 0.0010  680.0 0.10 0.90
    837.00 3540.0 2000.0 0.0010  680.0 0.10 0.90
    460.00 3540.0 2000.0 0.0010  680.0 0.10 0.90
    917.00 3540.0 2000.0 0.0010  680.0 0.10 0.90
   1210.00 3540.0 2000.0 0.0010  680.0 0.10 0.90
   3216.00 3540.0 2000.0 0.0010  680.0 0.10 0.90
    553.00 3540.0 2000.0 0.0010  680.0 0.10 0.90
   1643.00 3540.0 2000.0 0.0010  680.0 0.10 0.90
   1210.00 3540.0 2000.0 0.0010  680.0 0.10 0.90
   5487.00 3540.0 2000.0 0.0010  680.0 0.10 0.90
   2902.00 3540.0 2000.0 0.0010  680.0 0.10 0.90
    729.00 3540.0 2000.0 0.0010  680.0 0.10 0.90
   1917.00 3540.0 2000.0 0.0010  680.0 0.10 0.90
    481.00 3540.0 2000.0 0.0010  680.0 0.10 0.90
   1408.00 3540.0 2000.0 0.0010  680.0 0.10 0.90
   1266.00 3540.0 2000.0 0.0010  680.0 0.10 0.90
   1155.00 3540.0 2000.0 0.0010  680.0 0.10 0.90
    763.00 3540.0 2000.0 0.0010  680.0 0.10 0.90
    553.00 3540.0 2000.0 0.0010  680.0 0.10 0.90
   2143.00 3540.0 2000.0 0.0010  680.0 0.10 0.90
    579.00 3540.0 2000.0 0.0010  680.0 0.10 0.90
    665.00 3540.0 2000.0 0.0010  680.0 0.10 0.90
   1748.00 3540.0 2000.0 0.0010  680.0 0.10 0.90
   1748.00 3540.0 2000.0 0.0010  680.0 0.10 0.90
   1179.00 3540.0 2000.0 0.0010  680.0 0.10 0.90
   1200.00 3540.0 2000.0 0.0010  680.0 0.10 0.90
    439.00 3540.0 2000.0 0.0010  680.0 0.10 0.90
    917.00 3540.0 2000.0 0.0010  680.0 0.10 0.90
    917.00 3540.0 2000.0 0.0010  680.0 0.10 0.90
    799.00 3540.0 2000.0 0.0010  680.0 0.10 0.90
    763.00 3540.0 2000.0 0.0010  680.0 0.10 0.90
    553.00 3540.0 2000.0 0.0010  680.0 0.10 0.90
   3515.00 3540.0 2000.0 0.0010  680.0 0.10 0.90
   1185.00 3540.0 2000.0 0.0010  680.0 0.10 0.90
   2011.00 3540.0 2000.0 0.0010  680.0 0.10 0.90
   1389.00 3540.0 2000.0 0.0010  680.0 0.10 0.90
    696.00 3540.0 2000.0 0.0010  680.0 0.10 0.90
    961.00 3540.0 2000.0 0.0010  680.0 0.10 0.90
   1054.00 3540.0 2000.0 0.0010  680.0 0.10 0.90
   1796.00 3540.0 2000.0 0.0010  680.0 0.10 0.90
    504.00 3540.0 2000.0 0.0010  680.0 0.10 0.90
   6548.00 3540.0 2000.0 0.0010  680.0 0.10 0.90
   1451.00 3540.0 2000.0 0.0010  680.0 0.10 0.90
   1052.00 3540.0 2000.0 0.0010  680.0 0.10 0.90
   1327.00 3540.0 2000.0 0.0010  680.0 0.10 0.90
    528.00 3540.0 2000.0 0.0010  680.0 0.10 0.90
   1103.00 3540.0 2000.0 0.0010  680.0 0.10 0.90
   2055.00 3540.0 2000.0 0.0010  680.0 0.10 0.90
   1155.00 3540.0 2000.0 0.0010  680.0 0.10 0.90
   2771.00 3540.0 2000.0 0.0010  680.0 0.10 0.90
   2885.00 3540.0 2000.0 0.0010  680.0 0.10 0.90
    729.00 3540.0 2000.0 0.0010  680.0 0.10 0.90
   1327.00 3540.0 2000.0 0.0010  680.0 0.10 0.90
   2781.00 3540.0 2000.0 0.0010  680.0 0.10 0.90
   2776.00 3540.0 2000.0 0.0010  680.0 0.10 0.90
   4024.00 3540.0 2000.0 0.0010  680.0 0.10 0.90
   3494.00 3540.0 2000.0 0.0010  680.0 0.10 0.90
   1218.00 3540.0 2000.0 0.0010  680.0 0.10 0.90
    365.00 3540.0 2000.0 0.0010  680.0 0.10 0.90
    696.00 3540.0 2000.0 0.0010  680.0 0.10 0.90
   1697.00 3540.0 2000.0 0.0010  680.0 0.10 0.90
    481.00 3540.0 2000.0 0.0010  680.0 0.10 0.90
   1698.00 3540.0 2000.0 0.0010  680.0 0.10 0.90
    917.00 3540.0 2000.0 0.0010  680.0 0.10 0.90
    553.00 3540.0 2000.0 0.0010  680.0 0.10 0.90
    448.00 3540.0 2000.0 0.0010  680.0 0.10 0.90
    470.00 3540.0 2000.0 0.0010  680.0 0.10 0.90
   2476.00 3540.0 2000.0 0.0010  680.0 0.10 0.90
    665.00 3540.0 2000.0 0.0010  680.0 0.10 0.90
    759.00 3540.0 2000.0 0.0010  680.0 0.10 0.90
   2268.00 3540.0 2000.0 0.0010  680.0 0.10 0.90
   1378.00 3540.0 2000.0 0.0010  680.0 0.10 0.90
   1103.00 3540.0 2000.0 0.0010  680.0 0.10 0.90
   3160.00 3540.0 2000.0 0.0010  680.0 0.10 0.90
    579.00 3540.0 2000.0 0.0010  680.0 0.10 0.90
   1155.00 3540.0 2000.0 0.0010  680.0 0.10 0.90
   2276.00 3540.0 2000.0 0.0010  680.0 0.10 0.90
    692.00 3540.0 2000.0 0.0010  680.0 0.10 0.90
    961.00 3540.0 2000.0 0.0010  680.0 0.10 0.90
   1014.00 3540.0 2000.0 0.0010  680.0 0.10 0.90
    665.00 3540.0 2000.0 0.0010  680.0 0.10 0.90
   1210.00 3540.0 2000.0 0.0010  680.0 0.10 0.90
   1717.00 3540.0 2000.0 0.0010  680.0 0.10 0.90
    569.00 3540.0 2000.0 0.0010  680.0 0.10 0.90
    635.00 3540.0 2000.0 0.0010  680.0 0.10 0.90
    481.00 3540.0 2000.0 0.0010  680.0 0.10 0.90
    481.00 3540.0 2000.0 0.0010  680.0 0.10 0.90
    607.00 3540.0 2000.0 0.0010  680.0 0.10 0.90
   5742.00 3540.0 2000.0 0.0010  680.0 0.10 0.90
   2338.00 3540.0 2000.0 0.0010  680.0 0.10 0.90
   1915.00 3540.0 2000.0 0.0010  680.0 0.10 0.90
   1605.00 3540.0 2000.0 0.0010  680.0 0.10 0.90
   1389.00 3540.0 2000.0 0.0010  680.0 0.10 0.90
    876.00 3540.0 2000.0 0.0010  680.0 0.10 0.90
    763.00 3540.0 2000.0 0.0010  680.0 0.10 0.90
    876.00 3540.0 2000.0 0.0010  680.0 0.10 0.90
    528.00 3540.0 2000.0 0.0010  680.0 0.10 0.90
    481.00 3540.0 2000.0 0.0010  680.0 0.10 0.90
    460.00 3540.0 2000.0 0.0010  680.0 0.10 0.90
    553.00 3540.0 2000.0 0.0010  680.0 0.10 0.90
    579.00 3540.0 2000.0 0.0010  680.0 0.10 0.90
    533.00 3540.0 2000.0 0.0010  680.0 0.10 0.90
    525.00 3540.0 2000.0 0.0010  680.0 0.10 0.90
    763.00 3540.0 2000.0 0.0010  680.0 0.10 0.90
   1266.00 3540.0 2000.0 0.0010  680.0 0.10 0.90
   2413.00 3540.0 2000.0 0.0010  680.0 0.10 0.90
    579.00 3540.0 2000.0 0.0010  680.0 0.10 0.90
   2007.00 3540.0 2000.0 0.0010  680.0 0.10 0.90
    954.00 3540.0 2000.0 0.0010  680.0 0.10 0.90
    876.00 3540.0 2000.0 0.0010  680.0 0.10 0.90
   2171.00 3540.0 2000.0 0.0010  680.0 0.10 0.90
   1210.00 3540.0 2000.0 0.0010  680.0 0.10 0.90
    579.00 3540.0 2000.0 0.0010  680.0 0.10 0.90
   1593.00 3540.0 2000.0 0.0010  680.0 0.10 0.90
    799.00 3540.0 2000.0 0.0010  680.0 0.10 0.90
   2413.00 3540.0 2000.0 0.0010  680.0 0.10 0.90
    729.00 3540.0 2000.0 0.0010  680.0 0.10 0.90
