50
-1
1
 -0.35647459  -0.90976528   0.21272754  1.77601142e-04
 -0.81317450  -0.08074753  -0.57639143  1.62418010e-04
 -0.77722899   0.38416398   0.49833035  1.63569819e-04
 -0.58910835  -0.68883326  -0.42244537  1.93631582e-04
  0.04266390   0.73790950  -0.67354982  6.96083806e-04
 -0.50909214  -0.23280866   0.82862858  1.68348833e-04
  0.05754564   0.01261127  -0.99826322  4.37788818e-04
 -0.53988145   0.69196830   0.47927851  1.86470567e-04
 -0.60955768   0.75473829  -0.24250678  3.99783635e-04
  0.81761731   0.31695719   0.48066628  2.24804726e-04
 -0.43827034  -0.88610855   0.15076719  1.57068546e-04
  0.22869267  -0.90541621   0.35766067  1.91363869e-04
 -0.34275945   0.38819797  -0.85546379  3.11752058e-04
 -0.72092836  -0.64736064   0.24735905  5.35235489e-04
 -0.79520775   0.55499985   0.24417167  1.48490667e-04
  0.41283738  -0.90937679  -0.05098184  2.85491569e-04
  0.03491233   0.93713540  -0.34721517  1.45532282e-04
  0.15838119  -0.93235410  -0.32500958  2.23875428e-04
 -0.14073332  -0.15275877  -0.97819164  2.73529866e-04
  0.56566516   0.47865229   0.67150198  1.84512899e-04
  0.46970331  -0.86244376   0.18859895  1.83099610e-04
 -0.59454874   0.67573306  -0.43577130  2.37010434e-04
 -0.07687229   0.76620875  -0.63797712  1.45889605e-04
  0.91567924  -0.34164526  -0.21168382  6.03018349e-04
 -0.91151050   0.07051587   0.40518653  3.09938052e-04
 -0.58498440   0.30838326   0.75012867  4.95744439e-04
  0.42986721   0.06245150  -0.90072970  2.26277305e-04
  0.81472234  -0.38594205  -0.43275425  6.96326024e-04
 -0.19256720   0.08619947   0.97749042  3.89516704e-04
  0.12400156  -0.65199695   0.74801310  1.62411170e-04
 -0.36717499  -0.10958254  -0.92367429  3.92984032e-04
 -0.43875996  -0.82914539  -0.34642116  1.66570597e-04
  0.99255210  -0.12182071  -0.00023124  3.53677327e-04
 -0.21205861  -0.96100031  -0.17750929  1.59500230e-04
 -0.89697734  -0.16344195   0.41075342  2.59260337e-04
  0.14354715   0.98962607   0.00586981  1.94134255e-04
 -0.95307883  -0.05100086  -0.29839514  1.77095727e-04
  0.53165743   0.29449612  -0.79411108  3.68629635e-04
 -0.22050469  -0.97534417  -0.00902418  3.75323418e-04
 -0.77540885   0.44516250   0.44785205  1.54248389e-04
  0.66199141  -0.73998045   0.11914827  1.75938632e-04
  0.98846080   0.00385715   0.15142775  7.49219567e-04
  0.12496484  -0.97138842  -0.20196118  1.47818269e-04
 -0.30908817   0.66004935   0.68468924  1.69585145e-04
  0.02642794   0.95168076   0.30594983  3.16435208e-04
  0.97989685  -0.01100938   0.19920077  2.19631927e-04
  0.70464877  -0.69524365  -0.14179695  2.19460413e-04
 -0.82823347  -0.28717695  -0.48120548  1.75725802e-04
 -0.60761283  -0.71499768  -0.34581059  2.36376757e-04
  0.90287164  -0.22669363   0.36528455  2.37988114e-04
