50
 -1.1407996218300525E+00 -2.3170985309886123E+00 3.8420614944644871E-01
 8.7037096115134081E-03 -5.7332088713119818E-03 -1.6326832649053828E-03
0
0.0
 -1.1407996218300525E+00 -2.3170985309886123E+00 3.8420614944644871E-01
 8.8026889034366045E-03 -5.9003232833891445E-03 -1.6018797473508224E-03
0
0.0
 -1.1407996218300525E+00 -2.3170985309886123E+00 3.8420614944644871E-01
 8.7771302609642825E-03 -6.1132233924032558E-03 -1.6635932920973529E-03
0
0.0
 -1.1407996218300525E+00 -2.3170985309886123E+00 3.8420614944644871E-01
 8.8105003106069453E-03 -5.8872289906476069E-03 -1.5316040102953531E-03
0
0.0
 -1.1407996218300525E+00 -2.3170985309886123E+00 3.8420614944644871E-01
 8.7909464211565133E-03 -5.7435903380118969E-03 -1.5700682566469927E-03
0
0.0
 -1.1407996218300525E+00 -2.3170985309886123E+00 3.8420614944644871E-01
 8.8596045090910350E-03 -5.7875848475514224E-03 -1.6195902940129233E-03
0
0.0
 -1.1407996218300525E+00 -2.3170985309886123E+00 3.8420614944644871E-01
 8.7634771987417474E-03 -6.1761341323448840E-03 -1.5318181587884695E-03
0
0.0
 -1.1407996218300525E+00 -2.3170985309886123E+00 3.8420614944644871E-01
 8.9168659430645184E-03 -5.7996197788946508E-03 -1.5160265892328331E-03
0
0.0
 -1.1407996218300525E+00 -2.3170985309886123E+00 3.8420614944644871E-01
 8.6092915391168829E-03 -6.0792097242366901E-03 -1.5750982430362409E-03
0
0.0
 -1.1407996218300525E+00 -2.3170985309886123E+00 3.8420614944644871E-01
 8.9295555799677340E-03 -5.9045492995164223E-03 -1.6297738646484556E-03
0
0.0
 -1.1407996218300525E+00 -2.3170985309886123E+00 3.8420614944644871E-01
 8.5656574143298282E-03 -5.9834236302773172E-03 -1.6460342701576406E-03
0
0.0
 -1.1407996218300525E+00 -2.3170985309886123E+00 3.8420614944644871E-01
 8.7005028582375840E-03 -5.9376400471133446E-03 -1.6295623442541319E-03
0
0.0
 -1.1407996218300525E+00 -2.3170985309886123E+00 3.8420614944644871E-01
 8.7386731588244611E-03 -5.9170352870908096E-03 -1.5734963543533613E-03
0
0.0
 -1.1407996218300525E+00 -2.3170985309886123E+00 3.8420614944644871E-01
 8.8113203277465895E-03 -5.8910328679273724E-03 -1.7823714037813983E-03
0
0.0
 -1.1407996218300525E+00 -2.3170985309886123E+00 3.8420614944644871E-01
 8.8801757267628900E-03 -5.8822883097094285E-03 -1.6937231747911805E-03
0
0.0
 -1.1407996218300525E+00 -2.3170985309886123E+00 3.8420614944644871E-01
 8.8234165258598996E-03 -5.8479523316164539E-03 -1.6624789652346103E-03
0
0.0
 -1.1407996218300525E+00 -2.3170985309886123E+00 3.8420614944644871E-01
 8.8335599575796748E-03 -5.6985556908166956E-03 -1.6508814246684344E-03
0
0.0
 -1.1407996218300525E+00 -2.3170985309886123E+00 3.8420614944644871E-01
 8.5814364397279914E-03 -5.7489977371492701E-03 -1.4661556764965261E-03
0
0.0
 -1.1407996218300525E+00 -2.3170985309886123E+00 3.8420614944644871E-01
 8.7518873074771634E-03 -6.0452289576639088E-03 -1.6997984702861856E-03
0
0.0
 -1.1407996218300525E+00 -2.3170985309886123E+00 3.8420614944644871E-01
 8.7381230907561235E-03 -5.7507556571050299E-03 -1.7163167070580064E-03
0
0.0
 -1.1407996218300525E+00 -2.3170985309886123E+00 3.8420614944644871E-01
 8.7383665489566623E-03 -5.9379207465777581E-03 -1.6177290648978148E-03
0
0.0
 -1.1407996218300525E+00 -2.3170985309886123E+00 3.8420614944644871E-01
 8.7330665500345746E-03 -6.0082775096685246E-03 -1.5112291254125618E-03
0
0.0
 -1.1407996218300525E+00 -2.3170985309886123E+00 3.8420614944644871E-01
 8.6436677724587713E-03 -5.8333033885776047E-03 -1.7161975110286222E-03
0
0.0
 -1.1407996218300525E+00 -2.3170985309886123E+00 3.8420614944644871E-01
 8.6083869910471896E-03 -5.9860187331288563E-03 -1.7148416089828797E-03
0
0.0
 -1.1407996218300525E+00 -2.3170985309886123E+00 3.8420614944644871E-01
 8.7476876742001962E-03 -5.9027015527578419E-03 -1.6100613754385679E-03
0
0.0
 -1.1407996218300525E+00 -2.3170985309886123E+00 3.8420614944644871E-01
 8.8109042043426327E-03 -5.8939974369210521E-03 -1.7099718276904472E-03
0
0.0
 -1.1407996218300525E+00 -2.3170985309886123E+00 3.8420614944644871E-01
 8.8891349187187468E-03 -5.9796939657966409E-03 -1.6118622929063434E-03
0
0.0
 -1.1407996218300525E+00 -2.3170985309886123E+00 3.8420614944644871E-01
 9.0736871500377535E-03 -5.8789080430902002E-03 -1.5171055369955543E-03
0
0.0
 -1.1407996218300525E+00 -2.3170985309886123E+00 3.8420614944644871E-01
 8.9892864483483471E-03 -5.9667275478778774E-03 -1.6597756471399840E-03
0
0.0
 -1.1407996218300525E+00 -2.3170985309886123E+00 3.8420614944644871E-01
 8.7798256927801976E-03 -5.9738602684113575E-03 -1.6821931454961564E-03
0
0.0
 -1.1407996218300525E+00 -2.3170985309886123E+00 3.8420614944644871E-01
 8.9821461136241048E-03 -5.6840897455712452E-03 -1.6804251582885153E-03
0
0.0
 -1.1407996218300525E+00 -2.3170985309886123E+00 3.8420614944644871E-01
 8.7867862630197253E-03 -5.8497613697128560E-03 -1.5683056444676885E-03
0
0.0
 -1.1407996218300525E+00 -2.3170985309886123E+00 3.8420614944644871E-01
 8.8859776061583282E-03 -6.1505481822452602E-03 -1.7317468673909422E-03
0
0.0
 -1.1407996218300525E+00 -2.3170985309886123E+00 3.8420614944644871E-01
 8.5075164592372920E-03 -5.8716083663602897E-03 -1.7827665412154851E-03
0
0.0
 -1.1407996218300525E+00 -2.3170985309886123E+00 3.8420614944644871E-01
 8.9355272744694805E-03 -5.8720612319584468E-03 -1.8833413419519374E-03
0
0.0
 -1.1407996218300525E+00 -2.3170985309886123E+00 3.8420614944644871E-01
 8.9896090991370865E-03 -5.8922489459017537E-03 -1.6269722376875907E-03
0
0.0
 -1.1407996218300525E+00 -2.3170985309886123E+00 3.8420614944644871E-01
 8.7115625893234953E-03 -5.9265678192876019E-03 -1.5932402350483073E-03
0
0.0
 -1.1407996218300525E+00 -2.3170985309886123E+00 3.8420614944644871E-01
 9.0397315152596705E-03 -6.0087885467760413E-03 -1.4318594641198391E-03
0
0.0
 -1.1407996218300525E+00 -2.3170985309886123E+00 3.8420614944644871E-01
 8.6715334039052551E-03 -5.8666706793633694E-03 -1.7522530159066181E-03
0
0.0
 -1.1407996218300525E+00 -2.3170985309886123E+00 3.8420614944644871E-01
 8.8342680122222694E-03 -6.0540566370474169E-03 -1.6743155901582367E-03
0
0.0
 -1.1407996218300525E+00 -2.3170985309886123E+00 3.8420614944644871E-01
 8.7094897007424840E-03 -5.6771015407960767E-03 -1.6907549206099000E-03
0
0.0
 -1.1407996218300525E+00 -2.3170985309886123E+00 3.8420614944644871E-01
 8.8878875163789853E-03 -5.7559156250611429E-03 -1.6176718360433903E-03
0
0.0
 -1.1407996218300525E+00 -2.3170985309886123E+00 3.8420614944644871E-01
 8.9236579173218294E-03 -5.9393182149611434E-03 -1.6272229428651722E-03
0
0.0
 -1.1407996218300525E+00 -2.3170985309886123E+00 3.8420614944644871E-01
 8.7847400520043185E-03 -5.9186690494560318E-03 -1.6364658513908345E-03
0
0.0
 -1.1407996218300525E+00 -2.3170985309886123E+00 3.8420614944644871E-01
 8.8064949673871545E-03 -5.9678343777592492E-03 -1.7283037304307895E-03
0
0.0
 -1.1407996218300525E+00 -2.3170985309886123E+00 3.8420614944644871E-01
 8.8012003710916473E-03 -5.9393826914259902E-03 -1.5665277498302396E-03
0
0.0
 -1.1407996218300525E+00 -2.3170985309886123E+00 3.8420614944644871E-01
 8.8155034793491287E-03 -5.9059066662846852E-03 -1.6267446633301144E-03
0
0.0
 -1.1407996218300525E+00 -2.3170985309886123E+00 3.8420614944644871E-01
 8.8898974681273276E-03 -6.0095639451037191E-03 -1.7482339443981375E-03
0
0.0
 -1.1407996218300525E+00 -2.3170985309886123E+00 3.8420614944644871E-01
 8.7766570184604348E-03 -5.8976005513322015E-03 -1.6185377483732767E-03
0
0.0
 -1.1407996218300525E+00 -2.3170985309886123E+00 3.8420614944644871E-01
 8.4765315864397100E-03 -6.0618899631111134E-03 -1.6259650066509771E-03
0
0.0
