20
-1
1
 -0.61601112  -0.75740405   0.21649344  3.51974048e-04
  0.66060432   0.65673384  -0.36373424  2.00090680e-04
 -0.17446831   0.97023668  -0.16793332  3.21909026e-04
 -0.05153307   0.99789026  -0.03948876  2.45203174e-04
  0.97327486   0.16366344   0.16109103  2.03219375e-04
 -0.36841881  -0.20100963   0.90766883  1.85663906e-04
  0.04323022   0.35935811  -0.93219788  1.69410363e-04
 -0.07200107  -0.22371623   0.97199120  1.45648953e-04
 -0.38439374  -0.80032139   0.46013816  3.50497817e-04
  0.15060978   0.06179018   0.98666036  1.50465887e-04
 -0.47999852  -0.64387656  -0.59583923  2.46042429e-04
 -0.09022823  -0.88758776  -0.45171545  1.65550230e-04
  0.49861118   0.03460187   0.86613486  4.64132155e-04
  0.91091778  -0.18204207  -0.37025596  2.26431709e-04
  0.00464013  -0.90840029   0.41807582  4.18088649e-04
  0.71792285  -0.54814434   0.42909739  5.97498864e-04
 -0.39499216   0.15925036  -0.90477650  6.59031494e-04
 -0.71336755  -0.09367567   0.69450098  2.41918040e-04
 -0.42960310   0.88693906  -0.16964751  1.67251831e-04
  0.79336340   0.30870913   0.52466484  1.85687942e-04
