20
 -1.1407996218300525E+00 -2.3170985309886123E+00 3.8420614944644871E-01
 8.6840710100225156E-03 -5.8558714027045263E-03 -1.4775198722757155E-03
0
0.0
 -1.1407996218300525E+00 -2.3170985309886123E+00 3.8420614944644871E-01
 8.8038881185054218E-03 -5.7638963071866018E-03 -1.5722219702157916E-03
0
0.0
 -1.1407996218300525E+00 -2.3170985309886123E+00 3.8420614944644871E-01
 8.6976099927050902E-03 -5.6832600233657927E-03 -1.8282176252279549E-03
0
0.0
 -1.1407996218300525E+00 -2.3170985309886123E+00 3.8420614944644871E-01
 8.5409450827766166E-03 -6.0008516763870572E-03 -1.6858637167730364E-03
0
0.0
 -1.1407996218300525E+00 -2.3170985309886123E+00 3.8420614944644871E-01
 8.7835626166328108E-03 -5.5907145205203734E-03 -1.7188159749370545E-03
0
0.0
 -1.1407996218300525E+00 -2.3170985309886123E+00 3.8420614944644871E-01
 8.7993942069366452E-03 -5.7383351254375794E-03 -1.7050456094672710E-03
0
0.0
 -1.1407996218300525E+00 -2.3170985309886123E+00 3.8420614944644871E-01
 8.8104155916172190E-03 -5.8719566083981272E-03 -1.4772449692730710E-03
0
0.0
 -1.1407996218300525E+00 -2.3170985309886123E+00 3.8420614944644871E-01
 8.7261974627181778E-03 -5.9854940207250077E-03 -1.4772899163043387E-03
0
0.0
 -1.1407996218300525E+00 -2.3170985309886123E+00 3.8420614944644871E-01
 8.6832388189271754E-03 -5.7402296466542340E-03 -1.4697494053761923E-03
0
0.0
 -1.1407996218300525E+00 -2.3170985309886123E+00 3.8420614944644871E-01
 8.7872151277624943E-03 -5.9796088525798921E-03 -1.7243397997883448E-03
0
0.0
 -1.1407996218300525E+00 -2.3170985309886123E+00 3.8420614944644871E-01
 8.8597422220801775E-03 -5.9226548252402488E-03 -1.6023568834071652E-03
0
0.0
 -1.1407996218300525E+00 -2.3170985309886123E+00 3.8420614944644871E-01
 8.7949263116923714E-03 -5.9275018347042215E-03 -1.7266695819239406E-03
0
0.0
 -1.1407996218300525E+00 -2.3170985309886123E+00 3.8420614944644871E-01
 8.8761649896901846E-03 -5.7985507200022050E-03 -1.8047153485933488E-03
0
0.0
 -1.1407996218300525E+00 -2.3170985309886123E+00 3.8420614944644871E-01
 8.5394361750552473E-03 -5.6744810866790731E-03 -1.6529641843729616E-03
0
0.0
 -1.1407996218300525E+00 -2.3170985309886123E+00 3.8420614944644871E-01
 8.9222647395516379E-03 -5.9169358252880791E-03 -1.4563583210428607E-03
0
0.0
 -1.1407996218300525E+00 -2.3170985309886123E+00 3.8420614944644871E-01
 8.7815944923632615E-03 -5.9510295554193512E-03 -1.6581722846858915E-03
0
0.0
 -1.1407996218300525E+00 -2.3170985309886123E+00 3.8420614944644871E-01
 8.7945623035602973E-03 -5.9507028089049695E-03 -1.4736864966412569E-03
0
0.0
 -1.1407996218300525E+00 -2.3170985309886123E+00 3.8420614944644871E-01
 8.7254186605591633E-03 -5.9006140256761931E-03 -1.6800508964243570E-03
0
0.0
 -1.1407996218300525E+00 -2.3170985309886123E+00 3.8420614944644871E-01
 8.8390356317180323E-03 -5.9498035631829630E-03 -1.5312925166285636E-03
0
0.0
 -1.1407996218300525E+00 -2.3170985309886123E+00 3.8420614944644871E-01
 8.8571066917801748E-03 -5.6128073263574914E-03 -1.5963712729950064E-03
0
0.0
