20
-1
1
 -0.97968939  -0.06127121   0.19093071  1.59101252e-04
  0.32688237   0.54519956   0.77194906  1.66157660e-04
  0.98201641   0.14635628  -0.11926276  1.74484146e-04
 -0.68681865  -0.61290637   0.39067369  1.59652290e-04
 -0.71483297  -0.15633467   0.68159613  1.97125849e-04
  0.67221269   0.51217419  -0.53460986  2.85125738e-04
 -0.38931521  -0.65149475   0.65114381  4.08029962e-04
 -0.05433280  -0.47385577  -0.87892471  1.54993707e-04
  0.44449610  -0.43567543   0.78269415  1.67958782e-04
  0.73368224  -0.33992987  -0.58835198  2.03125408e-04
  0.70911733  -0.53597061   0.45813549  1.59878792e-04
 -0.45419784   0.77744498  -0.43506738  1.97621650e-04
  0.29643517  -0.53520559   0.79100011  1.65197515e-04
 -0.49303116   0.05576480  -0.86822265  3.43774363e-04
  0.48128340  -0.87568148  -0.03934765  2.53612051e-04
  0.90123432  -0.22222191   0.37201361  1.93406340e-04
 -0.76635776   0.44936168   0.45909679  2.51234865e-04
 -0.88165511   0.09271965   0.46269572  3.82009870e-04
 -0.11871545   0.99288580  -0.00918886  3.32003545e-04
  0.84184751  -0.17944334   0.50901164  8.52395625e-04
