20
 -1.1407996218300525E+00 -2.3170985309886123E+00 3.8420614944644871E-01
 8.6198438984331147E-03 -5.8944090800335932E-03 -1.7950528523991516E-03
0
0.0
 -1.1407996218300525E+00 -2.3170985309886123E+00 3.8420614944644871E-01
 8.8631970893568238E-03 -5.8864232598524052E-03 -1.7453280191824815E-03
0
0.0
 -1.1407996218300525E+00 -2.3170985309886123E+00 3.8420614944644871E-01
 8.8020293282709116E-03 -5.9367090841587157E-03 -1.5954705939554177E-03
0
0.0
 -1.1407996218300525E+00 -2.3170985309886123E+00 3.8420614944644871E-01
 8.7034223065197407E-03 -5.8629037366918560E-03 -1.7387614895550004E-03
0
0.0
 -1.1407996218300525E+00 -2.3170985309886123E+00 3.8420614944644871E-01
 8.9591243872986712E-03 -6.0370334393383294E-03 -1.6253306208029493E-03
0
0.0
 -1.1407996218300525E+00 -2.3170985309886123E+00 3.8420614944644871E-01
 8.8502359701501145E-03 -5.8580093227410595E-03 -1.6655380441969977E-03
0
0.0
 -1.1407996218300525E+00 -2.3170985309886123E+00 3.8420614944644871E-01
 8.8285598920427432E-03 -5.9239672575422562E-03 -1.6348062557009471E-03
0
0.0
 -1.1407996218300525E+00 -2.3170985309886123E+00 3.8420614944644871E-01
 8.5561949332356706E-03 -5.8994217479823637E-03 -1.7245428083252920E-03
0
0.0
 -1.1407996218300525E+00 -2.3170985309886123E+00 3.8420614944644871E-01
 8.7989374945975536E-03 -6.0213289361536453E-03 -1.8839395033273289E-03
0
0.0
 -1.1407996218300525E+00 -2.3170985309886123E+00 3.8420614944644871E-01
 8.6230086128078493E-03 -5.8100264869767326E-03 -1.5552449799430168E-03
0
0.0
 -1.1407996218300525E+00 -2.3170985309886123E+00 3.8420614944644871E-01
 8.7368691319042822E-03 -5.7332922164609786E-03 -1.8115125494060345E-03
0
0.0
 -1.1407996218300525E+00 -2.3170985309886123E+00 3.8420614944644871E-01
 8.9000412113319841E-03 -5.8018881651358727E-03 -1.6539102156428319E-03
0
0.0
 -1.1407996218300525E+00 -2.3170985309886123E+00 3.8420614944644871E-01
 8.5683831066556276E-03 -5.9961462240115740E-03 -1.3802834236949619E-03
0
0.0
 -1.1407996218300525E+00 -2.3170985309886123E+00 3.8420614944644871E-01
 8.5749288646034504E-03 -6.0078460519832995E-03 -1.7109590015995687E-03
0
0.0
 -1.1407996218300525E+00 -2.3170985309886123E+00 3.8420614944644871E-01
 8.5952722163108453E-03 -5.9112706158036075E-03 -1.7287849282735771E-03
0
0.0
 -1.1407996218300525E+00 -2.3170985309886123E+00 3.8420614944644871E-01
 8.7910885012251697E-03 -5.8897406175043463E-03 -1.5198664747981643E-03
0
0.0
 -1.1407996218300525E+00 -2.3170985309886123E+00 3.8420614944644871E-01
 8.7978260319429829E-03 -5.9761173432958167E-03 -1.6162086267652233E-03
0
0.0
 -1.1407996218300525E+00 -2.3170985309886123E+00 3.8420614944644871E-01
 8.7058493823518306E-03 -6.0108703389222563E-03 -1.4350501551230110E-03
0
0.0
 -1.1407996218300525E+00 -2.3170985309886123E+00 3.8420614944644871E-01
 8.8107942464407049E-03 -5.9035927330529049E-03 -1.5707646453232119E-03
0
0.0
 -1.1407996218300525E+00 -2.3170985309886123E+00 3.8420614944644871E-01
 8.8270045464928799E-03 -5.9667740212412460E-03 -1.5733576711953726E-03
0
0.0
