20
-1
1
 -0.88720322   0.23067588  -0.39957363  2.33416840e-04
 -0.83320214  -0.55223710  -0.02843210  2.01269870e-04
  0.16879078  -0.51425927  -0.84086091  2.09206247e-04
  0.68996859   0.50341054  -0.52011650  3.31851212e-04
 -0.47274732   0.73311709  -0.48892669  1.87045213e-04
 -0.78059362  -0.29556043   0.55074279  6.96457629e-04
  0.11583149  -0.56202260   0.81897110  2.12504535e-04
 -0.73150268  -0.65340962  -0.19483247  1.83035688e-04
  0.18023850   0.96674552  -0.18143094  1.63216503e-04
 -0.51537070   0.35038669   0.78206279  1.51084762e-04
 -0.64033771  -0.64877273   0.41117096  3.38107631e-04
  0.71221488   0.21243492   0.66904512  2.73900673e-04
 -0.03688825   0.76681610   0.64080600  2.27630005e-04
 -0.45176008   0.79655152   0.40176922  1.46624926e-04
 -0.73603014   0.64326304  -0.21088455  8.08819494e-04
 -0.01141627   0.79004093  -0.61294779  2.36924137e-04
  0.26662076  -0.73192631   0.62705442  8.10394690e-04
 -0.56127546   0.13619607   0.81634581  2.41611374e-04
 -0.00953129   0.35403536  -0.93518347  1.91687870e-04
 -0.01781543   0.80311291  -0.59556046  1.77072900e-04
