20
 -1.1407996218300525E+00 -2.3170985309886123E+00 3.8420614944644871E-01
 8.7625420102893162E-03 -5.9061967104283618E-03 -1.6160734443002700E-03
0
0.0
 -1.1407996218300525E+00 -2.3170985309886123E+00 3.8420614944644871E-01
 8.8320798766583445E-03 -5.8775161285509626E-03 -1.7403099346420985E-03
0
0.0
 -1.1407996218300525E+00 -2.3170985309886123E+00 3.8420614944644871E-01
 8.6407829547865619E-03 -5.8152175003900229E-03 -1.6650344124702011E-03
0
0.0
 -1.1407996218300525E+00 -2.3170985309886123E+00 3.8420614944644871E-01
 8.7469966661462978E-03 -5.8336781500347868E-03 -1.7027227139464920E-03
0
0.0
 -1.1407996218300525E+00 -2.3170985309886123E+00 3.8420614944644871E-01
 8.6952632598017027E-03 -5.8362874043024586E-03 -1.8022512735462177E-03
0
0.0
 -1.1407996218300525E+00 -2.3170985309886123E+00 3.8420614944644871E-01
 8.8328932648627581E-03 -6.1930642385170922E-03 -1.5085216178573290E-03
0
0.0
 -1.1407996218300525E+00 -2.3170985309886123E+00 3.8420614944644871E-01
 8.8606733948938862E-03 -5.9804702933562914E-03 -1.6269944468846127E-03
0
0.0
 -1.1407996218300525E+00 -2.3170985309886123E+00 3.8420614944644871E-01
 8.9526733305668772E-03 -5.8665369046622552E-03 -1.8207133352845981E-03
0
0.0
 -1.1407996218300525E+00 -2.3170985309886123E+00 3.8420614944644871E-01
 8.7708890502321609E-03 -5.9878100462864865E-03 -1.3963076854648629E-03
0
0.0
 -1.1407996218300525E+00 -2.3170985309886123E+00 3.8420614944644871E-01
 8.6852352998541184E-03 -5.7897031779877107E-03 -1.5819976645140058E-03
0
0.0
 -1.1407996218300525E+00 -2.3170985309886123E+00 3.8420614944644871E-01
 8.7549381411051678E-03 -6.1130115769322830E-03 -1.6137792422956365E-03
0
0.0
 -1.1407996218300525E+00 -2.3170985309886123E+00 3.8420614944644871E-01
 8.7942642704466976E-03 -6.2020629598242378E-03 -1.4567480174173426E-03
0
0.0
 -1.1407996218300525E+00 -2.3170985309886123E+00 3.8420614944644871E-01
 8.8156556323710413E-03 -5.8705866016188065E-03 -1.7392635694269210E-03
0
0.0
 -1.1407996218300525E+00 -2.3170985309886123E+00 3.8420614944644871E-01
 8.7982576639056304E-03 -6.1981188307828929E-03 -1.6254811435253171E-03
0
0.0
 -1.1407996218300525E+00 -2.3170985309886123E+00 3.8420614944644871E-01
 8.8631861666248167E-03 -5.7694151029160437E-03 -1.5789937588604965E-03
0
0.0
 -1.1407996218300525E+00 -2.3170985309886123E+00 3.8420614944644871E-01
 8.6699488200609222E-03 -5.9834500757893101E-03 -1.6371568611696487E-03
0
0.0
 -1.1407996218300525E+00 -2.3170985309886123E+00 3.8420614944644871E-01
 8.8325906228690215E-03 -6.0395980423795575E-03 -1.6981879778719445E-03
0
0.0
 -1.1407996218300525E+00 -2.3170985309886123E+00 3.8420614944644871E-01
 8.6497095697437819E-03 -5.8455301096729407E-03 -1.7027147022050295E-03
0
0.0
 -1.1407996218300525E+00 -2.3170985309886123E+00 3.8420614944644871E-01
 8.6235482206474881E-03 -6.0506095045542042E-03 -1.4553199771647157E-03
0
0.0
 -1.1407996218300525E+00 -2.3170985309886123E+00 3.8420614944644871E-01
 9.0222445857025928E-03 -5.9607202496846029E-03 -1.6691929790971494E-03
0
0.0
