20
-1
1
  0.00448960   0.94718687   0.32065071  3.18623415e-04
 -0.37636645   0.69491506   0.61273269  7.33784967e-04
 -0.19093553  -0.93408396  -0.30171306  6.64181980e-04
 -0.02776047   0.59023469  -0.80675421  1.61180941e-04
 -0.87727487  -0.29814018  -0.37616649  1.56750446e-04
  0.20247075  -0.09058929  -0.97508932  8.48450446e-04
 -0.57169964  -0.79677472  -0.19572831  1.68666862e-04
 -0.02074479   0.08765996  -0.99593443  8.00246354e-04
  0.91080285   0.12117317   0.39465838  5.20956506e-04
  0.85318113  -0.50899807   0.11403039  5.24180011e-04
  0.88839064   0.39664691   0.23115643  3.39246842e-04
  0.44874829   0.24084677   0.86059155  1.71522979e-04
  0.22486202   0.75083034  -0.62104015  1.62057651e-04
  0.87218702  -0.48400257   0.07093176  2.96696748e-04
 -0.19025295   0.00769338  -0.98170496  1.88537435e-04
  0.78427628   0.08076797  -0.61513190  1.49328730e-04
  0.77460163   0.62470476  -0.09867264  3.53305059e-04
 -0.39390247   0.91620906   0.07349690  2.93106612e-04
  0.31834640  -0.89792643  -0.30394687  3.97142305e-04
 -0.46603151   0.37311020  -0.80224897  2.96874928e-04
