20
 -1.1407996218300525E+00 -2.3170985309886123E+00 3.8420614944644871E-01
 8.8223729580413929E-03 -5.8217303090079917E-03 -1.8912115895263878E-03
0
0.0
 -1.1407996218300525E+00 -2.3170985309886123E+00 3.8420614944644871E-01
 8.9485566790848282E-03 -6.0235623396833922E-03 -1.7661089337208545E-03
0
0.0
 -1.1407996218300525E+00 -2.3170985309886123E+00 3.8420614944644871E-01
 8.6569268985534058E-03 -5.9653233333884521E-03 -1.5695429644239701E-03
0
0.0
 -1.1407996218300525E+00 -2.3170985309886123E+00 3.8420614944644871E-01
 9.0020954899890180E-03 -5.8735230089220795E-03 -1.8051359561038829E-03
0
0.0
 -1.1407996218300525E+00 -2.3170985309886123E+00 3.8420614944644871E-01
 8.9413912438866781E-03 -5.7938422192328250E-03 -1.6766296447946502E-03
0
0.0
 -1.1407996218300525E+00 -2.3170985309886123E+00 3.8420614944644871E-01
 8.7819773842294432E-03 -5.9309062529877103E-03 -1.6629284909391248E-03
0
0.0
 -1.1407996218300525E+00 -2.3170985309886123E+00 3.8420614944644871E-01
 8.7046957364587934E-03 -5.7406389360892254E-03 -1.4801777314836012E-03
0
0.0
 -1.1407996218300525E+00 -2.3170985309886123E+00 3.8420614944644871E-01
 8.7909139240450618E-03 -5.8628547607872360E-03 -1.6133330148977527E-03
0
0.0
 -1.1407996218300525E+00 -2.3170985309886123E+00 3.8420614944644871E-01
 8.8692532527343999E-03 -5.6692708323098249E-03 -1.6412754143602640E-03
0
0.0
 -1.1407996218300525E+00 -2.3170985309886123E+00 3.8420614944644871E-01
 8.7409977954883439E-03 -5.7140848115717346E-03 -1.8936829761021052E-03
0
0.0
 -1.1407996218300525E+00 -2.3170985309886123E+00 3.8420614944644871E-01
 8.8421095359234800E-03 -6.0852382585632877E-03 -1.3328211309231162E-03
0
0.0
 -1.1407996218300525E+00 -2.3170985309886123E+00 3.8420614944644871E-01
 8.8633213536372206E-03 -5.9362683429800634E-03 -1.9224494338600116E-03
0
0.0
 -1.1407996218300525E+00 -2.3170985309886123E+00 3.8420614944644871E-01
 8.8716322147728687E-03 -6.0201818357777321E-03 -1.7494615453840577E-03
0
0.0
 -1.1407996218300525E+00 -2.3170985309886123E+00 3.8420614944644871E-01
 8.9351967896335489E-03 -5.9303007413675553E-03 -1.5934720778193999E-03
0
0.0
 -1.1407996218300525E+00 -2.3170985309886123E+00 3.8420614944644871E-01
 8.7164497936634572E-03 -6.1122488202375660E-03 -1.6351400293181399E-03
0
0.0
 -1.1407996218300525E+00 -2.3170985309886123E+00 3.8420614944644871E-01
 8.8677090710948571E-03 -6.0647506623240774E-03 -1.5544147466389833E-03
0
0.0
 -1.1407996218300525E+00 -2.3170985309886123E+00 3.8420614944644871E-01
 8.7533511451966250E-03 -6.0624180302367653E-03 -1.6354992140175969E-03
0
0.0
 -1.1407996218300525E+00 -2.3170985309886123E+00 3.8420614944644871E-01
 8.7170836637938797E-03 -6.0853415949662622E-03 -1.5486432416721614E-03
0
0.0
 -1.1407996218300525E+00 -2.3170985309886123E+00 3.8420614944644871E-01
 8.7874518445473244E-03 -5.9573832539787513E-03 -1.7186503244440579E-03
0
0.0
 -1.1407996218300525E+00 -2.3170985309886123E+00 3.8420614944644871E-01
 8.8567659583390478E-03 -6.0181067425085768E-03 -1.8203679336564018E-03
0
0.0
