20
-1
1
  0.92848424  -0.29757567   0.22218403  2.80484233e-04
  0.17179009   0.90626916  -0.38621805  2.09493037e-04
 -0.79913493  -0.08818358   0.59464865  4.00962745e-04
 -0.57729526   0.59699413  -0.55707108  8.66125937e-04
 -0.50977233   0.57623617  -0.63881456  1.64647774e-04
 -0.70582719   0.39900208   0.58532497  4.45095921e-04
 -0.16492480  -0.39207854  -0.90502720  2.09249160e-04
  0.47659109  -0.21980536  -0.85120299  3.84159482e-04
  0.00741493  -0.81023783   0.58605432  2.26561999e-04
  0.02038246   0.49179742   0.87047105  2.38532852e-04
  0.79337626  -0.12766338  -0.59519423  3.98951233e-04
  0.62605093   0.56128850   0.54130901  1.80814624e-04
 -0.97606076  -0.12098989  -0.18073969  1.96160414e-04
 -0.99935480  -0.02112846  -0.02904417  2.15895519e-04
  0.57293554   0.81916938  -0.02657826  1.85925829e-04
  0.24041426  -0.91639003  -0.32004734  3.34333459e-04
 -0.91335890   0.40689868   0.01445623  6.42504118e-04
 -0.03230275   0.57986724   0.81407034  6.31348458e-04
  0.14466516   0.85844987   0.49207298  4.44220863e-04
  0.02262771  -0.67933676  -0.73347771  1.57842174e-04
