20
 -1.1407996218300525E+00 -2.3170985309886123E+00 3.8420614944644871E-01
 8.6882739233968727E-03 -6.1868728996608254E-03 -1.5445524655864314E-03
0
0.0
 -1.1407996218300525E+00 -2.3170985309886123E+00 3.8420614944644871E-01
 8.7097663664688386E-03 -5.8088281565176099E-03 -1.5458973904066706E-03
0
0.0
 -1.1407996218300525E+00 -2.3170985309886123E+00 3.8420614944644871E-01
 8.8549928245700658E-03 -5.8637633031823049E-03 -1.4232598428617338E-03
0
0.0
 -1.1407996218300525E+00 -2.3170985309886123E+00 3.8420614944644871E-01
 8.9103002337790459E-03 -6.0106217364962041E-03 -1.3438936037673687E-03
0
0.0
 -1.1407996218300525E+00 -2.3170985309886123E+00 3.8420614944644871E-01
 8.8739061930380586E-03 -6.0017610172044033E-03 -1.8073087673883405E-03
0
0.0
 -1.1407996218300525E+00 -2.3170985309886123E+00 3.8420614944644871E-01
 8.8417454399906618E-03 -5.8462381375937109E-03 -1.6748507733498636E-03
0
0.0
 -1.1407996218300525E+00 -2.3170985309886123E+00 3.8420614944644871E-01
 8.8663323486238271E-03 -6.0903604105404284E-03 -1.4600805550187986E-03
0
0.0
 -1.1407996218300525E+00 -2.3170985309886123E+00 3.8420614944644871E-01
 8.7810287036610962E-03 -5.9157753220279935E-03 -1.6240089698215513E-03
0
0.0
 -1.1407996218300525E+00 -2.3170985309886123E+00 3.8420614944644871E-01
 8.8745696742085819E-03 -5.9722172430770422E-03 -1.6384094702830635E-03
0
0.0
 -1.1407996218300525E+00 -2.3170985309886123E+00 3.8420614944644871E-01
 8.8661645389841847E-03 -5.8344908164854039E-03 -1.7929644198892171E-03
0
0.0
 -1.1407996218300525E+00 -2.3170985309886123E+00 3.8420614944644871E-01
 8.8367935642341966E-03 -5.9472087900267478E-03 -1.6701043592647039E-03
0
0.0
 -1.1407996218300525E+00 -2.3170985309886123E+00 3.8420614944644871E-01
 8.8755048205638679E-03 -6.1662629946795606E-03 -1.6775745716664809E-03
0
0.0
 -1.1407996218300525E+00 -2.3170985309886123E+00 3.8420614944644871E-01
 8.7818320108830877E-03 -5.8608208618538046E-03 -1.6016681603112813E-03
0
0.0
 -1.1407996218300525E+00 -2.3170985309886123E+00 3.8420614944644871E-01
 8.7756066314095878E-03 -6.2019108391109931E-03 -1.4731575624377445E-03
0
0.0
 -1.1407996218300525E+00 -2.3170985309886123E+00 3.8420614944644871E-01
 8.9874401115824284E-03 -6.0877840065053906E-03 -1.5665306789008622E-03
0
0.0
 -1.1407996218300525E+00 -2.3170985309886123E+00 3.8420614944644871E-01
 8.6801582264153538E-03 -5.8509684672680582E-03 -1.7842007939117138E-03
0
0.0
 -1.1407996218300525E+00 -2.3170985309886123E+00 3.8420614944644871E-01
 8.8566229563363311E-03 -5.8895556744854114E-03 -1.5788192107291138E-03
0
0.0
 -1.1407996218300525E+00 -2.3170985309886123E+00 3.8420614944644871E-01
 8.5562780111308502E-03 -6.0578405828398173E-03 -1.7428238146020543E-03
0
0.0
 -1.1407996218300525E+00 -2.3170985309886123E+00 3.8420614944644871E-01
 8.6702065758499092E-03 -5.9615795615269879E-03 -1.6683949872352060E-03
0
0.0
 -1.1407996218300525E+00 -2.3170985309886123E+00 3.8420614944644871E-01
 8.8556436232878656E-03 -5.7805351670015947E-03 -1.3572023509953669E-03
0
0.0
