20
-1
1
  0.21556895  -0.97361986  -0.07479570  3.12738252e-04
 -0.81424061   0.10181085   0.57153022  1.55292811e-04
  0.82178550  -0.56755010   0.05055170  2.43209892e-04
 -0.78410328  -0.57299048  -0.23846166  2.09836298e-04
 -0.55265922  -0.83322096   0.01762409  2.93662375e-04
 -0.59053349  -0.47130808   0.65508693  2.19435312e-04
 -0.28625563   0.89859257   0.33254940  1.53219744e-04
  0.46457186  -0.22827561   0.85560694  1.74938743e-04
 -0.01479007   0.43193065   0.90178555  1.76917985e-04
 -0.72343797   0.48899250   0.48736418  2.95450530e-04
  0.10297466   0.17853330  -0.97853057  3.62650752e-04
  0.23222474  -0.33182448   0.91431077  2.53986352e-04
  0.86150121   0.28206162  -0.42220481  2.66742939e-04
 -0.51617347   0.61280788  -0.59835730  2.83936469e-04
 -0.76539624  -0.38560490   0.51524504  3.16113029e-04
  0.51335460   0.11046296   0.85103759  2.33450995e-04
  0.97388343   0.07265060  -0.21511152  3.29366715e-04
  0.87761257  -0.47880132   0.02335552  1.91370023e-04
 -0.76585354  -0.63689451  -0.08850841  1.92380914e-04
 -0.83097094  -0.48781611   0.26743734  2.06997386e-04
