20
-1
1
 -0.06883679   0.99129198   0.11225733  2.96413040e-04
 -0.05110514   0.35734470   0.93257334  2.45135341e-04
  0.14515177  -0.92874552   0.34111981  5.67291197e-04
  0.45674813   0.67766345   0.57632750  1.95226213e-04
 -0.61971361   0.74179983  -0.25629681  2.35825770e-04
  0.77561956  -0.61058054   0.16001784  1.57289498e-04
 -0.74315371   0.33043275   0.58183912  2.05635574e-04
  0.00998924   0.37659185  -0.92632542  3.78915338e-04
 -0.53733251  -0.63344201   0.55679889  1.61792345e-04
 -0.04471609   0.98921138  -0.13950382  6.21975902e-04
 -0.55611397   0.30306858  -0.77387770  4.72707207e-04
 -0.94992545   0.29626240   0.09934903  1.72751330e-04
  0.63112901  -0.57176148  -0.52418029  4.16340522e-04
 -0.19111711   0.87085228  -0.45286924  3.04286575e-04
 -0.44844798   0.29552261  -0.84354063  2.41051653e-04
  0.48662422   0.85852294  -0.16166393  3.02539303e-04
  0.26522978  -0.72312413   0.63776536  2.20356091e-04
 -0.25103393  -0.89156237   0.37695956  5.65330798e-04
 -0.41444533  -0.34811274   0.84086420  2.38159585e-04
 -0.28419265   0.95700741  -0.05806337  3.38263201e-04
