50
-1
1
  0.67835532   0.51061685  -0.52830341  2.19935124e-04
  0.91880163  -0.31331056  -0.24008345  2.07023254e-04
  0.46476558  -0.20777091  -0.86071146  1.68532915e-04
  0.17223586  -0.63988900   0.74891713  1.86259384e-04
 -0.31747359  -0.01034049  -0.94821073  3.92522732e-04
 -0.57185972   0.28091461   0.77075511  1.77986538e-04
  0.01261971  -0.37794041   0.92574391  4.84334846e-04
 -0.30354760   0.71560813  -0.62909765  3.81167576e-04
  0.34663822  -0.66626671   0.66025041  1.85712634e-04
 -0.27871028  -0.15265527   0.94816504  7.77068607e-04
  0.32659910  -0.82808063  -0.45564845  3.58437015e-04
 -0.18142152   0.91382369  -0.36333523  1.61217449e-04
  0.29922667  -0.48605756   0.82110380  4.84572528e-04
 -0.40326271   0.83017229   0.38495865  7.77226032e-04
  0.95344987  -0.26820365  -0.13784105  1.71873854e-04
  0.08660667  -0.96705826  -0.23936917  4.29080921e-04
  0.77391678  -0.01949680  -0.63298712  5.43118818e-04
  0.32130470  -0.48655523  -0.81242064  3.76857727e-04
  0.87881057   0.46954856   0.08494781  6.67785774e-04
  0.97143580   0.22494527   0.07557850  1.55135163e-04
  0.00385768  -0.98318690   0.18256134  8.45510508e-04
 -0.49953094   0.83121140  -0.24404190  3.57716131e-04
 -0.23191979  -0.63559522   0.73636399  1.60376042e-04
 -0.29911560   0.79208100  -0.53210671  2.38572745e-04
 -0.07002681   0.96459466  -0.25427032  1.88671834e-04
  0.11653076  -0.39748657   0.91017856  5.04915985e-04
  0.94815969  -0.23850732  -0.21001778  1.87821420e-04
  0.18931602   0.35686738  -0.91477053  4.24545992e-04
  0.94859136  -0.13773030  -0.28496454  6.36764143e-04
  0.90009114   0.10522394  -0.42280475  1.92938710e-04
  0.46821419  -0.69022839  -0.55168854  2.39245975e-04
  0.82185025  -0.12874408   0.55496588  1.56537411e-04
 -0.50701051   0.62192291   0.59678491  1.59194511e-04
  0.83441348   0.50612025   0.21816608  1.81267735e-04
  0.53542726  -0.77118231  -0.34437695  2.24202553e-04
  0.48045185  -0.34813832  -0.80496318  1.81756397e-04
 -0.70391244  -0.50776134  -0.49667465  1.86671412e-04
 -0.71259404   0.01438060  -0.70142921  1.66049169e-04
 -0.18614644   0.19575205  -0.96282430  1.59769132e-04
  0.60992073   0.68343800  -0.40113489  4.02194296e-04
  0.68786583  -0.04503101   0.72443965  6.76964643e-04
  0.82832525  -0.48681718  -0.27728380  8.24756903e-04
  0.12005739   0.19209141   0.97400571  3.23897648e-04
 -0.13380148  -0.25465505  -0.95773063  2.25225138e-04
  0.81457555  -0.03113941   0.57922104  2.41785621e-04
  0.06527043   0.40120977   0.91365775  1.89349452e-04
 -0.31597492   0.01525785  -0.94864485  1.57942989e-04
 -0.17292222   0.09609847  -0.98023619  3.03775016e-04
 -0.01925950  -0.73144739  -0.68162584  2.39341741e-04
  0.35033424   0.29938234  -0.88748867  1.83491723e-04
