50
 -1.1407996218300525E+00 -2.3170985309886123E+00 3.8420614944644871E-01
 8.6753131821122563E-03 -6.0641220230575202E-03 -1.6488323158033533E-03
0
0.0
 -1.1407996218300525E+00 -2.3170985309886123E+00 3.8420614944644871E-01
 8.7950118810065439E-03 -5.9399675792339499E-03 -1.5472750965955849E-03
0
0.0
 -1.1407996218300525E+00 -2.3170985309886123E+00 3.8420614944644871E-01
 8.5330867099616681E-03 -5.8524509943173606E-03 -1.5545350981355428E-03
0
0.0
 -1.1407996218300525E+00 -2.3170985309886123E+00 3.8420614944644871E-01
 8.9686198764443482E-03 -6.0142361521698436E-03 -1.6360348690707212E-03
0
0.0
 -1.1407996218300525E+00 -2.3170985309886123E+00 3.8420614944644871E-01
 8.7792969628164297E-03 -6.1593410682311417E-03 -1.7469647063027179E-03
0
0.0
 -1.1407996218300525E+00 -2.3170985309886123E+00 3.8420614944644871E-01
 8.8384273503217935E-03 -5.9623084051579492E-03 -1.4831852776057758E-03
0
0.0
 -1.1407996218300525E+00 -2.3170985309886123E+00 3.8420614944644871E-01
 8.7895634254778216E-03 -5.9262204205553504E-03 -1.6538421681835337E-03
0
0.0
 -1.1407996218300525E+00 -2.3170985309886123E+00 3.8420614944644871E-01
 8.8626122652481105E-03 -5.8213181795722839E-03 -1.5851618255405804E-03
0
0.0
 -1.1407996218300525E+00 -2.3170985309886123E+00 3.8420614944644871E-01
 8.7838166983283793E-03 -5.8827142727236915E-03 -1.6324764856938334E-03
0
0.0
 -1.1407996218300525E+00 -2.3170985309886123E+00 3.8420614944644871E-01
 8.5174320445587700E-03 -5.7637905658503305E-03 -1.6734100228760871E-03
0
0.0
 -1.1407996218300525E+00 -2.3170985309886123E+00 3.8420614944644871E-01
 8.5698679805871342E-03 -6.0087368414893372E-03 -1.6089924867503996E-03
0
0.0
 -1.1407996218300525E+00 -2.3170985309886123E+00 3.8420614944644871E-01
 8.8408015887673705E-03 -5.7921466801403422E-03 -1.7236014239772998E-03
0
0.0
 -1.1407996218300525E+00 -2.3170985309886123E+00 3.8420614944644871E-01
 8.9937194727969707E-03 -5.8673442473085270E-03 -1.6415649302088801E-03
0
0.0
 -1.1407996218300525E+00 -2.3170985309886123E+00 3.8420614944644871E-01
 8.9534086921414669E-03 -5.8010546766931953E-03 -1.7015976868032794E-03
0
0.0
 -1.1407996218300525E+00 -2.3170985309886123E+00 3.8420614944644871E-01
 8.9294046790057337E-03 -5.9692478613519494E-03 -1.5106506468351120E-03
0
0.0
 -1.1407996218300525E+00 -2.3170985309886123E+00 3.8420614944644871E-01
 8.9326918510322911E-03 -5.9184113230072088E-03 -1.6579061509935744E-03
0
0.0
 -1.1407996218300525E+00 -2.3170985309886123E+00 3.8420614944644871E-01
 8.8094173650434138E-03 -6.0498240176936856E-03 -1.5730364472359253E-03
0
0.0
 -1.1407996218300525E+00 -2.3170985309886123E+00 3.8420614944644871E-01
 8.6577121559535432E-03 -6.0122383268678614E-03 -1.5459393228275053E-03
0
0.0
 -1.1407996218300525E+00 -2.3170985309886123E+00 3.8420614944644871E-01
 8.6985960212379483E-03 -5.8707407214157519E-03 -1.6064265069292208E-03
0
0.0
 -1.1407996218300525E+00 -2.3170985309886123E+00 3.8420614944644871E-01
 8.8261463057127572E-03 -5.7662212805806067E-03 -1.6566959492229204E-03
0
0.0
 -1.1407996218300525E+00 -2.3170985309886123E+00 3.8420614944644871E-01
 8.7907082364804129E-03 -5.9191872347917184E-03 -1.4409213464611820E-03
0
0.0
 -1.1407996218300525E+00 -2.3170985309886123E+00 3.8420614944644871E-01
 9.0350808336692456E-03 -6.0547620290038670E-03 -1.7048054817798643E-03
0
0.0
 -1.1407996218300525E+00 -2.3170985309886123E+00 3.8420614944644871E-01
 8.6573947613909318E-03 -5.9402027557017350E-03 -1.6405642317645611E-03
0
0.0
 -1.1407996218300525E+00 -2.3170985309886123E+00 3.8420614944644871E-01
 8.9753319883547275E-03 -5.9977932288866487E-03 -1.7785666540415601E-03
0
0.0
 -1.1407996218300525E+00 -2.3170985309886123E+00 3.8420614944644871E-01
 8.9071335295438960E-03 -6.0603270140775056E-03 -1.6378469337940745E-03
0
0.0
 -1.1407996218300525E+00 -2.3170985309886123E+00 3.8420614944644871E-01
 8.9087823606483901E-03 -5.9237787563375137E-03 -1.6823446198381540E-03
0
0.0
 -1.1407996218300525E+00 -2.3170985309886123E+00 3.8420614944644871E-01
 8.9850595279642089E-03 -6.0173610431877951E-03 -1.6152857134977615E-03
0
0.0
 -1.1407996218300525E+00 -2.3170985309886123E+00 3.8420614944644871E-01
 8.7684235584948398E-03 -6.0085712902976400E-03 -1.9167965142363849E-03
0
0.0
 -1.1407996218300525E+00 -2.3170985309886123E+00 3.8420614944644871E-01
 8.8088125655795286E-03 -5.8788105474674897E-03 -1.5874755318466636E-03
0
0.0
 -1.1407996218300525E+00 -2.3170985309886123E+00 3.8420614944644871E-01
 8.8841303456141645E-03 -5.7043693828103259E-03 -1.6235915100665332E-03
0
0.0
 -1.1407996218300525E+00 -2.3170985309886123E+00 3.8420614944644871E-01
 8.7829884206907551E-03 -5.5749679661768331E-03 -1.5523811985678291E-03
0
0.0
 -1.1407996218300525E+00 -2.3170985309886123E+00 3.8420614944644871E-01
 8.9328009088664364E-03 -5.9069918019098687E-03 -1.6731963515943240E-03
0
0.0
 -1.1407996218300525E+00 -2.3170985309886123E+00 3.8420614944644871E-01
 8.8064708776477794E-03 -5.8103099816671847E-03 -1.5737772066242751E-03
0
0.0
 -1.1407996218300525E+00 -2.3170985309886123E+00 3.8420614944644871E-01
 8.8139556325948377E-03 -5.8989019575763279E-03 -1.5569539234736264E-03
0
0.0
 -1.1407996218300525E+00 -2.3170985309886123E+00 3.8420614944644871E-01
 8.6997545825326737E-03 -5.7359586469095825E-03 -1.3677479315740897E-03
0
0.0
 -1.1407996218300525E+00 -2.3170985309886123E+00 3.8420614944644871E-01
 8.8563964214931085E-03 -5.8802233403716505E-03 -1.4960972516442845E-03
0
0.0
 -1.1407996218300525E+00 -2.3170985309886123E+00 3.8420614944644871E-01
 8.8431894457402654E-03 -5.9085337008824368E-03 -1.6305916219862783E-03
0
0.0
 -1.1407996218300525E+00 -2.3170985309886123E+00 3.8420614944644871E-01
 8.9810124438377686E-03 -5.8759714230234234E-03 -1.6398049140264499E-03
0
0.0
 -1.1407996218300525E+00 -2.3170985309886123E+00 3.8420614944644871E-01
 8.8214383975923037E-03 -5.9228836977275375E-03 -1.5831269363994372E-03
0
0.0
 -1.1407996218300525E+00 -2.3170985309886123E+00 3.8420614944644871E-01
 8.6617529893426529E-03 -5.9499676931871019E-03 -1.6909893559707478E-03
0
0.0
 -1.1407996218300525E+00 -2.3170985309886123E+00 3.8420614944644871E-01
 8.5343705528787422E-03 -5.8465588084664552E-03 -1.8409601794383951E-03
0
0.0
 -1.1407996218300525E+00 -2.3170985309886123E+00 3.8420614944644871E-01
 9.0204993621203176E-03 -5.9710406336831879E-03 -1.7881980925322351E-03
0
0.0
 -1.1407996218300525E+00 -2.3170985309886123E+00 3.8420614944644871E-01
 8.8919442191890390E-03 -5.6924029830658354E-03 -1.6171047762957289E-03
0
0.0
 -1.1407996218300525E+00 -2.3170985309886123E+00 3.8420614944644871E-01
 8.6733291435226439E-03 -5.8356299291697118E-03 -1.5399446878166063E-03
0
0.0
 -1.1407996218300525E+00 -2.3170985309886123E+00 3.8420614944644871E-01
 9.0109101224190424E-03 -5.6803671687060513E-03 -1.6015885283151882E-03
0
0.0
 -1.1407996218300525E+00 -2.3170985309886123E+00 3.8420614944644871E-01
 8.9402222140631486E-03 -5.9568022953130715E-03 -1.4472968054968624E-03
0
0.0
 -1.1407996218300525E+00 -2.3170985309886123E+00 3.8420614944644871E-01
 8.7772988784312715E-03 -5.7910202829477642E-03 -1.7202216756172983E-03
0
0.0
 -1.1407996218300525E+00 -2.3170985309886123E+00 3.8420614944644871E-01
 9.0059072569625177E-03 -5.9324575443791740E-03 -1.5785130457913823E-03
0
0.0
 -1.1407996218300525E+00 -2.3170985309886123E+00 3.8420614944644871E-01
 8.9436397504023754E-03 -5.7277746843434870E-03 -1.7636307165367932E-03
0
0.0
 -1.1407996218300525E+00 -2.3170985309886123E+00 3.8420614944644871E-01
 8.5488564495786352E-03 -6.1206394199630823E-03 -1.4952397888859921E-03
0
0.0
