20
 -1.1407996218300525E+00 -2.3170985309886123E+00 3.8420614944644871E-01
 8.8709312776086013E-03 -5.6776553166420990E-03 -1.7975740339537429E-03
0
0.0
 -1.1407996218300525E+00 -2.3170985309886123E+00 3.8420614944644871E-01
 9.0000286717376605E-03 -5.9683753685877772E-03 -1.5838411125982362E-03
0
0.0
 -1.1407996218300525E+00 -2.3170985309886123E+00 3.8420614944644871E-01
 8.8997132408713889E-03 -5.8809616607678758E-03 -1.4639124903405420E-03
0
0.0
 -1.1407996218300525E+00 -2.3170985309886123E+00 3.8420614944644871E-01
 8.6666631638635389E-03 -6.1287605196680391E-03 -1.4890167145520995E-03
0
0.0
 -1.1407996218300525E+00 -2.3170985309886123E+00 3.8420614944644871E-01
 8.8347944972076136E-03 -5.7821878259417762E-03 -1.7163167719843725E-03
0
0.0
 -1.1407996218300525E+00 -2.3170985309886123E+00 3.8420614944644871E-01
 8.8693292901257208E-03 -5.9918316769392820E-03 -1.4403728190506254E-03
0
0.0
 -1.1407996218300525E+00 -2.3170985309886123E+00 3.8420614944644871E-01
 8.6512192056520335E-03 -5.9613698105576533E-03 -1.7822470004997095E-03
0
0.0
 -1.1407996218300525E+00 -2.3170985309886123E+00 3.8420614944644871E-01
 8.8676321320132149E-03 -5.8487750038999919E-03 -1.3990106353165767E-03
0
0.0
 -1.1407996218300525E+00 -2.3170985309886123E+00 3.8420614944644871E-01
 8.8150311638862631E-03 -5.8884626899227670E-03 -1.6612015133844517E-03
0
0.0
 -1.1407996218300525E+00 -2.3170985309886123E+00 3.8420614944644871E-01
 8.7922615898034535E-03 -5.7202445478812605E-03 -1.8445168274543893E-03
0
0.0
 -1.1407996218300525E+00 -2.3170985309886123E+00 3.8420614944644871E-01
 8.8353748264406000E-03 -5.7790110862770902E-03 -1.4155837403973920E-03
0
0.0
 -1.1407996218300525E+00 -2.3170985309886123E+00 3.8420614944644871E-01
 8.8525845831484810E-03 -5.8833666036638135E-03 -1.6135792303004287E-03
0
0.0
 -1.1407996218300525E+00 -2.3170985309886123E+00 3.8420614944644871E-01
 8.7402312033170882E-03 -6.0354810353970981E-03 -1.7842765589628294E-03
0
0.0
 -1.1407996218300525E+00 -2.3170985309886123E+00 3.8420614944644871E-01
 8.7411500317634647E-03 -5.9834549430156994E-03 -1.6161182240737064E-03
0
0.0
 -1.1407996218300525E+00 -2.3170985309886123E+00 3.8420614944644871E-01
 8.6274571980046837E-03 -5.8059536813228540E-03 -1.3905857479100479E-03
0
0.0
 -1.1407996218300525E+00 -2.3170985309886123E+00 3.8420614944644871E-01
 8.7900854806502744E-03 -5.9052085733707080E-03 -1.5510501924701867E-03
0
0.0
 -1.1407996218300525E+00 -2.3170985309886123E+00 3.8420614944644871E-01
 8.8196431861146569E-03 -5.7917329961013802E-03 -1.5274120370417448E-03
0
0.0
 -1.1407996218300525E+00 -2.3170985309886123E+00 3.8420614944644871E-01
 8.8560537865755625E-03 -6.1115222278743308E-03 -1.7301848052792839E-03
0
0.0
 -1.1407996218300525E+00 -2.3170985309886123E+00 3.8420614944644871E-01
 8.5441398601317047E-03 -5.8205117639009438E-03 -1.7013764893041049E-03
0
0.0
 -1.1407996218300525E+00 -2.3170985309886123E+00 3.8420614944644871E-01
 8.7266220787312124E-03 -5.7657224977834256E-03 -1.5139264267080431E-03
0
0.0
