20
 -1.1407996218300525E+00 -2.3170985309886123E+00 3.8420614944644871E-01
 8.6231889753127858E-03 -5.6558776815374950E-03 -1.5843886835120442E-03
0
0.0
 -1.1407996218300525E+00 -2.3170985309886123E+00 3.8420614944644871E-01
 8.8800698587682726E-03 -5.8319819723859391E-03 -1.8625617849653206E-03
0
0.0
 -1.1407996218300525E+00 -2.3170985309886123E+00 3.8420614944644871E-01
 8.7460890233034012E-03 -5.9226756154025836E-03 -1.3131991307862149E-03
0
0.0
 -1.1407996218300525E+00 -2.3170985309886123E+00 3.8420614944644871E-01
 8.6888735777185915E-03 -5.8515598129823985E-03 -1.6620799061404391E-03
0
0.0
 -1.1407996218300525E+00 -2.3170985309886123E+00 3.8420614944644871E-01
 8.5595544675551027E-03 -5.9418382116335731E-03 -1.8008772130904606E-03
0
0.0
 -1.1407996218300525E+00 -2.3170985309886123E+00 3.8420614944644871E-01
 8.9585680358858274E-03 -6.0019792938673152E-03 -1.6986100193089229E-03
0
0.0
 -1.1407996218300525E+00 -2.3170985309886123E+00 3.8420614944644871E-01
 8.6338902183691456E-03 -5.8806717830850617E-03 -1.6687895192016302E-03
0
0.0
 -1.1407996218300525E+00 -2.3170985309886123E+00 3.8420614944644871E-01
 8.8572599465728315E-03 -5.8762775128295931E-03 -1.6042956442203877E-03
0
0.0
 -1.1407996218300525E+00 -2.3170985309886123E+00 3.8420614944644871E-01
 8.7764946077095677E-03 -6.0142474123129775E-03 -1.6513193105418844E-03
0
0.0
 -1.1407996218300525E+00 -2.3170985309886123E+00 3.8420614944644871E-01
 8.8538902610260251E-03 -5.9148846450143688E-03 -1.7309827723727383E-03
0
0.0
 -1.1407996218300525E+00 -2.3170985309886123E+00 3.8420614944644871E-01
 8.8097800360240185E-03 -5.6909763770055096E-03 -1.7216975897117221E-03
0
0.0
 -1.1407996218300525E+00 -2.3170985309886123E+00 3.8420614944644871E-01
 8.7139206940220135E-03 -6.0127385223501025E-03 -1.7861784907253671E-03
0
0.0
 -1.1407996218300525E+00 -2.3170985309886123E+00 3.8420614944644871E-01
 8.7819853002807438E-03 -5.9076679415798836E-03 -1.6651660848400877E-03
0
0.0
 -1.1407996218300525E+00 -2.3170985309886123E+00 3.8420614944644871E-01
 8.8593129953163999E-03 -5.7760060885763860E-03 -1.4732893114123855E-03
0
0.0
 -1.1407996218300525E+00 -2.3170985309886123E+00 3.8420614944644871E-01
 8.7632408146715683E-03 -5.8189033265606321E-03 -1.6117062731100598E-03
0
0.0
 -1.1407996218300525E+00 -2.3170985309886123E+00 3.8420614944644871E-01
 8.7842508323032215E-03 -5.8368823085779009E-03 -1.5748104419810280E-03
0
0.0
 -1.1407996218300525E+00 -2.3170985309886123E+00 3.8420614944644871E-01
 8.6288451116216004E-03 -5.8605954065942259E-03 -1.6043875412918060E-03
0
0.0
 -1.1407996218300525E+00 -2.3170985309886123E+00 3.8420614944644871E-01
 8.8076877913096496E-03 -5.7773626167329081E-03 -1.7469075765478082E-03
0
0.0
 -1.1407996218300525E+00 -2.3170985309886123E+00 3.8420614944644871E-01
 8.7035927041407002E-03 -6.1058597625452135E-03 -1.6293480147473516E-03
0
0.0
 -1.1407996218300525E+00 -2.3170985309886123E+00 3.8420614944644871E-01
 8.9323680202276039E-03 -5.8901542299937704E-03 -1.7025387958264407E-03
0
0.0
