20
-1
1
  0.54845440  -0.69510758  -0.46478299  2.21634072e-04
 -0.65114201   0.01146252  -0.75886935  3.02317154e-04
 -0.63478828  -0.47510836   0.60935694  2.55487865e-04
 -0.30317350  -0.81995794  -0.48554589  4.00847477e-04
  0.13970384   0.21939642   0.96558171  2.71761731e-04
 -0.37797224  -0.91216888   0.15838220  3.61804519e-04
  0.36621966  -0.88106275   0.29935195  2.20797000e-04
 -0.38863243   0.82596858  -0.40833901  4.01629705e-04
  0.03953848   0.83380163  -0.55064648  3.98679976e-04
 -0.34158167   0.86648746   0.36403494  1.50386183e-04
  0.63041813   0.77622272  -0.00716030  3.20134799e-04
  0.53803474   0.49438832   0.68271429  5.52837599e-04
  0.74754504  -0.65678634  -0.09903596  7.94912222e-04
  0.56574619   0.81303032   0.13752435  2.63015452e-04
  0.18730944  -0.95197020  -0.24221459  4.10318268e-04
  0.26500397  -0.12682094  -0.95587099  5.14954567e-04
  0.10894776  -0.91769619  -0.38205247  1.70581479e-04
 -0.63002880  -0.73864792   0.23971431  1.47753447e-04
 -0.83022898   0.43635880  -0.34685852  1.69296509e-04
  0.53268158   0.23385791  -0.81336389  2.73980925e-04
