20
 -1.1407996218300525E+00 -2.3170985309886123E+00 3.8420614944644871E-01
 9.0696025039142137E-03 -5.7885757694542362E-03 -1.4880888242581472E-03
0
0.0
 -1.1407996218300525E+00 -2.3170985309886123E+00 3.8420614944644871E-01
 8.8688340656057577E-03 -6.0775268029115304E-03 -1.6978821722592344E-03
0
0.0
 -1.1407996218300525E+00 -2.3170985309886123E+00 3.8420614944644871E-01
 8.7825310144038510E-03 -6.1388113172641109E-03 -1.6171951424906470E-03
0
0.0
 -1.1407996218300525E+00 -2.3170985309886123E+00 3.8420614944644871E-01
 8.8021759790256789E-03 -5.8639964269828941E-03 -1.5889141995682845E-03
0
0.0
 -1.1407996218300525E+00 -2.3170985309886123E+00 3.8420614944644871E-01
 8.7894960915646716E-03 -6.0272182523602750E-03 -1.6105652169903799E-03
0
0.0
 -1.1407996218300525E+00 -2.3170985309886123E+00 3.8420614944644871E-01
 8.9822979396629327E-03 -6.1001361657964936E-03 -1.5287445954445963E-03
0
0.0
 -1.1407996218300525E+00 -2.3170985309886123E+00 3.8420614944644871E-01
 8.8319543232119740E-03 -5.8255727476328222E-03 -1.6625388971811263E-03
0
0.0
 -1.1407996218300525E+00 -2.3170985309886123E+00 3.8420614944644871E-01
 8.8588506665199674E-03 -5.9284127270092628E-03 -1.5753747792213578E-03
0
0.0
 -1.1407996218300525E+00 -2.3170985309886123E+00 3.8420614944644871E-01
 8.7376477116900605E-03 -5.9744919832807235E-03 -1.6908697229378821E-03
0
0.0
 -1.1407996218300525E+00 -2.3170985309886123E+00 3.8420614944644871E-01
 8.9746362599096297E-03 -5.9224327610534824E-03 -1.7615736610758583E-03
0
0.0
 -1.1407996218300525E+00 -2.3170985309886123E+00 3.8420614944644871E-01
 8.9304683315178449E-03 -6.0580755089828259E-03 -1.5131041362272237E-03
0
0.0
 -1.1407996218300525E+00 -2.3170985309886123E+00 3.8420614944644871E-01
 8.7023578431153093E-03 -5.8385453295544260E-03 -1.6220332510705150E-03
0
0.0
 -1.1407996218300525E+00 -2.3170985309886123E+00 3.8420614944644871E-01
 8.7189901320646884E-03 -5.8952375107681572E-03 -1.5921512833273410E-03
0
0.0
 -1.1407996218300525E+00 -2.3170985309886123E+00 3.8420614944644871E-01
 8.9667963049519309E-03 -5.6960315365504983E-03 -1.5313085422612245E-03
0
0.0
 -1.1407996218300525E+00 -2.3170985309886123E+00 3.8420614944644871E-01
 8.7884734572210976E-03 -5.9053923660504683E-03 -1.6371658634277998E-03
0
0.0
 -1.1407996218300525E+00 -2.3170985309886123E+00 3.8420614944644871E-01
 8.8041030523681382E-03 -6.0619004758875076E-03 -1.4008463395560216E-03
0
0.0
 -1.1407996218300525E+00 -2.3170985309886123E+00 3.8420614944644871E-01
 8.7405103988483761E-03 -6.0204843885584176E-03 -1.8051138569686695E-03
0
0.0
 -1.1407996218300525E+00 -2.3170985309886123E+00 3.8420614944644871E-01
 8.9498192008243566E-03 -5.9488518665786905E-03 -1.7342073922730940E-03
0
0.0
 -1.1407996218300525E+00 -2.3170985309886123E+00 3.8420614944644871E-01
 8.7258458732016961E-03 -5.9343817247647090E-03 -1.5902662140977414E-03
0
0.0
 -1.1407996218300525E+00 -2.3170985309886123E+00 3.8420614944644871E-01
 8.7027215369183310E-03 -5.8037395376099692E-03 -1.6954588571005517E-03
0
0.0
