20
-1
1
  0.41582071  -0.19823102   0.88757963  1.78172778e-04
  0.99266453  -0.05667430  -0.10679494  1.67057426e-04
 -0.44473082  -0.23036372  -0.86553281  5.63309541e-04
 -0.95623979  -0.01231309  -0.29232490  2.01290388e-04
  0.52878754  -0.83430251   0.15595853  3.41041798e-04
 -0.21665645  -0.90423771  -0.36798660  3.21505763e-04
 -0.22242612   0.93827826  -0.26487833  2.10478745e-04
 -0.90996674   0.40412691  -0.09296220  2.42789751e-04
  0.57992899   0.79118356   0.19419304  2.32366287e-04
  0.23831545  -0.02721997  -0.97080627  3.00959540e-04
  0.62316948   0.09658117  -0.77610043  7.40775796e-04
  0.70640699   0.69681495  -0.12425014  1.61159629e-04
 -0.83118114   0.52712518  -0.17685294  1.81635666e-04
  0.68922849   0.09466658   0.71833302  3.60039367e-04
 -0.61911043   0.19095584   0.76173364  6.10232152e-04
 -0.15154535   0.17933381   0.97204598  3.75489385e-04
  0.49000686  -0.75628300  -0.43350813  1.58986463e-04
  0.96076549   0.07712510   0.26642333  2.40933722e-04
 -0.54206180  -0.83988570  -0.02758665  1.71415824e-04
 -0.98565747  -0.16792403  -0.01675947  1.91777941e-04
