20
 -1.1407996218300525E+00 -2.3170985309886123E+00 3.8420614944644871E-01
 8.6660146603148476E-03 -5.9006905210125804E-03 -1.7730074250603997E-03
0
0.0
 -1.1407996218300525E+00 -2.3170985309886123E+00 3.8420614944644871E-01
 8.6770889838034149E-03 -5.6486517398586416E-03 -1.6360976115077611E-03
0
0.0
 -1.1407996218300525E+00 -2.3170985309886123E+00 3.8420614944644871E-01
 8.9735726377822029E-03 -5.8417926929685482E-03 -1.4965397910018088E-03
0
0.0
 -1.1407996218300525E+00 -2.3170985309886123E+00 3.8420614944644871E-01
 8.6453432203974605E-03 -5.9974776539031670E-03 -1.3495469626436710E-03
0
0.0
 -1.1407996218300525E+00 -2.3170985309886123E+00 3.8420614944644871E-01
 8.8254755375026667E-03 -6.0376068746562754E-03 -1.7045284152573015E-03
0
0.0
 -1.1407996218300525E+00 -2.3170985309886123E+00 3.8420614944644871E-01
 8.7613842722369731E-03 -5.9944563548661517E-03 -1.7283590923684320E-03
0
0.0
 -1.1407996218300525E+00 -2.3170985309886123E+00 3.8420614944644871E-01
 8.8118688997907719E-03 -6.0074985921208090E-03 -1.4994433477024994E-03
0
0.0
 -1.1407996218300525E+00 -2.3170985309886123E+00 3.8420614944644871E-01
 8.7479782067430324E-03 -6.0942237581111409E-03 -1.4683312415732775E-03
0
0.0
 -1.1407996218300525E+00 -2.3170985309886123E+00 3.8420614944644871E-01
 8.9637179031593212E-03 -5.9054598043133816E-03 -1.6832958521537428E-03
0
0.0
 -1.1407996218300525E+00 -2.3170985309886123E+00 3.8420614944644871E-01
 8.9543849901709202E-03 -5.9172876243942952E-03 -1.8683957847281665E-03
0
0.0
 -1.1407996218300525E+00 -2.3170985309886123E+00 3.8420614944644871E-01
 8.8888010793142357E-03 -5.9362026911411675E-03 -1.5440546383851199E-03
0
0.0
 -1.1407996218300525E+00 -2.3170985309886123E+00 3.8420614944644871E-01
 8.5006543513577188E-03 -5.8372783057586072E-03 -1.6416885398504908E-03
0
0.0
 -1.1407996218300525E+00 -2.3170985309886123E+00 3.8420614944644871E-01
 8.6870810378476496E-03 -5.7513276402225665E-03 -1.6424464890704919E-03
0
0.0
 -1.1407996218300525E+00 -2.3170985309886123E+00 3.8420614944644871E-01
 8.8356143849555296E-03 -5.9981540137691441E-03 -1.6691919442797026E-03
0
0.0
 -1.1407996218300525E+00 -2.3170985309886123E+00 3.8420614944644871E-01
 9.0503377807676262E-03 -5.7949006285138889E-03 -1.6518792258483055E-03
0
0.0
 -1.1407996218300525E+00 -2.3170985309886123E+00 3.8420614944644871E-01
 8.8368687303953617E-03 -5.9912108908370017E-03 -1.4246644877227040E-03
0
0.0
 -1.1407996218300525E+00 -2.3170985309886123E+00 3.8420614944644871E-01
 8.8601229315926570E-03 -5.8396026134395684E-03 -1.7587192449236124E-03
0
0.0
 -1.1407996218300525E+00 -2.3170985309886123E+00 3.8420614944644871E-01
 8.7640762503489646E-03 -5.9690412684009165E-03 -1.5696708580504209E-03
0
0.0
 -1.1407996218300525E+00 -2.3170985309886123E+00 3.8420614944644871E-01
 8.7127000561536220E-03 -6.1313169901282714E-03 -1.5632971335804661E-03
0
0.0
 -1.1407996218300525E+00 -2.3170985309886123E+00 3.8420614944644871E-01
 8.9311095650434595E-03 -5.9808485615926452E-03 -1.4309883046798898E-03
0
0.0
