20
-1
1
 -0.77261539  -0.58857411  -0.23800414  1.62952580e-04
  0.89833307  -0.23369259   0.37200197  3.25573717e-04
 -0.52848040   0.31749385  -0.78734118  1.46810583e-04
 -0.94184733   0.26733067   0.20361218  1.76813210e-04
 -0.28405014   0.51145864   0.81100282  2.57102662e-04
  0.49904924  -0.82912994  -0.25197895  6.00221493e-04
 -0.50930431   0.78234462  -0.35853315  4.83752398e-04
 -0.98168436   0.15500162   0.11077142  7.09843937e-04
 -0.81489359   0.00493455   0.57958958  1.63304468e-04
  0.60805548  -0.74919355   0.26263578  1.78787067e-04
  0.80340800   0.57764692   0.14442860  2.59465929e-04
  0.55283362   0.82559570   0.11298994  1.54624027e-04
 -0.69530777   0.30890611   0.64894077  3.88305904e-04
 -0.54614557   0.54589187  -0.63539522  2.27055761e-04
  0.98767006  -0.01316439   0.15599534  4.74856704e-04
 -0.61365648   0.44613161   0.65145400  6.32370280e-04
  0.59163901   0.35582185   0.72343216  2.20728233e-04
 -0.51862414  -0.62578833   0.58259589  1.56926306e-04
  0.15190503   0.71618733  -0.68117587  2.08642642e-04
  0.63479827   0.70017642   0.32677841  4.45661242e-04
