20
 -1.1407996218300525E+00 -2.3170985309886123E+00 3.8420614944644871E-01
 8.8003915267928674E-03 -5.9883249484103318E-03 -1.2870906157643064E-03
0
0.0
 -1.1407996218300525E+00 -2.3170985309886123E+00 3.8420614944644871E-01
 8.8357454782840381E-03 -5.8357051648854283E-03 -1.4429602903959151E-03
0
0.0
 -1.1407996218300525E+00 -2.3170985309886123E+00 3.8420614944644871E-01
 8.5842004733456250E-03 -5.8036666768459481E-03 -1.7438038157688148E-03
0
0.0
 -1.1407996218300525E+00 -2.3170985309886123E+00 3.8420614944644871E-01
 8.8767650643918183E-03 -5.8003333022670148E-03 -1.6631790600664382E-03
0
0.0
 -1.1407996218300525E+00 -2.3170985309886123E+00 3.8420614944644871E-01
 8.6032674347719090E-03 -5.9399864490098531E-03 -1.4737804253891441E-03
0
0.0
 -1.1407996218300525E+00 -2.3170985309886123E+00 3.8420614944644871E-01
 8.7263029643587283E-03 -6.0956058330412961E-03 -1.8013404207592692E-03
0
0.0
 -1.1407996218300525E+00 -2.3170985309886123E+00 3.8420614944644871E-01
 9.0050534541584060E-03 -6.0831609224718556E-03 -1.4507226444326637E-03
0
0.0
 -1.1407996218300525E+00 -2.3170985309886123E+00 3.8420614944644871E-01
 8.8430104459284748E-03 -6.0245885406087973E-03 -1.6953770991955683E-03
0
0.0
 -1.1407996218300525E+00 -2.3170985309886123E+00 3.8420614944644871E-01
 8.6884441777818084E-03 -5.7662589513815020E-03 -1.6769200114027168E-03
0
0.0
 -1.1407996218300525E+00 -2.3170985309886123E+00 3.8420614944644871E-01
 8.8419532786518495E-03 -5.9094915890758968E-03 -1.5557301414355952E-03
0
0.0
 -1.1407996218300525E+00 -2.3170985309886123E+00 3.8420614944644871E-01
 8.5738792699482508E-03 -5.9819398074527786E-03 -1.5584805462631156E-03
0
0.0
 -1.1407996218300525E+00 -2.3170985309886123E+00 3.8420614944644871E-01
 8.7866737462691542E-03 -6.0521690812356333E-03 -1.6849113161902427E-03
0
0.0
 -1.1407996218300525E+00 -2.3170985309886123E+00 3.8420614944644871E-01
 8.7207269368265328E-03 -5.7829479116959775E-03 -1.4443549461322157E-03
0
0.0
 -1.1407996218300525E+00 -2.3170985309886123E+00 3.8420614944644871E-01
 8.9114828145769025E-03 -5.7149622933822123E-03 -1.8231317284956440E-03
0
0.0
 -1.1407996218300525E+00 -2.3170985309886123E+00 3.8420614944644871E-01
 8.6532173399683880E-03 -5.6890145308705585E-03 -1.5812910364009338E-03
0
0.0
 -1.1407996218300525E+00 -2.3170985309886123E+00 3.8420614944644871E-01
 8.7788239534502040E-03 -5.9709615915626447E-03 -1.8162127508353648E-03
0
0.0
 -1.1407996218300525E+00 -2.3170985309886123E+00 3.8420614944644871E-01
 8.8557610821836993E-03 -6.0523256103279530E-03 -1.7038007232640679E-03
0
0.0
 -1.1407996218300525E+00 -2.3170985309886123E+00 3.8420614944644871E-01
 8.8631011974715911E-03 -5.8272925334362895E-03 -1.6340804512861085E-03
0
0.0
 -1.1407996218300525E+00 -2.3170985309886123E+00 3.8420614944644871E-01
 8.5731939354280560E-03 -5.7185835151550950E-03 -1.5948335739519081E-03
0
0.0
 -1.1407996218300525E+00 -2.3170985309886123E+00 3.8420614944644871E-01
 8.8650494579417607E-03 -5.9551664531517640E-03 -1.7198941661987122E-03
0
0.0
