20
-1
1
 -0.04092508  -0.96398119  -0.26280298  5.76924626e-04
 -0.11480617  -0.73044478  -0.67325327  1.77364701e-04
 -0.78627204   0.04797796  -0.61601493  3.23460204e-04
 -0.96137830   0.01283717  -0.27493085  1.93390132e-04
 -0.78031988  -0.31258751   0.54165480  3.16030792e-04
 -0.33283481  -0.80775750   0.48656841  2.52418227e-04
 -0.77899372  -0.30963916   0.54524524  2.66709081e-04
 -0.99048240   0.10912896  -0.08387783  1.83186577e-04
  0.35443761  -0.40636980  -0.84216244  1.62649986e-04
 -0.56269724  -0.82384378   0.06821472  1.48058262e-04
  0.44370195   0.81060426   0.38216398  2.34336051e-04
  0.45246776  -0.68073184  -0.57608774  2.48578904e-04
  0.99163265  -0.05622003  -0.11620667  3.12541994e-04
  0.67145684   0.14414328  -0.72688956  5.23559898e-04
 -0.68998711  -0.40212489   0.60184164  2.38731569e-04
 -0.80127187   0.32668228  -0.50124055  4.01934055e-04
 -0.10618353   0.79833751   0.59277507  4.58794535e-04
 -0.90429121   0.10701426  -0.41328605  1.46926205e-04
  0.45047924  -0.02157547   0.89252616  3.09488442e-04
  0.13090478   0.97161246  -0.19706134  2.60230533e-04
