20
 -1.1407996218300525E+00 -2.3170985309886123E+00 3.8420614944644871E-01
 8.9394231846685272E-03 -5.7230307483754420E-03 -1.7121482261312387E-03
0
0.0
 -1.1407996218300525E+00 -2.3170985309886123E+00 3.8420614944644871E-01
 9.0113046772227704E-03 -5.7163942197128925E-03 -1.7454151124414886E-03
0
0.0
 -1.1407996218300525E+00 -2.3170985309886123E+00 3.8420614944644871E-01
 8.8752527861767298E-03 -5.8563627315293826E-03 -1.5265138861217313E-03
0
0.0
 -1.1407996218300525E+00 -2.3170985309886123E+00 3.8420614944644871E-01
 8.8571165301363879E-03 -5.8362401631243885E-03 -1.7595225163576228E-03
0
0.0
 -1.1407996218300525E+00 -2.3170985309886123E+00 3.8420614944644871E-01
 8.8499781557212689E-03 -5.9453614790800817E-03 -1.5485059462568627E-03
0
0.0
 -1.1407996218300525E+00 -2.3170985309886123E+00 3.8420614944644871E-01
 8.7655729298351005E-03 -5.9519251191944662E-03 -1.5577114345978369E-03
0
0.0
 -1.1407996218300525E+00 -2.3170985309886123E+00 3.8420614944644871E-01
 8.8383483667558334E-03 -5.8618904267871141E-03 -1.5288836694615192E-03
0
0.0
 -1.1407996218300525E+00 -2.3170985309886123E+00 3.8420614944644871E-01
 8.6960147058062244E-03 -5.9660070485954954E-03 -1.4887333219000102E-03
0
0.0
 -1.1407996218300525E+00 -2.3170985309886123E+00 3.8420614944644871E-01
 8.6143678917282290E-03 -5.6734177817681216E-03 -1.6730706436551375E-03
0
0.0
 -1.1407996218300525E+00 -2.3170985309886123E+00 3.8420614944644871E-01
 8.8675920518821172E-03 -5.8582987367683500E-03 -1.7353009894269967E-03
0
0.0
 -1.1407996218300525E+00 -2.3170985309886123E+00 3.8420614944644871E-01
 8.5453559833477341E-03 -5.7669391272251588E-03 -1.5975422540549981E-03
0
0.0
 -1.1407996218300525E+00 -2.3170985309886123E+00 3.8420614944644871E-01
 8.7288424318527381E-03 -5.8330322033313302E-03 -1.7727040517774798E-03
0
0.0
 -1.1407996218300525E+00 -2.3170985309886123E+00 3.8420614944644871E-01
 8.8484522056039537E-03 -5.9603441345946109E-03 -1.6757414637814949E-03
0
0.0
 -1.1407996218300525E+00 -2.3170985309886123E+00 3.8420614944644871E-01
 8.7816272547125238E-03 -5.7470906046040143E-03 -1.5285239541710310E-03
0
0.0
 -1.1407996218300525E+00 -2.3170985309886123E+00 3.8420614944644871E-01
 9.0179634261983652E-03 -5.8476553115468276E-03 -1.7125409802244624E-03
0
0.0
 -1.1407996218300525E+00 -2.3170985309886123E+00 3.8420614944644871E-01
 8.7724955200651905E-03 -5.6424832068053656E-03 -1.5746746379088417E-03
0
0.0
 -1.1407996218300525E+00 -2.3170985309886123E+00 3.8420614944644871E-01
 8.8377550937212609E-03 -5.8144856388454829E-03 -1.4141010802904701E-03
0
0.0
 -1.1407996218300525E+00 -2.3170985309886123E+00 3.8420614944644871E-01
 8.7032526134076232E-03 -5.8499197195186594E-03 -1.8983072696644896E-03
0
0.0
 -1.1407996218300525E+00 -2.3170985309886123E+00 3.8420614944644871E-01
 8.7322614705789697E-03 -5.9702499810436868E-03 -1.8296520653575568E-03
0
0.0
 -1.1407996218300525E+00 -2.3170985309886123E+00 3.8420614944644871E-01
 8.5843590101498529E-03 -5.9699894148635179E-03 -1.6813128767301582E-03
0
0.0
