20
-1
1
  0.30953487   0.37889749  -0.87213810  5.49515374e-04
 -0.50517549  -0.21888068  -0.83479876  1.61511267e-04
  0.85931548  -0.50975181   0.04159336  2.64319718e-04
  0.30265214   0.94513508  -0.12296898  1.58357027e-04
  0.65983568  -0.70661290  -0.25556813  1.53928163e-04
  0.23811015  -0.96224789   0.13184289  1.64034847e-04
 -0.47712229   0.74999794   0.45810195  1.78708275e-04
  0.74892229   0.36664981   0.55198126  2.68083985e-04
  0.15863499   0.14965386   0.97592964  1.77425294e-04
 -0.63357059  -0.70887343   0.30997866  8.01902518e-04
 -0.85205547   0.17071740   0.49483032  2.56180429e-04
  0.76340654  -0.23581728  -0.60133241  8.60682957e-04
 -0.98732638   0.12386246   0.09922052  4.32855642e-04
  0.37617379  -0.92654511  -0.00272761  5.16531855e-04
 -0.22899563   0.76867931   0.59723791  1.89896104e-04
 -0.05926922  -0.32427474  -0.94410437  2.48498807e-04
  0.84435013  -0.53485247   0.03171276  2.43761215e-04
  0.95495336  -0.24530666   0.16699918  2.61559265e-04
 -0.73905942   0.12072172   0.66273482  2.15212898e-04
 -0.52401254  -0.45349483   0.72093918  4.91925119e-04
