20
 -1.1407996218300525E+00 -2.3170985309886123E+00 3.8420614944644871E-01
 8.7903142377189422E-03 -5.6240279737358300E-03 -1.6531466787300028E-03
0
0.0
 -1.1407996218300525E+00 -2.3170985309886123E+00 3.8420614944644871E-01
 8.4964447925298305E-03 -5.9869046817309099E-03 -1.4853556481286138E-03
0
0.0
 -1.1407996218300525E+00 -2.3170985309886123E+00 3.8420614944644871E-01
 8.6497463477026790E-03 -6.0435412859076347E-03 -1.4501359692943670E-03
0
0.0
 -1.1407996218300525E+00 -2.3170985309886123E+00 3.8420614944644871E-01
 8.9244250848776567E-03 -5.7664690171742167E-03 -1.5087787628227782E-03
0
0.0
 -1.1407996218300525E+00 -2.3170985309886123E+00 3.8420614944644871E-01
 8.7836692653421242E-03 -5.9039858767726142E-03 -1.6232462166266212E-03
0
0.0
 -1.1407996218300525E+00 -2.3170985309886123E+00 3.8420614944644871E-01
 8.9581144103929415E-03 -6.0065554953619687E-03 -1.8867938495782798E-03
0
0.0
 -1.1407996218300525E+00 -2.3170985309886123E+00 3.8420614944644871E-01
 8.5263208338810341E-03 -6.0248551598193799E-03 -1.7869500981398637E-03
0
0.0
 -1.1407996218300525E+00 -2.3170985309886123E+00 3.8420614944644871E-01
 8.8613508955500252E-03 -5.8428481855557152E-03 -1.5042949673700335E-03
0
0.0
 -1.1407996218300525E+00 -2.3170985309886123E+00 3.8420614944644871E-01
 8.7146876338294130E-03 -6.1017493590054860E-03 -1.8882327493583346E-03
0
0.0
 -1.1407996218300525E+00 -2.3170985309886123E+00 3.8420614944644871E-01
 8.8288751146806174E-03 -5.9268797402202734E-03 -1.5248997777578134E-03
0
0.0
 -1.1407996218300525E+00 -2.3170985309886123E+00 3.8420614944644871E-01
 8.8435638378212382E-03 -5.9077833927993553E-03 -1.5554420049645958E-03
0
0.0
 -1.1407996218300525E+00 -2.3170985309886123E+00 3.8420614944644871E-01
 8.6103806497848205E-03 -5.8822592080650955E-03 -1.6433997426162578E-03
0
0.0
 -1.1407996218300525E+00 -2.3170985309886123E+00 3.8420614944644871E-01
 8.8058982802989086E-03 -6.0888136324589431E-03 -1.7087873463169747E-03
0
0.0
 -1.1407996218300525E+00 -2.3170985309886123E+00 3.8420614944644871E-01
 8.8179118426853116E-03 -5.8465855367854213E-03 -1.5735126229595908E-03
0
0.0
 -1.1407996218300525E+00 -2.3170985309886123E+00 3.8420614944644871E-01
 8.5489739005224861E-03 -5.9166286543489389E-03 -1.5495249229904129E-03
0
0.0
 -1.1407996218300525E+00 -2.3170985309886123E+00 3.8420614944644871E-01
 8.8659105637907167E-03 -6.0287601217122186E-03 -1.5029571631073615E-03
0
0.0
 -1.1407996218300525E+00 -2.3170985309886123E+00 3.8420614944644871E-01
 8.6636960425652103E-03 -6.1252572452841205E-03 -1.7689005902672016E-03
0
0.0
 -1.1407996218300525E+00 -2.3170985309886123E+00 3.8420614944644871E-01
 8.7287112026160438E-03 -5.8626524243279412E-03 -1.6211768976900692E-03
0
0.0
 -1.1407996218300525E+00 -2.3170985309886123E+00 3.8420614944644871E-01
 8.6453981647268731E-03 -5.8232354776676419E-03 -1.4630352952062315E-03
0
0.0
 -1.1407996218300525E+00 -2.3170985309886123E+00 3.8420614944644871E-01
 8.7965564862429579E-03 -6.1218888132440518E-03 -1.6250845006565446E-03
0
0.0
