20
-1
1
  0.09077036  -0.42255740  -0.90177934  1.74579786e-04
  0.79906882  -0.54113314  -0.26203808  1.66982619e-04
  0.28936138  -0.95087266  -0.11005079  3.25602164e-04
  0.33019255  -0.83682528   0.43668791  3.57628805e-04
  0.16933723  -0.64815397   0.74244281  1.81924254e-04
 -0.84713069   0.50242777  -0.17302003  1.74025146e-04
  0.17037881  -0.68446902   0.70885346  2.94290849e-04
  0.61581591   0.78272594  -0.09006034  3.06302416e-04
 -0.72504941   0.18349288   0.66380247  2.77046974e-04
  0.57079240   0.27806570   0.77257719  1.51155318e-04
 -0.09994906  -0.85764483  -0.50443585  7.87972704e-04
  0.03705805  -0.95828728  -0.28339405  2.01749716e-04
 -0.94809846  -0.02918343  -0.31663485  1.93475733e-04
 -0.63233142   0.69929631  -0.33337914  4.31829732e-04
 -0.24321805  -0.84631122  -0.47392225  1.71604846e-04
 -0.22974559  -0.90020037   0.36994089  1.50956681e-04
  0.52989341  -0.35258604  -0.77129505  1.82495683e-04
 -0.23526530   0.35653159  -0.90417668  1.77725902e-04
 -0.17115619   0.75381646   0.63440232  8.38453873e-04
  0.10571523  -0.30966548  -0.94495057  5.08486264e-04
