20
 -1.1407996218300525E+00 -2.3170985309886123E+00 3.8420614944644871E-01
 8.9530849095992102E-03 -5.9105766370412234E-03 -1.4779796479966339E-03
0
0.0
 -1.1407996218300525E+00 -2.3170985309886123E+00 3.8420614944644871E-01
 8.5121685463396962E-03 -5.8838510431219954E-03 -1.7216441225159523E-03
0
0.0
 -1.1407996218300525E+00 -2.3170985309886123E+00 3.8420614944644871E-01
 8.6371642635773814E-03 -6.0372237471809130E-03 -1.7224491186273929E-03
0
0.0
 -1.1407996218300525E+00 -2.3170985309886123E+00 3.8420614944644871E-01
 8.9142292570278704E-03 -6.1181200941454357E-03 -1.6537508074573675E-03
0
0.0
 -1.1407996218300525E+00 -2.3170985309886123E+00 3.8420614944644871E-01
 9.0918124256681738E-03 -5.8914721100435958E-03 -1.5431484174352264E-03
0
0.0
 -1.1407996218300525E+00 -2.3170985309886123E+00 3.8420614944644871E-01
 8.9481894823601592E-03 -6.0255921628721149E-03 -1.6107649065353262E-03
0
0.0
 -1.1407996218300525E+00 -2.3170985309886123E+00 3.8420614944644871E-01
 8.8406060311027393E-03 -5.9242945104100433E-03 -1.6976442416666256E-03
0
0.0
 -1.1407996218300525E+00 -2.3170985309886123E+00 3.8420614944644871E-01
 8.7941002416840417E-03 -5.8704024869742797E-03 -1.8304451733941959E-03
0
0.0
 -1.1407996218300525E+00 -2.3170985309886123E+00 3.8420614944644871E-01
 8.7793737361209576E-03 -5.7037331675162516E-03 -1.4769464673291832E-03
0
0.0
 -1.1407996218300525E+00 -2.3170985309886123E+00 3.8420614944644871E-01
 8.6537072048238368E-03 -5.9733728592744045E-03 -1.6020122385221555E-03
0
0.0
 -1.1407996218300525E+00 -2.3170985309886123E+00 3.8420614944644871E-01
 8.7609691623524583E-03 -5.8781076038752498E-03 -1.4518115280881701E-03
0
0.0
 -1.1407996218300525E+00 -2.3170985309886123E+00 3.8420614944644871E-01
 8.8487609351254083E-03 -5.8927770321027320E-03 -1.6600321782760971E-03
0
0.0
 -1.1407996218300525E+00 -2.3170985309886123E+00 3.8420614944644871E-01
 8.7530608223817599E-03 -5.7252339945025659E-03 -1.5857293005383680E-03
0
0.0
 -1.1407996218300525E+00 -2.3170985309886123E+00 3.8420614944644871E-01
 8.9063228109550960E-03 -5.8654203684006751E-03 -1.5995933496602078E-03
0
0.0
 -1.1407996218300525E+00 -2.3170985309886123E+00 3.8420614944644871E-01
 8.7838733024956581E-03 -5.9343372700766889E-03 -1.5910510609318577E-03
0
0.0
 -1.1407996218300525E+00 -2.3170985309886123E+00 3.8420614944644871E-01
 8.5464176043629284E-03 -5.8074799488442774E-03 -1.6178466029686486E-03
0
0.0
 -1.1407996218300525E+00 -2.3170985309886123E+00 3.8420614944644871E-01
 8.7974105933194650E-03 -5.8769383824482137E-03 -1.5203448070697778E-03
0
0.0
 -1.1407996218300525E+00 -2.3170985309886123E+00 3.8420614944644871E-01
 8.8782476515464944E-03 -5.8515650539028461E-03 -1.4977799361217627E-03
0
0.0
 -1.1407996218300525E+00 -2.3170985309886123E+00 3.8420614944644871E-01
 8.7132372556831990E-03 -6.0229523980846631E-03 -1.6150135913953233E-03
0
0.0
 -1.1407996218300525E+00 -2.3170985309886123E+00 3.8420614944644871E-01
 8.6539704616171356E-03 -5.8775566617779692E-03 -1.5914923205584835E-03
0
0.0
