20
-1
1
 -0.58609966   0.29692558   0.75387159  3.50349520e-04
 -0.85340331  -0.36059540   0.37639574  1.76397056e-04
  0.24012726   0.50198430   0.83087343  2.03563075e-04
 -0.83924252  -0.49794676   0.21845141  2.07962074e-04
 -0.86113995  -0.29902060  -0.41112609  1.66854639e-04
 -0.04000077   0.24058895   0.96980250  1.57221131e-04
 -0.79389025   0.49519350  -0.35287628  1.95802740e-04
 -0.99687388  -0.05629453  -0.05543823  6.06523132e-04
 -0.28200862   0.71025962  -0.64498249  6.81359626e-04
 -0.85214016   0.25220934   0.45852764  2.14878426e-04
 -0.69794784   0.64251133   0.31630364  1.99176654e-04
 -0.68706673  -0.65533348  -0.31381099  1.77081454e-04
 -0.00966986   0.95489687  -0.29678015  2.63526171e-04
  0.34849659  -0.83538293  -0.42507115  4.40105548e-04
  0.11944843  -0.71696850  -0.68679563  2.09877814e-04
 -0.68869214   0.16277718  -0.70654563  1.81100361e-04
 -0.70215728  -0.70316357   0.11196493  1.93018089e-04
 -0.80021764  -0.57880204   0.15697107  3.03505345e-04
 -0.39463489  -0.33857722   0.85418310  2.11762390e-04
  0.12081182  -0.83559366   0.53589900  2.82216194e-04
