50
 -1.1407996218300525E+00 -2.3170985309886123E+00 3.8420614944644871E-01
 8.7728417984766355E-03 -5.9302256159498848E-03 -1.6706268112024014E-03
0
0.0
 -1.1407996218300525E+00 -2.3170985309886123E+00 3.8420614944644871E-01
 8.7469208406646456E-03 -5.7170612521277898E-03 -1.5676843189860318E-03
0
0.0
 -1.1407996218300525E+00 -2.3170985309886123E+00 3.8420614944644871E-01
 8.7406528417735257E-03 -5.7273265261719875E-03 -1.5329698871403173E-03
0
0.0
 -1.1407996218300525E+00 -2.3170985309886123E+00 3.8420614944644871E-01
 9.0642596329173746E-03 -6.0263412295695805E-03 -1.6447652386093082E-03
0
0.0
 -1.1407996218300525E+00 -2.3170985309886123E+00 3.8420614944644871E-01
 8.6976023141020001E-03 -5.9187016228464066E-03 -1.6575805896588099E-03
0
0.0
 -1.1407996218300525E+00 -2.3170985309886123E+00 3.8420614944644871E-01
 8.9155819903548421E-03 -6.0695191705141894E-03 -1.3861262894299584E-03
0
0.0
 -1.1407996218300525E+00 -2.3170985309886123E+00 3.8420614944644871E-01
 8.5595974100749327E-03 -5.6937213432367044E-03 -1.6248119132484631E-03
0
0.0
 -1.1407996218300525E+00 -2.3170985309886123E+00 3.8420614944644871E-01
 8.7296626604564369E-03 -5.9578168186195180E-03 -1.8159343009414445E-03
0
0.0
 -1.1407996218300525E+00 -2.3170985309886123E+00 3.8420614944644871E-01
 8.8074252475511487E-03 -5.9214759317585044E-03 -1.6318972415155684E-03
0
0.0
 -1.1407996218300525E+00 -2.3170985309886123E+00 3.8420614944644871E-01
 8.6888262058313053E-03 -5.6488991398814820E-03 -1.6217686129411167E-03
0
0.0
 -1.1407996218300525E+00 -2.3170985309886123E+00 3.8420614944644871E-01
 8.8156601812853612E-03 -5.9668157836733748E-03 -1.6924510463500685E-03
0
0.0
 -1.1407996218300525E+00 -2.3170985309886123E+00 3.8420614944644871E-01
 8.7994673335776048E-03 -5.7464764126305455E-03 -1.5994637289666869E-03
0
0.0
 -1.1407996218300525E+00 -2.3170985309886123E+00 3.8420614944644871E-01
 8.8852982766707781E-03 -6.0286100728107576E-03 -1.6771902382164416E-03
0
0.0
 -1.1407996218300525E+00 -2.3170985309886123E+00 3.8420614944644871E-01
 8.7555388319719030E-03 -5.7696600994620100E-03 -1.3755831811594105E-03
0
0.0
 -1.1407996218300525E+00 -2.3170985309886123E+00 3.8420614944644871E-01
 8.8032520093978255E-03 -6.0975152311663876E-03 -1.8956966268718210E-03
0
0.0
 -1.1407996218300525E+00 -2.3170985309886123E+00 3.8420614944644871E-01
 8.6363299032080551E-03 -5.8007053828608374E-03 -1.3811421721920750E-03
0
0.0
 -1.1407996218300525E+00 -2.3170985309886123E+00 3.8420614944644871E-01
 8.7321877856075363E-03 -5.6074593112546813E-03 -1.5873658865824464E-03
0
0.0
 -1.1407996218300525E+00 -2.3170985309886123E+00 3.8420614944644871E-01
 8.7414335934335053E-03 -5.7090821652409996E-03 -1.4955096200856544E-03
0
0.0
 -1.1407996218300525E+00 -2.3170985309886123E+00 3.8420614944644871E-01
 8.7906146887333780E-03 -5.9554222261738185E-03 -1.6887942228920117E-03
0
0.0
 -1.1407996218300525E+00 -2.3170985309886123E+00 3.8420614944644871E-01
 8.5591968893050027E-03 -5.9132813445538978E-03 -1.7106492103039607E-03
0
0.0
 -1.1407996218300525E+00 -2.3170985309886123E+00 3.8420614944644871E-01
 8.6348474455507727E-03 -5.8100484392606087E-03 -1.7473736490803968E-03
0
0.0
 -1.1407996218300525E+00 -2.3170985309886123E+00 3.8420614944644871E-01
 8.6303907329643055E-03 -6.0236901588403028E-03 -1.5795396345147932E-03
0
0.0
 -1.1407996218300525E+00 -2.3170985309886123E+00 3.8420614944644871E-01
 8.7951054138741130E-03 -5.9010618156417989E-03 -1.5816037070977716E-03
0
0.0
 -1.1407996218300525E+00 -2.3170985309886123E+00 3.8420614944644871E-01
 8.9893440109993974E-03 -5.9461483211805674E-03 -1.3662150754810238E-03
0
0.0
 -1.1407996218300525E+00 -2.3170985309886123E+00 3.8420614944644871E-01
 8.9316030094389719E-03 -5.8584988745587112E-03 -1.6813869937624948E-03
0
0.0
 -1.1407996218300525E+00 -2.3170985309886123E+00 3.8420614944644871E-01
 8.8641063142068446E-03 -5.8936885936099748E-03 -1.8109568560540170E-03
0
0.0
 -1.1407996218300525E+00 -2.3170985309886123E+00 3.8420614944644871E-01
 8.5545199507710747E-03 -6.0589118236123495E-03 -1.7270124416476373E-03
0
0.0
 -1.1407996218300525E+00 -2.3170985309886123E+00 3.8420614944644871E-01
 8.7195938703278405E-03 -5.9012411192437952E-03 -1.7462017086701343E-03
0
0.0
 -1.1407996218300525E+00 -2.3170985309886123E+00 3.8420614944644871E-01
 8.9040636293916380E-03 -5.9163091909456159E-03 -1.5740430756459353E-03
0
0.0
 -1.1407996218300525E+00 -2.3170985309886123E+00 3.8420614944644871E-01
 8.8103407304336596E-03 -5.9042712331973998E-03 -1.7722245060920029E-03
0
0.0
 -1.1407996218300525E+00 -2.3170985309886123E+00 3.8420614944644871E-01
 8.8711342973853188E-03 -6.1161888589958578E-03 -1.6772752606880117E-03
0
0.0
 -1.1407996218300525E+00 -2.3170985309886123E+00 3.8420614944644871E-01
 8.8266142429865076E-03 -5.8578569775046656E-03 -1.7815178275368861E-03
0
0.0
 -1.1407996218300525E+00 -2.3170985309886123E+00 3.8420614944644871E-01
 8.7688201572011307E-03 -5.9316741652086762E-03 -1.7611900727555387E-03
0
0.0
 -1.1407996218300525E+00 -2.3170985309886123E+00 3.8420614944644871E-01
 8.9526571087776945E-03 -6.0336551915505287E-03 -1.5027682793039912E-03
0
0.0
 -1.1407996218300525E+00 -2.3170985309886123E+00 3.8420614944644871E-01
 8.8585694483636103E-03 -5.9853776896911784E-03 -1.5024284251758536E-03
0
0.0
 -1.1407996218300525E+00 -2.3170985309886123E+00 3.8420614944644871E-01
 8.7368568867156621E-03 -5.9238117710630912E-03 -1.6788945240543422E-03
0
0.0
 -1.1407996218300525E+00 -2.3170985309886123E+00 3.8420614944644871E-01
 8.5747560558843867E-03 -6.1179422183194583E-03 -1.4945025848340507E-03
0
0.0
 -1.1407996218300525E+00 -2.3170985309886123E+00 3.8420614944644871E-01
 8.8913594967116403E-03 -5.9746603903505623E-03 -1.6363661315270291E-03
0
0.0
 -1.1407996218300525E+00 -2.3170985309886123E+00 3.8420614944644871E-01
 8.8709396177913680E-03 -5.9274436655366945E-03 -1.8108418112513542E-03
0
0.0
 -1.1407996218300525E+00 -2.3170985309886123E+00 3.8420614944644871E-01
 8.5884462733466661E-03 -5.9289096829092695E-03 -1.5122894889618805E-03
0
0.0
 -1.1407996218300525E+00 -2.3170985309886123E+00 3.8420614944644871E-01
 8.7444222559744187E-03 -5.9638546024799203E-03 -1.6268240777412590E-03
0
0.0
 -1.1407996218300525E+00 -2.3170985309886123E+00 3.8420614944644871E-01
 8.9475792186936905E-03 -5.9308660708170882E-03 -1.4846182578407674E-03
0
0.0
 -1.1407996218300525E+00 -2.3170985309886123E+00 3.8420614944644871E-01
 8.6294945696527674E-03 -6.2105201961506692E-03 -1.6653975869821399E-03
0
0.0
 -1.1407996218300525E+00 -2.3170985309886123E+00 3.8420614944644871E-01
 9.0211735187745272E-03 -5.9236749644219011E-03 -1.6454979170760714E-03
0
0.0
 -1.1407996218300525E+00 -2.3170985309886123E+00 3.8420614944644871E-01
 9.0481843741641709E-03 -6.0662770114939231E-03 -1.6132705364948435E-03
0
0.0
 -1.1407996218300525E+00 -2.3170985309886123E+00 3.8420614944644871E-01
 8.8795148624032944E-03 -5.9669696248652671E-03 -1.5697752562596932E-03
0
0.0
 -1.1407996218300525E+00 -2.3170985309886123E+00 3.8420614944644871E-01
 8.9930060421839226E-03 -6.0706386982697933E-03 -1.6887079404870604E-03
0
0.0
 -1.1407996218300525E+00 -2.3170985309886123E+00 3.8420614944644871E-01
 8.7249778923946617E-03 -5.8655098111596608E-03 -1.6664798319316054E-03
0
0.0
 -1.1407996218300525E+00 -2.3170985309886123E+00 3.8420614944644871E-01
 8.8157073504858529E-03 -5.6137130069289125E-03 -1.5591080941643372E-03
0
0.0
 -1.1407996218300525E+00 -2.3170985309886123E+00 3.8420614944644871E-01
 8.8554838104235763E-03 -5.6620807221059557E-03 -1.4421199977405700E-03
0
0.0
