20
-1
1
 -0.90367391   0.14401112  -0.40327937  2.59035912e-04
  0.65133931  -0.75869178   0.01199533  2.02859842e-04
  0.72298277  -0.63239531  -0.27815838  1.63272706e-04
 -0.35212793   0.09700442   0.93091141  6.89036085e-04
 -0.94882387  -0.09385739  -0.30153616  1.61125080e-04
  0.25105890  -0.03725434  -0.96725464  2.16669810e-04
 -0.73107189   0.35990142   0.57965926  1.67555220e-04
 -0.40802413   0.89816904   0.16373357  1.77612811e-04
 -0.21095047  -0.79373846   0.57050780  1.53768356e-04
 -0.73688448  -0.41149259  -0.53635353  2.08486631e-04
 -0.01177243   0.44752000  -0.89419643  2.42974894e-04
 -0.37496116   0.80491482  -0.45990897  6.32135487e-04
  0.49026731  -0.87130317   0.02165069  1.71653903e-04
 -0.73653769  -0.28488620   0.61347541  1.74289476e-04
  0.58206038  -0.38249238   0.71756902  1.61454891e-04
  0.26803877   0.46961534   0.84119953  2.02311279e-04
 -0.48579489   0.05318858  -0.87245304  4.15220901e-04
  0.90806843   0.38391095  -0.16740403  3.63648225e-04
  0.46868455   0.73275487  -0.49336101  1.76298233e-04
 -0.19548694   0.97605366  -0.09541546  1.79688768e-04
