20
 -1.1407996218300525E+00 -2.3170985309886123E+00 3.8420614944644871E-01
 8.7006382755663754E-03 -5.7308296024215976E-03 -1.7353122962738064E-03
0
0.0
 -1.1407996218300525E+00 -2.3170985309886123E+00 3.8420614944644871E-01
 8.7696973947465392E-03 -5.9804270693889902E-03 -1.6597498540048580E-03
0
0.0
 -1.1407996218300525E+00 -2.3170985309886123E+00 3.8420614944644871E-01
 8.7897188537846994E-03 -6.1716652396726418E-03 -1.5324227822199193E-03
0
0.0
 -1.1407996218300525E+00 -2.3170985309886123E+00 3.8420614944644871E-01
 8.7874897428728369E-03 -5.6242308432050813E-03 -1.7785032480643773E-03
0
0.0
 -1.1407996218300525E+00 -2.3170985309886123E+00 3.8420614944644871E-01
 8.8656041078392644E-03 -5.9902691021841425E-03 -1.7126079687173519E-03
0
0.0
 -1.1407996218300525E+00 -2.3170985309886123E+00 3.8420614944644871E-01
 8.4844328525519857E-03 -5.8383100955313235E-03 -1.4995772683493837E-03
0
0.0
 -1.1407996218300525E+00 -2.3170985309886123E+00 3.8420614944644871E-01
 8.5293832047901690E-03 -5.9745679857032474E-03 -1.5692306898739566E-03
0
0.0
 -1.1407996218300525E+00 -2.3170985309886123E+00 3.8420614944644871E-01
 8.8802806744452453E-03 -5.8693274131192815E-03 -1.6191906406770303E-03
0
0.0
 -1.1407996218300525E+00 -2.3170985309886123E+00 3.8420614944644871E-01
 8.7935388000778564E-03 -5.9397507993273445E-03 -1.6547721840849800E-03
0
0.0
 -1.1407996218300525E+00 -2.3170985309886123E+00 3.8420614944644871E-01
 8.8573153138693534E-03 -5.7829421423914104E-03 -1.6390653942580644E-03
0
0.0
 -1.1407996218300525E+00 -2.3170985309886123E+00 3.8420614944644871E-01
 8.6888748288441401E-03 -6.0456231027444110E-03 -1.6790025696620625E-03
0
0.0
 -1.1407996218300525E+00 -2.3170985309886123E+00 3.8420614944644871E-01
 8.7710582785589537E-03 -5.8098924664451027E-03 -1.5888896197254437E-03
0
0.0
 -1.1407996218300525E+00 -2.3170985309886123E+00 3.8420614944644871E-01
 8.7011188760080602E-03 -5.8076045084985237E-03 -1.7458291376311662E-03
0
0.0
 -1.1407996218300525E+00 -2.3170985309886123E+00 3.8420614944644871E-01
 8.8111850364602749E-03 -6.0639781857900988E-03 -1.4314789035651337E-03
0
0.0
 -1.1407996218300525E+00 -2.3170985309886123E+00 3.8420614944644871E-01
 8.8307865243239490E-03 -5.8898636899935575E-03 -1.6789844898362322E-03
0
0.0
 -1.1407996218300525E+00 -2.3170985309886123E+00 3.8420614944644871E-01
 8.7127498386146175E-03 -5.9651495872707965E-03 -1.6454555253966570E-03
0
0.0
 -1.1407996218300525E+00 -2.3170985309886123E+00 3.8420614944644871E-01
 8.7104719196931090E-03 -5.7931431648046159E-03 -1.4287353937735585E-03
0
0.0
 -1.1407996218300525E+00 -2.3170985309886123E+00 3.8420614944644871E-01
 8.7244184817814405E-03 -6.1101826213257500E-03 -1.6011601752933219E-03
0
0.0
 -1.1407996218300525E+00 -2.3170985309886123E+00 3.8420614944644871E-01
 8.8292791381370164E-03 -5.9173897908898617E-03 -1.6815169949169464E-03
0
0.0
 -1.1407996218300525E+00 -2.3170985309886123E+00 3.8420614944644871E-01
 8.9960074970781966E-03 -5.8958338463014331E-03 -1.3525109523380143E-03
0
0.0
