20
-1
1
  0.23648293  -0.85436518   0.46274827  7.16785418e-04
 -0.59749419  -0.46339525  -0.65442000  1.83159755e-04
  0.99209524  -0.11609699  -0.04762911  2.41111815e-04
  0.05824369   0.69104594  -0.72046039  1.81877441e-04
 -0.66786205   0.09902944   0.73766758  3.10194887e-04
 -0.34146879   0.92717889   0.15407262  7.66914044e-04
 -0.49323022  -0.81804522   0.29584789  2.51057626e-04
 -0.10188141   0.45589722  -0.88418205  3.21376041e-04
  0.40748857  -0.14830128   0.90108812  2.18122115e-04
 -0.99124848  -0.07883726   0.10588270  4.68021337e-04
  0.17689455  -0.96796832  -0.17817310  2.12393653e-04
  0.51792493  -0.75698048  -0.39841476  3.14080127e-04
  0.65867003  -0.46264333   0.59339274  5.87006768e-04
  0.43515559  -0.45693980   0.77578710  2.34966081e-04
  0.72316448   0.33590535   0.60349046  1.83722015e-04
 -0.71734095   0.55114283   0.42622006  3.50784343e-04
  0.56208611   0.63898182  -0.52512992  2.68118381e-04
 -0.68862246  -0.64795247  -0.32550991  1.55601849e-04
 -0.87618525   0.07856408  -0.47552823  2.23493655e-04
  0.85040015   0.45074180  -0.27138794  5.00868536e-04
