20
 -1.1407996218300525E+00 -2.3170985309886123E+00 3.8420614944644871E-01
 8.7531688257402041E-03 -6.1461140094020870E-03 -1.6780340360003354E-03
0
0.0
 -1.1407996218300525E+00 -2.3170985309886123E+00 3.8420614944644871E-01
 8.8233404875826347E-03 -5.8245274718447216E-03 -1.6433983311949776E-03
0
0.0
 -1.1407996218300525E+00 -2.3170985309886123E+00 3.8420614944644871E-01
 8.6908020209570790E-03 -5.6900539775996302E-03 -1.8344975052427489E-03
0
0.0
 -1.1407996218300525E+00 -2.3170985309886123E+00 3.8420614944644871E-01
 8.9008200281114266E-03 -5.7977802403317551E-03 -1.5664777488196703E-03
0
0.0
 -1.1407996218300525E+00 -2.3170985309886123E+00 3.8420614944644871E-01
 8.9636389549262088E-03 -5.9253678173858664E-03 -1.8082347072379617E-03
0
0.0
 -1.1407996218300525E+00 -2.3170985309886123E+00 3.8420614944644871E-01
 8.7299561840019444E-03 -6.1040298206921050E-03 -1.6470384223907651E-03
0
0.0
 -1.1407996218300525E+00 -2.3170985309886123E+00 3.8420614944644871E-01
 8.6617285641759929E-03 -5.7330768636683523E-03 -1.6808716697639754E-03
0
0.0
 -1.1407996218300525E+00 -2.3170985309886123E+00 3.8420614944644871E-01
 8.8912208025813903E-03 -5.9387571478531154E-03 -1.5326166981559284E-03
0
0.0
 -1.1407996218300525E+00 -2.3170985309886123E+00 3.8420614944644871E-01
 8.9318094251630252E-03 -5.8122519079964611E-03 -1.5571203360238196E-03
0
0.0
 -1.1407996218300525E+00 -2.3170985309886123E+00 3.8420614944644871E-01
 8.7959646310123100E-03 -5.8436834920572887E-03 -1.6056713925375133E-03
0
0.0
 -1.1407996218300525E+00 -2.3170985309886123E+00 3.8420614944644871E-01
 8.7977665169262521E-03 -5.9247794878079666E-03 -1.6791641546476705E-03
0
0.0
 -1.1407996218300525E+00 -2.3170985309886123E+00 3.8420614944644871E-01
 9.0309935545372158E-03 -5.9195032976895410E-03 -1.6674814757988482E-03
0
0.0
 -1.1407996218300525E+00 -2.3170985309886123E+00 3.8420614944644871E-01
 8.9991278431011002E-03 -6.0807884272410500E-03 -1.4515626124444714E-03
0
0.0
 -1.1407996218300525E+00 -2.3170985309886123E+00 3.8420614944644871E-01
 8.7842380306415429E-03 -5.9790984316194602E-03 -1.8972330925386802E-03
0
0.0
 -1.1407996218300525E+00 -2.3170985309886123E+00 3.8420614944644871E-01
 8.7127835294942037E-03 -5.6064496746531731E-03 -1.6043225349165028E-03
0
0.0
 -1.1407996218300525E+00 -2.3170985309886123E+00 3.8420614944644871E-01
 8.9302454283930553E-03 -5.7596739988063335E-03 -1.5647778695908276E-03
0
0.0
 -1.1407996218300525E+00 -2.3170985309886123E+00 3.8420614944644871E-01
 8.7350237436733553E-03 -5.8396909850595225E-03 -1.8127483142952024E-03
0
0.0
 -1.1407996218300525E+00 -2.3170985309886123E+00 3.8420614944644871E-01
 8.5916478464289590E-03 -5.9548766556863190E-03 -1.7306379107811481E-03
0
0.0
 -1.1407996218300525E+00 -2.3170985309886123E+00 3.8420614944644871E-01
 8.8422841479695712E-03 -5.8779562781824642E-03 -1.2867951174121122E-03
0
0.0
 -1.1407996218300525E+00 -2.3170985309886123E+00 3.8420614944644871E-01
 8.8868675799625048E-03 -5.9284676363541003E-03 -1.8265147673851463E-03
0
0.0
