20
-1
1
  0.83537203   0.47412565   0.27813385  1.79780943e-04
 -0.04481326  -0.27785830  -0.95957623  2.25697217e-04
  0.20537350  -0.97031118   0.12774173  2.78072864e-04
  0.21460003  -0.64399458   0.73431452  1.54829288e-04
 -0.24341126   0.62745002  -0.73963331  4.78611903e-04
 -0.07187344  -0.31665854   0.94581265  1.63019483e-04
  0.22087574  -0.65123038  -0.72602541  3.48548179e-04
 -0.74851655  -0.22574682  -0.62350730  1.65381710e-04
 -0.66443812  -0.60526242  -0.43838269  5.41089640e-04
 -0.46307978   0.88089936   0.09784390  1.88488816e-04
 -0.70931089  -0.51816212  -0.47789755  1.49684562e-04
  0.23298123  -0.94645338   0.22348545  5.27219033e-04
  0.19619439  -0.61205975   0.76608787  5.44422733e-04
 -0.48949471   0.83528425   0.25038997  2.53090475e-04
  0.26786044  -0.64299842   0.71749830  5.40346463e-04
  0.68494967   0.72602120   0.06113230  3.77051868e-04
  0.03499828  -0.94769725  -0.31724604  2.37874390e-04
  0.81886052   0.39993022   0.41173204  1.73795404e-04
  0.08115771   0.97649555  -0.19967440  1.83379031e-04
  0.12725133  -0.84758562   0.51517542  1.77715034e-04
