20
 -1.1407996218300525E+00 -2.3170985309886123E+00 3.8420614944644871E-01
 8.7507180898552146E-03 -5.9732893010692309E-03 -1.5145828620506377E-03
0
0.0
 -1.1407996218300525E+00 -2.3170985309886123E+00 3.8420614944644871E-01
 8.8361917540451494E-03 -5.9288230198225704E-03 -1.6294204195898933E-03
0
0.0
 -1.1407996218300525E+00 -2.3170985309886123E+00 3.8420614944644871E-01
 8.5944087696095597E-03 -5.7570252862158555E-03 -1.8639081508402770E-03
0
0.0
 -1.1407996218300525E+00 -2.3170985309886123E+00 3.8420614944644871E-01
 8.7156421214653491E-03 -6.0222648145134448E-03 -1.6253240658456001E-03
0
0.0
 -1.1407996218300525E+00 -2.3170985309886123E+00 3.8420614944644871E-01
 8.7195637394632368E-03 -5.8888815450277342E-03 -1.2987845699939655E-03
0
0.0
 -1.1407996218300525E+00 -2.3170985309886123E+00 3.8420614944644871E-01
 8.9522853968599901E-03 -6.1687904298817200E-03 -1.5685083753991843E-03
0
0.0
 -1.1407996218300525E+00 -2.3170985309886123E+00 3.8420614944644871E-01
 8.6182110453273224E-03 -5.7832923740642377E-03 -1.7009887609395146E-03
0
0.0
 -1.1407996218300525E+00 -2.3170985309886123E+00 3.8420614944644871E-01
 8.5579382705961004E-03 -5.9156879202576949E-03 -1.5531768536924883E-03
0
0.0
 -1.1407996218300525E+00 -2.3170985309886123E+00 3.8420614944644871E-01
 8.5230634844752559E-03 -5.8670435475221541E-03 -1.8288053034867650E-03
0
0.0
 -1.1407996218300525E+00 -2.3170985309886123E+00 3.8420614944644871E-01
 8.7572846797354421E-03 -6.0203987689710185E-03 -1.5155835129546896E-03
0
0.0
 -1.1407996218300525E+00 -2.3170985309886123E+00 3.8420614944644871E-01
 8.5957445924742058E-03 -5.9426289492871716E-03 -1.6726604101803997E-03
0
0.0
 -1.1407996218300525E+00 -2.3170985309886123E+00 3.8420614944644871E-01
 8.6407693739124960E-03 -5.9045377374400314E-03 -1.5579955860144724E-03
0
0.0
 -1.1407996218300525E+00 -2.3170985309886123E+00 3.8420614944644871E-01
 8.8851366323452734E-03 -5.8701022876389095E-03 -1.4630118695796201E-03
0
0.0
 -1.1407996218300525E+00 -2.3170985309886123E+00 3.8420614944644871E-01
 8.7515101752259194E-03 -5.9389027766081938E-03 -1.5522556163803010E-03
0
0.0
 -1.1407996218300525E+00 -2.3170985309886123E+00 3.8420614944644871E-01
 8.6715905568122992E-03 -5.8378279291253828E-03 -1.5061379808741350E-03
0
0.0
 -1.1407996218300525E+00 -2.3170985309886123E+00 3.8420614944644871E-01
 8.8958163221185740E-03 -6.1095532695017501E-03 -1.5939085222680903E-03
0
0.0
 -1.1407996218300525E+00 -2.3170985309886123E+00 3.8420614944644871E-01
 9.0340398990142404E-03 -5.9811724085973295E-03 -1.6219413128015633E-03
0
0.0
 -1.1407996218300525E+00 -2.3170985309886123E+00 3.8420614944644871E-01
 8.8317437395002852E-03 -6.0479977742985093E-03 -1.4471836268956512E-03
0
0.0
 -1.1407996218300525E+00 -2.3170985309886123E+00 3.8420614944644871E-01
 8.9885383537797736E-03 -6.0931959518263036E-03 -1.4597391277806203E-03
0
0.0
 -1.1407996218300525E+00 -2.3170985309886123E+00 3.8420614944644871E-01
 8.5142436903871098E-03 -5.7753275777780765E-03 -1.7231195032725612E-03
0
0.0
