20
 -1.1407996218300525E+00 -2.3170985309886123E+00 3.8420614944644871E-01
 8.8157954524060653E-03 -5.9064356175924379E-03 -1.6409180683529595E-03
0
0.0
 -1.1407996218300525E+00 -2.3170985309886123E+00 3.8420614944644871E-01
 8.5202815941460269E-03 -5.7998930109569562E-03 -1.6501950511239832E-03
0
0.0
 -1.1407996218300525E+00 -2.3170985309886123E+00 3.8420614944644871E-01
 8.8782541263826946E-03 -5.8479557994347876E-03 -1.6000139402332447E-03
0
0.0
 -1.1407996218300525E+00 -2.3170985309886123E+00 3.8420614944644871E-01
 8.6562192971342284E-03 -5.8041480271743924E-03 -1.7804644107069891E-03
0
0.0
 -1.1407996218300525E+00 -2.3170985309886123E+00 3.8420614944644871E-01
 8.7760191340933574E-03 -6.2465026505793639E-03 -1.7080123241284373E-03
0
0.0
 -1.1407996218300525E+00 -2.3170985309886123E+00 3.8420614944644871E-01
 8.7861550782428657E-03 -6.0110811435866206E-03 -1.3792061846739970E-03
0
0.0
 -1.1407996218300525E+00 -2.3170985309886123E+00 3.8420614944644871E-01
 8.7975678939803941E-03 -5.8719322856376852E-03 -1.7786718838951256E-03
0
0.0
 -1.1407996218300525E+00 -2.3170985309886123E+00 3.8420614944644871E-01
 8.4913729659707848E-03 -5.9774441011133522E-03 -1.5819368192584425E-03
0
0.0
 -1.1407996218300525E+00 -2.3170985309886123E+00 3.8420614944644871E-01
 8.8423455014977666E-03 -5.8644127417841274E-03 -1.5555563466522373E-03
0
0.0
 -1.1407996218300525E+00 -2.3170985309886123E+00 3.8420614944644871E-01
 8.8304408386464181E-03 -6.0147816901457811E-03 -1.6674846733551255E-03
0
0.0
 -1.1407996218300525E+00 -2.3170985309886123E+00 3.8420614944644871E-01
 8.7001777436434349E-03 -5.6623579306402340E-03 -1.7106744908091992E-03
0
0.0
 -1.1407996218300525E+00 -2.3170985309886123E+00 3.8420614944644871E-01
 8.8857544887227767E-03 -6.0822524481295714E-03 -1.6362796198643563E-03
0
0.0
 -1.1407996218300525E+00 -2.3170985309886123E+00 3.8420614944644871E-01
 8.9319258289655735E-03 -5.7963925086539133E-03 -1.6790000118008029E-03
0
0.0
 -1.1407996218300525E+00 -2.3170985309886123E+00 3.8420614944644871E-01
 8.8125096005840179E-03 -5.8594275440195728E-03 -1.3650256693999994E-03
0
0.0
 -1.1407996218300525E+00 -2.3170985309886123E+00 3.8420614944644871E-01
 8.8479024586028947E-03 -5.8703851586886652E-03 -1.6160987775761658E-03
0
0.0
 -1.1407996218300525E+00 -2.3170985309886123E+00 3.8420614944644871E-01
 8.8963875100586138E-03 -5.9228077015794633E-03 -1.6342732925176933E-03
0
0.0
 -1.1407996218300525E+00 -2.3170985309886123E+00 3.8420614944644871E-01
 8.9018004537589328E-03 -6.0972398949342820E-03 -1.5188821711083443E-03
0
0.0
 -1.1407996218300525E+00 -2.3170985309886123E+00 3.8420614944644871E-01
 8.7602096299692171E-03 -5.9505900233788366E-03 -1.6120070130996942E-03
0
0.0
 -1.1407996218300525E+00 -2.3170985309886123E+00 3.8420614944644871E-01
 8.9550750666840383E-03 -5.9824623532649980E-03 -1.7558022089941519E-03
0
0.0
 -1.1407996218300525E+00 -2.3170985309886123E+00 3.8420614944644871E-01
 8.7539291805794305E-03 -5.8970553297504405E-03 -1.6140863541581243E-03
0
0.0
