20
 -1.1407996218300525E+00 -2.3170985309886123E+00 3.8420614944644871E-01
 8.7236001096456239E-03 -5.9348062485873928E-03 -1.6317620077196879E-03
0
0.0
 -1.1407996218300525E+00 -2.3170985309886123E+00 3.8420614944644871E-01
 8.6397835066319550E-03 -5.7110343549526396E-03 -1.5685323493051506E-03
0
0.0
 -1.1407996218300525E+00 -2.3170985309886123E+00 3.8420614944644871E-01
 8.6867450386294461E-03 -5.9970465928325511E-03 -1.8730161189155802E-03
0
0.0
 -1.1407996218300525E+00 -2.3170985309886123E+00 3.8420614944644871E-01
 8.8783374874020111E-03 -5.8052159183804566E-03 -1.7899500657975933E-03
0
0.0
 -1.1407996218300525E+00 -2.3170985309886123E+00 3.8420614944644871E-01
 9.0128878039607372E-03 -6.1464688832266103E-03 -1.6632972780955867E-03
0
0.0
 -1.1407996218300525E+00 -2.3170985309886123E+00 3.8420614944644871E-01
 8.7620958122415996E-03 -5.9094702955867868E-03 -1.2836181164628522E-03
0
0.0
 -1.1407996218300525E+00 -2.3170985309886123E+00 3.8420614944644871E-01
 8.7122911368952231E-03 -5.9980521795128840E-03 -1.5504968239391859E-03
0
0.0
 -1.1407996218300525E+00 -2.3170985309886123E+00 3.8420614944644871E-01
 8.7746111843730774E-03 -5.9264421436944015E-03 -1.6317252381442928E-03
0
0.0
 -1.1407996218300525E+00 -2.3170985309886123E+00 3.8420614944644871E-01
 8.7188951183280461E-03 -5.7432930300552873E-03 -1.8721374778685443E-03
0
0.0
 -1.1407996218300525E+00 -2.3170985309886123E+00 3.8420614944644871E-01
 8.8568618219105680E-03 -5.7556612964400266E-03 -1.7557449895060277E-03
0
0.0
 -1.1407996218300525E+00 -2.3170985309886123E+00 3.8420614944644871E-01
 9.0903473108864923E-03 -6.0013286169313404E-03 -1.6317539467421616E-03
0
0.0
 -1.1407996218300525E+00 -2.3170985309886123E+00 3.8420614944644871E-01
 8.5167016087493910E-03 -5.9682029930585257E-03 -1.4661410227270514E-03
0
0.0
 -1.1407996218300525E+00 -2.3170985309886123E+00 3.8420614944644871E-01
 8.7188788241461777E-03 -6.0853334741100985E-03 -1.7004783845927212E-03
0
0.0
 -1.1407996218300525E+00 -2.3170985309886123E+00 3.8420614944644871E-01
 8.5391650670668760E-03 -5.7735697498401311E-03 -1.4893926681975012E-03
0
0.0
 -1.1407996218300525E+00 -2.3170985309886123E+00 3.8420614944644871E-01
 8.5710489509030711E-03 -6.0454830087937859E-03 -1.6667291436277569E-03
0
0.0
 -1.1407996218300525E+00 -2.3170985309886123E+00 3.8420614944644871E-01
 8.7279437354552993E-03 -5.9622441282409736E-03 -1.6868149318800148E-03
0
0.0
 -1.1407996218300525E+00 -2.3170985309886123E+00 3.8420614944644871E-01
 8.6711610030146408E-03 -5.7476162951820972E-03 -1.7285658611312623E-03
0
0.0
 -1.1407996218300525E+00 -2.3170985309886123E+00 3.8420614944644871E-01
 8.6422214779214752E-03 -5.9377816995892585E-03 -1.7602359816158741E-03
0
0.0
 -1.1407996218300525E+00 -2.3170985309886123E+00 3.8420614944644871E-01
 8.9622989280385111E-03 -5.9929116652837691E-03 -1.9018526398906356E-03
0
0.0
 -1.1407996218300525E+00 -2.3170985309886123E+00 3.8420614944644871E-01
 8.7618137073131527E-03 -6.0752976155595230E-03 -1.7150332007842542E-03
0
0.0
