20
-1
1
  0.66446931   0.71373428   0.22150377  7.00796006e-04
 -0.81285082   0.29963458   0.49949240  1.74326206e-04
 -0.61405287  -0.29083414   0.73372650  6.99850071e-04
  0.66236473  -0.17225969   0.72910875  2.48247874e-04
 -0.21968340  -0.86254396  -0.45580381  2.07084256e-04
  0.10942475   0.82553836  -0.55363583  2.11965684e-04
 -0.48255221  -0.16088110  -0.86096494  4.02025507e-04
  0.90834647  -0.35914058  -0.21430058  2.89065399e-04
  0.85274063   0.46340661   0.24101398  4.04619168e-04
  0.50172739  -0.80668331  -0.31230058  2.18633142e-04
 -0.41961468  -0.42632619  -0.80135479  2.02151155e-04
  0.67187719  -0.55984557  -0.48492678  1.62581341e-04
  0.98244920  -0.18470066   0.02606210  2.17136045e-04
 -0.53946230  -0.31165505  -0.78220941  1.94760950e-04
  0.51001862  -0.43091106   0.74444387  2.23542824e-04
  0.76885796  -0.60958603   0.19303447  4.46891556e-04
 -0.14396888   0.74869490   0.64709266  2.45657589e-04
 -0.43384280   0.25430373   0.86435527  2.98328042e-04
  0.00348271  -0.97825331   0.20738451  5.89204761e-04
 -0.98625349  -0.13391204  -0.09680716  2.82348852e-04
