50
-1
1
  0.79187756  -0.23279735  -0.56456650  3.30952539e-04
 -0.49359627   0.29793572  -0.81706611  2.17620079e-04
  0.74520523   0.45962246   0.48313182  3.30624791e-04
 -0.72308767   0.29672919   0.62377561  7.45997233e-04
 -0.22242316  -0.38408917  -0.89610459  1.95899394e-04
 -0.03842931  -0.97009946  -0.23964605  3.23183049e-04
  0.55346722   0.67272914  -0.49102907  2.52005046e-04
  0.52506331  -0.71773402   0.45734713  1.91455247e-04
 -0.17999775   0.94576459  -0.27042587  1.71457335e-04
  0.76506138  -0.50674057  -0.39736014  4.35275114e-04
 -0.21704852   0.78783432  -0.57637403  2.21910695e-04
  0.78102593   0.57072781  -0.25351185  1.69313734e-04
 -0.63646489   0.49879209   0.58831870  8.07806211e-04
 -0.70314444   0.13550861   0.69801527  3.07925025e-04
  0.55650831   0.55164639  -0.62127672  4.61232794e-04
 -0.14803203   0.11705811   0.98203051  2.22099344e-04
 -0.51083476   0.79715297  -0.32186176  2.78800469e-04
  0.37970315   0.88219655  -0.27848655  1.47071506e-04
  0.66857743   0.73981340  -0.07536813  2.47818392e-04
  0.49813821   0.54784175  -0.67210694  2.89913918e-04
  0.89013257   0.18495484  -0.41648015  1.87339347e-04
 -0.60550026   0.22909038   0.76215945  3.42756916e-04
  0.88805270  -0.40640155  -0.21494229  5.60234908e-04
 -0.40917307   0.00720823   0.91242832  7.16303354e-04
  0.72092229  -0.69180631   0.04092765  3.32803665e-04
  0.01785552  -0.98895896   0.14711004  2.41420550e-04
  0.50997102  -0.31297499   0.80123418  1.78133071e-04
  0.82189226   0.55892857  -0.10996350  1.75667648e-04
 -0.63459717  -0.33889940   0.69457442  3.67105911e-04
  0.84134391   0.15667124  -0.51729541  2.49914166e-04
 -0.38231381   0.79994546  -0.46251855  2.91039489e-04
  0.72952416   0.66700739  -0.15131308  6.18077690e-04
 -0.79768130  -0.32359915  -0.50890877  2.24986324e-04
  0.33651178   0.37430595  -0.86409194  4.36437705e-04
  0.98090405   0.17133275  -0.09204531  3.15529356e-04
  0.37471586   0.67936007   0.63091832  3.95531609e-04
 -0.79323069  -0.53302706  -0.29439299  4.46487720e-04
 -0.81917225  -0.30108088  -0.48816711  1.80445009e-04
  0.86661319  -0.14037899   0.47882703  3.34860416e-04
  0.03418993   0.15647284  -0.98709032  2.28676166e-04
  0.06304477  -0.44186140   0.89486527  1.75693425e-04
 -0.00685222  -0.94476375   0.32768050  2.69330891e-04
 -0.19201870  -0.57148402   0.79783133  2.88880696e-04
 -0.77515435   0.26671479  -0.57271193  4.15675633e-04
  0.50596351   0.85179989  -0.13578611  4.87486944e-04
 -0.23834619  -0.91840909  -0.31577813  2.11881501e-04
 -0.76634440   0.62960898   0.12770587  2.21100497e-04
 -0.10588730  -0.96291004   0.24817764  1.46798544e-04
 -0.19145987  -0.12810453   0.97310449  1.58736740e-04
 -0.30709314   0.01075395   0.95161870  4.00347547e-04
