50
 -1.1407996218300525E+00 -2.3170985309886123E+00 3.8420614944644871E-01
 8.8391241247145046E-03 -5.9589817485991778E-03 -1.6172856307644131E-03
0
0.0
 -1.1407996218300525E+00 -2.3170985309886123E+00 3.8420614944644871E-01
 8.6275836916699326E-03 -5.7269122363254642E-03 -1.4822804062822829E-03
0
0.0
 -1.1407996218300525E+00 -2.3170985309886123E+00 3.8420614944644871E-01
 8.8446321867795500E-03 -6.0498861600449434E-03 -1.3368889442826777E-03
0
0.0
 -1.1407996218300525E+00 -2.3170985309886123E+00 3.8420614944644871E-01
 9.0164721783464741E-03 -5.8393328951087294E-03 -1.6654520808058603E-03
0
0.0
 -1.1407996218300525E+00 -2.3170985309886123E+00 3.8420614944644871E-01
 8.9597827338191213E-03 -5.9505919907609818E-03 -1.6839151240311814E-03
0
0.0
 -1.1407996218300525E+00 -2.3170985309886123E+00 3.8420614944644871E-01
 8.7994102908965401E-03 -5.8162522366233546E-03 -1.8107192196953807E-03
0
0.0
 -1.1407996218300525E+00 -2.3170985309886123E+00 3.8420614944644871E-01
 8.9437197741288887E-03 -5.8995795574288534E-03 -1.6287018227785909E-03
0
0.0
 -1.1407996218300525E+00 -2.3170985309886123E+00 3.8420614944644871E-01
 8.7801700590630343E-03 -5.9582741675109040E-03 -1.8078445972150158E-03
0
0.0
 -1.1407996218300525E+00 -2.3170985309886123E+00 3.8420614944644871E-01
 8.6927305436239419E-03 -5.9721568178201807E-03 -1.5013278147405504E-03
0
0.0
 -1.1407996218300525E+00 -2.3170985309886123E+00 3.8420614944644871E-01
 8.5388729977610191E-03 -6.1176481141643219E-03 -1.6459306909183834E-03
0
0.0
 -1.1407996218300525E+00 -2.3170985309886123E+00 3.8420614944644871E-01
 9.0896368650902806E-03 -5.8682025276301864E-03 -1.5915782368849157E-03
0
0.0
 -1.1407996218300525E+00 -2.3170985309886123E+00 3.8420614944644871E-01
 8.6855280703793235E-03 -5.7102062968513601E-03 -1.6684946490699087E-03
0
0.0
 -1.1407996218300525E+00 -2.3170985309886123E+00 3.8420614944644871E-01
 8.7957838141973135E-03 -5.8146756701131794E-03 -1.6827833698459028E-03
0
0.0
 -1.1407996218300525E+00 -2.3170985309886123E+00 3.8420614944644871E-01
 8.8307145356750789E-03 -5.8311972394484634E-03 -1.7436158323565049E-03
0
0.0
 -1.1407996218300525E+00 -2.3170985309886123E+00 3.8420614944644871E-01
 8.7379870926494792E-03 -5.8911990366823756E-03 -1.7243701094179821E-03
0
0.0
 -1.1407996218300525E+00 -2.3170985309886123E+00 3.8420614944644871E-01
 8.9303399405228825E-03 -5.9251329368519168E-03 -1.5789474849593271E-03
0
0.0
 -1.1407996218300525E+00 -2.3170985309886123E+00 3.8420614944644871E-01
 8.6852963273830238E-03 -5.8733814757469006E-03 -1.6979391196706994E-03
0
0.0
 -1.1407996218300525E+00 -2.3170985309886123E+00 3.8420614944644871E-01
 8.6473385281037440E-03 -5.8358466025944574E-03 -1.6234659661834444E-03
0
0.0
 -1.1407996218300525E+00 -2.3170985309886123E+00 3.8420614944644871E-01
 8.8124565133191630E-03 -5.9818483885719720E-03 -1.6703541953520021E-03
0
0.0
 -1.1407996218300525E+00 -2.3170985309886123E+00 3.8420614944644871E-01
 8.7951365066335843E-03 -5.8373335130370418E-03 -1.5701857489591334E-03
0
0.0
 -1.1407996218300525E+00 -2.3170985309886123E+00 3.8420614944644871E-01
 8.5579219746132369E-03 -5.8632868887779268E-03 -1.5764996773119924E-03
0
0.0
 -1.1407996218300525E+00 -2.3170985309886123E+00 3.8420614944644871E-01
 8.6663982474079505E-03 -6.0214718771653018E-03 -1.6810651825432698E-03
0
0.0
 -1.1407996218300525E+00 -2.3170985309886123E+00 3.8420614944644871E-01
 8.9424807215882640E-03 -5.8362862955991619E-03 -1.6283637068735669E-03
0
0.0
 -1.1407996218300525E+00 -2.3170985309886123E+00 3.8420614944644871E-01
 8.7040913705751181E-03 -6.0944438446909636E-03 -1.4734421898877875E-03
0
0.0
 -1.1407996218300525E+00 -2.3170985309886123E+00 3.8420614944644871E-01
 8.7815388406363350E-03 -6.1020299196535401E-03 -1.6187895829072366E-03
0
0.0
 -1.1407996218300525E+00 -2.3170985309886123E+00 3.8420614944644871E-01
 8.6813950374820710E-03 -6.0112047479701529E-03 -1.4480639707654043E-03
0
0.0
 -1.1407996218300525E+00 -2.3170985309886123E+00 3.8420614944644871E-01
 8.8078235120023982E-03 -5.9333389339733394E-03 -1.6027541138327421E-03
0
0.0
 -1.1407996218300525E+00 -2.3170985309886123E+00 3.8420614944644871E-01
 8.7151145738804392E-03 -5.9149977644194314E-03 -1.4599680730807841E-03
0
0.0
 -1.1407996218300525E+00 -2.3170985309886123E+00 3.8420614944644871E-01
 8.7005505512195401E-03 -5.9822793001829827E-03 -1.6757197003514359E-03
0
0.0
 -1.1407996218300525E+00 -2.3170985309886123E+00 3.8420614944644871E-01
 8.8836438883588623E-03 -5.7833141915351527E-03 -1.5188183330013855E-03
0
0.0
 -1.1407996218300525E+00 -2.3170985309886123E+00 3.8420614944644871E-01
 8.7415017936465743E-03 -5.6712442072316873E-03 -1.6164886997402520E-03
0
0.0
 -1.1407996218300525E+00 -2.3170985309886123E+00 3.8420614944644871E-01
 8.7501068495901193E-03 -5.9540854130090077E-03 -1.6289558506376433E-03
0
0.0
 -1.1407996218300525E+00 -2.3170985309886123E+00 3.8420614944644871E-01
 8.5131220857830384E-03 -5.9116100945575678E-03 -1.8033361684404504E-03
0
0.0
 -1.1407996218300525E+00 -2.3170985309886123E+00 3.8420614944644871E-01
 8.7702635543293744E-03 -5.9082354492498816E-03 -1.5897490064385789E-03
0
0.0
 -1.1407996218300525E+00 -2.3170985309886123E+00 3.8420614944644871E-01
 8.4487762120616424E-03 -5.8612990182867987E-03 -1.5965910639351608E-03
0
0.0
 -1.1407996218300525E+00 -2.3170985309886123E+00 3.8420614944644871E-01
 8.8401569519465789E-03 -6.0151761583560632E-03 -1.5446087596740212E-03
0
0.0
 -1.1407996218300525E+00 -2.3170985309886123E+00 3.8420614944644871E-01
 8.4982435377667764E-03 -5.8570902525809003E-03 -1.8087314724515090E-03
0
0.0
 -1.1407996218300525E+00 -2.3170985309886123E+00 3.8420614944644871E-01
 9.0505702345552268E-03 -5.9947854046614396E-03 -1.7417413651938959E-03
0
0.0
 -1.1407996218300525E+00 -2.3170985309886123E+00 3.8420614944644871E-01
 8.5656227670429796E-03 -5.9914023281437976E-03 -1.5465776287684932E-03
0
0.0
 -1.1407996218300525E+00 -2.3170985309886123E+00 3.8420614944644871E-01
 8.8250326565905996E-03 -5.8524146289905118E-03 -1.6010698977230347E-03
0
0.0
 -1.1407996218300525E+00 -2.3170985309886123E+00 3.8420614944644871E-01
 8.7611684059828235E-03 -5.9325091749571398E-03 -1.6249019908265558E-03
0
0.0
 -1.1407996218300525E+00 -2.3170985309886123E+00 3.8420614944644871E-01
 8.9457734586170928E-03 -5.8020928228062563E-03 -1.8219649254990586E-03
0
0.0
 -1.1407996218300525E+00 -2.3170985309886123E+00 3.8420614944644871E-01
 8.8387474384637229E-03 -5.9744902935244849E-03 -1.7306582726006221E-03
0
0.0
 -1.1407996218300525E+00 -2.3170985309886123E+00 3.8420614944644871E-01
 8.8415674779251472E-03 -5.9867358282382965E-03 -1.4844630675871732E-03
0
0.0
 -1.1407996218300525E+00 -2.3170985309886123E+00 3.8420614944644871E-01
 8.6363161705940283E-03 -6.0723817185275916E-03 -1.4106400931003370E-03
0
0.0
 -1.1407996218300525E+00 -2.3170985309886123E+00 3.8420614944644871E-01
 8.9097821631946364E-03 -5.8697998073796703E-03 -1.6360987801534920E-03
0
0.0
 -1.1407996218300525E+00 -2.3170985309886123E+00 3.8420614944644871E-01
 8.6374252172099347E-03 -5.8256415147914728E-03 -1.7019654343903309E-03
0
0.0
 -1.1407996218300525E+00 -2.3170985309886123E+00 3.8420614944644871E-01
 8.7291719587355970E-03 -6.0522806261417914E-03 -1.4689179387041803E-03
0
0.0
 -1.1407996218300525E+00 -2.3170985309886123E+00 3.8420614944644871E-01
 8.8079626190429253E-03 -5.9044672187031043E-03 -1.5810176171075399E-03
0
0.0
 -1.1407996218300525E+00 -2.3170985309886123E+00 3.8420614944644871E-01
 8.8886915716450965E-03 -6.0086204277791438E-03 -1.8052595481739128E-03
0
0.0
