50
-1
1
  0.24829487  -0.22713998   0.94167780  1.95005400e-04
 -0.46246223   0.06376713   0.88434294  7.55508214e-04
 -0.61752169  -0.58294181  -0.52805853  1.58654999e-04
 -0.80589242   0.58813961  -0.06803834  2.69786879e-04
  0.44800742  -0.04622667  -0.89283394  1.65974459e-04
 -0.81693661  -0.55977385  -0.13880854  3.61049662e-04
 -0.04738393   0.98778053   0.14847354  3.41047074e-04
 -0.48644554   0.49375303   0.72081806  1.84484867e-04
  0.00523572   0.62880530   0.77754516  4.05980295e-04
 -0.87532389   0.45340755   0.16801691  5.99977785e-04
 -0.63629527   0.77022245  -0.04342467  5.36160221e-04
  0.75545615  -0.09010597  -0.64897374  1.52812654e-04
  0.67748610  -0.72103929   0.14530979  3.11142216e-04
  0.12322041  -0.22454912   0.96664079  1.66569385e-04
 -0.19516646   0.72504340   0.66047114  1.60705684e-04
  0.33602132   0.58944078   0.73460822  2.61296638e-04
 -0.00425190  -0.57000895  -0.82162748  5.28593205e-04
  0.58598658  -0.73413966  -0.34301413  1.86159614e-04
 -0.65500760   0.06113117  -0.75314542  7.65336266e-04
  0.15344879  -0.34921117   0.92439441  1.50190968e-04
 -0.63630669   0.71865970   0.28043187  1.91670867e-04
  0.49164334   0.86901760  -0.05563483  1.50568934e-04
 -0.84776353  -0.46407440   0.25677217  3.22807227e-04
  0.79628616  -0.17803093  -0.57812917  4.25999718e-04
  0.46485664   0.20062366  -0.86235634  2.83091271e-04
  0.36211992  -0.42640906  -0.82888146  1.93101894e-04
  0.32579823  -0.87356209  -0.36158649  1.91268634e-04
 -0.58728085  -0.67818731   0.44177276  3.47243435e-04
  0.50089902  -0.30868910  -0.80858593  8.27159321e-04
 -0.66204478   0.10023586   0.74273110  2.70737859e-04
 -0.55744203  -0.66787072  -0.49316031  1.55387473e-04
  0.98956636   0.14346095  -0.01331784  1.59109901e-04
 -0.17310017  -0.12655842  -0.97673911  1.93036797e-04
  0.26263547  -0.89688125   0.35584636  2.68965930e-04
  0.20152607   0.44191956  -0.87412490  2.72020084e-04
  0.89491425  -0.01216403  -0.44607233  1.66393006e-04
  0.10048494   0.78291294  -0.61396263  3.71853593e-04
  0.66340377   0.73830578  -0.12165533  3.07989798e-04
  0.08583578   0.85452980   0.51226071  8.38466004e-04
 -0.80051073   0.18456902  -0.57019019  3.70833680e-04
 -0.90924503   0.37262660   0.18553411  4.48372194e-04
  0.47940592   0.54869350  -0.68491270  1.69250400e-04
  0.29475887   0.93241700  -0.20908311  2.31170692e-04
  0.65952335  -0.53164321  -0.53139858  3.04813684e-04
 -0.19807875   0.95555817  -0.21834239  6.98951030e-04
 -0.65566045   0.65385776   0.37759689  2.44468311e-04
  0.47397424  -0.51083621  -0.71721321  1.61627412e-04
 -0.18610187  -0.51711512   0.83543883  1.99530325e-04
  0.46133955   0.86182295   0.21077719  7.04959684e-04
 -0.60435598   0.50005789   0.62023863  2.67346733e-04
