50
 -1.1407996218300525E+00 -2.3170985309886123E+00 3.8420614944644871E-01
 8.7852316425214086E-03 -5.9160906555456739E-03 -1.6749647530174840E-03
0
0.0
 -1.1407996218300525E+00 -2.3170985309886123E+00 3.8420614944644871E-01
 8.7197037112907872E-03 -5.7845382734405667E-03 -1.4784608794592316E-03
0
0.0
 -1.1407996218300525E+00 -2.3170985309886123E+00 3.8420614944644871E-01
 8.9344106506264315E-03 -5.9223838857666109E-03 -1.5693963668818854E-03
0
0.0
 -1.1407996218300525E+00 -2.3170985309886123E+00 3.8420614944644871E-01
 8.5582567096681213E-03 -6.1181355923441549E-03 -1.7143780581547353E-03
0
0.0
 -1.1407996218300525E+00 -2.3170985309886123E+00 3.8420614944644871E-01
 8.7408474255230833E-03 -5.7895278848435362E-03 -1.6636419923055346E-03
0
0.0
 -1.1407996218300525E+00 -2.3170985309886123E+00 3.8420614944644871E-01
 8.9176390771627430E-03 -6.1198520329011664E-03 -1.7619362036724719E-03
0
0.0
 -1.1407996218300525E+00 -2.3170985309886123E+00 3.8420614944644871E-01
 8.8056277095349186E-03 -5.9404269260296717E-03 -1.3856451188338904E-03
0
0.0
 -1.1407996218300525E+00 -2.3170985309886123E+00 3.8420614944644871E-01
 8.6514890402572837E-03 -5.9547486132654013E-03 -1.5770512916107207E-03
0
0.0
 -1.1407996218300525E+00 -2.3170985309886123E+00 3.8420614944644871E-01
 8.7817583650867028E-03 -5.9577635563616742E-03 -1.5537243659116775E-03
0
0.0
 -1.1407996218300525E+00 -2.3170985309886123E+00 3.8420614944644871E-01
 8.5870671915202548E-03 -5.9734158780529343E-03 -1.7264571581195292E-03
0
0.0
 -1.1407996218300525E+00 -2.3170985309886123E+00 3.8420614944644871E-01
 8.6318741547481322E-03 -5.9953284956023077E-03 -1.5705152524821816E-03
0
0.0
 -1.1407996218300525E+00 -2.3170985309886123E+00 3.8420614944644871E-01
 8.6877515724982975E-03 -5.9782628543021653E-03 -1.5915384057999574E-03
0
0.0
 -1.1407996218300525E+00 -2.3170985309886123E+00 3.8420614944644871E-01
 8.7596668563472493E-03 -6.0135335191443115E-03 -1.6845850262394650E-03
0
0.0
 -1.1407996218300525E+00 -2.3170985309886123E+00 3.8420614944644871E-01
 8.6310429117758877E-03 -5.9629168828186857E-03 -1.5759273579584519E-03
0
0.0
 -1.1407996218300525E+00 -2.3170985309886123E+00 3.8420614944644871E-01
 8.5617832527849092E-03 -5.8540202520200183E-03 -1.8544777065309743E-03
0
0.0
 -1.1407996218300525E+00 -2.3170985309886123E+00 3.8420614944644871E-01
 8.7625366151300281E-03 -5.9192341113812486E-03 -1.6035598154646976E-03
0
0.0
 -1.1407996218300525E+00 -2.3170985309886123E+00 3.8420614944644871E-01
 8.8043802354247948E-03 -5.8883099962897820E-03 -1.5052910404528982E-03
0
0.0
 -1.1407996218300525E+00 -2.3170985309886123E+00 3.8420614944644871E-01
 8.9268007624511165E-03 -5.9345513223108617E-03 -1.4932246410032039E-03
0
0.0
 -1.1407996218300525E+00 -2.3170985309886123E+00 3.8420614944644871E-01
 8.7547574752239506E-03 -5.8291122369026234E-03 -1.5676118842751590E-03
0
0.0
 -1.1407996218300525E+00 -2.3170985309886123E+00 3.8420614944644871E-01
 8.7459908712261940E-03 -6.2261961681337507E-03 -1.6437022225441605E-03
0
0.0
 -1.1407996218300525E+00 -2.3170985309886123E+00 3.8420614944644871E-01
 8.8064314508003970E-03 -5.9023978037000433E-03 -1.4416877560239814E-03
0
0.0
 -1.1407996218300525E+00 -2.3170985309886123E+00 3.8420614944644871E-01
 8.7126184667047097E-03 -6.1341801662094997E-03 -1.6609024741415298E-03
0
0.0
 -1.1407996218300525E+00 -2.3170985309886123E+00 3.8420614944644871E-01
 8.8096183945556138E-03 -6.1296092044652159E-03 -1.5960729577385617E-03
0
0.0
 -1.1407996218300525E+00 -2.3170985309886123E+00 3.8420614944644871E-01
 8.7758547254299917E-03 -6.0410467381203543E-03 -1.7198635712865121E-03
0
0.0
 -1.1407996218300525E+00 -2.3170985309886123E+00 3.8420614944644871E-01
 8.8533013103400601E-03 -5.8927311015355525E-03 -1.7541806145592006E-03
0
0.0
 -1.1407996218300525E+00 -2.3170985309886123E+00 3.8420614944644871E-01
 8.5553015811346313E-03 -5.8029883607486326E-03 -1.4962370304511059E-03
0
0.0
 -1.1407996218300525E+00 -2.3170985309886123E+00 3.8420614944644871E-01
 8.6635281295777602E-03 -5.7825267791161454E-03 -1.5169421201556899E-03
0
0.0
 -1.1407996218300525E+00 -2.3170985309886123E+00 3.8420614944644871E-01
 8.8255679658215784E-03 -6.0389772755215041E-03 -1.7079959309787324E-03
0
0.0
 -1.1407996218300525E+00 -2.3170985309886123E+00 3.8420614944644871E-01
 8.7970590857134046E-03 -5.8981714400750517E-03 -1.7920281563943948E-03
0
0.0
 -1.1407996218300525E+00 -2.3170985309886123E+00 3.8420614944644871E-01
 8.9022905839064529E-03 -5.7305946645966332E-03 -1.4162505701824394E-03
0
0.0
 -1.1407996218300525E+00 -2.3170985309886123E+00 3.8420614944644871E-01
 8.7044920887137996E-03 -5.8967608352139024E-03 -1.4619513553572102E-03
0
0.0
 -1.1407996218300525E+00 -2.3170985309886123E+00 3.8420614944644871E-01
 8.6256389374096964E-03 -6.1664946883156794E-03 -1.5748231589446998E-03
0
0.0
 -1.1407996218300525E+00 -2.3170985309886123E+00 3.8420614944644871E-01
 9.0988068119504731E-03 -5.7964928569014425E-03 -1.5982351146849767E-03
0
0.0
 -1.1407996218300525E+00 -2.3170985309886123E+00 3.8420614944644871E-01
 8.9274445472705462E-03 -5.8109439874339088E-03 -1.8130754304668546E-03
0
0.0
 -1.1407996218300525E+00 -2.3170985309886123E+00 3.8420614944644871E-01
 8.8030326988346418E-03 -5.9176909747888796E-03 -1.6354589336082422E-03
0
0.0
 -1.1407996218300525E+00 -2.3170985309886123E+00 3.8420614944644871E-01
 8.7972352596518751E-03 -5.9926633092468691E-03 -1.5471398008232147E-03
0
0.0
 -1.1407996218300525E+00 -2.3170985309886123E+00 3.8420614944644871E-01
 8.9219366639691645E-03 -5.9171073619309726E-03 -1.8642125055080574E-03
0
0.0
 -1.1407996218300525E+00 -2.3170985309886123E+00 3.8420614944644871E-01
 8.8446409230837648E-03 -6.1873552931545270E-03 -1.7450086309657774E-03
0
0.0
 -1.1407996218300525E+00 -2.3170985309886123E+00 3.8420614944644871E-01
 8.8208234645386872E-03 -5.8243855608480248E-03 -1.5613787666693801E-03
0
0.0
 -1.1407996218300525E+00 -2.3170985309886123E+00 3.8420614944644871E-01
 9.0135131513236315E-03 -5.9931152253500132E-03 -1.6114547858207188E-03
0
0.0
 -1.1407996218300525E+00 -2.3170985309886123E+00 3.8420614944644871E-01
 8.7524567461997743E-03 -6.1981618096761922E-03 -1.5067199435661440E-03
0
0.0
 -1.1407996218300525E+00 -2.3170985309886123E+00 3.8420614944644871E-01
 8.9745247698360658E-03 -6.0719238541613683E-03 -1.7367735695426019E-03
0
0.0
 -1.1407996218300525E+00 -2.3170985309886123E+00 3.8420614944644871E-01
 8.6361404862527903E-03 -5.9659475764579327E-03 -1.5313055907882880E-03
0
0.0
 -1.1407996218300525E+00 -2.3170985309886123E+00 3.8420614944644871E-01
 8.9424458977974391E-03 -5.9078192236329419E-03 -1.7701085156548756E-03
0
0.0
 -1.1407996218300525E+00 -2.3170985309886123E+00 3.8420614944644871E-01
 9.0416770144189189E-03 -5.8820770254412614E-03 -1.7249549003073847E-03
0
0.0
 -1.1407996218300525E+00 -2.3170985309886123E+00 3.8420614944644871E-01
 8.8578464768689861E-03 -5.8254037605565143E-03 -1.6983382154345025E-03
0
0.0
 -1.1407996218300525E+00 -2.3170985309886123E+00 3.8420614944644871E-01
 8.9702353107752111E-03 -5.9049664889667822E-03 -1.7026605193050271E-03
0
0.0
 -1.1407996218300525E+00 -2.3170985309886123E+00 3.8420614944644871E-01
 8.6370522523538922E-03 -5.8998622709910088E-03 -1.6233567558101023E-03
0
0.0
 -1.1407996218300525E+00 -2.3170985309886123E+00 3.8420614944644871E-01
 9.0318931664571701E-03 -5.9161897164429957E-03 -1.7757079695166196E-03
0
0.0
 -1.1407996218300525E+00 -2.3170985309886123E+00 3.8420614944644871E-01
 8.5460421116895606E-03 -6.0837646675865860E-03 -1.6056954801742663E-03
0
0.0
