20
-1
1
  0.09539922  -0.84642531   0.52389234  2.92013864e-04
  0.47325456   0.18525412   0.86122647  1.87238539e-04
 -0.97143422  -0.07314099  -0.22575638  6.26872467e-04
  0.86372964  -0.39785154  -0.30933034  1.80904816e-04
 -0.02367615  -0.25977185  -0.96537973  4.84728182e-04
  0.00649644   0.88315821   0.46903024  1.96197824e-04
 -0.71276195  -0.12942931  -0.68936090  3.21559765e-04
 -0.13615521  -0.64211403   0.75442119  2.77208470e-04
  0.03727486  -0.78975452  -0.61228947  4.87001284e-04
 -0.19677116  -0.96710761  -0.16119546  3.75176585e-04
 -0.32073096   0.49094910   0.81000039  6.27984420e-04
 -0.34380570  -0.58328350  -0.73591983  1.72441231e-04
  0.74593288   0.58719364  -0.31430520  1.77735934e-04
 -0.86933900   0.27907551   0.40788059  1.50560200e-04
 -0.75976988  -0.29317727   0.58034198  2.91285271e-04
 -0.72392008   0.58015335  -0.37331195  3.53376056e-04
  0.01274072  -0.99462938   0.10271358  5.50961879e-04
 -0.21704762  -0.88245547  -0.41732803  1.67190176e-04
  0.53623933  -0.29445192  -0.79104073  1.50198346e-04
 -0.35262051  -0.57480123  -0.73841880  8.42200896e-04
