20
 -1.1407996218300525E+00 -2.3170985309886123E+00 3.8420614944644871E-01
 8.7544891242677877E-03 -5.7612711234945792E-03 -1.7054070719891489E-03
0
0.0
 -1.1407996218300525E+00 -2.3170985309886123E+00 3.8420614944644871E-01
 8.9445918496736266E-03 -5.7806299093284231E-03 -1.4680039189582271E-03
0
0.0
 -1.1407996218300525E+00 -2.3170985309886123E+00 3.8420614944644871E-01
 8.7260272783688687E-03 -5.9316612918971076E-03 -1.7435430725349233E-03
0
0.0
 -1.1407996218300525E+00 -2.3170985309886123E+00 3.8420614944644871E-01
 8.7983146200366694E-03 -5.7969216086027143E-03 -1.6400704205313255E-03
0
0.0
 -1.1407996218300525E+00 -2.3170985309886123E+00 3.8420614944644871E-01
 8.6366093114024316E-03 -5.9484588735581974E-03 -1.5075173152696172E-03
0
0.0
 -1.1407996218300525E+00 -2.3170985309886123E+00 3.8420614944644871E-01
 9.0602639713325828E-03 -5.9712453530719684E-03 -1.4917839859622385E-03
0
0.0
 -1.1407996218300525E+00 -2.3170985309886123E+00 3.8420614944644871E-01
 8.6252712650492346E-03 -5.8958932772001111E-03 -1.4094690231899343E-03
0
0.0
 -1.1407996218300525E+00 -2.3170985309886123E+00 3.8420614944644871E-01
 8.7769080915627070E-03 -5.7476425978366221E-03 -1.5860577753903761E-03
0
0.0
 -1.1407996218300525E+00 -2.3170985309886123E+00 3.8420614944644871E-01
 8.7737405617898060E-03 -5.9245336658032468E-03 -1.6288025510618404E-03
0
0.0
 -1.1407996218300525E+00 -2.3170985309886123E+00 3.8420614944644871E-01
 8.8512832749681539E-03 -6.1517427233294102E-03 -1.5267603444782305E-03
0
0.0
 -1.1407996218300525E+00 -2.3170985309886123E+00 3.8420614944644871E-01
 8.5833625096916159E-03 -6.0706462767615389E-03 -1.6358683364166955E-03
0
0.0
 -1.1407996218300525E+00 -2.3170985309886123E+00 3.8420614944644871E-01
 8.6653902138204356E-03 -5.8900162913208196E-03 -1.7203002311850070E-03
0
0.0
 -1.1407996218300525E+00 -2.3170985309886123E+00 3.8420614944644871E-01
 8.9059246490978371E-03 -5.8246595013108048E-03 -1.4539400663286049E-03
0
0.0
 -1.1407996218300525E+00 -2.3170985309886123E+00 3.8420614944644871E-01
 8.9046280294261693E-03 -6.1532282256529860E-03 -1.4915931591280131E-03
0
0.0
 -1.1407996218300525E+00 -2.3170985309886123E+00 3.8420614944644871E-01
 8.9691694367533444E-03 -5.7211774050138567E-03 -1.7657525203929353E-03
0
0.0
 -1.1407996218300525E+00 -2.3170985309886123E+00 3.8420614944644871E-01
 8.8119639047532471E-03 -5.9131036638779026E-03 -1.7763161396197496E-03
0
0.0
 -1.1407996218300525E+00 -2.3170985309886123E+00 3.8420614944644871E-01
 8.8285213911859645E-03 -5.9422247388349518E-03 -1.6537166759155639E-03
0
0.0
 -1.1407996218300525E+00 -2.3170985309886123E+00 3.8420614944644871E-01
 8.6580693208845004E-03 -5.7766367705638037E-03 -1.7639218391491611E-03
0
0.0
 -1.1407996218300525E+00 -2.3170985309886123E+00 3.8420614944644871E-01
 8.7627766556811794E-03 -5.8968540117059322E-03 -1.6289884721865594E-03
0
0.0
 -1.1407996218300525E+00 -2.3170985309886123E+00 3.8420614944644871E-01
 9.0423440488192793E-03 -5.9724504271893887E-03 -1.5182824242823472E-03
0
0.0
