50
-1
1
 -0.46419956  -0.65119750   0.60038369  3.83507401e-04
 -0.18129742  -0.34240668   0.92189420  7.26897534e-04
 -0.11720068  -0.87381081   0.47193080  2.19389746e-04
  0.47239293  -0.70939139  -0.52307626  2.13396415e-04
 -0.17174473   0.98277716   0.06821139  6.24378737e-04
 -0.47025117   0.72772587  -0.49927837  4.01427015e-04
 -0.17845649  -0.97963450  -0.09202999  1.56812714e-04
  0.89685801   0.01333571  -0.44211749  1.48945722e-04
 -0.19997751  -0.41990183  -0.88526349  3.07875895e-04
  0.48211982  -0.58432008  -0.65278674  2.59325307e-04
  0.97390215   0.05600394   0.21995036  1.52188642e-04
  0.48456116  -0.23032440  -0.84389049  5.95073707e-04
  0.69337298  -0.08135278   0.71597181  1.84203193e-04
 -0.98251414  -0.14077794  -0.12185050  1.85570726e-04
 -0.73183898  -0.26694267   0.62701939  2.83724789e-04
 -0.61643988  -0.04761659   0.78596090  1.75619871e-04
 -0.05342334   0.99376731  -0.09783905  1.95617598e-04
  0.61766266   0.72737743   0.29902327  4.94967052e-04
  0.58203624  -0.43613486   0.68630911  2.35725706e-04
  0.68449006  -0.65212379   0.32589558  4.00447085e-04
  0.90001526   0.29842060  -0.31767543  1.47668865e-04
  0.42311616  -0.57118168   0.70336633  1.49501705e-04
  0.75616559  -0.58038556  -0.30226843  1.69145667e-04
  0.47183949   0.81940597  -0.32548633  2.64144123e-04
  0.41495402   0.12646387  -0.90101057  6.53760546e-04
 -0.36077599  -0.71050494   0.60417168  8.23505702e-04
 -0.54809968   0.76178620   0.34535276  2.93133430e-04
  0.15526928   0.96736805  -0.20022613  2.43500441e-04
 -0.80412530  -0.57352188   0.15638140  2.20110306e-04
 -0.90102199   0.43301949  -0.02556350  1.79873680e-04
 -0.99063677   0.12612206   0.05226865  7.41266519e-04
  0.40218119   0.87450853   0.27108139  1.50690436e-04
 -0.71107733   0.64117475   0.28855497  4.25001240e-04
  0.63580801   0.53392075  -0.55738389  2.14358118e-04
  0.20747238   0.21767322  -0.95371567  2.80127137e-04
 -0.53621232   0.81856134  -0.20599437  6.02504733e-04
  0.92003312  -0.05519276  -0.38793403  5.12774837e-04
  0.44026239  -0.32501960  -0.83697747  5.33835450e-04
  0.82642627   0.14693476   0.54353453  3.78257937e-04
 -0.91497060   0.32038257  -0.24532387  1.81197302e-04
 -0.19427295   0.36327935   0.91120038  6.72505567e-04
  0.22077110   0.80800338  -0.54625146  2.40287344e-04
  0.37967715  -0.63435918   0.67337486  5.08180544e-04
 -0.89852347  -0.26726666  -0.34817253  2.58734461e-04
  0.43992238   0.38423142  -0.81168622  1.64604247e-04
  0.96139535   0.25580384   0.10140701  1.76528720e-04
 -0.57397075  -0.67871261   0.45815583  2.50861980e-04
 -0.44134154   0.57795299   0.68643134  1.46654761e-04
  0.56724138  -0.57952179  -0.58514248  1.85871963e-04
 -0.79441387  -0.54649631   0.26504411  2.00942694e-04
