50
 -1.1407996218300525E+00 -2.3170985309886123E+00 3.8420614944644871E-01
 8.6421654037761100E-03 -6.1784551701076487E-03 -1.5490166168407903E-03
0
0.0
 -1.1407996218300525E+00 -2.3170985309886123E+00 3.8420614944644871E-01
 8.8639077499957659E-03 -5.7543880657838315E-03 -1.5168726744110507E-03
0
0.0
 -1.1407996218300525E+00 -2.3170985309886123E+00 3.8420614944644871E-01
 8.7279556437845369E-03 -5.7078034353793619E-03 -1.6607338559897549E-03
0
0.0
 -1.1407996218300525E+00 -2.3170985309886123E+00 3.8420614944644871E-01
 8.7288240499224894E-03 -5.7603340381530586E-03 -1.3236042919799217E-03
0
0.0
 -1.1407996218300525E+00 -2.3170985309886123E+00 3.8420614944644871E-01
 8.6157610387016682E-03 -5.9357220000135942E-03 -1.4734181473902593E-03
0
0.0
 -1.1407996218300525E+00 -2.3170985309886123E+00 3.8420614944644871E-01
 8.7565702956107442E-03 -6.0903380775940682E-03 -1.5176633155485498E-03
0
0.0
 -1.1407996218300525E+00 -2.3170985309886123E+00 3.8420614944644871E-01
 8.6442491550793275E-03 -5.8062952894434982E-03 -1.7862149334892153E-03
0
0.0
 -1.1407996218300525E+00 -2.3170985309886123E+00 3.8420614944644871E-01
 8.8583221438114784E-03 -5.7574867303510080E-03 -1.5795608063739679E-03
0
0.0
 -1.1407996218300525E+00 -2.3170985309886123E+00 3.8420614944644871E-01
 8.8080744598045078E-03 -5.6017548895024721E-03 -1.5119095507817786E-03
0
0.0
 -1.1407996218300525E+00 -2.3170985309886123E+00 3.8420614944644871E-01
 8.8441379256607514E-03 -5.8355586745735535E-03 -1.6576410304883873E-03
0
0.0
 -1.1407996218300525E+00 -2.3170985309886123E+00 3.8420614944644871E-01
 8.8041609207634292E-03 -6.1420686399677790E-03 -1.6008233897702910E-03
0
0.0
 -1.1407996218300525E+00 -2.3170985309886123E+00 3.8420614944644871E-01
 8.6842446762666267E-03 -5.8329102877941515E-03 -1.3859585850792724E-03
0
0.0
 -1.1407996218300525E+00 -2.3170985309886123E+00 3.8420614944644871E-01
 8.6954649005258448E-03 -5.6536589547317561E-03 -1.6684378263857134E-03
0
0.0
 -1.1407996218300525E+00 -2.3170985309886123E+00 3.8420614944644871E-01
 8.7155177965858761E-03 -5.8426472158241757E-03 -1.7808940157637285E-03
0
0.0
 -1.1407996218300525E+00 -2.3170985309886123E+00 3.8420614944644871E-01
 8.8538352648917656E-03 -5.8583178145134134E-03 -1.7586923465525935E-03
0
0.0
 -1.1407996218300525E+00 -2.3170985309886123E+00 3.8420614944644871E-01
 8.7114262403650174E-03 -5.8179396209646732E-03 -1.6725623641257235E-03
0
0.0
 -1.1407996218300525E+00 -2.3170985309886123E+00 3.8420614944644871E-01
 8.8850498406829095E-03 -5.9722856921672739E-03 -1.6966248499429022E-03
0
0.0
 -1.1407996218300525E+00 -2.3170985309886123E+00 3.8420614944644871E-01
 9.0320067340089651E-03 -5.8341449141552293E-03 -1.5524298302380711E-03
0
0.0
 -1.1407996218300525E+00 -2.3170985309886123E+00 3.8420614944644871E-01
 8.7922779154316223E-03 -5.9295432509329990E-03 -1.5687990672067073E-03
0
0.0
 -1.1407996218300525E+00 -2.3170985309886123E+00 3.8420614944644871E-01
 8.7255214423838275E-03 -5.8337129641414312E-03 -1.6918938659885221E-03
0
0.0
 -1.1407996218300525E+00 -2.3170985309886123E+00 3.8420614944644871E-01
 8.6991559954117913E-03 -5.9947873055044244E-03 -1.6703040696314560E-03
0
0.0
 -1.1407996218300525E+00 -2.3170985309886123E+00 3.8420614944644871E-01
 8.9758305473303934E-03 -6.1101465747741114E-03 -1.6318769851743587E-03
0
0.0
 -1.1407996218300525E+00 -2.3170985309886123E+00 3.8420614944644871E-01
 8.7070710098284872E-03 -5.9693125033463473E-03 -1.4819254540998461E-03
0
0.0
 -1.1407996218300525E+00 -2.3170985309886123E+00 3.8420614944644871E-01
 8.8164608698823015E-03 -6.0585562561516508E-03 -1.5524509695141952E-03
0
0.0
 -1.1407996218300525E+00 -2.3170985309886123E+00 3.8420614944644871E-01
 8.6976749742019663E-03 -5.9181270487219341E-03 -1.6864659837509367E-03
0
0.0
 -1.1407996218300525E+00 -2.3170985309886123E+00 3.8420614944644871E-01
 8.7999685983979475E-03 -5.9576840523086665E-03 -1.6016301748811382E-03
0
0.0
 -1.1407996218300525E+00 -2.3170985309886123E+00 3.8420614944644871E-01
 8.8306736167359685E-03 -5.8622788243329910E-03 -1.6774070374813883E-03
0
0.0
 -1.1407996218300525E+00 -2.3170985309886123E+00 3.8420614944644871E-01
 8.7854329120710100E-03 -5.9606290248265274E-03 -1.6647286066448224E-03
0
0.0
 -1.1407996218300525E+00 -2.3170985309886123E+00 3.8420614944644871E-01
 9.0097593500253186E-03 -5.9410881540628473E-03 -1.7636077542614477E-03
0
0.0
 -1.1407996218300525E+00 -2.3170985309886123E+00 3.8420614944644871E-01
 8.8740188631049148E-03 -5.9462985855466598E-03 -1.6334939870880610E-03
0
0.0
 -1.1407996218300525E+00 -2.3170985309886123E+00 3.8420614944644871E-01
 8.7224970084126031E-03 -5.8159566464176709E-03 -1.6149957308417271E-03
0
0.0
 -1.1407996218300525E+00 -2.3170985309886123E+00 3.8420614944644871E-01
 8.9552174783793688E-03 -5.7037361477175180E-03 -1.6170899941974140E-03
0
0.0
 -1.1407996218300525E+00 -2.3170985309886123E+00 3.8420614944644871E-01
 8.5100707956098538E-03 -5.8579183258619600E-03 -1.5304838935596347E-03
0
0.0
 -1.1407996218300525E+00 -2.3170985309886123E+00 3.8420614944644871E-01
 8.7339410857074813E-03 -5.9332107654337342E-03 -1.4824093078931060E-03
0
0.0
 -1.1407996218300525E+00 -2.3170985309886123E+00 3.8420614944644871E-01
 8.6220999880367074E-03 -5.7905958888477089E-03 -1.6481923584418376E-03
0
0.0
 -1.1407996218300525E+00 -2.3170985309886123E+00 3.8420614944644871E-01
 8.8641919653489314E-03 -5.9580927570556099E-03 -1.4023115257657222E-03
0
0.0
 -1.1407996218300525E+00 -2.3170985309886123E+00 3.8420614944644871E-01
 8.8578493653663336E-03 -5.9733973891851573E-03 -1.5711801348401002E-03
0
0.0
 -1.1407996218300525E+00 -2.3170985309886123E+00 3.8420614944644871E-01
 8.8014125333359099E-03 -5.7724548895613775E-03 -1.9052821733638926E-03
0
0.0
 -1.1407996218300525E+00 -2.3170985309886123E+00 3.8420614944644871E-01
 8.9516851151539602E-03 -5.9842235995243385E-03 -1.4949189515187668E-03
0
0.0
 -1.1407996218300525E+00 -2.3170985309886123E+00 3.8420614944644871E-01
 8.8678214077607970E-03 -5.9715556001171261E-03 -1.7041609413401104E-03
0
0.0
 -1.1407996218300525E+00 -2.3170985309886123E+00 3.8420614944644871E-01
 8.6564214842920640E-03 -5.9162447577996193E-03 -1.6661034257742019E-03
0
0.0
 -1.1407996218300525E+00 -2.3170985309886123E+00 3.8420614944644871E-01
 8.8197705138873990E-03 -5.8532224513306204E-03 -1.6292340502135922E-03
0
0.0
 -1.1407996218300525E+00 -2.3170985309886123E+00 3.8420614944644871E-01
 8.6941399287341695E-03 -5.7867990397935032E-03 -1.6466508721642546E-03
0
0.0
 -1.1407996218300525E+00 -2.3170985309886123E+00 3.8420614944644871E-01
 8.7615220130995899E-03 -5.8193949322762071E-03 -1.7085762322189392E-03
0
0.0
 -1.1407996218300525E+00 -2.3170985309886123E+00 3.8420614944644871E-01
 8.7166048127720486E-03 -5.9264276821939634E-03 -1.6373441517989725E-03
0
0.0
 -1.1407996218300525E+00 -2.3170985309886123E+00 3.8420614944644871E-01
 8.7595577727595294E-03 -5.8567885109858560E-03 -1.4823569876039066E-03
0
0.0
 -1.1407996218300525E+00 -2.3170985309886123E+00 3.8420614944644871E-01
 8.7909899649995342E-03 -5.9491827358372062E-03 -1.6182112485607966E-03
0
0.0
 -1.1407996218300525E+00 -2.3170985309886123E+00 3.8420614944644871E-01
 8.7980237398945452E-03 -5.9051796799036447E-03 -1.6235159845203544E-03
0
0.0
 -1.1407996218300525E+00 -2.3170985309886123E+00 3.8420614944644871E-01
 8.5286343300093950E-03 -5.9051717363013990E-03 -1.5536346452830806E-03
0
0.0
 -1.1407996218300525E+00 -2.3170985309886123E+00 3.8420614944644871E-01
 8.7470670737855027E-03 -5.9897903458322041E-03 -1.4492575915029090E-03
0
0.0
