50
    607.00 3540.0 2000.0 0.0010  680.0 0.10 0.90
   4059.00 3540.0 2000.0 0.0010  680.0 0.10 0.90
    553.00 3540.0 2000.0 0.0010  680.0 0.10 0.90
    607.00 3540.0 2000.0 0.0010  680.0 0.10 0.90
    763.00 3540.0 2000.0 0.0010  680.0 0.10 0.90
   1649.00 3540.0 2000.0 0.0010  680.0 0.10 0.90
   1054.00 3540.0 2000.0 0.0010  680.0 0.10 0.90
   1523.00 3540.0 2000.0 0.0010  680.0 0.10 0.90
    729.00 3540.0 2000.0 0.0010  680.0 0.10 0.90
    763.00 3540.0 2000.0 0.0010  680.0 0.10 0.90
    665.00 3540.0 2000.0 0.0010  680.0 0.10 0.90
    917.00 3540.0 2000.0 0.0010  680.0 0.10 0.90
    553.00 3540.0 2000.0 0.0010  680.0 0.10 0.90
   1266.00 3540.0 2000.0 0.0010  680.0 0.10 0.90
   1155.00 3540.0 2000.0 0.0010  680.0 0.10 0.90
   1748.00 3540.0 2000.0 0.0010  680.0 0.10 0.90
    302.00 3540.0 2000.0 0.0010  680.0 0.10 0.90
   1006.00 3540.0 2000.0 0.0010  680.0 0.10 0.90
   1155.00 3540.0 2000.0 0.0010  680.0 0.10 0.90
    961.00 3540.0 2000.0 0.0010  680.0 0.10 0.90
    481.00 3540.0 2000.0 0.0010  680.0 0.10 0.90
   1917.00 3540.0 2000.0 0.0010  680.0 0.10 0.90
   1250.00 3540.0 2000.0 0.0010  680.0 0.10 0.90
    917.00 3540.0 2000.0 0.0010  680.0 0.10 0.90
   1006.00 3540.0 2000.0 0.0010  680.0 0.10 0.90
    349.00 3540.0 2000.0 0.0010  680.0 0.10 0.90
    383.00 3540.0 2000.0 0.0010  680.0 0.10 0.90
   1006.00 3540.0 2000.0 0.0010  680.0 0.10 0.90
   1670.00 3540.0 2000.0 0.0010  680.0 0.10 0.90
    511.00 3540.0 2000.0 0.0010  680.0 0.10 0.90
    876.00 3540.0 2000.0 0.0010  680.0 0.10 0.90
    665.00 3540.0 2000.0 0.0010  680.0 0.10 0.90
   2365.00 3540.0 2000.0 0.0010  680.0 0.10 0.90
    799.00 3540.0 2000.0 0.0010  680.0 0.10 0.90
    607.00 3540.0 2000.0 0.0010  680.0 0.10 0.90
   1593.00 3540.0 2000.0 0.0010  680.0 0.10 0.90
    607.00 3540.0 2000.0 0.0010  680.0 0.10 0.90
    607.00 3540.0 2000.0 0.0010  680.0 0.10 0.90
    665.00 3540.0 2000.0 0.0010  680.0 0.10 0.90
   1917.00 3540.0 2000.0 0.0010  680.0 0.10 0.90
    665.00 3540.0 2000.0 0.0010  680.0 0.10 0.90
   1454.00 3540.0 2000.0 0.0010  680.0 0.10 0.90
   2277.00 3540.0 2000.0 0.0010  680.0 0.10 0.90
   1054.00 3540.0 2000.0 0.0010  680.0 0.10 0.90
   2837.00 3540.0 2000.0 0.0010  680.0 0.10 0.90
   1103.00 3540.0 2000.0 0.0010  680.0 0.10 0.90
    989.00 3540.0 2000.0 0.0010  680.0 0.10 0.90
   1750.00 3540.0 2000.0 0.0010  680.0 0.10 0.90
    876.00 3540.0 2000.0 0.0010  680.0 0.10 0.90
    696.00 3540.0 2000.0 0.0010  680.0 0.10 0.90
