20
 -1.1407996218300525E+00 -2.3170985309886123E+00 3.8420614944644871E-01
 8.8752803651981124E-03 -5.8370279522577647E-03 -1.7371121312157001E-03
0
0.0
 -1.1407996218300525E+00 -2.3170985309886123E+00 3.8420614944644871E-01
 8.8373274456237903E-03 -5.7912354980079695E-03 -1.6225551388616383E-03
0
0.0
 -1.1407996218300525E+00 -2.3170985309886123E+00 3.8420614944644871E-01
 8.9123755536786413E-03 -5.9481979186783857E-03 -1.7237220021077628E-03
0
0.0
 -1.1407996218300525E+00 -2.3170985309886123E+00 3.8420614944644871E-01
 8.7021423398718194E-03 -5.7555464961022550E-03 -1.5227689413788413E-03
0
0.0
 -1.1407996218300525E+00 -2.3170985309886123E+00 3.8420614944644871E-01
 8.8621714093047275E-03 -6.0195880355328624E-03 -1.6836799507677163E-03
0
0.0
 -1.1407996218300525E+00 -2.3170985309886123E+00 3.8420614944644871E-01
 8.8156057381517383E-03 -6.2514885741709724E-03 -1.5708864639981145E-03
0
0.0
 -1.1407996218300525E+00 -2.3170985309886123E+00 3.8420614944644871E-01
 8.6543305454423285E-03 -5.9872201120098265E-03 -1.6454454377881674E-03
0
0.0
 -1.1407996218300525E+00 -2.3170985309886123E+00 3.8420614944644871E-01
 8.8615232381697127E-03 -6.1063982215011593E-03 -1.6376638947402187E-03
0
0.0
 -1.1407996218300525E+00 -2.3170985309886123E+00 3.8420614944644871E-01
 8.8817703529422524E-03 -5.8219631627893153E-03 -1.6009141447213486E-03
0
0.0
 -1.1407996218300525E+00 -2.3170985309886123E+00 3.8420614944644871E-01
 8.6114287600807804E-03 -5.7778238450702495E-03 -1.4781104398645781E-03
0
0.0
 -1.1407996218300525E+00 -2.3170985309886123E+00 3.8420614944644871E-01
 8.6798255925309657E-03 -5.9175327183329293E-03 -1.5435161985658404E-03
0
0.0
 -1.1407996218300525E+00 -2.3170985309886123E+00 3.8420614944644871E-01
 8.7326624815365992E-03 -6.0628508225931800E-03 -1.4965054736143270E-03
0
0.0
 -1.1407996218300525E+00 -2.3170985309886123E+00 3.8420614944644871E-01
 8.7845811483136284E-03 -5.9001332991544583E-03 -1.6277259589754926E-03
0
0.0
 -1.1407996218300525E+00 -2.3170985309886123E+00 3.8420614944644871E-01
 8.7290915061754969E-03 -6.0352469454364776E-03 -1.8591429108099113E-03
0
0.0
 -1.1407996218300525E+00 -2.3170985309886123E+00 3.8420614944644871E-01
 8.8128369486740708E-03 -6.1177470432879858E-03 -1.5473469259083160E-03
0
0.0
 -1.1407996218300525E+00 -2.3170985309886123E+00 3.8420614944644871E-01
 8.5504421791359701E-03 -5.9411980105805885E-03 -1.4654143824519325E-03
0
0.0
 -1.1407996218300525E+00 -2.3170985309886123E+00 3.8420614944644871E-01
 8.6828511293599083E-03 -5.8799786481840872E-03 -1.6587856110795109E-03
0
0.0
 -1.1407996218300525E+00 -2.3170985309886123E+00 3.8420614944644871E-01
 8.7516524496289855E-03 -5.5695561779385647E-03 -1.6208082781040013E-03
0
0.0
 -1.1407996218300525E+00 -2.3170985309886123E+00 3.8420614944644871E-01
 8.7905469021888859E-03 -5.9021127245542510E-03 -1.6289632138899778E-03
0
0.0
 -1.1407996218300525E+00 -2.3170985309886123E+00 3.8420614944644871E-01
 8.8045846538934089E-03 -5.9138948654949312E-03 -1.6644340941353837E-03
0
0.0
