4.17
7.31
7.63
9.47
7.96
11.90
9.03
9.08
8.93
9.96
10.57
10.17
9.48
11.14
11.30
10.18
11.99
11.65
14.80
13.56
11.30
12.26
10.80
12.33
12.55
12.58
12.23
11.25
11.94
12.00
11.32
12.42
13.68
13.23
12.27
12.15
13.19
12.92
12.93
13.48
13.72
12.65
13.09
12.56
13.32
12.90
13.32
13.09
13.12
14.04
13.40
13.01
13.12
13.11
12.68
13.52
12.68
13.41
12.98
13.70
13.25
13.86
13.31
13.01
13.33
13.58
13.44
13.14
13.15
13.69
12.95
13.37
12.88
14.05
14.51
12.45
13.72
14.35
12.80
13.50
12.81
13.49
13.70
12.01
14.28
13.96
13.99
14.15
14.18
13.55
13.90
13.97
14.06
14.19
13.02
13.82
13.72
13.83
13.13
13.89
13.80
13.73
13.54
12.92
13.85
13.10
13.62
14.10
13.37
13.54
13.91
14.16
14.42
13.23
13.70
14.05
14.49
13.03
14.35
13.44
13.02
13.26
14.07
13.97
14.08
12.47
13.46
13.08
13.78
14.11
13.58
13.77
14.26
14.30
14.62
13.98
14.11
14.42
13.91
13.81
14.61
13.88
13.89
14.31
14.11
14.65
14.52
14.18
14.43
13.79
13.67
13.88
14.29
14.38
14.09
14.26
14.48
13.39
13.67
13.97
12.61
13.86
14.29
13.64
12.60
13.75
13.60
13.57
14.06
14.91
14.39
13.70
14.11
13.43
13.61
13.70
13.89
14.30
13.53
13.92
14.50
14.45
14.73
14.09
13.85
14.01
14.81
13.65
15.06
14.49
14.62
13.65
14.79
13.71
14.31
14.31
15.04
14.38
14.10
14.27
13.94
14.41
13.93
13.96
13.71
14.21
13.63
13.69
14.39
15.00
15.28
13.81
15.17
14.65
14.43
14.43
13.52
13.77
14.20
14.17
14.61
13.57
14.65
13.64
13.76
14.10
13.82
14.32
15.11
14.28
14.25
14.78
13.23
14.89
14.39
14.34
13.85
13.71
14.27
12.70
14.13
14.17
15.14
13.53
13.23
13.37
14.24
13.83
13.41
14.77
14.28
14.35
13.74
14.17
14.83
14.39
14.06
13.97
13.50
13.94
14.33
13.55
14.23
14.09
14.57
12.86
14.30
14.64
14.40
14.00
14.59
14.02
13.86
14.25
14.01
13.59
13.73
14.13
13.50
14.74
15.04
13.93
14.51
14.09
14.35
13.95
14.12
14.45
13.65
14.16
14.09
13.96
13.81
15.19
15.21
14.83
14.35
15.51
13.85
14.70
14.09
13.98
13.65
14.20
13.02
13.91
14.57
14.33
14.37
14.33
14.70
14.04
14.31
14.82
14.26
14.72
14.50
14.28
13.53
15.70
13.68
14.29
13.38
13.75
14.44
14.63
14.39
14.50
14.55
14.09
14.47
14.81
14.45
14.62
14.43
13.96
14.06
15.12
14.42
13.58
14.89
13.87
14.91
14.35
14.55
14.75
14.00
14.11
13.74
14.83
14.32
13.45
14.38
14.71
14.83
14.83
14.80
13.77
14.80
13.96
14.40
14.87
14.73
15.36
14.52
14.65
15.13
14.85
14.69
14.36
14.48
14.43
14.60
15.59
14.66
14.76
14.90
14.31
14.59
14.27
14.53
14.39
14.27
14.59
14.79
14.70
14.27
14.12
13.96
14.52
14.13
14.66
14.51
14.73
14.31
13.91
14.84
14.89
15.00
14.77
14.66
14.55
14.50
14.44
14.64
14.79
15.20
15.03
14.92
13.93
15.41
14.51
15.22
14.90
14.44
14.54
15.03
13.92
14.51
14.34
13.94
14.46
14.54
15.18
14.99
14.44
14.20
14.84
15.62
14.36
14.15
14.49
14.28
14.73
14.63
14.99
15.19
14.65
14.63
14.47
15.28
14.99
13.90
14.00
14.70
13.78
14.23
14.87
14.59
14.71
14.08
14.96
15.55
15.36
14.89
14.92
14.29
14.66
14.49
15.04
14.21
14.28
15.14
14.70
14.30
14.65
14.87
14.39
14.34
14.76
14.56
14.17
14.80
15.60
15.33
15.18
14.89
15.22
14.96
15.53
15.44
14.75
15.27
15.45
15.25
14.76
15.66
15.22
15.32
14.37
14.91
14.50
14.64
14.80
14.46
14.68
14.58
14.05
14.73
14.80
14.82
15.20
15.66
14.48
15.08
15.03
14.30
14.95
15.28
14.94
15.02
14.85
14.68
15.03
14.70
14.73
14.88
14.44
14.66
15.09
14.74
14.70
15.13
15.64
13.91
14.73
14.52
14.41
15.76
14.75
15.44
14.28
14.73
15.41
14.73
14.87
14.82
15.61
14.11
14.83
14.95
14.67
14.20
14.43
14.88
15.00
14.72
15.76
15.04
15.41
15.47
14.02
14.77
14.70
14.66
15.71
15.25
15.00
15.31
14.45
15.01
14.62
15.17
15.07
14.42
14.72
15.50
14.32
14.83
14.86
15.08
15.45
14.71
14.79
15.24
14.88
14.93
15.38
15.32
14.77
15.30
14.61
15.66
15.21
14.75
14.90
15.12
15.33
14.76
15.40
14.72
14.42
14.92
15.24
15.14
14.57
15.68
14.51
14.90
15.70
14.46
14.72
14.45
14.48
13.95
14.61
15.03
15.44
14.89
14.92
14.72
14.82
14.77
14.89
15.08
14.43
15.64
15.26
15.21
15.53
14.97
15.11
14.43
14.89
15.22
14.72
15.38
14.10
14.30
14.96
15.20
14.85
16.15
15.61
15.09
16.00
15.29
14.74
15.34
14.62
15.01
14.51
14.98
15.28
15.59
15.38
13.62
15.24
14.67
14.51
14.70
15.20
15.13
14.19
14.90
15.05
14.96
15.97
14.77
14.88
14.73
14.68
15.48
13.85
14.30
15.07
15.28
14.73
15.20
14.96
14.28
14.68
15.26
15.16
14.71
15.52
15.63
14.92
14.96
15.73
15.28
14.51
14.94
15.05
14.79
14.42
14.67
15.69
15.28
14.68
15.36
14.97
15.13
15.10
15.05
14.87
15.59
14.44
15.24
15.89
15.09
15.48
15.04
16.14
15.02
15.38
15.74
15.03
15.25
14.95
14.97
16.08
14.99
15.97
14.72
15.41
14.83
15.68
15.26
14.91
15.14
14.91
15.44
15.49
14.88
14.89
14.82
15.39
15.49
15.59
14.96
15.96
15.39
14.48
15.37
14.87
14.18
14.90
15.63
14.66
15.96
14.97
15.71
16.11
15.32
14.65
15.67
14.99
15.41
14.62
15.75
15.51
15.09
15.87
15.06
14.73
15.97
15.13
15.55
14.37
15.40
15.35
15.20
14.19
15.82
15.42
14.46
15.62
14.75
15.36
15.89
14.74
15.07
14.65
15.11
16.18
15.44
15.59
15.67
16.64
15.69
15.39
15.58
15.66
15.05
15.44
15.63
15.21
15.51
15.55
14.57
15.87
14.61
14.85
15.65
15.28
14.39
14.61
15.37
15.43
15.87
14.83
14.99
14.47
15.07
15.22
15.76
14.97
15.83
15.66
16.17
15.27
14.94
14.24
15.54
15.72
15.09
15.29
15.91
15.68
14.35
15.59
14.84
15.44
14.81
15.22
14.63
15.10
16.06
15.13
15.21
15.71
15.67
15.67
14.88
15.61
15.28
15.00
16.00
15.11
15.05
15.17
15.43
14.53
15.22
15.03
14.78
15.13
15.00
15.14
16.29
14.55
15.33
15.92
15.36
16.37
15.44
15.44
15.33
14.57
15.20
15.54
14.88
15.12
15.09
16.40
15.26
14.76
14.91
15.20
15.93
14.75
15.01
14.88
15.46
14.81
15.03
15.51
15.30
15.20
15.22
15.32
14.81
14.93
15.84
16.27
15.86
15.56
15.89
15.18
14.91
14.48
15.50
15.08
15.52
15.44
16.06
14.96
14.87
15.32
14.90
14.81
15.14
15.29
15.49
15.13
15.63
15.79
15.64
16.00
14.65
15.74
16.20
15.83
15.72
15.24
15.59
15.07
15.30
15.62
15.79
15.94
15.94
15.30
15.46
14.99
15.47
15.62
15.48
15.80
16.04
15.80
15.47
14.65
15.40
16.13
15.47
15.17
16.35
15.67
15.86
15.55
15.07
15.57
15.78
15.92
15.70
15.96
15.82
16.11
15.61
14.97
15.96
14.63
15.51
15.07
15.40
15.49
15.91
15.64
15.64
15.52
15.47
15.65
15.36
15.78
16.38
15.49
16.17
14.92
15.61
14.89
15.25
15.97
16.15
15.91
15.07
16.09
16.33
15.13
15.54
15.79
16.82
15.57
16.43
15.75
15.10
15.94
15.12
15.53
15.70
14.93
15.51
16.09
14.90
15.54
16.08
16.14
15.67
15.85
15.14
15.14
15.97
15.97
15.53
15.56
15.30
15.96
15.90
15.64
15.30
16.11
16.53
15.83
15.71
15.48
15.18
15.25
15.25
15.56
15.21
15.05
15.22
16.09
16.08
15.10
15.76
15.57
16.46
15.66
15.88
16.35
16.31
15.44
15.76
15.63
15.15
15.34
15.79
15.68
14.76
15.88
15.56
15.73
15.02
15.04
14.64
15.56
15.26
15.46
15.41
16.24
15.44
15.63
15.31
15.74
15.17
15.24
16.23
15.86
14.97
15.06
15.58
15.99
14.96
15.35
15.37
15.08
16.21
15.48
14.54
15.23
14.76
15.37
16.08
16.14
15.62
16.24
15.14
15.32
15.62
15.29
16.31
15.53
14.87
15.87
15.42
15.74
15.66
15.96
15.96
15.79
16.00
15.85
15.44
15.94
15.96
15.47
15.88
15.37
15.45
13.84
15.31
16.58
15.70
15.39
14.99
16.03
15.96
16.30
16.07
16.42
15.95
15.80
15.05
15.55
15.73
16.33
15.07
16.06
14.94
15.41
15.25
15.59
16.13
16.82
16.06
16.21
15.80
16.47
15.68
15.48
15.09
15.91
16.82
15.91
15.81
15.54
16.22
16.20
16.89
15.45
16.66
15.87
15.80
14.85
15.39
14.47
16.14
15.35
16.16
15.39
16.62
16.32
15.31
15.04
16.17
16.07
16.28
16.07
15.58
15.11
15.25
15.34
15.48
15.69
14.86
15.66
15.70
16.30
16.47
15.15
14.92
15.54
15.63
15.20
15.75
15.93
16.14
16.01
16.63
15.74
16.74
15.39
16.11
15.78
15.54
15.57
14.93
15.18
15.46
15.09
15.91
15.90
16.91
15.37
15.52
16.01
15.39
15.95
15.79
17.21
15.35
15.95
15.95
15.79
16.20
15.85
14.82
16.15
16.71
15.24
16.08
15.30
15.50
15.20
15.56
15.31
16.53
15.53
15.73
15.16
15.90
15.87
15.65
15.97
15.97
15.88
16.12
16.32
16.79
15.54
15.16
15.88
16.02
16.11
15.34
15.69
16.04
15.59
15.55
16.17
15.94
16.45
15.78
16.02
15.21
15.66
15.55
15.34
15.50
15.26
15.28
15.87
15.98
16.36
15.46
15.72
15.57
15.61
16.19
15.66
16.45
15.85
15.85
15.87
16.39
15.61
15.25
15.81
16.03
15.74
16.23
16.09
16.87
15.88
15.26
16.55
16.47
16.23
15.91
16.10
15.82
15.91
16.55
15.70
16.25
15.76
16.12
16.29
16.16
16.74
15.35
16.27
15.71
15.66
14.67
15.78
15.98
15.79
15.97
15.65
16.31
15.76
15.98
15.93
16.29
15.37
16.68
16.13
15.87
16.08
16.07
15.25
15.70
15.73
14.96
15.84
15.73
16.11
16.01
15.96
15.94
15.90
15.96
14.94
15.71
15.51
15.64
16.41
15.94
15.97
15.49
15.95
15.33
16.75
15.65
15.88
15.61
16.37
16.20
16.05
15.92
15.86
16.12
16.05
15.88
15.60
16.20
16.18
15.81
15.52
15.95
15.99
16.08
17.08
16.36
17.09
16.36
15.57
16.35
15.16
15.72
16.08
15.90
15.19
15.95
15.88
16.02
16.30
16.02
15.89
15.27
15.64
15.71
15.69
16.21
15.76
15.37
15.47
16.50
16.07
15.64
16.26
14.93
15.46
15.94
15.79
15.95
15.41
15.95
16.03
16.09
16.18
15.70
15.89
16.31
16.80
15.95
16.84
17.14
15.84
15.84
16.25
15.41
16.52
16.01
16.13
16.17
15.63
15.49
16.24
15.59
16.02
16.07
16.50
16.35
15.92
15.76
16.49
15.87
16.21
16.24
16.47
17.36
15.70
16.57
15.78
15.46
15.53
16.64
16.38
15.53
15.76
15.59
16.13
16.45
15.92
16.81
15.91
15.92
16.19
16.68
16.42
16.45
16.64
15.37
15.46
15.69
16.47
15.93
16.15
16.64
16.11
15.17
16.92
16.39
16.66
16.03
16.08
15.58
16.00
16.24
15.70
15.71
15.66
16.38
16.00
15.93
15.65
16.46
17.70
15.93
16.53
15.22
17.23
16.57
16.39
15.99
16.86
16.34
16.25
16.31
15.88
15.94
16.06
16.82
16.66
16.02
15.81
15.80
16.21
16.32
16.45
16.59
16.57
15.67
16.00
16.13
15.93
15.97
16.14
16.19
16.68
15.97
16.81
16.41
16.20
15.59
15.63
15.47
16.16
16.60
16.44
16.19
15.29
16.54
17.05
17.09
15.81
15.81
15.77
16.62
17.08
16.86
17.59
16.80
17.16
17.02
16.24
16.44
16.55
16.21
16.38
17.32
16.14
16.04
16.65
17.08
15.86
16.26
16.47
16.46
16.96
16.38
17.05
16.18
16.66
16.07
16.74
16.37
16.13
17.00
16.96
17.15
16.25
17.35
16.48
16.78
16.61
16.20
16.94
16.50
16.01
16.78
16.16
16.03
16.68
16.66
16.50
17.02
16.62
17.15
16.51
16.82
16.67
16.34
16.65
16.51
17.12
16.43
16.31
16.54
16.57
16.61
16.71
16.76
16.64
16.13
16.33
17.04
17.09
16.28
16.50
16.36
15.91
16.20
15.87
16.77
16.60
17.18
16.78
16.36
16.52
16.00
16.41
16.95
16.78
18.77
15.74
17.07
15.97
16.29
16.48
16.51
16.24
16.43
17.66
16.86
17.26
16.42
16.07
16.55
17.18
16.13
16.63
16.56
16.94
16.19
16.66
17.11
16.51
16.29
17.04
18.03
16.10
16.98
16.86
16.03
16.31
17.14
16.61
17.32
16.48
17.72
17.02
16.50
17.03
17.18
16.43
16.22
16.76
16.88
16.85
18.10
17.17
16.40
17.38
16.59
16.51
16.96
16.97
16.01
16.57
16.87
15.61
16.73
16.75
16.80
17.03
16.47
17.21
16.05
17.00
17.36
16.88
17.38
17.26
16.47
18.05
17.94
16.23
17.02
16.86
16.82
17.48
16.17
17.40
16.01
16.64
16.67
16.36
17.38
17.36
17.02
17.29
16.82
16.60
17.11
17.43
16.98
16.68
17.17
16.83
16.70
16.20
17.02
16.96
16.83
-9.99
-9.99
17.59
16.54
16.89
17.95
16.55
17.17
16.68
14.75
16.70
16.96
15.97
17.04
16.68
17.05
16.10
16.04
15.99
17.11
17.38
17.91
16.29
16.16
17.55
16.35
16.75
17.02
17.15
16.56
18.18
17.19
17.18
16.87
17.15
17.01
16.33
16.93
15.72
15.86
17.01
17.46
16.67
16.81
17.03
16.93
16.04
17.02
16.79
17.25
16.38
16.99
17.34
16.00
16.44
17.05
16.04
16.45
16.43
16.90
16.66
15.78
17.35
17.27
17.46
17.30
15.42
15.94
17.43
17.37
17.06
17.31
16.82
15.88
17.18
17.08
16.54
16.59
16.39
17.76
16.71
17.25
16.93
16.89
16.91
16.44
16.98
17.70
17.61
16.73
16.17
16.30
16.93
17.52
16.13
16.63
15.84
16.29
16.75
18.12
16.12
16.60
17.08
17.08
17.01
17.09
15.73
17.09
