20
 -1.1407996218300525E+00 -2.3170985309886123E+00 3.8420614944644871E-01
 8.8129874237516670E-03 -5.8488040913903128E-03 -1.4151227062002929E-03
0
0.0
 -1.1407996218300525E+00 -2.3170985309886123E+00 3.8420614944644871E-01
 8.9580430948560837E-03 -5.8973395937570216E-03 -1.7039794416829326E-03
0
0.0
 -1.1407996218300525E+00 -2.3170985309886123E+00 3.8420614944644871E-01
 8.8517328175692564E-03 -5.8479988549919202E-03 -1.7261067438534793E-03
0
0.0
 -1.1407996218300525E+00 -2.3170985309886123E+00 3.8420614944644871E-01
 8.8521768941489890E-03 -5.9014488220577909E-03 -1.7266003334455839E-03
0
0.0
 -1.1407996218300525E+00 -2.3170985309886123E+00 3.8420614944644871E-01
 8.5776163616889858E-03 -6.0156750430993460E-03 -1.5328841264458121E-03
0
0.0
 -1.1407996218300525E+00 -2.3170985309886123E+00 3.8420614944644871E-01
 8.8058749265187749E-03 -5.8940719991665298E-03 -1.7263038724014538E-03
0
0.0
 -1.1407996218300525E+00 -2.3170985309886123E+00 3.8420614944644871E-01
 8.8871243972218385E-03 -5.9044070585048012E-03 -1.7973287777166952E-03
0
0.0
 -1.1407996218300525E+00 -2.3170985309886123E+00 3.8420614944644871E-01
 8.6310451287668899E-03 -6.1850085313615048E-03 -1.7606786232467796E-03
0
0.0
 -1.1407996218300525E+00 -2.3170985309886123E+00 3.8420614944644871E-01
 8.7593510620515829E-03 -5.8974246640502506E-03 -1.4091409761552243E-03
0
0.0
 -1.1407996218300525E+00 -2.3170985309886123E+00 3.8420614944644871E-01
 8.7419474236554093E-03 -5.9750204741940436E-03 -1.4843404064444118E-03
0
0.0
 -1.1407996218300525E+00 -2.3170985309886123E+00 3.8420614944644871E-01
 8.8794065984484794E-03 -6.0393594582187392E-03 -1.7065564075996738E-03
0
0.0
 -1.1407996218300525E+00 -2.3170985309886123E+00 3.8420614944644871E-01
 8.7446659565199418E-03 -5.9739657216766181E-03 -1.5736206466642464E-03
0
0.0
 -1.1407996218300525E+00 -2.3170985309886123E+00 3.8420614944644871E-01
 8.8072891326417060E-03 -5.8798181489544297E-03 -1.6736106125989777E-03
0
0.0
 -1.1407996218300525E+00 -2.3170985309886123E+00 3.8420614944644871E-01
 8.8729315332050050E-03 -5.9572588778867598E-03 -1.5555169383764109E-03
0
0.0
 -1.1407996218300525E+00 -2.3170985309886123E+00 3.8420614944644871E-01
 8.8503663630824653E-03 -5.7840706719558821E-03 -1.5285124433515769E-03
0
0.0
 -1.1407996218300525E+00 -2.3170985309886123E+00 3.8420614944644871E-01
 8.6819105694654983E-03 -5.6845950025436656E-03 -1.5370593504239354E-03
0
0.0
 -1.1407996218300525E+00 -2.3170985309886123E+00 3.8420614944644871E-01
 8.6879135096917699E-03 -6.0943782084371921E-03 -1.7315077162822574E-03
0
0.0
 -1.1407996218300525E+00 -2.3170985309886123E+00 3.8420614944644871E-01
 8.8420569549316104E-03 -5.9547121821140019E-03 -1.4280758050463818E-03
0
0.0
 -1.1407996218300525E+00 -2.3170985309886123E+00 3.8420614944644871E-01
 8.8021604836753566E-03 -5.7929845701191526E-03 -1.4905934168229136E-03
0
0.0
 -1.1407996218300525E+00 -2.3170985309886123E+00 3.8420614944644871E-01
 8.6533276899542783E-03 -5.9096000650987407E-03 -1.3878921890862141E-03
0
0.0
