50
-1
1
  0.66937589  -0.49859721  -0.55076015  3.53008983e-04
  0.63576735  -0.67480356   0.37475330  2.04142858e-04
 -0.39690071   0.65171346  -0.64632762  3.66226396e-04
  0.61845847  -0.38779253  -0.68346622  6.66267731e-04
  0.03423722  -0.86834630  -0.49477522  2.80473415e-04
 -0.98565165  -0.16842099  -0.01118928  2.02732810e-04
  0.97949983   0.16625515  -0.11375109  2.95200819e-04
  0.47871182  -0.76240222   0.43540537  2.05418407e-04
  0.68221483  -0.72198960   0.11538601  3.97768619e-04
 -0.29802063   0.76856618  -0.56611813  2.28322741e-04
 -0.81971734  -0.06834459   0.56867610  5.83585926e-04
 -0.63992651  -0.74229172  -0.19873870  4.85637447e-04
  0.76120576  -0.62551910  -0.17114804  2.75383768e-04
 -0.59247642  -0.36283432  -0.71925166  2.68841589e-04
 -0.11432457  -0.32589987   0.93846639  2.16641121e-04
  0.51035342   0.67792942  -0.52910405  2.85785465e-04
  0.05897960  -0.15979628   0.98538650  1.65616611e-04
 -0.67063628  -0.58200676  -0.45990772  2.83885188e-04
 -0.61832604  -0.76814423   0.16621477  2.21180638e-04
 -0.87191015  -0.47970253  -0.09827599  1.70136626e-04
  0.40792778  -0.62824178  -0.66250071  1.69835151e-04
  0.36253507   0.26252797   0.89423005  2.89505328e-04
 -0.43281205   0.20987509   0.87671328  2.37831709e-04
 -0.03624454   0.97904738   0.20038105  3.42803505e-04
  0.72478068   0.48873880   0.48562058  1.82065460e-04
 -0.59821811   0.61835212   0.50968201  2.07327540e-04
 -0.57435319   0.20736340  -0.79190835  2.22056982e-04
 -0.92939030   0.36865012  -0.01818677  1.90856695e-04
 -0.01477271   0.64518604   0.76388268  7.25883332e-04
  0.32249938  -0.13185480   0.93734117  2.62971289e-04
 -0.21258140  -0.19880616  -0.95670542  2.88222418e-04
 -0.52604882   0.82710465  -0.19791549  2.77476379e-04
 -0.58620833   0.81013533  -0.00636750  3.70356605e-04
  0.82436869  -0.01446627   0.56586834  6.15220699e-04
  0.52751566   0.33793822   0.77943889  3.03593475e-04
  0.50351650  -0.77615571   0.37954374  2.19606419e-04
  0.98105812  -0.19037517   0.03580870  2.77676958e-04
 -0.15606119   0.02833871  -0.98734078  2.52005104e-04
 -0.73191982  -0.67440941  -0.09728991  1.88432184e-04
 -0.14644763   0.78244518   0.60525419  2.02942918e-04
 -0.67441986   0.45942524   0.57800199  1.53680972e-04
 -0.72139757  -0.65364109   0.22877692  2.14174411e-04
 -0.83662263  -0.34659745  -0.42418485  3.83614400e-04
 -0.64853935  -0.49481068   0.57841085  2.15739295e-04
 -0.84640395  -0.15274702   0.51016537  2.08167126e-04
  0.43809020   0.56829875  -0.69650090  2.83003310e-04
 -0.24054694   0.95320876   0.18311260  1.57690347e-04
  0.31849992  -0.37392397  -0.87105606  1.91133092e-04
 -0.15430898  -0.77348078   0.61474891  2.80908429e-04
 -0.29939195   0.78229220   0.54624479  4.06222833e-04
