50
 -1.1407996218300525E+00 -2.3170985309886123E+00 3.8420614944644871E-01
 8.7801206262786737E-03 -5.9162208827355121E-03 -1.6231203503698779E-03
0
0.0
 -1.1407996218300525E+00 -2.3170985309886123E+00 3.8420614944644871E-01
 8.9286693267621089E-03 -6.0983163887875780E-03 -1.4268779570422289E-03
0
0.0
 -1.1407996218300525E+00 -2.3170985309886123E+00 3.8420614944644871E-01
 8.8715693710759887E-03 -5.8506548704152393E-03 -1.5690338225320738E-03
0
0.0
 -1.1407996218300525E+00 -2.3170985309886123E+00 3.8420614944644871E-01
 8.6726755280416498E-03 -5.8395188838209905E-03 -1.9057118983651939E-03
0
0.0
 -1.1407996218300525E+00 -2.3170985309886123E+00 3.8420614944644871E-01
 8.9291277757096964E-03 -5.9136676200508128E-03 -1.8366441035034364E-03
0
0.0
 -1.1407996218300525E+00 -2.3170985309886123E+00 3.8420614944644871E-01
 8.8306580510124095E-03 -6.0491507487511111E-03 -1.4010040741489252E-03
0
0.0
 -1.1407996218300525E+00 -2.3170985309886123E+00 3.8420614944644871E-01
 8.7690590772610405E-03 -6.0372686435226416E-03 -1.5857907079794193E-03
0
0.0
 -1.1407996218300525E+00 -2.3170985309886123E+00 3.8420614944644871E-01
 8.8256104328543888E-03 -6.1332151504341686E-03 -1.6557525903264764E-03
0
0.0
 -1.1407996218300525E+00 -2.3170985309886123E+00 3.8420614944644871E-01
 8.9751993787473977E-03 -5.8467907627903458E-03 -1.5333119960319814E-03
0
0.0
 -1.1407996218300525E+00 -2.3170985309886123E+00 3.8420614944644871E-01
 8.9235226390565001E-03 -5.9746488135632809E-03 -1.6920618607576925E-03
0
0.0
 -1.1407996218300525E+00 -2.3170985309886123E+00 3.8420614944644871E-01
 8.8969457199644334E-03 -5.8819782749316603E-03 -1.4488739647764168E-03
0
0.0
 -1.1407996218300525E+00 -2.3170985309886123E+00 3.8420614944644871E-01
 8.8249993755307576E-03 -5.8484214484570739E-03 -1.7054978998778114E-03
0
0.0
 -1.1407996218300525E+00 -2.3170985309886123E+00 3.8420614944644871E-01
 8.7962272262608835E-03 -5.9563111218430458E-03 -1.4646814331822204E-03
0
0.0
 -1.1407996218300525E+00 -2.3170985309886123E+00 3.8420614944644871E-01
 8.8008142015690623E-03 -6.0825053582195948E-03 -1.5872032091585400E-03
0
0.0
 -1.1407996218300525E+00 -2.3170985309886123E+00 3.8420614944644871E-01
 8.7881797318904477E-03 -5.9011694450941477E-03 -1.6204938422350653E-03
0
0.0
 -1.1407996218300525E+00 -2.3170985309886123E+00 3.8420614944644871E-01
 8.7941194014704085E-03 -5.8329730764304913E-03 -1.7867575385274721E-03
0
0.0
 -1.1407996218300525E+00 -2.3170985309886123E+00 3.8420614944644871E-01
 9.0729188431414969E-03 -5.9791188415317786E-03 -1.5636742713574540E-03
0
0.0
 -1.1407996218300525E+00 -2.3170985309886123E+00 3.8420614944644871E-01
 8.6827309938397948E-03 -5.8759450260159329E-03 -1.5666553172636586E-03
0
0.0
 -1.1407996218300525E+00 -2.3170985309886123E+00 3.8420614944644871E-01
 8.8688835034273789E-03 -5.7742432713911405E-03 -1.6499632832887342E-03
0
0.0
 -1.1407996218300525E+00 -2.3170985309886123E+00 3.8420614944644871E-01
 8.8483320044373068E-03 -5.8755145222188125E-03 -1.7390765527516934E-03
0
0.0
 -1.1407996218300525E+00 -2.3170985309886123E+00 3.8420614944644871E-01
 8.9603389081137769E-03 -6.0080006587787341E-03 -1.5336519219450902E-03
0
0.0
 -1.1407996218300525E+00 -2.3170985309886123E+00 3.8420614944644871E-01
 8.7025099882826543E-03 -5.8670569940477363E-03 -1.6107356043166487E-03
0
0.0
 -1.1407996218300525E+00 -2.3170985309886123E+00 3.8420614944644871E-01
 8.6772786926561443E-03 -5.6274933447576624E-03 -1.6014383811479977E-03
0
0.0
 -1.1407996218300525E+00 -2.3170985309886123E+00 3.8420614944644871E-01
 8.7498062592397986E-03 -6.0405001959856972E-03 -1.6566010550852065E-03
0
0.0
 -1.1407996218300525E+00 -2.3170985309886123E+00 3.8420614944644871E-01
 8.8601477403601574E-03 -5.9534214467678497E-03 -1.8778417491506216E-03
0
0.0
 -1.1407996218300525E+00 -2.3170985309886123E+00 3.8420614944644871E-01
 8.7647682785457828E-03 -5.9340700459170779E-03 -1.5890512570316555E-03
0
0.0
 -1.1407996218300525E+00 -2.3170985309886123E+00 3.8420614944644871E-01
 8.6712841453396600E-03 -5.6308645715816980E-03 -1.6987837343555665E-03
0
0.0
 -1.1407996218300525E+00 -2.3170985309886123E+00 3.8420614944644871E-01
 8.9313299127426783E-03 -5.8772126012947385E-03 -1.7708784940358554E-03
0
0.0
 -1.1407996218300525E+00 -2.3170985309886123E+00 3.8420614944644871E-01
 8.7579398129432884E-03 -5.9303924902475366E-03 -1.5521125668213761E-03
0
0.0
 -1.1407996218300525E+00 -2.3170985309886123E+00 3.8420614944644871E-01
 8.9214790929971633E-03 -5.8172934107966964E-03 -1.7902364731755675E-03
0
0.0
 -1.1407996218300525E+00 -2.3170985309886123E+00 3.8420614944644871E-01
 8.9439025133149427E-03 -6.1935763614421281E-03 -1.6850216204826341E-03
0
0.0
 -1.1407996218300525E+00 -2.3170985309886123E+00 3.8420614944644871E-01
 8.7118576796552834E-03 -5.9759915430296039E-03 -1.8513205938039718E-03
0
0.0
 -1.1407996218300525E+00 -2.3170985309886123E+00 3.8420614944644871E-01
 8.8274459846726678E-03 -6.0129419438591574E-03 -1.5304456521277286E-03
0
0.0
 -1.1407996218300525E+00 -2.3170985309886123E+00 3.8420614944644871E-01
 8.8032677242224598E-03 -5.8488643716709358E-03 -1.2995271992922806E-03
0
0.0
 -1.1407996218300525E+00 -2.3170985309886123E+00 3.8420614944644871E-01
 8.8014122439637656E-03 -5.7209215327273331E-03 -1.5951166979731343E-03
0
0.0
 -1.1407996218300525E+00 -2.3170985309886123E+00 3.8420614944644871E-01
 8.9837785937396976E-03 -6.0099182439254904E-03 -1.6791735210500743E-03
0
0.0
 -1.1407996218300525E+00 -2.3170985309886123E+00 3.8420614944644871E-01
 8.6872662147183498E-03 -5.9146034827461686E-03 -1.6052028365444540E-03
0
0.0
 -1.1407996218300525E+00 -2.3170985309886123E+00 3.8420614944644871E-01
 8.7470331049356344E-03 -5.7528356768184975E-03 -1.5624433500531023E-03
0
0.0
 -1.1407996218300525E+00 -2.3170985309886123E+00 3.8420614944644871E-01
 8.6280067229748767E-03 -5.9034094243739302E-03 -1.6844076714429711E-03
0
0.0
 -1.1407996218300525E+00 -2.3170985309886123E+00 3.8420614944644871E-01
 8.9091895611564526E-03 -5.7752696742705643E-03 -1.6995167279118186E-03
0
0.0
 -1.1407996218300525E+00 -2.3170985309886123E+00 3.8420614944644871E-01
 8.9260233863333108E-03 -5.8986126472068499E-03 -1.7248236973499086E-03
0
0.0
 -1.1407996218300525E+00 -2.3170985309886123E+00 3.8420614944644871E-01
 8.6831428725102494E-03 -6.0501891113661803E-03 -1.4879594752719920E-03
0
0.0
 -1.1407996218300525E+00 -2.3170985309886123E+00 3.8420614944644871E-01
 8.7975376553595455E-03 -6.0485279512817770E-03 -1.5647342549040479E-03
0
0.0
 -1.1407996218300525E+00 -2.3170985309886123E+00 3.8420614944644871E-01
 8.7413285440711905E-03 -5.9861208873528389E-03 -1.6039692556452977E-03
0
0.0
 -1.1407996218300525E+00 -2.3170985309886123E+00 3.8420614944644871E-01
 8.7656849730301124E-03 -5.8681962743672130E-03 -1.7025207380829317E-03
0
0.0
 -1.1407996218300525E+00 -2.3170985309886123E+00 3.8420614944644871E-01
 8.6714880791270849E-03 -6.0979376908888716E-03 -1.6402980251762759E-03
0
0.0
 -1.1407996218300525E+00 -2.3170985309886123E+00 3.8420614944644871E-01
 8.7506421740510716E-03 -5.7659532546893676E-03 -1.6534149693313524E-03
0
0.0
 -1.1407996218300525E+00 -2.3170985309886123E+00 3.8420614944644871E-01
 8.7301907447634459E-03 -5.9521324298369045E-03 -1.5908463522922617E-03
0
0.0
 -1.1407996218300525E+00 -2.3170985309886123E+00 3.8420614944644871E-01
 8.8010090067839244E-03 -5.7911575850312274E-03 -1.3627413920506946E-03
0
0.0
 -1.1407996218300525E+00 -2.3170985309886123E+00 3.8420614944644871E-01
 8.9712538257495991E-03 -5.9306550216578439E-03 -1.4254821157696131E-03
0
0.0
