20
-1
1
  0.83472700  -0.44864571   0.31929275  2.20924400e-04
  0.27995485   0.90300603  -0.32589170  8.15510842e-04
  0.15860673  -0.41787446  -0.89455287  1.96588906e-04
  0.86014545   0.37074543  -0.35028221  1.86539971e-04
  0.91988219   0.29305155  -0.26064833  2.01281459e-04
 -0.91248527   0.26461155   0.31201180  4.55324461e-04
 -0.92816657  -0.20869245  -0.30814652  1.66582019e-04
 -0.12551758  -0.91802875   0.37612305  1.79165687e-04
 -0.35941399  -0.88112779   0.30730344  2.33275314e-04
  0.14083023  -0.98031783   0.13836112  8.52745914e-04
  0.04720603   0.80885191   0.58611447  1.69878303e-04
  0.32275022  -0.76926709   0.55141675  2.05619280e-04
  0.12830710  -0.29324093  -0.94738959  2.59164079e-04
  0.25082030  -0.56882887   0.78327703  1.51747703e-04
  0.52824801  -0.79838649   0.28902085  2.81993483e-04
 -0.90798241   0.12336518  -0.40043598  1.91567358e-04
  0.54536106  -0.03436967   0.83749629  1.68724732e-04
 -0.58261444   0.32991925  -0.74277433  1.48155577e-04
  0.41599378  -0.59657426   0.68632961  8.43405446e-04
  0.02477091  -0.68131148   0.73157438  2.48800222e-04
