20
 -1.1407996218300525E+00 -2.3170985309886123E+00 3.8420614944644871E-01
 8.4735741596193535E-03 -5.9765678183851204E-03 -1.5970827369649041E-03
0
0.0
 -1.1407996218300525E+00 -2.3170985309886123E+00 3.8420614944644871E-01
 8.8141103229314993E-03 -5.8695813156669219E-03 -1.5045796278060053E-03
0
0.0
 -1.1407996218300525E+00 -2.3170985309886123E+00 3.8420614944644871E-01
 8.7030491831547353E-03 -6.0217701873184013E-03 -1.5847002328802707E-03
0
0.0
 -1.1407996218300525E+00 -2.3170985309886123E+00 3.8420614944644871E-01
 8.8581596595487654E-03 -6.1006413708406719E-03 -1.4975351581763034E-03
0
0.0
 -1.1407996218300525E+00 -2.3170985309886123E+00 3.8420614944644871E-01
 8.7620199233793498E-03 -5.8999890454874034E-03 -1.6341663258689183E-03
0
0.0
 -1.1407996218300525E+00 -2.3170985309886123E+00 3.8420614944644871E-01
 8.6070557955597038E-03 -6.0313721176920533E-03 -1.4183889642859473E-03
0
0.0
 -1.1407996218300525E+00 -2.3170985309886123E+00 3.8420614944644871E-01
 8.8720448249726466E-03 -6.0294587438063287E-03 -1.6686972566465604E-03
0
0.0
 -1.1407996218300525E+00 -2.3170985309886123E+00 3.8420614944644871E-01
 8.7415249431279669E-03 -6.1709805758107441E-03 -1.4385011857244660E-03
0
0.0
 -1.1407996218300525E+00 -2.3170985309886123E+00 3.8420614944644871E-01
 8.8678963510008812E-03 -6.1982100515390395E-03 -1.6722426367910236E-03
0
0.0
 -1.1407996218300525E+00 -2.3170985309886123E+00 3.8420614944644871E-01
 8.5871051415935054E-03 -5.8540449626845060E-03 -1.6539189066390543E-03
0
0.0
 -1.1407996218300525E+00 -2.3170985309886123E+00 3.8420614944644871E-01
 8.9373513001609634E-03 -5.9129012907414881E-03 -1.6880931865804465E-03
0
0.0
 -1.1407996218300525E+00 -2.3170985309886123E+00 3.8420614944644871E-01
 8.8922812165476879E-03 -5.7327127788793751E-03 -1.4848022552782613E-03
0
0.0
 -1.1407996218300525E+00 -2.3170985309886123E+00 3.8420614944644871E-01
 8.7783065139161055E-03 -5.8421250913673062E-03 -1.7520965131327252E-03
0
0.0
 -1.1407996218300525E+00 -2.3170985309886123E+00 3.8420614944644871E-01
 8.8107226545385466E-03 -6.0378117087172747E-03 -1.5899081756354883E-03
0
0.0
 -1.1407996218300525E+00 -2.3170985309886123E+00 3.8420614944644871E-01
 8.6564711351084130E-03 -5.9787082627570185E-03 -1.5613494233294074E-03
0
0.0
 -1.1407996218300525E+00 -2.3170985309886123E+00 3.8420614944644871E-01
 8.7870925243197159E-03 -5.9148541909400925E-03 -1.3758974235768260E-03
0
0.0
 -1.1407996218300525E+00 -2.3170985309886123E+00 3.8420614944644871E-01
 8.7890884591084115E-03 -5.8292259495148204E-03 -1.7402588522755858E-03
0
0.0
 -1.1407996218300525E+00 -2.3170985309886123E+00 3.8420614944644871E-01
 8.7499730451383283E-03 -5.6613673565406777E-03 -1.5318564555383434E-03
0
0.0
 -1.1407996218300525E+00 -2.3170985309886123E+00 3.8420614944644871E-01
 8.8819734824502825E-03 -5.8762577903173534E-03 -1.5148682311532905E-03
0
0.0
 -1.1407996218300525E+00 -2.3170985309886123E+00 3.8420614944644871E-01
 8.8126580836949877E-03 -5.9047785159878118E-03 -1.6066048691549032E-03
0
0.0
