50
-1
1
  0.04007502   0.41374319  -0.90951117  2.53244559e-04
 -0.49822583  -0.76270935   0.41236570  4.34509652e-04
  0.67343168  -0.73564139   0.07294872  1.56036230e-04
 -0.31922934   0.81384748   0.48553570  3.52957347e-04
  0.55463399   0.69176850   0.46242565  1.81561119e-04
 -0.24833246  -0.57981566  -0.77597989  4.49702652e-04
  0.17454812   0.56786530  -0.80440161  3.15221570e-04
 -0.74979808  -0.25587824  -0.61018781  7.06264519e-04
  0.31309027   0.84296087  -0.43748310  2.97724082e-04
  0.59924752  -0.70398574   0.38119087  5.38210529e-04
  0.52217264   0.42923381  -0.73694917  2.12897094e-04
 -0.57109870   0.77896412  -0.25896172  3.76381955e-04
  0.80309128   0.05224134  -0.59356148  2.51960059e-04
 -0.39043698  -0.91185457   0.12680772  5.10601901e-04
 -0.17656053  -0.73449623  -0.65524169  4.19177364e-04
 -0.89715462  -0.07694896  -0.43496257  3.85189057e-04
 -0.05371518  -0.22200619  -0.97356455  2.52085239e-04
 -0.54197852  -0.50678627  -0.67039313  1.52603740e-04
 -0.67079865   0.64319650   0.36922545  2.31638822e-04
  0.71974656   0.11563406   0.68453901  1.50944840e-04
  0.19610584   0.44137451   0.87563180  1.52396897e-04
 -0.02292946  -0.99573750  -0.08933681  5.03879692e-04
 -0.20415074   0.95401262   0.21950487  8.28454599e-04
 -0.67994158  -0.22702019   0.69723833  1.67746288e-04
 -0.41892118  -0.03374625   0.90739530  1.56202129e-04
 -0.43355678  -0.30271630   0.84875872  1.47835714e-04
  0.73695647   0.31175187  -0.59975489  3.36850504e-04
  0.44152194  -0.81049615   0.38490825  1.69205960e-04
 -0.12233699   0.76354889  -0.63405580  2.69875653e-04
  0.96771513  -0.24769565  -0.04662936  1.62110434e-04
  0.98647909   0.14355557  -0.07906200  5.21665061e-04
 -0.26523952   0.46266781   0.84592346  2.54127025e-04
  0.36090742  -0.87828133   0.31363631  4.49444986e-04
  0.87731343   0.31924187   0.35833752  6.08084192e-04
 -0.56707105   0.74603099  -0.34909625  3.81342844e-04
  0.87647019  -0.34314101  -0.33771918  1.92573397e-04
 -0.59538989  -0.72140756   0.35366936  2.83358056e-04
  0.13336643   0.87050047  -0.47375345  4.11883622e-04
 -0.27606743  -0.75872085   0.59002495  1.85903845e-04
 -0.28765764  -0.30046469   0.90938114  2.57949846e-04
  0.18331519   0.09743762   0.97821340  3.92623081e-04
 -0.89238595   0.33676803  -0.30039077  2.17894038e-04
  0.10622207   0.60095538   0.79219284  2.04468730e-04
  0.82332773   0.56245005  -0.07603537  2.92701938e-04
  0.48655668   0.87336549   0.02225558  1.66163440e-04
  0.43811970   0.53865688  -0.71965262  1.81370487e-04
 -0.45922426  -0.33024035   0.82465410  1.79989968e-04
 -0.33721688  -0.51548568  -0.78775586  1.69030052e-04
 -0.77370165  -0.34984199  -0.52820104  1.61007870e-04
  0.12344149  -0.42341518   0.89748637  1.82838296e-04
