50
 -1.1407996218300525E+00 -2.3170985309886123E+00 3.8420614944644871E-01
 8.9465838272315776E-03 -5.9174520986740829E-03 -1.4664446627084479E-03
0
0.0
 -1.1407996218300525E+00 -2.3170985309886123E+00 3.8420614944644871E-01
 9.0454863034286452E-03 -5.9408894317781857E-03 -1.5932534678150350E-03
0
0.0
 -1.1407996218300525E+00 -2.3170985309886123E+00 3.8420614944644871E-01
 8.8717711656342031E-03 -5.8319583827174974E-03 -1.8028457267766633E-03
0
0.0
 -1.1407996218300525E+00 -2.3170985309886123E+00 3.8420614944644871E-01
 8.9724137065915876E-03 -5.9013150720692714E-03 -1.8045788433207629E-03
0
0.0
 -1.1407996218300525E+00 -2.3170985309886123E+00 3.8420614944644871E-01
 8.7797184169438464E-03 -6.1315529622243386E-03 -1.6961464335655096E-03
0
0.0
 -1.1407996218300525E+00 -2.3170985309886123E+00 3.8420614944644871E-01
 8.6794736298419894E-03 -5.7998726074654523E-03 -1.7538676383955520E-03
0
0.0
 -1.1407996218300525E+00 -2.3170985309886123E+00 3.8420614944644871E-01
 8.7634549624908634E-03 -5.9906246843004479E-03 -1.7219087126778322E-03
0
0.0
 -1.1407996218300525E+00 -2.3170985309886123E+00 3.8420614944644871E-01
 8.5564337730684170E-03 -5.6793268758217235E-03 -1.6417511283718981E-03
0
0.0
 -1.1407996218300525E+00 -2.3170985309886123E+00 3.8420614944644871E-01
 8.6154966551210566E-03 -5.7249553438161547E-03 -1.7662571727126040E-03
0
0.0
 -1.1407996218300525E+00 -2.3170985309886123E+00 3.8420614944644871E-01
 8.8892588022570808E-03 -5.9674014201121384E-03 -1.6160312768649606E-03
0
0.0
 -1.1407996218300525E+00 -2.3170985309886123E+00 3.8420614944644871E-01
 8.9205081082246035E-03 -6.0682431146761749E-03 -1.6776805004268911E-03
0
0.0
 -1.1407996218300525E+00 -2.3170985309886123E+00 3.8420614944644871E-01
 8.7406503467536024E-03 -5.8431726857871282E-03 -1.7133399957473567E-03
0
0.0
 -1.1407996218300525E+00 -2.3170985309886123E+00 3.8420614944644871E-01
 8.6970893476096146E-03 -5.9640554231452734E-03 -1.5416843491004575E-03
0
0.0
 -1.1407996218300525E+00 -2.3170985309886123E+00 3.8420614944644871E-01
 8.9810368150211890E-03 -6.0604458503430228E-03 -1.4868964003246551E-03
0
0.0
 -1.1407996218300525E+00 -2.3170985309886123E+00 3.8420614944644871E-01
 8.7843487251838010E-03 -5.9050510529375308E-03 -1.5813532951452155E-03
0
0.0
 -1.1407996218300525E+00 -2.3170985309886123E+00 3.8420614944644871E-01
 8.6312693508095555E-03 -5.7048680903842653E-03 -1.4013392439139944E-03
0
0.0
 -1.1407996218300525E+00 -2.3170985309886123E+00 3.8420614944644871E-01
 8.7122693537760188E-03 -5.9266267198074905E-03 -1.5452186742510921E-03
0
0.0
 -1.1407996218300525E+00 -2.3170985309886123E+00 3.8420614944644871E-01
 8.8538723983009725E-03 -6.0333358825978593E-03 -1.7171132066621504E-03
0
0.0
 -1.1407996218300525E+00 -2.3170985309886123E+00 3.8420614944644871E-01
 8.9844159218489365E-03 -5.9349564630620409E-03 -1.4711744287677468E-03
0
0.0
 -1.1407996218300525E+00 -2.3170985309886123E+00 3.8420614944644871E-01
 8.7445018412169225E-03 -6.0054791936502800E-03 -1.6430144571739868E-03
0
0.0
 -1.1407996218300525E+00 -2.3170985309886123E+00 3.8420614944644871E-01
 8.7744704553986193E-03 -5.5823449760383408E-03 -1.5496358042520033E-03
0
0.0
 -1.1407996218300525E+00 -2.3170985309886123E+00 3.8420614944644871E-01
 8.7019535336393238E-03 -5.9238630306969013E-03 -1.6974362450904990E-03
0
0.0
 -1.1407996218300525E+00 -2.3170985309886123E+00 3.8420614944644871E-01
 8.6653896053323701E-03 -5.9917025608544104E-03 -1.4517091132087725E-03
0
0.0
 -1.1407996218300525E+00 -2.3170985309886123E+00 3.8420614944644871E-01
 8.8802792328559598E-03 -6.0938283354879177E-03 -1.5058000878978997E-03
0
0.0
 -1.1407996218300525E+00 -2.3170985309886123E+00 3.8420614944644871E-01
 8.6812666995201692E-03 -5.8803635682190269E-03 -1.4278125632863692E-03
0
0.0
 -1.1407996218300525E+00 -2.3170985309886123E+00 3.8420614944644871E-01
 8.8961119078857943E-03 -5.8156010101049647E-03 -1.6414046744269576E-03
0
0.0
 -1.1407996218300525E+00 -2.3170985309886123E+00 3.8420614944644871E-01
 8.8183572005023116E-03 -5.7878786779373354E-03 -1.3347905124706594E-03
0
0.0
 -1.1407996218300525E+00 -2.3170985309886123E+00 3.8420614944644871E-01
 8.7288152699565389E-03 -5.7900365380266425E-03 -1.8592826499072945E-03
0
0.0
 -1.1407996218300525E+00 -2.3170985309886123E+00 3.8420614944644871E-01
 8.6844618616191572E-03 -5.8188254301546850E-03 -1.9088676134949895E-03
0
0.0
 -1.1407996218300525E+00 -2.3170985309886123E+00 3.8420614944644871E-01
 8.9869821645539860E-03 -5.9643944029837545E-03 -1.5590709704528067E-03
0
0.0
 -1.1407996218300525E+00 -2.3170985309886123E+00 3.8420614944644871E-01
 8.6925583781671239E-03 -5.9007710216502883E-03 -1.6542374233242813E-03
0
0.0
 -1.1407996218300525E+00 -2.3170985309886123E+00 3.8420614944644871E-01
 8.5690435917735557E-03 -6.1118151241017953E-03 -1.4987329293118699E-03
0
0.0
 -1.1407996218300525E+00 -2.3170985309886123E+00 3.8420614944644871E-01
 8.7796825279931462E-03 -5.9496038451290322E-03 -1.8033527863128014E-03
0
0.0
 -1.1407996218300525E+00 -2.3170985309886123E+00 3.8420614944644871E-01
 9.0359533737522646E-03 -5.8901653819238712E-03 -1.5247504223975183E-03
0
0.0
 -1.1407996218300525E+00 -2.3170985309886123E+00 3.8420614944644871E-01
 8.7751738661867515E-03 -6.0312626572253383E-03 -1.4094354028244493E-03
0
0.0
 -1.1407996218300525E+00 -2.3170985309886123E+00 3.8420614944644871E-01
 8.8687120547040563E-03 -5.6955973433739978E-03 -1.4026052047190797E-03
0
0.0
 -1.1407996218300525E+00 -2.3170985309886123E+00 3.8420614944644871E-01
 8.7017677873587728E-03 -6.0819878689679736E-03 -1.6705873190690469E-03
0
0.0
 -1.1407996218300525E+00 -2.3170985309886123E+00 3.8420614944644871E-01
 8.7087788188764254E-03 -5.9504774750356532E-03 -1.6912288432824954E-03
0
0.0
 -1.1407996218300525E+00 -2.3170985309886123E+00 3.8420614944644871E-01
 8.5159534636278962E-03 -5.9158357048277582E-03 -1.4891667733100149E-03
0
0.0
 -1.1407996218300525E+00 -2.3170985309886123E+00 3.8420614944644871E-01
 8.6394445017262244E-03 -5.9757543737849333E-03 -1.7376244080753750E-03
0
0.0
 -1.1407996218300525E+00 -2.3170985309886123E+00 3.8420614944644871E-01
 8.7101632526998922E-03 -6.0313487497449378E-03 -1.8187815330081192E-03
0
0.0
 -1.1407996218300525E+00 -2.3170985309886123E+00 3.8420614944644871E-01
 8.8010197722533535E-03 -5.9264045753092097E-03 -1.6130641024480674E-03
0
0.0
 -1.1407996218300525E+00 -2.3170985309886123E+00 3.8420614944644871E-01
 8.6415547431681009E-03 -5.7976457545959887E-03 -1.7062829703788115E-03
0
0.0
 -1.1407996218300525E+00 -2.3170985309886123E+00 3.8420614944644871E-01
 8.8563796594943716E-03 -5.8934682030474857E-03 -1.8095380903217816E-03
0
0.0
 -1.1407996218300525E+00 -2.3170985309886123E+00 3.8420614944644871E-01
 8.8327862896840966E-03 -5.9303193332578049E-03 -1.4671152610074385E-03
0
0.0
 -1.1407996218300525E+00 -2.3170985309886123E+00 3.8420614944644871E-01
 8.9743968113738699E-03 -6.0583637272514359E-03 -1.4613782518616291E-03
0
0.0
 -1.1407996218300525E+00 -2.3170985309886123E+00 3.8420614944644871E-01
 8.8269900607645200E-03 -5.8814926068952566E-03 -1.6539079455227515E-03
0
0.0
 -1.1407996218300525E+00 -2.3170985309886123E+00 3.8420614944644871E-01
 9.0694976353754616E-03 -5.9249473533143065E-03 -1.7123448211915761E-03
0
0.0
 -1.1407996218300525E+00 -2.3170985309886123E+00 3.8420614944644871E-01
 9.0747010920390822E-03 -5.9835713252356848E-03 -1.6161669118195134E-03
0
0.0
 -1.1407996218300525E+00 -2.3170985309886123E+00 3.8420614944644871E-01
 8.7902308117733721E-03 -5.9437742541624591E-03 -1.5755119156695666E-03
0
0.0
