50
-1
1
  0.61233019   0.64568600   0.45622508  1.69485411e-04
  0.00327006  -0.12442064   0.99222417  6.80830897e-04
  0.41305675  -0.00376451   0.91069751  1.98166731e-04
  0.04056140  -0.98080879   0.19070631  3.08521438e-04
 -0.38384432   0.66761056  -0.63793391  7.53250272e-04
  0.28959486  -0.00112441  -0.95714866  2.22571219e-04
 -0.85675109  -0.50175736  -0.11923558  2.98927220e-04
  0.87999969  -0.16214084   0.44644249  2.38129468e-04
  0.19637163  -0.97451460  -0.10844116  1.68669549e-04
 -0.16819784  -0.18545077   0.96815159  2.20413307e-04
 -0.74240375   0.25176058   0.62084884  3.56673626e-04
 -0.38138594  -0.44248784   0.81163371  2.43689204e-04
 -0.09142619  -0.83746246   0.53879298  2.82738730e-04
  0.87039796   0.38211885   0.31047154  1.67372538e-04
  0.79954220   0.46297573  -0.38260390  2.48907922e-04
 -0.55108493   0.51803494   0.65417521  6.87491461e-04
 -0.18175683   0.80525830  -0.56437889  3.53103692e-04
  0.53029904   0.84023398  -0.11309195  3.90722504e-04
  0.50139843   0.79936627  -0.33107881  2.16240982e-04
  0.81337451  -0.14772325   0.56267198  1.55231501e-04
  0.77816930  -0.03914889  -0.62683323  2.52341310e-04
 -0.43502284   0.10832657   0.89387946  1.86401273e-04
 -0.75519885  -0.38504432   0.53048616  4.59810856e-04
  0.66619906  -0.73326037  -0.13604425  2.91342668e-04
 -0.57204811  -0.74438682   0.34445496  3.56877362e-04
  0.27449941   0.72832954  -0.62784246  1.53685895e-04
  0.65359530  -0.15280384   0.74125850  2.49775084e-04
 -0.13699815   0.34514644   0.92849634  2.75254386e-04
  0.96375983  -0.25928700  -0.06274736  1.59530300e-04
 -0.84678082  -0.38461249  -0.36747173  3.17843906e-04
  0.02369196   0.69632553  -0.71733496  2.38688959e-04
 -0.58905430   0.47437574  -0.65420386  2.86627864e-04
  0.54874335   0.20919024   0.80939495  3.20156002e-04
  0.91891105   0.37634353  -0.11818642  2.10259720e-04
  0.46228531  -0.63146531  -0.62253020  4.16806865e-04
  0.60193078  -0.79854779   0.00086725  4.05394873e-04
  0.80335982  -0.30242914  -0.51298110  2.80307852e-04
  0.13691860  -0.33732793   0.93137703  2.33076621e-04
 -0.42814307  -0.89260598  -0.14123764  3.83509534e-04
  0.36124012   0.30865215   0.87990876  3.67615525e-04
 -0.93187770  -0.07810224   0.35426541  2.13065872e-04
 -0.16972970   0.73930258   0.65163143  1.69970553e-04
  0.29969545  -0.72788601   0.61673705  4.60111016e-04
 -0.78478310   0.07586911   0.61510923  1.54819848e-04
  0.20593796  -0.94013124  -0.27155626  3.78815644e-04
  0.14763487   0.43269666  -0.88936919  2.70391959e-04
 -0.01825123   0.87434074   0.48496924  1.70892544e-04
  0.99636617   0.04504082  -0.07228957  2.47690012e-04
 -0.46387106  -0.24633105  -0.85096689  4.84353521e-04
 -0.61130198   0.69685089   0.37511162  1.90284917e-04
