20
-1
1
  0.62091653  -0.34406458   0.70433105  2.03503555e-04
 -0.91703820  -0.37359085   0.13953788  2.14806722e-04
 -0.64308168   0.55947325   0.52291073  2.00137646e-04
 -0.37923582  -0.92523782   0.01073165  1.65494196e-04
 -0.98437576   0.04152760  -0.17111349  5.75063540e-04
 -0.39972092  -0.42923311  -0.80992723  3.76291250e-04
 -0.08080122  -0.87043225  -0.48561185  1.56451093e-04
 -0.51430894   0.29529205  -0.80516391  1.46298510e-04
  0.06297947   0.98650006   0.15116621  3.90544196e-04
  0.56004795  -0.65375177   0.50887613  1.85223556e-04
  0.39837055   0.75033298  -0.52754272  8.55440868e-04
  0.01780090  -0.07125368   0.99729937  2.13141322e-04
  0.85343866  -0.00376953   0.52117967  7.95529499e-04
  0.85063381   0.28546769  -0.44150914  2.94535858e-04
  0.21910807  -0.08200194   0.97224860  3.08380311e-04
 -0.86813064  -0.04120345  -0.49462254  6.43209130e-04
  0.65656245  -0.65193367  -0.37935239  5.62360333e-04
  0.95219240   0.14057014   0.27123730  1.76427491e-04
 -0.58722934   0.75350548  -0.29562002  7.66184989e-04
  0.00476460  -0.61064635   0.79188909  2.09189191e-04
