20
 -1.1407996218300525E+00 -2.3170985309886123E+00 3.8420614944644871E-01
 8.6916155281740425E-03 -5.6470077061124314E-03 -1.7612870976936850E-03
0
0.0
 -1.1407996218300525E+00 -2.3170985309886123E+00 3.8420614944644871E-01
 8.6342901285442961E-03 -6.1680257377387717E-03 -1.7516451444663335E-03
0
0.0
 -1.1407996218300525E+00 -2.3170985309886123E+00 3.8420614944644871E-01
 8.8590055694048476E-03 -5.8823941855173124E-03 -1.6256672882659575E-03
0
0.0
 -1.1407996218300525E+00 -2.3170985309886123E+00 3.8420614944644871E-01
 8.7700565005950932E-03 -5.8152739070908887E-03 -1.6285169014522193E-03
0
0.0
 -1.1407996218300525E+00 -2.3170985309886123E+00 3.8420614944644871E-01
 8.8645839903345632E-03 -5.9569326206482670E-03 -1.5126666964282703E-03
0
0.0
 -1.1407996218300525E+00 -2.3170985309886123E+00 3.8420614944644871E-01
 8.7138905140769166E-03 -5.9253122509581608E-03 -1.5282125330400322E-03
0
0.0
 -1.1407996218300525E+00 -2.3170985309886123E+00 3.8420614944644871E-01
 8.6977388446897470E-03 -5.7978871655555691E-03 -1.6066097034065036E-03
0
0.0
 -1.1407996218300525E+00 -2.3170985309886123E+00 3.8420614944644871E-01
 8.6543586167513679E-03 -6.1021317269608927E-03 -1.5479601004634422E-03
0
0.0
 -1.1407996218300525E+00 -2.3170985309886123E+00 3.8420614944644871E-01
 9.0360479471553665E-03 -5.9361196109593440E-03 -1.6401588717241198E-03
0
0.0
 -1.1407996218300525E+00 -2.3170985309886123E+00 3.8420614944644871E-01
 8.6202666234213264E-03 -5.8165800079571861E-03 -1.8797760483095585E-03
0
0.0
 -1.1407996218300525E+00 -2.3170985309886123E+00 3.8420614944644871E-01
 8.9769874800500575E-03 -5.7909739492787854E-03 -1.4619785940926460E-03
0
0.0
 -1.1407996218300525E+00 -2.3170985309886123E+00 3.8420614944644871E-01
 8.7870502061559164E-03 -5.7788575040412966E-03 -1.6244810326338397E-03
0
0.0
 -1.1407996218300525E+00 -2.3170985309886123E+00 3.8420614944644871E-01
 8.5258828002830397E-03 -5.9766971127884387E-03 -1.6228519773341054E-03
0
0.0
 -1.1407996218300525E+00 -2.3170985309886123E+00 3.8420614944644871E-01
 8.6555086505470131E-03 -5.8860257055316917E-03 -1.3745946098539386E-03
0
0.0
 -1.1407996218300525E+00 -2.3170985309886123E+00 3.8420614944644871E-01
 8.8188352623547201E-03 -5.9196249302497731E-03 -1.6119662129720448E-03
0
0.0
 -1.1407996218300525E+00 -2.3170985309886123E+00 3.8420614944644871E-01
 8.6875854619503402E-03 -5.9833838958662337E-03 -1.7042156535410058E-03
0
0.0
 -1.1407996218300525E+00 -2.3170985309886123E+00 3.8420614944644871E-01
 8.7768307806022558E-03 -6.0904583001494851E-03 -1.6425272981959399E-03
0
0.0
 -1.1407996218300525E+00 -2.3170985309886123E+00 3.8420614944644871E-01
 8.9203915886578045E-03 -5.9506990856422939E-03 -1.8093972903836654E-03
0
0.0
 -1.1407996218300525E+00 -2.3170985309886123E+00 3.8420614944644871E-01
 8.5696046789095568E-03 -5.8243512538074336E-03 -1.5401348990614410E-03
0
0.0
 -1.1407996218300525E+00 -2.3170985309886123E+00 3.8420614944644871E-01
 8.6239318750412127E-03 -5.9642262964811361E-03 -1.7203065713378015E-03
0
0.0
