20
 -1.1407996218300525E+00 -2.3170985309886123E+00 3.8420614944644871E-01
 8.8810832254643101E-03 -5.9314591219687537E-03 -1.3616813337396295E-03
0
0.0
 -1.1407996218300525E+00 -2.3170985309886123E+00 3.8420614944644871E-01
 8.7815020858801173E-03 -5.8823723001379972E-03 -1.3266351593302873E-03
0
0.0
 -1.1407996218300525E+00 -2.3170985309886123E+00 3.8420614944644871E-01
 8.7303243310347632E-03 -6.0412500492405975E-03 -1.8775565873722336E-03
0
0.0
 -1.1407996218300525E+00 -2.3170985309886123E+00 3.8420614944644871E-01
 8.9181262758057031E-03 -6.0816683480873143E-03 -1.8689280394788058E-03
0
0.0
 -1.1407996218300525E+00 -2.3170985309886123E+00 3.8420614944644871E-01
 8.6660500343600372E-03 -6.0141610102343711E-03 -1.5665593049314294E-03
0
0.0
 -1.1407996218300525E+00 -2.3170985309886123E+00 3.8420614944644871E-01
 8.9029926536969371E-03 -6.0535424376389644E-03 -1.4040977498709219E-03
0
0.0
 -1.1407996218300525E+00 -2.3170985309886123E+00 3.8420614944644871E-01
 8.6238043636337972E-03 -5.9641678155537801E-03 -1.5585820628662703E-03
0
0.0
 -1.1407996218300525E+00 -2.3170985309886123E+00 3.8420614944644871E-01
 8.8538076156940166E-03 -5.8548253955265812E-03 -1.5756384075653637E-03
0
0.0
 -1.1407996218300525E+00 -2.3170985309886123E+00 3.8420614944644871E-01
 8.6933283762051852E-03 -5.6870590630195119E-03 -1.4678695138751448E-03
0
0.0
 -1.1407996218300525E+00 -2.3170985309886123E+00 3.8420614944644871E-01
 8.7878793777357977E-03 -5.9318879278913751E-03 -1.6099781238728974E-03
0
0.0
 -1.1407996218300525E+00 -2.3170985309886123E+00 3.8420614944644871E-01
 8.7480564058973493E-03 -6.0354525970497371E-03 -1.7995749903936045E-03
0
0.0
 -1.1407996218300525E+00 -2.3170985309886123E+00 3.8420614944644871E-01
 8.5496232014192781E-03 -5.9922134004835410E-03 -1.6336498756653727E-03
0
0.0
 -1.1407996218300525E+00 -2.3170985309886123E+00 3.8420614944644871E-01
 8.8315491501951577E-03 -5.9424359393905734E-03 -1.9302340259540181E-03
0
0.0
 -1.1407996218300525E+00 -2.3170985309886123E+00 3.8420614944644871E-01
 8.9652256059742225E-03 -5.9796352458031093E-03 -1.8334778490336923E-03
0
0.0
 -1.1407996218300525E+00 -2.3170985309886123E+00 3.8420614944644871E-01
 8.6995506863026921E-03 -5.8996704543382737E-03 -1.6795304446142719E-03
0
0.0
 -1.1407996218300525E+00 -2.3170985309886123E+00 3.8420614944644871E-01
 8.7183286637887922E-03 -5.8225231255172498E-03 -1.7612908625081237E-03
0
0.0
 -1.1407996218300525E+00 -2.3170985309886123E+00 3.8420614944644871E-01
 8.6426375554359280E-03 -5.9340990883543420E-03 -1.6272159904564092E-03
0
0.0
 -1.1407996218300525E+00 -2.3170985309886123E+00 3.8420614944644871E-01
 8.8166335650050678E-03 -5.9633601937102623E-03 -1.6508909274698938E-03
0
0.0
 -1.1407996218300525E+00 -2.3170985309886123E+00 3.8420614944644871E-01
 8.7361385384386488E-03 -6.2256006881500981E-03 -1.5384314351414676E-03
0
0.0
 -1.1407996218300525E+00 -2.3170985309886123E+00 3.8420614944644871E-01
 8.8067612697195138E-03 -5.6360151670324160E-03 -1.6984018522850182E-03
0
0.0
