20
-1
1
  0.10592082   0.26571349   0.95821559  2.03542626e-04
  0.43506886  -0.62616373   0.64701938  2.71458247e-04
 -0.05811654   0.96783925   0.24476447  1.96549369e-04
  0.21999213  -0.94568477  -0.23934028  2.72221305e-04
 -0.25963881   0.21894015   0.94055989  3.16582264e-04
 -0.20624156  -0.57387132   0.79255039  1.50695659e-04
  0.96696673  -0.12479109   0.22226681  2.74391967e-04
  0.22185822  -0.97488115  -0.01963855  2.98934299e-04
  0.34462881   0.86471017   0.36538650  2.50035292e-04
 -0.15767705  -0.95252077  -0.26046520  2.90635433e-04
  0.05411468  -0.94224572   0.33052171  1.51920878e-04
 -0.32951962   0.73933712  -0.58719455  3.17169519e-04
  0.54120664  -0.79788509  -0.26547082  1.68986869e-04
  0.90821819   0.18904866  -0.37336354  2.05390911e-04
 -0.84549857   0.52645491  -0.08931631  4.93509310e-04
 -0.53222252   0.70510778   0.46857466  1.45564273e-04
  0.67678878  -0.32338623   0.66134582  1.47762669e-04
  0.71656451  -0.67663445  -0.16941406  2.66818282e-04
  0.09562414   0.34577811  -0.93343105  1.79800462e-04
 -0.30839949  -0.92780412   0.20992683  5.77868633e-04
