20
 -1.1407996218300525E+00 -2.3170985309886123E+00 3.8420614944644871E-01
 8.5586318373508004E-03 -5.7137980365690464E-03 -1.5904953418522101E-03
0
0.0
 -1.1407996218300525E+00 -2.3170985309886123E+00 3.8420614944644871E-01
 8.8127580795906522E-03 -6.0169215453248761E-03 -1.4806128443883150E-03
0
0.0
 -1.1407996218300525E+00 -2.3170985309886123E+00 3.8420614944644871E-01
 8.8451857673999077E-03 -5.7401266902111486E-03 -1.7915583427294038E-03
0
0.0
 -1.1407996218300525E+00 -2.3170985309886123E+00 3.8420614944644871E-01
 8.7203831625425315E-03 -6.0905299458032768E-03 -1.4685966119909097E-03
0
0.0
 -1.1407996218300525E+00 -2.3170985309886123E+00 3.8420614944644871E-01
 8.7840461046854081E-03 -5.7282410403017509E-03 -1.6024099247081971E-03
0
0.0
 -1.1407996218300525E+00 -2.3170985309886123E+00 3.8420614944644871E-01
 8.7853343044960747E-03 -5.9038766760930493E-03 -1.6346916844255065E-03
0
0.0
 -1.1407996218300525E+00 -2.3170985309886123E+00 3.8420614944644871E-01
 8.6454478545976692E-03 -5.8851394206637219E-03 -1.5586572153334518E-03
0
0.0
 -1.1407996218300525E+00 -2.3170985309886123E+00 3.8420614944644871E-01
 8.5317386938552030E-03 -5.9309684599573960E-03 -1.6459763049760229E-03
0
0.0
 -1.1407996218300525E+00 -2.3170985309886123E+00 3.8420614944644871E-01
 8.8246509449722756E-03 -5.8040221142280001E-03 -1.6551632722657820E-03
0
0.0
 -1.1407996218300525E+00 -2.3170985309886123E+00 3.8420614944644871E-01
 8.7847596628738700E-03 -5.8433117539094231E-03 -1.5900390536898966E-03
0
0.0
 -1.1407996218300525E+00 -2.3170985309886123E+00 3.8420614944644871E-01
 8.9334255931699334E-03 -5.8124868217452330E-03 -1.5601118020229592E-03
0
0.0
 -1.1407996218300525E+00 -2.3170985309886123E+00 3.8420614944644871E-01
 8.7766939352403768E-03 -5.9112052578400680E-03 -1.5847287480338912E-03
0
0.0
 -1.1407996218300525E+00 -2.3170985309886123E+00 3.8420614944644871E-01
 8.6054640337398201E-03 -5.9494417322857344E-03 -1.5862834786271401E-03
0
0.0
 -1.1407996218300525E+00 -2.3170985309886123E+00 3.8420614944644871E-01
 8.6137609704704000E-03 -6.0245536547281842E-03 -1.8615208845584911E-03
0
0.0
 -1.1407996218300525E+00 -2.3170985309886123E+00 3.8420614944644871E-01
 8.7319268672971188E-03 -5.7242882579430516E-03 -1.8865761680939373E-03
0
0.0
 -1.1407996218300525E+00 -2.3170985309886123E+00 3.8420614944644871E-01
 8.9426648806514575E-03 -6.0529507835541006E-03 -1.5931516935533967E-03
0
0.0
 -1.1407996218300525E+00 -2.3170985309886123E+00 3.8420614944644871E-01
 8.8663394608741296E-03 -5.9191793251115229E-03 -1.5678597414447513E-03
0
0.0
 -1.1407996218300525E+00 -2.3170985309886123E+00 3.8420614944644871E-01
 8.8391432728731952E-03 -5.7713618706912093E-03 -1.6995439822092659E-03
0
0.0
 -1.1407996218300525E+00 -2.3170985309886123E+00 3.8420614944644871E-01
 8.8780129232586338E-03 -5.9112582236786658E-03 -1.7762401640918032E-03
0
0.0
 -1.1407996218300525E+00 -2.3170985309886123E+00 3.8420614944644871E-01
 8.8050381978938431E-03 -5.8457023468015124E-03 -1.4957537319803048E-03
0
0.0
