20
-1
1
 -0.14935932  -0.42054394   0.89489362  1.48665735e-04
  0.80949175   0.39867632   0.43102239  4.94154127e-04
 -0.89162881  -0.25903921   0.37134452  1.45504881e-04
  0.96092095   0.06996564  -0.26783530  1.87030861e-04
 -0.40981710  -0.90881122   0.07817997  4.74877522e-04
 -0.61816316   0.58321565   0.52700457  5.72018881e-04
  0.38728181  -0.51092287   0.76744421  4.32149964e-04
 -0.25161448   0.46812365   0.84708347  1.73048830e-04
  0.52814049  -0.65701300  -0.53796054  3.34540358e-04
 -0.91225249   0.21975793  -0.34569039  1.47687331e-04
 -0.67636870   0.13713961  -0.72368370  2.26699141e-04
  0.16623507   0.64005608   0.75012940  5.80813527e-04
  0.02967511   0.57289275   0.81909297  6.72884180e-04
  0.49466335  -0.85520951   0.15467665  3.28319759e-04
  0.78753667   0.59989587  -0.14110612  1.90773378e-04
  0.31522038  -0.51310414   0.79834845  2.43132609e-04
 -0.01780299  -0.92618523   0.37664834  4.90654153e-04
  0.88418847  -0.38268163   0.26789089  1.56338453e-04
 -0.73098376  -0.02610173  -0.68189547  1.60582798e-04
  0.00874212  -0.77749052   0.62883389  1.46841581e-04
