20
 -1.1407996218300525E+00 -2.3170985309886123E+00 3.8420614944644871E-01
 8.8681627510988122E-03 -5.9885754457101046E-03 -1.5816266553486851E-03
0
0.0
 -1.1407996218300525E+00 -2.3170985309886123E+00 3.8420614944644871E-01
 8.7461518846642348E-03 -5.9073106272894685E-03 -1.5822327709547820E-03
0
0.0
 -1.1407996218300525E+00 -2.3170985309886123E+00 3.8420614944644871E-01
 8.8129008416251604E-03 -5.9604825618750591E-03 -1.6507829508393853E-03
0
0.0
 -1.1407996218300525E+00 -2.3170985309886123E+00 3.8420614944644871E-01
 8.7534089317941703E-03 -5.7604160810907122E-03 -1.4434652781664262E-03
0
0.0
 -1.1407996218300525E+00 -2.3170985309886123E+00 3.8420614944644871E-01
 8.9226272063776153E-03 -5.9501543694643298E-03 -1.6663719924204362E-03
0
0.0
 -1.1407996218300525E+00 -2.3170985309886123E+00 3.8420614944644871E-01
 8.7974975825734578E-03 -6.0402426815354066E-03 -1.4621922439998943E-03
0
0.0
 -1.1407996218300525E+00 -2.3170985309886123E+00 3.8420614944644871E-01
 8.8471772729730221E-03 -5.9563078389375402E-03 -1.3178408362161324E-03
0
0.0
 -1.1407996218300525E+00 -2.3170985309886123E+00 3.8420614944644871E-01
 8.6841711505731504E-03 -5.7304973029020951E-03 -1.7405462153417615E-03
0
0.0
 -1.1407996218300525E+00 -2.3170985309886123E+00 3.8420614944644871E-01
 8.7742840547511119E-03 -6.0663979216627967E-03 -1.6149700738291163E-03
0
0.0
 -1.1407996218300525E+00 -2.3170985309886123E+00 3.8420614944644871E-01
 8.6947477819585613E-03 -5.8506104508758046E-03 -1.6967154238241595E-03
0
0.0
 -1.1407996218300525E+00 -2.3170985309886123E+00 3.8420614944644871E-01
 8.8166801188355355E-03 -6.1221796772076174E-03 -1.7787838314342870E-03
0
0.0
 -1.1407996218300525E+00 -2.3170985309886123E+00 3.8420614944644871E-01
 8.6766997727876632E-03 -5.8243261260523069E-03 -1.5506116670906322E-03
0
0.0
 -1.1407996218300525E+00 -2.3170985309886123E+00 3.8420614944644871E-01
 8.5105614975763792E-03 -5.7782575040644987E-03 -1.6878395108887363E-03
0
0.0
 -1.1407996218300525E+00 -2.3170985309886123E+00 3.8420614944644871E-01
 8.5310374478139283E-03 -5.7937388894868293E-03 -1.5082860117626169E-03
0
0.0
 -1.1407996218300525E+00 -2.3170985309886123E+00 3.8420614944644871E-01
 8.7984828404827093E-03 -6.1367440887830031E-03 -1.6313731173733207E-03
0
0.0
 -1.1407996218300525E+00 -2.3170985309886123E+00 3.8420614944644871E-01
 8.7867356336380851E-03 -5.9143026945431432E-03 -1.6230331022727877E-03
0
0.0
 -1.1407996218300525E+00 -2.3170985309886123E+00 3.8420614944644871E-01
 8.9293760119344597E-03 -6.0551167539469207E-03 -1.7512932547742027E-03
0
0.0
 -1.1407996218300525E+00 -2.3170985309886123E+00 3.8420614944644871E-01
 8.8760860444811220E-03 -6.0771901857924644E-03 -1.8361680812701757E-03
0
0.0
 -1.1407996218300525E+00 -2.3170985309886123E+00 3.8420614944644871E-01
 8.9555014589646782E-03 -5.7318015043963640E-03 -1.5872497413045917E-03
0
0.0
 -1.1407996218300525E+00 -2.3170985309886123E+00 3.8420614944644871E-01
 8.7656363283987078E-03 -6.0172681259863239E-03 -1.7262325633636941E-03
0
0.0
