50
-1
1
 -0.11579842   0.58312871  -0.80408434  5.06243474e-04
 -0.23058909  -0.55876345  -0.79662543  1.64581812e-04
  0.63476245   0.76778983   0.08703680  7.17117223e-04
 -0.27362680   0.47429366  -0.83676394  1.51912120e-04
  0.58745220  -0.02808791   0.80877128  4.32165741e-04
 -0.86096151  -0.47934405   0.17021913  3.77707237e-04
  0.36030789   0.30931388  -0.88005860  3.81178832e-04
 -0.05059579   0.14585002   0.98801206  1.52856021e-04
  0.93141356   0.24735044   0.26699541  1.73270434e-04
 -0.71592858   0.07007765  -0.69464768  2.36424759e-04
  0.65298167   0.49836878  -0.57030124  1.55898852e-04
  0.42748492  -0.88087151  -0.20327819  2.64890790e-04
 -0.36788958  -0.65862561  -0.65640655  4.94971757e-04
 -0.26236106   0.43211301   0.86281227  3.62743529e-04
  0.42131726  -0.16925722  -0.89097910  1.76614753e-04
 -0.46955286  -0.03613487   0.88216460  2.81550357e-04
  0.24331046   0.33558699   0.91004472  2.70826627e-04
  0.95817769   0.25256379   0.13456244  5.26718329e-04
  0.50293271  -0.74458486  -0.43892149  4.54709721e-04
  0.15798175  -0.73959928  -0.65424359  1.93381365e-04
 -0.23499002   0.95627981   0.17409372  3.00649941e-04
  0.60951315  -0.31954391  -0.72552423  1.95183006e-04
 -0.78976973  -0.58179438  -0.19436839  1.92407675e-04
  0.03324730  -0.55901969  -0.82848754  2.98262599e-04
 -0.19896573   0.59507658  -0.77865044  2.19445535e-04
 -0.64168579   0.70779203   0.29541459  1.79341515e-04
 -0.33740154  -0.81138182  -0.47730466  4.09987538e-04
  0.67807632   0.50711035   0.53202594  1.47703700e-04
  0.31860658   0.94757304  -0.02439634  2.97049552e-04
 -0.27906846   0.58815179  -0.75907725  2.94190937e-04
 -0.04656626   0.88896810   0.45559555  6.51148889e-04
 -0.78996232  -0.04683027   0.61136442  1.58760380e-04
  0.19843975   0.56356665  -0.80188172  3.63026455e-04
  0.37493758   0.79726048   0.47307244  1.69952532e-04
 -0.61491424  -0.24031295   0.75108599  2.30404785e-04
  0.28168185   0.68102055   0.67591889  1.58235438e-04
 -0.32296729   0.43611780   0.83993654  2.48836692e-04
 -0.12912559  -0.25760878   0.95758253  2.02099526e-04
 -0.91232946  -0.07477128  -0.40257201  1.62686638e-04
  0.39758021   0.55152432  -0.73331501  2.61935248e-04
 -0.23592017  -0.51313775   0.82524622  2.68436218e-04
 -0.14095433   0.87887483   0.45575313  6.45886727e-04
  0.22353081   0.37527314   0.89955770  3.09165733e-04
 -0.14118204   0.96034011  -0.24044647  6.90753445e-04
 -0.41126678  -0.54280907   0.73226904  1.58642015e-04
  0.21279905  -0.95287318   0.21621580  1.99976736e-04
  0.47021251   0.29596092   0.83144893  1.50106646e-04
  0.98382374  -0.12685523   0.12648554  1.50869903e-04
  0.99274162  -0.09586518  -0.07262197  1.99511471e-04
 -0.97423293   0.22158926  -0.04205245  4.22181430e-04
