50
 -1.1407996218300525E+00 -2.3170985309886123E+00 3.8420614944644871E-01
 8.6248837983399929E-03 -6.0058661826606612E-03 -1.4638727544199798E-03
0
0.0
 -1.1407996218300525E+00 -2.3170985309886123E+00 3.8420614944644871E-01
 8.5822579592317160E-03 -5.8045935444229523E-03 -1.6883605026114658E-03
0
0.0
 -1.1407996218300525E+00 -2.3170985309886123E+00 3.8420614944644871E-01
 9.0613243002228682E-03 -5.8262182561019359E-03 -1.4782543076803049E-03
0
0.0
 -1.1407996218300525E+00 -2.3170985309886123E+00 3.8420614944644871E-01
 8.8633571352157124E-03 -5.9345931013870760E-03 -1.5899933265610580E-03
0
0.0
 -1.1407996218300525E+00 -2.3170985309886123E+00 3.8420614944644871E-01
 8.9122290258054244E-03 -5.9485953556318331E-03 -1.6245109048130333E-03
0
0.0
 -1.1407996218300525E+00 -2.3170985309886123E+00 3.8420614944644871E-01
 8.6547073003871988E-03 -5.8248132701883186E-03 -1.5663894026600913E-03
0
0.0
 -1.1407996218300525E+00 -2.3170985309886123E+00 3.8420614944644871E-01
 8.7580369404024905E-03 -5.8969909553005352E-03 -1.6732964929987463E-03
0
0.0
 -1.1407996218300525E+00 -2.3170985309886123E+00 3.8420614944644871E-01
 8.6714480192750815E-03 -5.8766712316323947E-03 -1.9192325916486332E-03
0
0.0
 -1.1407996218300525E+00 -2.3170985309886123E+00 3.8420614944644871E-01
 8.8580609312888386E-03 -5.8198699338582295E-03 -1.5431318336760842E-03
0
0.0
 -1.1407996218300525E+00 -2.3170985309886123E+00 3.8420614944644871E-01
 8.5886507904946504E-03 -5.8300131754403526E-03 -1.3704794986272983E-03
0
0.0
 -1.1407996218300525E+00 -2.3170985309886123E+00 3.8420614944644871E-01
 8.7160812070291634E-03 -5.9434698175027893E-03 -1.5571090787473872E-03
0
0.0
 -1.1407996218300525E+00 -2.3170985309886123E+00 3.8420614944644871E-01
 8.8115980780183682E-03 -5.9573866179634194E-03 -1.7176906638230189E-03
0
0.0
 -1.1407996218300525E+00 -2.3170985309886123E+00 3.8420614944644871E-01
 8.7773923501069454E-03 -5.9447774194379601E-03 -1.8143054175410317E-03
0
0.0
 -1.1407996218300525E+00 -2.3170985309886123E+00 3.8420614944644871E-01
 8.6849487059133448E-03 -5.9059982530555938E-03 -1.7342098904503901E-03
0
0.0
 -1.1407996218300525E+00 -2.3170985309886123E+00 3.8420614944644871E-01
 9.0898387713768194E-03 -5.9697548624988257E-03 -1.5563378710202963E-03
0
0.0
 -1.1407996218300525E+00 -2.3170985309886123E+00 3.8420614944644871E-01
 8.8581138280288199E-03 -5.9785228573419023E-03 -1.6292742461590291E-03
0
0.0
 -1.1407996218300525E+00 -2.3170985309886123E+00 3.8420614944644871E-01
 8.7507526857277512E-03 -5.9979305415966090E-03 -1.6968476070102537E-03
0
0.0
 -1.1407996218300525E+00 -2.3170985309886123E+00 3.8420614944644871E-01
 8.7435633729760938E-03 -5.7144354361413205E-03 -1.6649097235561252E-03
0
0.0
 -1.1407996218300525E+00 -2.3170985309886123E+00 3.8420614944644871E-01
 8.8489520682212743E-03 -5.7976422078137510E-03 -1.5063847512759654E-03
0
0.0
 -1.1407996218300525E+00 -2.3170985309886123E+00 3.8420614944644871E-01
 8.6788051417396039E-03 -5.8966019828983638E-03 -1.3815211973720793E-03
0
0.0
 -1.1407996218300525E+00 -2.3170985309886123E+00 3.8420614944644871E-01
 8.8021402356278262E-03 -5.8602982195899165E-03 -1.5664686025187507E-03
0
0.0
 -1.1407996218300525E+00 -2.3170985309886123E+00 3.8420614944644871E-01
 8.7538374219306488E-03 -5.9716503210489888E-03 -1.7789330805199383E-03
0
0.0
 -1.1407996218300525E+00 -2.3170985309886123E+00 3.8420614944644871E-01
 8.8333343634504312E-03 -6.0833063941305313E-03 -1.5348059224892911E-03
0
0.0
 -1.1407996218300525E+00 -2.3170985309886123E+00 3.8420614944644871E-01
 8.8409664636840118E-03 -5.8606241122840805E-03 -1.6850140362577799E-03
0
0.0
 -1.1407996218300525E+00 -2.3170985309886123E+00 3.8420614944644871E-01
 8.9395345436569813E-03 -5.9236937610290703E-03 -1.6757636500466569E-03
0
0.0
 -1.1407996218300525E+00 -2.3170985309886123E+00 3.8420614944644871E-01
 8.7487339466708492E-03 -5.9086333601744241E-03 -1.5924791037110642E-03
0
0.0
 -1.1407996218300525E+00 -2.3170985309886123E+00 3.8420614944644871E-01
 8.5727264253782753E-03 -5.8987140186675816E-03 -1.3786006396330330E-03
0
0.0
 -1.1407996218300525E+00 -2.3170985309886123E+00 3.8420614944644871E-01
 9.0354258763332869E-03 -5.9051417422100998E-03 -1.5966763944914256E-03
0
0.0
 -1.1407996218300525E+00 -2.3170985309886123E+00 3.8420614944644871E-01
 8.8365352136791815E-03 -5.6780996363783812E-03 -1.3905352397419347E-03
0
0.0
 -1.1407996218300525E+00 -2.3170985309886123E+00 3.8420614944644871E-01
 8.9494201666851392E-03 -5.9646806572436787E-03 -1.3573229403010417E-03
0
0.0
 -1.1407996218300525E+00 -2.3170985309886123E+00 3.8420614944644871E-01
 8.6575781871553441E-03 -5.8552478032649763E-03 -1.5009652817803997E-03
0
0.0
 -1.1407996218300525E+00 -2.3170985309886123E+00 3.8420614944644871E-01
 8.8024928478173618E-03 -5.8679502990263230E-03 -1.6597391905797589E-03
0
0.0
 -1.1407996218300525E+00 -2.3170985309886123E+00 3.8420614944644871E-01
 8.7992048486268265E-03 -6.0854072503002841E-03 -1.6358892904290696E-03
0
0.0
 -1.1407996218300525E+00 -2.3170985309886123E+00 3.8420614944644871E-01
 8.6730670279079776E-03 -6.0201798958985616E-03 -1.6621222954336370E-03
0
0.0
 -1.1407996218300525E+00 -2.3170985309886123E+00 3.8420614944644871E-01
 8.9803715818257013E-03 -5.9531601725884677E-03 -1.6613400493911833E-03
0
0.0
 -1.1407996218300525E+00 -2.3170985309886123E+00 3.8420614944644871E-01
 8.8247981501598429E-03 -6.0466109013962068E-03 -1.4981312314742211E-03
0
0.0
 -1.1407996218300525E+00 -2.3170985309886123E+00 3.8420614944644871E-01
 8.8429197840676991E-03 -6.2167627523143122E-03 -1.6396166262466396E-03
0
0.0
 -1.1407996218300525E+00 -2.3170985309886123E+00 3.8420614944644871E-01
 8.8199372012949043E-03 -5.6680385014454210E-03 -1.6310591425201656E-03
0
0.0
 -1.1407996218300525E+00 -2.3170985309886123E+00 3.8420614944644871E-01
 8.7229119417748767E-03 -5.8951811921696164E-03 -1.6097609029406624E-03
0
0.0
 -1.1407996218300525E+00 -2.3170985309886123E+00 3.8420614944644871E-01
 8.9699405500793562E-03 -5.9110634879727926E-03 -1.5396405152435662E-03
0
0.0
 -1.1407996218300525E+00 -2.3170985309886123E+00 3.8420614944644871E-01
 8.7564141270808464E-03 -6.0019605625096679E-03 -1.5469292330647442E-03
0
0.0
 -1.1407996218300525E+00 -2.3170985309886123E+00 3.8420614944644871E-01
 8.7374474409236454E-03 -5.8374072111000942E-03 -1.6598003348678560E-03
0
0.0
 -1.1407996218300525E+00 -2.3170985309886123E+00 3.8420614944644871E-01
 8.6652692391570429E-03 -6.0066469678167894E-03 -1.7034090110468879E-03
0
0.0
 -1.1407996218300525E+00 -2.3170985309886123E+00 3.8420614944644871E-01
 8.8330167861519152E-03 -5.8559960766563736E-03 -1.5549818104470395E-03
0
0.0
 -1.1407996218300525E+00 -2.3170985309886123E+00 3.8420614944644871E-01
 8.9894471999466853E-03 -5.8011614930942468E-03 -1.8359178804573028E-03
0
0.0
 -1.1407996218300525E+00 -2.3170985309886123E+00 3.8420614944644871E-01
 8.8084598716488549E-03 -5.8935792959238379E-03 -1.7097572805904809E-03
0
0.0
 -1.1407996218300525E+00 -2.3170985309886123E+00 3.8420614944644871E-01
 8.7333157284204196E-03 -5.9215436792468025E-03 -1.6646299374100902E-03
0
0.0
 -1.1407996218300525E+00 -2.3170985309886123E+00 3.8420614944644871E-01
 8.6441279460326703E-03 -5.9872299819270572E-03 -1.3593309087977206E-03
0
0.0
 -1.1407996218300525E+00 -2.3170985309886123E+00 3.8420614944644871E-01
 8.8146906310329464E-03 -5.7510224900067224E-03 -1.7293108200295165E-03
0
0.0
 -1.1407996218300525E+00 -2.3170985309886123E+00 3.8420614944644871E-01
 8.6557615205068179E-03 -6.0689477218436238E-03 -1.6347686023329439E-03
0
0.0
