20
-1
1
  0.27245208   0.53733890   0.79814583  3.67824286e-04
  0.98165227  -0.04586748   0.18508104  1.52673996e-04
  0.69441055  -0.63824477   0.33232154  6.41931184e-04
  0.57590847   0.45576868   0.67867838  1.98618938e-04
 -0.55547021  -0.78401927   0.27706791  2.50868455e-04
  0.76705784  -0.45447588  -0.45285091  7.74900479e-04
  0.75102298   0.47799786  -0.45550250  3.36265167e-04
  0.86746162  -0.39656409   0.30041183  1.46487473e-04
 -0.08426523  -0.75003892  -0.65600380  1.57534341e-04
  0.56465062   0.41989117   0.71053577  1.51934713e-04
  0.68574916   0.22273746   0.69291855  1.57946986e-04
  0.04731878   0.03869936   0.99812990  1.70199522e-04
  0.17746664  -0.92519048   0.33545219  1.80967616e-04
  0.36448201   0.41824941   0.83199778  4.30526357e-04
 -0.71767681   0.48673753   0.49802265  1.60795059e-04
 -0.61867038   0.14724784   0.77172860  3.46897614e-04
  0.46409027   0.87536148   0.13550830  2.44776461e-04
  0.95387205   0.03254467  -0.29844421  2.54303699e-04
  0.92481662  -0.35492092  -0.13691369  4.46189234e-04
  0.81259826   0.15500884   0.56183300  1.95714226e-04
