20
 -1.1407996218300525E+00 -2.3170985309886123E+00 3.8420614944644871E-01
 8.9190117323090425E-03 -6.1005804593096402E-03 -1.5476296891066719E-03
0
0.0
 -1.1407996218300525E+00 -2.3170985309886123E+00 3.8420614944644871E-01
 8.7966204622776725E-03 -5.8049517156485552E-03 -1.4774045880925162E-03
0
0.0
 -1.1407996218300525E+00 -2.3170985309886123E+00 3.8420614944644871E-01
 8.8533530586338265E-03 -5.9976258259372556E-03 -1.7402855016735205E-03
0
0.0
 -1.1407996218300525E+00 -2.3170985309886123E+00 3.8420614944644871E-01
 8.6140534519519481E-03 -5.7409618501188669E-03 -1.5558983250688067E-03
0
0.0
 -1.1407996218300525E+00 -2.3170985309886123E+00 3.8420614944644871E-01
 8.7003590299192333E-03 -5.8838607554180938E-03 -1.5321536093737412E-03
0
0.0
 -1.1407996218300525E+00 -2.3170985309886123E+00 3.8420614944644871E-01
 8.8281973152944601E-03 -5.7785938681205531E-03 -1.3100459066508272E-03
0
0.0
 -1.1407996218300525E+00 -2.3170985309886123E+00 3.8420614944644871E-01
 9.0016912978900694E-03 -5.7569093529628024E-03 -1.5733625511931656E-03
0
0.0
 -1.1407996218300525E+00 -2.3170985309886123E+00 3.8420614944644871E-01
 8.4870599713246942E-03 -5.9701148068185194E-03 -1.5424465333103263E-03
0
0.0
 -1.1407996218300525E+00 -2.3170985309886123E+00 3.8420614944644871E-01
 8.6950970978599135E-03 -6.0670362398403720E-03 -1.4140349579247918E-03
0
0.0
 -1.1407996218300525E+00 -2.3170985309886123E+00 3.8420614944644871E-01
 8.6598182787901209E-03 -5.7979939911006334E-03 -1.5597120646527927E-03
0
0.0
 -1.1407996218300525E+00 -2.3170985309886123E+00 3.8420614944644871E-01
 8.7695467624478371E-03 -5.8989891107615921E-03 -1.5634081115463666E-03
0
0.0
 -1.1407996218300525E+00 -2.3170985309886123E+00 3.8420614944644871E-01
 8.6771720047128121E-03 -5.7892311629049540E-03 -1.5897382934535105E-03
0
0.0
 -1.1407996218300525E+00 -2.3170985309886123E+00 3.8420614944644871E-01
 8.7128870464782127E-03 -5.9039959821703177E-03 -1.7306786092851645E-03
0
0.0
 -1.1407996218300525E+00 -2.3170985309886123E+00 3.8420614944644871E-01
 8.9146105822736858E-03 -5.9105136566677463E-03 -1.6303593818369577E-03
0
0.0
 -1.1407996218300525E+00 -2.3170985309886123E+00 3.8420614944644871E-01
 8.6938318352920898E-03 -5.7808798923589585E-03 -1.8391278464000120E-03
0
0.0
 -1.1407996218300525E+00 -2.3170985309886123E+00 3.8420614944644871E-01
 8.7195470147354449E-03 -5.9989757500743717E-03 -1.6958389991944790E-03
0
0.0
 -1.1407996218300525E+00 -2.3170985309886123E+00 3.8420614944644871E-01
 8.6723268600336374E-03 -6.1350113774316624E-03 -1.8280073101682411E-03
0
0.0
 -1.1407996218300525E+00 -2.3170985309886123E+00 3.8420614944644871E-01
 9.0235267914749555E-03 -5.9695213489372925E-03 -1.6868469234154798E-03
0
0.0
 -1.1407996218300525E+00 -2.3170985309886123E+00 3.8420614944644871E-01
 8.7371715573659886E-03 -5.8323733127554744E-03 -1.6792109687475873E-03
0
0.0
 -1.1407996218300525E+00 -2.3170985309886123E+00 3.8420614944644871E-01
 8.5306183320545733E-03 -6.0835770487632805E-03 -1.7716541456768227E-03
0
0.0
