20
-1
1
  0.50912738  -0.74646431  -0.42846277  7.59109364e-04
  0.11048767  -0.31175830  -0.94371565  1.83787210e-04
  0.15888095  -0.91348086   0.37457919  3.30449009e-04
  0.51108825  -0.82552465   0.23936970  1.57923795e-04
  0.46957050   0.88080789  -0.06067136  2.36736276e-04
 -0.64916540  -0.71672833   0.25472491  3.39748255e-04
 -0.08619129   0.23869103  -0.96726297  7.74340653e-04
 -0.59996726   0.02776647  -0.79954256  3.67854040e-04
  0.04888377   0.41252928   0.90963178  5.35741628e-04
  0.70933282   0.26101266  -0.65476663  1.64362928e-04
 -0.54945614   0.25642242   0.79520154  1.82785578e-04
 -0.97711777  -0.12789641   0.16995111  1.67135536e-04
 -0.50220172  -0.65559644  -0.56390313  1.74692582e-04
 -0.14056644  -0.44431810  -0.88477257  1.64327953e-04
  0.86218500   0.43377104   0.26168628  1.86255333e-04
  0.10752202  -0.87803903  -0.46635446  5.31224739e-04
  0.20313908   0.93715822  -0.28367057  1.49450582e-04
  0.82166398  -0.18679834  -0.53849297  2.25605018e-04
 -0.42268340   0.61496244  -0.66570259  1.49909092e-04
 -0.52077803  -0.81078303   0.26724731  3.77925753e-04
