20
 -1.1407996218300525E+00 -2.3170985309886123E+00 3.8420614944644871E-01
 8.7063437407765825E-03 -6.0015802772108362E-03 -1.3053074131690824E-03
0
0.0
 -1.1407996218300525E+00 -2.3170985309886123E+00 3.8420614944644871E-01
 8.7896188117968198E-03 -5.9522303964518698E-03 -1.6157067119569885E-03
0
0.0
 -1.1407996218300525E+00 -2.3170985309886123E+00 3.8420614944644871E-01
 8.6471457441454659E-03 -5.8462405555430612E-03 -1.6603451407883093E-03
0
0.0
 -1.1407996218300525E+00 -2.3170985309886123E+00 3.8420614944644871E-01
 8.8045454039549133E-03 -6.0475077751918904E-03 -1.6557357592384470E-03
0
0.0
 -1.1407996218300525E+00 -2.3170985309886123E+00 3.8420614944644871E-01
 8.6181953595043624E-03 -5.6400662738041113E-03 -1.5861105258962412E-03
0
0.0
 -1.1407996218300525E+00 -2.3170985309886123E+00 3.8420614944644871E-01
 8.7205461011324002E-03 -5.9334112856625288E-03 -1.4364058992499726E-03
0
0.0
 -1.1407996218300525E+00 -2.3170985309886123E+00 3.8420614944644871E-01
 8.9627086025702105E-03 -6.0580895589872437E-03 -1.5171069547566954E-03
0
0.0
 -1.1407996218300525E+00 -2.3170985309886123E+00 3.8420614944644871E-01
 8.9001783728557375E-03 -6.0189471063894721E-03 -1.7501656618799145E-03
0
0.0
 -1.1407996218300525E+00 -2.3170985309886123E+00 3.8420614944644871E-01
 8.7724833713097514E-03 -5.8658747402275833E-03 -1.6590017188916201E-03
0
0.0
 -1.1407996218300525E+00 -2.3170985309886123E+00 3.8420614944644871E-01
 8.6143527234545658E-03 -6.0729370457201165E-03 -1.3911872744840112E-03
0
0.0
 -1.1407996218300525E+00 -2.3170985309886123E+00 3.8420614944644871E-01
 8.8009741907861538E-03 -5.9335375316031547E-03 -1.5711863415327331E-03
0
0.0
 -1.1407996218300525E+00 -2.3170985309886123E+00 3.8420614944644871E-01
 8.9478759389880931E-03 -5.8551430770632309E-03 -1.5130064493816626E-03
0
0.0
 -1.1407996218300525E+00 -2.3170985309886123E+00 3.8420614944644871E-01
 8.8832404138673143E-03 -5.9479462534999051E-03 -1.4975823101240791E-03
0
0.0
 -1.1407996218300525E+00 -2.3170985309886123E+00 3.8420614944644871E-01
 8.8313650242413406E-03 -6.1159917055940601E-03 -1.8190911843106645E-03
0
0.0
 -1.1407996218300525E+00 -2.3170985309886123E+00 3.8420614944644871E-01
 8.7855560883566310E-03 -6.1276162708820596E-03 -1.6210608005502516E-03
0
0.0
 -1.1407996218300525E+00 -2.3170985309886123E+00 3.8420614944644871E-01
 8.6704040642800878E-03 -5.8439871758037068E-03 -1.9339705792577300E-03
0
0.0
 -1.1407996218300525E+00 -2.3170985309886123E+00 3.8420614944644871E-01
 8.6108100634656078E-03 -6.0568849663312652E-03 -1.5905393569959098E-03
0
0.0
 -1.1407996218300525E+00 -2.3170985309886123E+00 3.8420614944644871E-01
 8.7446836047340958E-03 -5.8638301567588685E-03 -1.4406446336854028E-03
0
0.0
 -1.1407996218300525E+00 -2.3170985309886123E+00 3.8420614944644871E-01
 8.5667954369257528E-03 -5.9082533699238169E-03 -1.6041576663675425E-03
0
0.0
 -1.1407996218300525E+00 -2.3170985309886123E+00 3.8420614944644871E-01
 8.8477010740429206E-03 -5.9681730348707133E-03 -1.5660528508659737E-03
0
0.0
