50
-1
1
  0.73672113  -0.55498673  -0.38630521  2.22499984e-04
  0.75909163  -0.60754580  -0.23381189  3.40257724e-04
  0.01453607   0.99877521   0.04729459  1.92270528e-04
  0.25289336  -0.71680493  -0.64979661  1.59638589e-04
 -0.57577981  -0.81601278   0.05099769  2.15251922e-04
  0.40324137  -0.84488257  -0.35152503  4.34437993e-04
 -0.50881270  -0.03423050   0.86019644  2.88127296e-04
  0.36843331  -0.08416094  -0.92583683  6.01328460e-04
 -0.58004334   0.65878696  -0.47911321  2.78381357e-04
 -0.75296448  -0.21839619  -0.62076372  1.65948567e-04
 -0.08582758   0.94125937  -0.32659521  2.18756569e-04
 -0.30225493   0.13701987  -0.94332789  4.53263705e-04
 -0.30131125   0.81501891  -0.49493000  1.89045677e-04
 -0.80940837   0.00447784  -0.58722912  8.12261336e-04
  0.83205343  -0.53812193  -0.13458038  1.46945097e-04
  0.39093813  -0.68893121   0.61036150  2.01526925e-04
  0.57467317   0.07459699  -0.81497609  3.32029113e-04
 -0.94716563   0.15483821  -0.28089571  2.05860360e-04
 -0.63449187  -0.10508727   0.76575239  2.36485841e-04
  0.63859875  -0.39649183   0.65953458  1.56212469e-04
  0.11805583   0.62507871  -0.77158242  8.24035487e-04
 -0.88820209  -0.45567990  -0.05876113  1.46988559e-04
  0.45553428   0.46556625  -0.75877308  2.37854925e-04
 -0.58132654  -0.34524019   0.73679622  1.98260600e-04
 -0.73847363   0.36873918  -0.56452468  7.54201861e-04
  0.56898011   0.55945436  -0.60272087  4.78172185e-04
 -0.93608075   0.33051526   0.12046779  3.16299001e-04
  0.61085176   0.31988945  -0.72424503  2.16465538e-04
  0.81685301   0.45316993   0.35691480  1.78116082e-04
  0.59177920  -0.39469820  -0.70285896  2.43858008e-04
 -0.60101347  -0.12814761   0.78889860  3.10107893e-04
 -0.86927766  -0.07287897   0.48892230  7.59907775e-04
 -0.83068066  -0.19196236  -0.52260894  1.97382787e-04
  0.25036043  -0.96137679   0.11434298  2.72097882e-04
  0.05196631  -0.74326626  -0.66697434  1.52580597e-04
  0.62788587  -0.72549761  -0.28180232  1.58989456e-04
  0.63642967   0.20200191   0.74441420  2.11170100e-04
 -0.79415822  -0.51571618  -0.32148024  3.83364131e-04
 -0.18874596  -0.51096430  -0.83862414  3.19457281e-04
 -0.79000641  -0.45542099   0.41046508  3.80180604e-04
  0.58029900   0.53755434   0.61179114  4.86293598e-04
 -0.93331997  -0.35834099  -0.02248474  1.97566993e-04
 -0.87752778   0.44276232  -0.18413724  2.02262132e-04
 -0.65162552  -0.33628892   0.67992201  4.15261101e-04
  0.97775140   0.17494224   0.11574721  2.05864182e-04
 -0.42007996  -0.55394670   0.71880170  5.80645324e-04
 -0.89078015  -0.07913376  -0.44749141  2.23095467e-04
  0.36444331   0.46095779  -0.80913472  1.93231457e-04
  0.58122571   0.19406836  -0.79026207  1.59955169e-04
 -0.54086479   0.69275460   0.47702865  4.34218820e-04
