50
 -1.1407996218300525E+00 -2.3170985309886123E+00 3.8420614944644871E-01
 8.8023289568732333E-03 -5.9373365466803569E-03 -1.4699716556607393E-03
0
0.0
 -1.1407996218300525E+00 -2.3170985309886123E+00 3.8420614944644871E-01
 8.4753319971434468E-03 -5.9493671190306652E-03 -1.4762048810648598E-03
0
0.0
 -1.1407996218300525E+00 -2.3170985309886123E+00 3.8420614944644871E-01
 8.8275726953761062E-03 -5.9341316764385523E-03 -1.7709268575519775E-03
0
0.0
 -1.1407996218300525E+00 -2.3170985309886123E+00 3.8420614944644871E-01
 8.7981634475308001E-03 -5.7593178769868728E-03 -1.9330765091922671E-03
0
0.0
 -1.1407996218300525E+00 -2.3170985309886123E+00 3.8420614944644871E-01
 8.7210242172925008E-03 -6.1922855594611177E-03 -1.6425936868910828E-03
0
0.0
 -1.1407996218300525E+00 -2.3170985309886123E+00 3.8420614944644871E-01
 8.6561189585576941E-03 -5.8012189280833727E-03 -1.7441416184406872E-03
0
0.0
 -1.1407996218300525E+00 -2.3170985309886123E+00 3.8420614944644871E-01
 8.7152471803873411E-03 -5.8546404230620814E-03 -1.8859924371829894E-03
0
0.0
 -1.1407996218300525E+00 -2.3170985309886123E+00 3.8420614944644871E-01
 8.7602350268256614E-03 -5.8349420482307866E-03 -1.5530632551330676E-03
0
0.0
 -1.1407996218300525E+00 -2.3170985309886123E+00 3.8420614944644871E-01
 8.5723320276033209E-03 -5.8770503191036922E-03 -1.7022070565721743E-03
0
0.0
 -1.1407996218300525E+00 -2.3170985309886123E+00 3.8420614944644871E-01
 8.8216123342081589E-03 -5.9405947687446855E-03 -1.6732113905329935E-03
0
0.0
 -1.1407996218300525E+00 -2.3170985309886123E+00 3.8420614944644871E-01
 8.8225706135998342E-03 -5.8696118841284478E-03 -1.6551763039580536E-03
0
0.0
 -1.1407996218300525E+00 -2.3170985309886123E+00 3.8420614944644871E-01
 8.8538414721846728E-03 -5.9076713567870528E-03 -1.4738959943610883E-03
0
0.0
 -1.1407996218300525E+00 -2.3170985309886123E+00 3.8420614944644871E-01
 8.8461322018900720E-03 -5.8817568689700558E-03 -1.7426467416892389E-03
0
0.0
 -1.1407996218300525E+00 -2.3170985309886123E+00 3.8420614944644871E-01
 9.0226411729570754E-03 -5.8643836683786371E-03 -1.4096859325583994E-03
0
0.0
 -1.1407996218300525E+00 -2.3170985309886123E+00 3.8420614944644871E-01
 8.8463722469629483E-03 -5.9435902578399702E-03 -1.6570767199650623E-03
0
0.0
 -1.1407996218300525E+00 -2.3170985309886123E+00 3.8420614944644871E-01
 8.6756750883041980E-03 -5.8309451269266876E-03 -1.5033186843841008E-03
0
0.0
 -1.1407996218300525E+00 -2.3170985309886123E+00 3.8420614944644871E-01
 9.0445968413098727E-03 -6.0870872444691009E-03 -1.5891851914555538E-03
0
0.0
 -1.1407996218300525E+00 -2.3170985309886123E+00 3.8420614944644871E-01
 8.8184796458504119E-03 -5.8781600237267605E-03 -1.5188336102760147E-03
0
0.0
 -1.1407996218300525E+00 -2.3170985309886123E+00 3.8420614944644871E-01
 8.6317258735443374E-03 -5.8708237125314868E-03 -1.7174364728541735E-03
0
0.0
 -1.1407996218300525E+00 -2.3170985309886123E+00 3.8420614944644871E-01
 8.6512505183504989E-03 -6.1401683683761530E-03 -1.4332325948010457E-03
0
0.0
 -1.1407996218300525E+00 -2.3170985309886123E+00 3.8420614944644871E-01
 8.6677783386066784E-03 -6.0877114628789444E-03 -1.5637906236399188E-03
0
0.0
 -1.1407996218300525E+00 -2.3170985309886123E+00 3.8420614944644871E-01
 8.7670237282766045E-03 -5.7590548594510576E-03 -1.7700062827594716E-03
0
0.0
 -1.1407996218300525E+00 -2.3170985309886123E+00 3.8420614944644871E-01
 9.0096423410404320E-03 -6.0944426226887160E-03 -1.5317475140207482E-03
0
0.0
 -1.1407996218300525E+00 -2.3170985309886123E+00 3.8420614944644871E-01
 8.9309291723246448E-03 -5.8606480655391006E-03 -1.5643841318125444E-03
0
0.0
 -1.1407996218300525E+00 -2.3170985309886123E+00 3.8420614944644871E-01
 8.8683467482565895E-03 -6.0294936371824417E-03 -1.5497503202679145E-03
0
0.0
 -1.1407996218300525E+00 -2.3170985309886123E+00 3.8420614944644871E-01
 8.9880635967822149E-03 -5.9269282916458270E-03 -1.6994424105414888E-03
0
0.0
 -1.1407996218300525E+00 -2.3170985309886123E+00 3.8420614944644871E-01
 8.8665733444081764E-03 -5.6301187920230157E-03 -1.5834201918120524E-03
0
0.0
 -1.1407996218300525E+00 -2.3170985309886123E+00 3.8420614944644871E-01
 8.8878869712538926E-03 -5.6107569414293830E-03 -1.5316803698831331E-03
0
0.0
 -1.1407996218300525E+00 -2.3170985309886123E+00 3.8420614944644871E-01
 8.6784594874336242E-03 -5.7152776551646946E-03 -1.5858888405004474E-03
0
0.0
 -1.1407996218300525E+00 -2.3170985309886123E+00 3.8420614944644871E-01
 8.7960279517383354E-03 -5.7073734118800101E-03 -1.7724847797193624E-03
0
0.0
 -1.1407996218300525E+00 -2.3170985309886123E+00 3.8420614944644871E-01
 8.7410706155030046E-03 -6.1095893678131561E-03 -1.4711139840433466E-03
0
0.0
 -1.1407996218300525E+00 -2.3170985309886123E+00 3.8420614944644871E-01
 8.9129561307171451E-03 -6.0950951223085062E-03 -1.7113438329297086E-03
0
0.0
 -1.1407996218300525E+00 -2.3170985309886123E+00 3.8420614944644871E-01
 8.6479263496814091E-03 -6.2052142980086765E-03 -1.5444682735898884E-03
0
0.0
 -1.1407996218300525E+00 -2.3170985309886123E+00 3.8420614944644871E-01
 9.0767656390336945E-03 -5.8685193309983633E-03 -1.6322028896287965E-03
0
0.0
 -1.1407996218300525E+00 -2.3170985309886123E+00 3.8420614944644871E-01
 8.9478828934231071E-03 -5.6820360738054120E-03 -1.4919788120371330E-03
0
0.0
 -1.1407996218300525E+00 -2.3170985309886123E+00 3.8420614944644871E-01
 8.9890106568531417E-03 -5.8290921068347374E-03 -1.4879102866723014E-03
0
0.0
 -1.1407996218300525E+00 -2.3170985309886123E+00 3.8420614944644871E-01
 8.7416551541855472E-03 -5.9342221743657261E-03 -1.6751693814448321E-03
0
0.0
 -1.1407996218300525E+00 -2.3170985309886123E+00 3.8420614944644871E-01
 8.6167420673456448E-03 -5.9008117815062180E-03 -1.5886271036553874E-03
0
0.0
 -1.1407996218300525E+00 -2.3170985309886123E+00 3.8420614944644871E-01
 8.8360853174926229E-03 -5.9413210137484931E-03 -1.8965423750577251E-03
0
0.0
 -1.1407996218300525E+00 -2.3170985309886123E+00 3.8420614944644871E-01
 8.6777679650480513E-03 -6.0080356824955636E-03 -1.7206968248774026E-03
0
0.0
 -1.1407996218300525E+00 -2.3170985309886123E+00 3.8420614944644871E-01
 8.8540046839406771E-03 -5.8504841756560960E-03 -1.7886682186603700E-03
0
0.0
 -1.1407996218300525E+00 -2.3170985309886123E+00 3.8420614944644871E-01
 8.8646136325774161E-03 -6.0003659663902271E-03 -1.5531907365605414E-03
0
0.0
 -1.1407996218300525E+00 -2.3170985309886123E+00 3.8420614944644871E-01
 8.6349305443625957E-03 -5.9914264977698117E-03 -1.7486321808691779E-03
0
0.0
 -1.1407996218300525E+00 -2.3170985309886123E+00 3.8420614944644871E-01
 9.0361248444647373E-03 -6.0869932436907600E-03 -1.6082220683454941E-03
0
0.0
 -1.1407996218300525E+00 -2.3170985309886123E+00 3.8420614944644871E-01
 9.0557044894850683E-03 -5.8786238544985816E-03 -1.5153021978728486E-03
0
0.0
 -1.1407996218300525E+00 -2.3170985309886123E+00 3.8420614944644871E-01
 8.9233991579586551E-03 -5.7571191811483366E-03 -1.6555286885874098E-03
0
0.0
 -1.1407996218300525E+00 -2.3170985309886123E+00 3.8420614944644871E-01
 8.7206981625511278E-03 -5.6198178749035403E-03 -1.5718053344172720E-03
0
0.0
 -1.1407996218300525E+00 -2.3170985309886123E+00 3.8420614944644871E-01
 8.8070797529765758E-03 -6.0832208212978373E-03 -1.7414680100572160E-03
0
0.0
 -1.1407996218300525E+00 -2.3170985309886123E+00 3.8420614944644871E-01
 8.8857425067271224E-03 -5.7503019918028093E-03 -1.9128575968446076E-03
0
0.0
 -1.1407996218300525E+00 -2.3170985309886123E+00 3.8420614944644871E-01
 8.7666709454193546E-03 -5.9341930784103042E-03 -1.5764600535481197E-03
0
0.0
