50
 -1.1407996218300525E+00 -2.3170985309886123E+00 3.8420614944644871E-01
 8.7401657082358565E-03 -6.1011653089082830E-03 -1.4839351798864799E-03
0
0.0
 -1.1407996218300525E+00 -2.3170985309886123E+00 3.8420614944644871E-01
 8.7829618358110130E-03 -5.6692387559844999E-03 -1.5903653152664482E-03
0
0.0
 -1.1407996218300525E+00 -2.3170985309886123E+00 3.8420614944644871E-01
 8.8234242822110721E-03 -5.8637415143854418E-03 -1.4896944469834016E-03
0
0.0
 -1.1407996218300525E+00 -2.3170985309886123E+00 3.8420614944644871E-01
 8.7672424842975844E-03 -5.9879042102921644E-03 -1.4640318562427418E-03
0
0.0
 -1.1407996218300525E+00 -2.3170985309886123E+00 3.8420614944644871E-01
 8.5277360001204915E-03 -5.7331831859167405E-03 -1.6684207915060648E-03
0
0.0
 -1.1407996218300525E+00 -2.3170985309886123E+00 3.8420614944644871E-01
 8.8874333454517333E-03 -5.9394514669369345E-03 -1.7356033167592261E-03
0
0.0
 -1.1407996218300525E+00 -2.3170985309886123E+00 3.8420614944644871E-01
 8.7011899717674614E-03 -5.7500156149824979E-03 -1.5924782121293762E-03
0
0.0
 -1.1407996218300525E+00 -2.3170985309886123E+00 3.8420614944644871E-01
 8.6439096246475906E-03 -5.9756690195476988E-03 -1.7177756862952994E-03
0
0.0
 -1.1407996218300525E+00 -2.3170985309886123E+00 3.8420614944644871E-01
 8.7501559749626288E-03 -5.9495400213584650E-03 -1.8168133787435945E-03
0
0.0
 -1.1407996218300525E+00 -2.3170985309886123E+00 3.8420614944644871E-01
 8.6251855955546443E-03 -6.0943798441537760E-03 -1.5634714563765989E-03
0
0.0
 -1.1407996218300525E+00 -2.3170985309886123E+00 3.8420614944644871E-01
 8.7947474424903121E-03 -5.6983058758492402E-03 -1.6395642364793075E-03
0
0.0
 -1.1407996218300525E+00 -2.3170985309886123E+00 3.8420614944644871E-01
 8.6414729379344305E-03 -5.6897369102813008E-03 -1.4848290107596805E-03
0
0.0
 -1.1407996218300525E+00 -2.3170985309886123E+00 3.8420614944644871E-01
 8.6053638442465698E-03 -6.0953846358423654E-03 -1.8225844430116544E-03
0
0.0
 -1.1407996218300525E+00 -2.3170985309886123E+00 3.8420614944644871E-01
 8.7702829623652924E-03 -6.0294964158545093E-03 -1.4730582987537502E-03
0
0.0
 -1.1407996218300525E+00 -2.3170985309886123E+00 3.8420614944644871E-01
 8.7976265582348830E-03 -6.0718140674307581E-03 -1.6544496626507816E-03
0
0.0
 -1.1407996218300525E+00 -2.3170985309886123E+00 3.8420614944644871E-01
 8.9044383686640652E-03 -6.0622598275579453E-03 -1.7977036565370453E-03
0
0.0
 -1.1407996218300525E+00 -2.3170985309886123E+00 3.8420614944644871E-01
 8.7393145826851447E-03 -5.7082286419132058E-03 -1.7013221673583814E-03
0
0.0
 -1.1407996218300525E+00 -2.3170985309886123E+00 3.8420614944644871E-01
 8.6106696602361362E-03 -6.0509668485962216E-03 -1.5600040405022199E-03
0
0.0
 -1.1407996218300525E+00 -2.3170985309886123E+00 3.8420614944644871E-01
 8.4868825011337017E-03 -5.8093246885968092E-03 -1.7438379535024589E-03
0
0.0
 -1.1407996218300525E+00 -2.3170985309886123E+00 3.8420614944644871E-01
 8.9182106317670321E-03 -5.9631211209823344E-03 -1.4355358324265777E-03
0
0.0
 -1.1407996218300525E+00 -2.3170985309886123E+00 3.8420614944644871E-01
 8.5970091924030771E-03 -5.8536398441269375E-03 -1.5564598419632516E-03
0
0.0
 -1.1407996218300525E+00 -2.3170985309886123E+00 3.8420614944644871E-01
 8.7132650566347138E-03 -5.8267983607745997E-03 -1.7088459460028668E-03
0
0.0
 -1.1407996218300525E+00 -2.3170985309886123E+00 3.8420614944644871E-01
 8.8450910454151831E-03 -6.0981199453821518E-03 -1.6731737197642389E-03
0
0.0
 -1.1407996218300525E+00 -2.3170985309886123E+00 3.8420614944644871E-01
 8.7949960398523968E-03 -6.0700408720904186E-03 -1.5100994761524705E-03
0
0.0
 -1.1407996218300525E+00 -2.3170985309886123E+00 3.8420614944644871E-01
 8.7546990036049075E-03 -5.8778906748148804E-03 -1.2911049271721034E-03
0
0.0
 -1.1407996218300525E+00 -2.3170985309886123E+00 3.8420614944644871E-01
 8.8225734552796076E-03 -5.8338184167431827E-03 -1.9373668538400827E-03
0
0.0
 -1.1407996218300525E+00 -2.3170985309886123E+00 3.8420614944644871E-01
 8.7902618501878999E-03 -6.0296217655101958E-03 -1.5615754057859066E-03
0
0.0
 -1.1407996218300525E+00 -2.3170985309886123E+00 3.8420614944644871E-01
 8.8112744006560925E-03 -6.0600005710175556E-03 -1.6067798173611996E-03
0
0.0
 -1.1407996218300525E+00 -2.3170985309886123E+00 3.8420614944644871E-01
 8.5192210019340766E-03 -5.9461740266065297E-03 -1.6543263848190326E-03
0
0.0
 -1.1407996218300525E+00 -2.3170985309886123E+00 3.8420614944644871E-01
 8.8029965091829688E-03 -6.1889866552222884E-03 -1.7125111504514093E-03
0
0.0
 -1.1407996218300525E+00 -2.3170985309886123E+00 3.8420614944644871E-01
 8.8087932456233694E-03 -6.0301940592904727E-03 -1.6655195060740714E-03
0
0.0
 -1.1407996218300525E+00 -2.3170985309886123E+00 3.8420614944644871E-01
 8.7718047868574050E-03 -5.8455480729666344E-03 -1.6412936909097637E-03
0
0.0
 -1.1407996218300525E+00 -2.3170985309886123E+00 3.8420614944644871E-01
 8.7850800700404949E-03 -6.0838087152440407E-03 -1.3635858029480989E-03
0
0.0
 -1.1407996218300525E+00 -2.3170985309886123E+00 3.8420614944644871E-01
 8.7538836164711784E-03 -5.7932622347050969E-03 -1.4574239258592812E-03
0
0.0
 -1.1407996218300525E+00 -2.3170985309886123E+00 3.8420614944644871E-01
 8.8255856432304224E-03 -5.8327981220367116E-03 -1.7236745724002875E-03
0
0.0
 -1.1407996218300525E+00 -2.3170985309886123E+00 3.8420614944644871E-01
 8.6161633856500133E-03 -5.8224072952656296E-03 -1.7775038661771974E-03
0
0.0
 -1.1407996218300525E+00 -2.3170985309886123E+00 3.8420614944644871E-01
 8.8264283283383104E-03 -5.7006924423337602E-03 -1.5945806272662344E-03
0
0.0
 -1.1407996218300525E+00 -2.3170985309886123E+00 3.8420614944644871E-01
 8.6918218085529405E-03 -5.9266443912993731E-03 -1.5754594293814249E-03
0
0.0
 -1.1407996218300525E+00 -2.3170985309886123E+00 3.8420614944644871E-01
 8.8598964895723106E-03 -5.8798361263680335E-03 -1.4497603529729751E-03
0
0.0
 -1.1407996218300525E+00 -2.3170985309886123E+00 3.8420614944644871E-01
 8.7429226034161124E-03 -5.9697409659520053E-03 -1.5319009430380917E-03
0
0.0
 -1.1407996218300525E+00 -2.3170985309886123E+00 3.8420614944644871E-01
 8.6236935881932528E-03 -5.8932519963265191E-03 -1.5604214226925095E-03
0
0.0
 -1.1407996218300525E+00 -2.3170985309886123E+00 3.8420614944644871E-01
 9.0827474511512539E-03 -6.0342835292518148E-03 -1.5645480120096531E-03
0
0.0
 -1.1407996218300525E+00 -2.3170985309886123E+00 3.8420614944644871E-01
 8.7167719533854954E-03 -6.1690791422468723E-03 -1.7084590039328031E-03
0
0.0
 -1.1407996218300525E+00 -2.3170985309886123E+00 3.8420614944644871E-01
 8.9094456471617914E-03 -5.9976479104399084E-03 -1.5984753269698768E-03
0
0.0
 -1.1407996218300525E+00 -2.3170985309886123E+00 3.8420614944644871E-01
 8.9823403451646956E-03 -5.8129490499222499E-03 -1.6126869909197960E-03
0
0.0
 -1.1407996218300525E+00 -2.3170985309886123E+00 3.8420614944644871E-01
 8.6942788642514271E-03 -5.8703639558847108E-03 -1.5076690009095479E-03
0
0.0
 -1.1407996218300525E+00 -2.3170985309886123E+00 3.8420614944644871E-01
 8.7693096474295313E-03 -5.8371736179306374E-03 -1.6383285269641363E-03
0
0.0
 -1.1407996218300525E+00 -2.3170985309886123E+00 3.8420614944644871E-01
 8.6820073386337758E-03 -5.9865535129762608E-03 -1.4225726101460890E-03
0
0.0
 -1.1407996218300525E+00 -2.3170985309886123E+00 3.8420614944644871E-01
 8.9458969214295248E-03 -6.0783065424955063E-03 -1.6042557167572165E-03
0
0.0
 -1.1407996218300525E+00 -2.3170985309886123E+00 3.8420614944644871E-01
 8.7391447392402410E-03 -5.8381595826171835E-03 -1.4347687915166349E-03
0
0.0
