20
-1
1
  0.65937159   0.73613831  -0.15273995  2.18134591e-04
  0.79023985  -0.27869548   0.54575619  8.63591051e-04
  0.12604774  -0.84643967   0.51735080  7.51583938e-04
 -0.46555109  -0.28718637  -0.83712972  3.20533035e-04
 -0.97785924   0.00840637   0.20909480  1.51998179e-04
  0.94491827   0.21252599  -0.24892200  1.47301913e-04
  0.53489544  -0.05204081   0.84331407  3.95884874e-04
 -0.74360612  -0.07510434   0.66438639  1.87479078e-04
 -0.68597946   0.42616344  -0.58976004  2.18504538e-04
  0.35602457  -0.05168046   0.93304643  1.75350902e-04
 -0.51383840   0.77841785   0.36060471  5.73660482e-04
 -0.54364603  -0.74144668   0.39332659  4.94376802e-04
  0.80066791   0.10726832  -0.58942718  4.17896805e-04
 -0.39933090   0.62776731   0.66816393  2.12726463e-04
  0.17431908  -0.84105544  -0.51209239  2.01887123e-04
  0.73970956  -0.00100186  -0.67292553  6.89514463e-04
  0.03940311   0.18622800   0.98171611  3.74415625e-04
 -0.52989607   0.83467443   0.15009578  1.57821420e-04
 -0.61862987   0.73431421  -0.27942750  3.06071789e-04
  0.41110206  -0.91142027  -0.01755534  1.79440344e-04
