20
 -1.1407996218300525E+00 -2.3170985309886123E+00 3.8420614944644871E-01
 8.7718225821843687E-03 -5.8995072291272077E-03 -1.5796063087671654E-03
0
0.0
 -1.1407996218300525E+00 -2.3170985309886123E+00 3.8420614944644871E-01
 8.6848932788184275E-03 -5.7663960953379624E-03 -1.6391809606664547E-03
0
0.0
 -1.1407996218300525E+00 -2.3170985309886123E+00 3.8420614944644871E-01
 8.9701850292367713E-03 -6.0334742181469871E-03 -1.4458027149008641E-03
0
0.0
 -1.1407996218300525E+00 -2.3170985309886123E+00 3.8420614944644871E-01
 8.8125555821293843E-03 -5.9753133494963289E-03 -1.7859810282979498E-03
0
0.0
 -1.1407996218300525E+00 -2.3170985309886123E+00 3.8420614944644871E-01
 8.7552370539252435E-03 -5.8239393121238842E-03 -1.5540640026020620E-03
0
0.0
 -1.1407996218300525E+00 -2.3170985309886123E+00 3.8420614944644871E-01
 8.6847161122972413E-03 -5.8029004073289862E-03 -1.7136882761227060E-03
0
0.0
 -1.1407996218300525E+00 -2.3170985309886123E+00 3.8420614944644871E-01
 8.6920754520399043E-03 -6.1290420473794419E-03 -1.8297165493580288E-03
0
0.0
 -1.1407996218300525E+00 -2.3170985309886123E+00 3.8420614944644871E-01
 8.9561615598622250E-03 -5.9936159380822177E-03 -1.5554487352062490E-03
0
0.0
 -1.1407996218300525E+00 -2.3170985309886123E+00 3.8420614944644871E-01
 8.8024098101437478E-03 -5.8828529164041063E-03 -1.5523635527898956E-03
0
0.0
 -1.1407996218300525E+00 -2.3170985309886123E+00 3.8420614944644871E-01
 8.9452151680749058E-03 -5.9847058068927357E-03 -1.5292672795370356E-03
0
0.0
 -1.1407996218300525E+00 -2.3170985309886123E+00 3.8420614944644871E-01
 8.6724882121001524E-03 -5.9461231610264623E-03 -1.6392537920133408E-03
0
0.0
 -1.1407996218300525E+00 -2.3170985309886123E+00 3.8420614944644871E-01
 8.7309712844922550E-03 -5.7050186027326980E-03 -1.6689156578317344E-03
0
0.0
 -1.1407996218300525E+00 -2.3170985309886123E+00 3.8420614944644871E-01
 8.7188592626503154E-03 -5.8192145612532171E-03 -1.5043489517334030E-03
0
0.0
 -1.1407996218300525E+00 -2.3170985309886123E+00 3.8420614944644871E-01
 8.9190018316994760E-03 -5.9870923316528973E-03 -1.5918208815021103E-03
0
0.0
 -1.1407996218300525E+00 -2.3170985309886123E+00 3.8420614944644871E-01
 8.8397791651938940E-03 -6.1303599678381743E-03 -1.6396872944019413E-03
0
0.0
 -1.1407996218300525E+00 -2.3170985309886123E+00 3.8420614944644871E-01
 8.6393766286642169E-03 -5.8467615662572718E-03 -1.5536654843389093E-03
0
0.0
 -1.1407996218300525E+00 -2.3170985309886123E+00 3.8420614944644871E-01
 8.4875462468894346E-03 -5.8794801793548091E-03 -1.7441023831239384E-03
0
0.0
 -1.1407996218300525E+00 -2.3170985309886123E+00 3.8420614944644871E-01
 9.0216526917726025E-03 -5.9686042956204697E-03 -1.4303665874791835E-03
0
0.0
 -1.1407996218300525E+00 -2.3170985309886123E+00 3.8420614944644871E-01
 8.7556563471016223E-03 -5.9854035052603919E-03 -1.5714652133972185E-03
0
0.0
 -1.1407996218300525E+00 -2.3170985309886123E+00 3.8420614944644871E-01
 8.8370831082064723E-03 -5.9359913769300747E-03 -1.7555234972930357E-03
0
0.0
