20
-1
1
  0.03500643  -0.19867906   0.97943922  2.60611509e-04
  0.67816751   0.35738141  -0.64215836  2.36939272e-04
 -0.77736801  -0.29772784  -0.55412734  1.54812684e-04
  0.13817563   0.98223363  -0.12698262  5.88019895e-04
  0.85038030   0.18955419   0.49083862  1.62120527e-04
 -0.43747557   0.85986741   0.26314096  2.92359726e-04
  0.42431352   0.90019430   0.09802167  2.07250665e-04
 -0.61440938  -0.39985268   0.68016098  4.12200854e-04
 -0.61897818   0.25523782  -0.74277834  1.72675393e-04
  0.81803059  -0.54213367  -0.19213807  1.71254770e-04
 -0.11847596   0.85125763   0.51119849  5.34071484e-04
  0.44487476  -0.56620675   0.69389939  3.76821534e-04
  0.42239815  -0.89540902   0.14079234  2.23139780e-04
  0.88712014   0.02326545   0.46095182  6.51207933e-04
 -0.90028358  -0.28073095   0.33268544  1.71421852e-04
 -0.44443576   0.06841017  -0.89319477  4.06021460e-04
  0.32481083   0.84121359   0.43227031  2.07996767e-04
  0.25364091  -0.57230787  -0.77982690  2.48016766e-04
  0.66139422  -0.45707998  -0.59467266  3.12447774e-04
 -0.96590593   0.22426899   0.12934124  2.48723644e-04
