20
 -1.1407996218300525E+00 -2.3170985309886123E+00 3.8420614944644871E-01
 8.9480293903006734E-03 -5.9338275077284617E-03 -1.6304254998670527E-03
0
0.0
 -1.1407996218300525E+00 -2.3170985309886123E+00 3.8420614944644871E-01
 8.5133758724156988E-03 -5.9695409037384094E-03 -1.7136382608783018E-03
0
0.0
 -1.1407996218300525E+00 -2.3170985309886123E+00 3.8420614944644871E-01
 8.8495868421650820E-03 -6.1419611778976606E-03 -1.5435174835112407E-03
0
0.0
 -1.1407996218300525E+00 -2.3170985309886123E+00 3.8420614944644871E-01
 8.8696083051141295E-03 -5.9136382206380900E-03 -1.6366536975064383E-03
0
0.0
 -1.1407996218300525E+00 -2.3170985309886123E+00 3.8420614944644871E-01
 8.7017643871583634E-03 -6.0028308895244582E-03 -1.8171584221691318E-03
0
0.0
 -1.1407996218300525E+00 -2.3170985309886123E+00 3.8420614944644871E-01
 8.6109977561027885E-03 -5.8624635733009146E-03 -1.7113081753819966E-03
0
0.0
 -1.1407996218300525E+00 -2.3170985309886123E+00 3.8420614944644871E-01
 8.6436980517881762E-03 -5.8321489062112975E-03 -1.5697675846145060E-03
0
0.0
 -1.1407996218300525E+00 -2.3170985309886123E+00 3.8420614944644871E-01
 8.7464929319375443E-03 -6.0128001213453604E-03 -1.7506866030031277E-03
0
0.0
 -1.1407996218300525E+00 -2.3170985309886123E+00 3.8420614944644871E-01
 9.0572882243441268E-03 -5.9189119960016759E-03 -1.5391069599389139E-03
0
0.0
 -1.1407996218300525E+00 -2.3170985309886123E+00 3.8420614944644871E-01
 8.5201408226216000E-03 -6.0337656872186613E-03 -1.7870991300610959E-03
0
0.0
 -1.1407996218300525E+00 -2.3170985309886123E+00 3.8420614944644871E-01
 8.8526936095188746E-03 -6.1700712920997533E-03 -1.5631147286413812E-03
0
0.0
 -1.1407996218300525E+00 -2.3170985309886123E+00 3.8420614944644871E-01
 8.7130782545513773E-03 -5.9510513781346726E-03 -1.3459026353636067E-03
0
0.0
 -1.1407996218300525E+00 -2.3170985309886123E+00 3.8420614944644871E-01
 8.6676403355864847E-03 -5.8962540859050453E-03 -1.4969662449104660E-03
0
0.0
 -1.1407996218300525E+00 -2.3170985309886123E+00 3.8420614944644871E-01
 8.7035217308363035E-03 -6.0608771261500575E-03 -1.5057452824076400E-03
0
0.0
 -1.1407996218300525E+00 -2.3170985309886123E+00 3.8420614944644871E-01
 8.9979688357809794E-03 -5.9186193104922204E-03 -1.7906667525968412E-03
0
0.0
 -1.1407996218300525E+00 -2.3170985309886123E+00 3.8420614944644871E-01
 8.9052357867831569E-03 -5.8893772024175301E-03 -1.6466224082112586E-03
0
0.0
 -1.1407996218300525E+00 -2.3170985309886123E+00 3.8420614944644871E-01
 8.7896086474890563E-03 -5.9238241197898554E-03 -1.6079034607625051E-03
0
0.0
 -1.1407996218300525E+00 -2.3170985309886123E+00 3.8420614944644871E-01
 8.8128177915510406E-03 -5.9056488170820647E-03 -1.6406801184126137E-03
0
0.0
 -1.1407996218300525E+00 -2.3170985309886123E+00 3.8420614944644871E-01
 8.5496689801881996E-03 -6.0733207171673699E-03 -1.7419131908035016E-03
0
0.0
 -1.1407996218300525E+00 -2.3170985309886123E+00 3.8420614944644871E-01
 8.7057014569593277E-03 -5.8211558334456195E-03 -1.4501434516543958E-03
0
0.0
