20
-1
1
  0.72230930   0.36426642  -0.58785989  3.69836313e-04
  0.81695159   0.04457250  -0.57498122  5.53642425e-04
 -0.55387950   0.82882134   0.07920029  3.63033909e-04
 -0.11523525  -0.32041615  -0.94024163  3.64488402e-04
 -0.60657509  -0.76964009   0.19930078  5.00096862e-04
  0.99938987  -0.01851865  -0.02961342  2.14556325e-04
  0.33251609   0.90147133  -0.27709654  1.83944980e-04
 -0.30585666   0.40308542   0.86253919  2.67747722e-04
 -0.62077159   0.72426679  -0.30013371  5.65715578e-04
 -0.48132132  -0.86534208  -0.13968845  3.54943925e-04
 -0.86351443  -0.48190274  -0.14870301  1.48930103e-04
  0.93277997   0.05631556   0.35601978  5.85300945e-04
  0.86834752   0.35128113  -0.35010590  2.01710881e-04
  0.36637589  -0.32436878  -0.87209724  1.50293138e-04
  0.62639879   0.76255985  -0.16163860  1.68266612e-04
  0.78605701   0.52402540   0.32788986  8.36519601e-04
 -0.14525730  -0.77183407   0.61900927  7.32083473e-04
 -0.84661292   0.53217154   0.00632563  2.48282008e-04
  0.29511912   0.86637067   0.40287289  2.55763932e-04
  0.91500264  -0.37407014   0.15113470  2.26961723e-04
