20
 -1.1407996218300525E+00 -2.3170985309886123E+00 3.8420614944644871E-01
 8.7211330047226188E-03 -5.9118019358772129E-03 -1.6595801104302972E-03
0
0.0
 -1.1407996218300525E+00 -2.3170985309886123E+00 3.8420614944644871E-01
 8.6611380032563714E-03 -5.9484590582141571E-03 -1.3111196576747770E-03
0
0.0
 -1.1407996218300525E+00 -2.3170985309886123E+00 3.8420614944644871E-01
 8.9204614255347439E-03 -5.7724448336224331E-03 -1.6362005775090924E-03
0
0.0
 -1.1407996218300525E+00 -2.3170985309886123E+00 3.8420614944644871E-01
 9.0461236154264178E-03 -5.9259498789312011E-03 -1.4265126877874522E-03
0
0.0
 -1.1407996218300525E+00 -2.3170985309886123E+00 3.8420614944644871E-01
 8.9765539271908102E-03 -5.7281347600172446E-03 -1.5310317945279120E-03
0
0.0
 -1.1407996218300525E+00 -2.3170985309886123E+00 3.8420614944644871E-01
 8.8572932456754145E-03 -5.8224079149629500E-03 -1.5856974126676028E-03
0
0.0
 -1.1407996218300525E+00 -2.3170985309886123E+00 3.8420614944644871E-01
 8.7190695183217825E-03 -5.7205298321362941E-03 -1.8130231687389130E-03
0
0.0
 -1.1407996218300525E+00 -2.3170985309886123E+00 3.8420614944644871E-01
 8.9113372298412381E-03 -5.8235121034920937E-03 -1.5110843821341442E-03
0
0.0
 -1.1407996218300525E+00 -2.3170985309886123E+00 3.8420614944644871E-01
 8.9117697517105913E-03 -5.9359532074860152E-03 -1.6092187458378493E-03
0
0.0
 -1.1407996218300525E+00 -2.3170985309886123E+00 3.8420614944644871E-01
 8.8192029686231660E-03 -5.7880190720509556E-03 -1.7062822940126024E-03
0
0.0
 -1.1407996218300525E+00 -2.3170985309886123E+00 3.8420614944644871E-01
 8.9509090765863900E-03 -5.7277049856875447E-03 -1.3934762137273503E-03
0
0.0
 -1.1407996218300525E+00 -2.3170985309886123E+00 3.8420614944644871E-01
 8.6948136353510487E-03 -5.9080203505331936E-03 -1.6260610980910787E-03
0
0.0
 -1.1407996218300525E+00 -2.3170985309886123E+00 3.8420614944644871E-01
 8.9099247334085124E-03 -6.0725676271373933E-03 -1.7310198335330404E-03
0
0.0
 -1.1407996218300525E+00 -2.3170985309886123E+00 3.8420614944644871E-01
 8.7315316812812474E-03 -5.9622466336682013E-03 -1.6120025769323166E-03
0
0.0
 -1.1407996218300525E+00 -2.3170985309886123E+00 3.8420614944644871E-01
 8.8402807056921964E-03 -6.0419870700262977E-03 -1.6164057985284968E-03
0
0.0
 -1.1407996218300525E+00 -2.3170985309886123E+00 3.8420614944644871E-01
 8.7131721649837662E-03 -5.8917877179083394E-03 -1.6764675693363719E-03
0
0.0
 -1.1407996218300525E+00 -2.3170985309886123E+00 3.8420614944644871E-01
 8.8517040194703318E-03 -6.0538501771264320E-03 -1.5189631517688259E-03
0
0.0
 -1.1407996218300525E+00 -2.3170985309886123E+00 3.8420614944644871E-01
 8.7783139766739668E-03 -5.9041100520573295E-03 -1.6330168301287422E-03
0
0.0
 -1.1407996218300525E+00 -2.3170985309886123E+00 3.8420614944644871E-01
 8.6331672262674360E-03 -5.9106329763926376E-03 -1.5870788806491203E-03
0
0.0
 -1.1407996218300525E+00 -2.3170985309886123E+00 3.8420614944644871E-01
 8.7246288318650403E-03 -5.8684484649370872E-03 -1.7483771335105207E-03
0
0.0
