50
-1
1
  0.93601848  -0.04845386  -0.34859952  2.80082608e-04
  0.97348058   0.18944646  -0.12824037  4.56086634e-04
 -0.18062088  -0.43916423   0.88006299  1.72623793e-04
 -0.42617880   0.85158870  -0.30523485  2.50166236e-04
 -0.20141859  -0.67542059  -0.70939240  2.06584501e-04
 -0.47356755   0.31291297  -0.82329779  2.42844309e-04
  0.75536477   0.57185379   0.32001143  2.33928799e-04
  0.93421877   0.26000469   0.24419838  2.08263820e-04
 -0.58312424   0.79689333  -0.15788329  1.56679498e-04
 -0.80392345  -0.53832408   0.25281273  2.07573321e-04
 -0.74547300   0.65881121   0.10118203  2.41887431e-04
 -0.18323534   0.90833297  -0.37597343  1.46178688e-04
  0.96064756  -0.24163836  -0.13699329  3.21840963e-04
 -0.68500007   0.56238958   0.46313374  1.47323871e-04
  0.59160118  -0.79972437   0.10222020  1.53566678e-04
  0.70439532   0.53618166  -0.46511984  1.58952820e-04
  0.21184651  -0.74301278  -0.63486460  2.22315643e-04
  0.28377231  -0.14533964  -0.94781310  1.75923847e-04
  0.98591029  -0.16105793  -0.04518005  4.36069057e-04
  0.24550653   0.41790575   0.87468927  2.26039930e-04
  0.23648293  -0.85436518   0.46274827  7.16785418e-04
 -0.59749419  -0.46339525  -0.65442000  1.83159755e-04
  0.99209524  -0.11609699  -0.04762911  2.41111815e-04
  0.05824369   0.69104594  -0.72046039  1.81877441e-04
 -0.66786205   0.09902944   0.73766758  3.10194887e-04
 -0.34146879   0.92717889   0.15407262  7.66914044e-04
 -0.49323022  -0.81804522   0.29584789  2.51057626e-04
 -0.10188141   0.45589722  -0.88418205  3.21376041e-04
  0.40748857  -0.14830128   0.90108812  2.18122115e-04
 -0.99124848  -0.07883726   0.10588270  4.68021337e-04
  0.17689455  -0.96796832  -0.17817310  2.12393653e-04
  0.51792493  -0.75698048  -0.39841476  3.14080127e-04
  0.65867003  -0.46264333   0.59339274  5.87006768e-04
  0.43515559  -0.45693980   0.77578710  2.34966081e-04
  0.72316448   0.33590535   0.60349046  1.83722015e-04
 -0.71734095   0.55114283   0.42622006  3.50784343e-04
  0.56208611   0.63898182  -0.52512992  2.68118381e-04
 -0.68862246  -0.64795247  -0.32550991  1.55601849e-04
 -0.87618525   0.07856408  -0.47552823  2.23493655e-04
  0.85040015   0.45074180  -0.27138794  5.00868536e-04
  0.97664516  -0.20935787  -0.04830638  3.70074175e-04
 -0.48226549   0.58161424   0.65509150  2.35296556e-04
  0.60491544  -0.76088372   0.23480476  2.78710091e-04
  0.44273765  -0.38071703   0.81181150  2.20288137e-04
 -0.84289578  -0.51197401  -0.16555760  2.27613694e-04
  0.82547353  -0.41174327   0.38608410  1.65845846e-04
  0.02469939   0.27729094   0.96046847  3.72105769e-04
  0.67525204   0.73697738   0.02998367  1.78044660e-04
  0.97214065   0.06339987  -0.22566127  6.71750896e-04
  0.03828690   0.03453104   0.99866998  1.93907969e-04
