50
 -1.1407996218300525E+00 -2.3170985309886123E+00 3.8420614944644871E-01
 8.9066178607180996E-03 -6.0381081083919997E-03 -1.3410370835056874E-03
0
0.0
 -1.1407996218300525E+00 -2.3170985309886123E+00 3.8420614944644871E-01
 8.9843124346023449E-03 -5.7612443112044489E-03 -1.6729517860442442E-03
0
0.0
 -1.1407996218300525E+00 -2.3170985309886123E+00 3.8420614944644871E-01
 8.7784266687229735E-03 -5.9871865451091473E-03 -1.8179328994195011E-03
0
0.0
 -1.1407996218300525E+00 -2.3170985309886123E+00 3.8420614944644871E-01
 8.5262153018902890E-03 -5.7866885457658552E-03 -1.6789623739196350E-03
0
0.0
 -1.1407996218300525E+00 -2.3170985309886123E+00 3.8420614944644871E-01
 8.8557236954407877E-03 -5.8341608307664102E-03 -1.4145432237815741E-03
0
0.0
 -1.1407996218300525E+00 -2.3170985309886123E+00 3.8420614944644871E-01
 8.8358818405241055E-03 -5.8901899875055813E-03 -1.6557862594646009E-03
0
0.0
 -1.1407996218300525E+00 -2.3170985309886123E+00 3.8420614944644871E-01
 8.8710504567551165E-03 -5.8925534525078411E-03 -1.5815487403018525E-03
0
0.0
 -1.1407996218300525E+00 -2.3170985309886123E+00 3.8420614944644871E-01
 9.0134793737965038E-03 -5.9851726252202796E-03 -1.3876492940625975E-03
0
0.0
 -1.1407996218300525E+00 -2.3170985309886123E+00 3.8420614944644871E-01
 8.5555716463644009E-03 -5.9879461140396302E-03 -1.7717527751046629E-03
0
0.0
 -1.1407996218300525E+00 -2.3170985309886123E+00 3.8420614944644871E-01
 9.0307139818778838E-03 -5.8465558709109933E-03 -1.6358280380269629E-03
0
0.0
 -1.1407996218300525E+00 -2.3170985309886123E+00 3.8420614944644871E-01
 8.6378079748485360E-03 -5.7409039751452774E-03 -1.4531010338056285E-03
0
0.0
 -1.1407996218300525E+00 -2.3170985309886123E+00 3.8420614944644871E-01
 8.6288829527437980E-03 -5.8216204197121856E-03 -1.4387568468146822E-03
0
0.0
 -1.1407996218300525E+00 -2.3170985309886123E+00 3.8420614944644871E-01
 8.8759322411106449E-03 -6.0569140713191225E-03 -1.6493180480094513E-03
0
0.0
 -1.1407996218300525E+00 -2.3170985309886123E+00 3.8420614944644871E-01
 8.7728865545559902E-03 -5.9734567023503205E-03 -1.3982573932849207E-03
0
0.0
 -1.1407996218300525E+00 -2.3170985309886123E+00 3.8420614944644871E-01
 8.6592216396531637E-03 -5.8864905088750075E-03 -1.5396869549835252E-03
0
0.0
 -1.1407996218300525E+00 -2.3170985309886123E+00 3.8420614944644871E-01
 8.8583702968566061E-03 -5.9850321975524453E-03 -1.5761614069095631E-03
0
0.0
 -1.1407996218300525E+00 -2.3170985309886123E+00 3.8420614944644871E-01
 8.6088602864203816E-03 -6.0703747501164793E-03 -1.6853422146482821E-03
0
0.0
 -1.1407996218300525E+00 -2.3170985309886123E+00 3.8420614944644871E-01
 8.7463260538507507E-03 -5.9565240315393193E-03 -1.6347183149491645E-03
0
0.0
 -1.1407996218300525E+00 -2.3170985309886123E+00 3.8420614944644871E-01
 8.7634883075789656E-03 -6.0551585730036174E-03 -1.6595066064937977E-03
0
0.0
 -1.1407996218300525E+00 -2.3170985309886123E+00 3.8420614944644871E-01
 8.8368367192023442E-03 -5.8853329185065929E-03 -1.5138627047841489E-03
0
0.0
 -1.1407996218300525E+00 -2.3170985309886123E+00 3.8420614944644871E-01
 8.7531688257402041E-03 -6.1461140094020870E-03 -1.6780340360003354E-03
0
0.0
 -1.1407996218300525E+00 -2.3170985309886123E+00 3.8420614944644871E-01
 8.8233404875826347E-03 -5.8245274718447216E-03 -1.6433983311949776E-03
0
0.0
 -1.1407996218300525E+00 -2.3170985309886123E+00 3.8420614944644871E-01
 8.6908020209570790E-03 -5.6900539775996302E-03 -1.8344975052427489E-03
0
0.0
 -1.1407996218300525E+00 -2.3170985309886123E+00 3.8420614944644871E-01
 8.9008200281114266E-03 -5.7977802403317551E-03 -1.5664777488196703E-03
0
0.0
 -1.1407996218300525E+00 -2.3170985309886123E+00 3.8420614944644871E-01
 8.9636389549262088E-03 -5.9253678173858664E-03 -1.8082347072379617E-03
0
0.0
 -1.1407996218300525E+00 -2.3170985309886123E+00 3.8420614944644871E-01
 8.7299561840019444E-03 -6.1040298206921050E-03 -1.6470384223907651E-03
0
0.0
 -1.1407996218300525E+00 -2.3170985309886123E+00 3.8420614944644871E-01
 8.6617285641759929E-03 -5.7330768636683523E-03 -1.6808716697639754E-03
0
0.0
 -1.1407996218300525E+00 -2.3170985309886123E+00 3.8420614944644871E-01
 8.8912208025813903E-03 -5.9387571478531154E-03 -1.5326166981559284E-03
0
0.0
 -1.1407996218300525E+00 -2.3170985309886123E+00 3.8420614944644871E-01
 8.9318094251630252E-03 -5.8122519079964611E-03 -1.5571203360238196E-03
0
0.0
 -1.1407996218300525E+00 -2.3170985309886123E+00 3.8420614944644871E-01
 8.7959646310123100E-03 -5.8436834920572887E-03 -1.6056713925375133E-03
0
0.0
 -1.1407996218300525E+00 -2.3170985309886123E+00 3.8420614944644871E-01
 8.7977665169262521E-03 -5.9247794878079666E-03 -1.6791641546476705E-03
0
0.0
 -1.1407996218300525E+00 -2.3170985309886123E+00 3.8420614944644871E-01
 9.0309935545372158E-03 -5.9195032976895410E-03 -1.6674814757988482E-03
0
0.0
 -1.1407996218300525E+00 -2.3170985309886123E+00 3.8420614944644871E-01
 8.9991278431011002E-03 -6.0807884272410500E-03 -1.4515626124444714E-03
0
0.0
 -1.1407996218300525E+00 -2.3170985309886123E+00 3.8420614944644871E-01
 8.7842380306415429E-03 -5.9790984316194602E-03 -1.8972330925386802E-03
0
0.0
 -1.1407996218300525E+00 -2.3170985309886123E+00 3.8420614944644871E-01
 8.7127835294942037E-03 -5.6064496746531731E-03 -1.6043225349165028E-03
0
0.0
 -1.1407996218300525E+00 -2.3170985309886123E+00 3.8420614944644871E-01
 8.9302454283930553E-03 -5.7596739988063335E-03 -1.5647778695908276E-03
0
0.0
 -1.1407996218300525E+00 -2.3170985309886123E+00 3.8420614944644871E-01
 8.7350237436733553E-03 -5.8396909850595225E-03 -1.8127483142952024E-03
0
0.0
 -1.1407996218300525E+00 -2.3170985309886123E+00 3.8420614944644871E-01
 8.5916478464289590E-03 -5.9548766556863190E-03 -1.7306379107811481E-03
0
0.0
 -1.1407996218300525E+00 -2.3170985309886123E+00 3.8420614944644871E-01
 8.8422841479695712E-03 -5.8779562781824642E-03 -1.2867951174121122E-03
0
0.0
 -1.1407996218300525E+00 -2.3170985309886123E+00 3.8420614944644871E-01
 8.8868675799625048E-03 -5.9284676363541003E-03 -1.8265147673851463E-03
0
0.0
 -1.1407996218300525E+00 -2.3170985309886123E+00 3.8420614944644871E-01
 8.7772800575825188E-03 -5.8324433869935957E-03 -1.5433726366981795E-03
0
0.0
 -1.1407996218300525E+00 -2.3170985309886123E+00 3.8420614944644871E-01
 8.9507715919497858E-03 -5.6818868851103857E-03 -1.4685624316278722E-03
0
0.0
 -1.1407996218300525E+00 -2.3170985309886123E+00 3.8420614944644871E-01
 8.9731266758393963E-03 -5.9567680548846137E-03 -1.6813392676661035E-03
0
0.0
 -1.1407996218300525E+00 -2.3170985309886123E+00 3.8420614944644871E-01
 8.6009251301031493E-03 -5.7449968586395141E-03 -1.5499011434594433E-03
0
0.0
 -1.1407996218300525E+00 -2.3170985309886123E+00 3.8420614944644871E-01
 8.8301689742414091E-03 -5.9262786628445311E-03 -1.7943691643062926E-03
0
0.0
 -1.1407996218300525E+00 -2.3170985309886123E+00 3.8420614944644871E-01
 8.8776385947557396E-03 -5.9180351778720369E-03 -1.5482101715352883E-03
0
0.0
 -1.1407996218300525E+00 -2.3170985309886123E+00 3.8420614944644871E-01
 8.8763132418980453E-03 -5.9478064404746593E-03 -1.7578889472113575E-03
0
0.0
 -1.1407996218300525E+00 -2.3170985309886123E+00 3.8420614944644871E-01
 8.7837595036529079E-03 -5.7377936209123681E-03 -1.6464702609398218E-03
0
0.0
 -1.1407996218300525E+00 -2.3170985309886123E+00 3.8420614944644871E-01
 8.6671608647785822E-03 -5.6429913290425597E-03 -1.5338912745099899E-03
0
0.0
 -1.1407996218300525E+00 -2.3170985309886123E+00 3.8420614944644871E-01
 8.8461521603018616E-03 -5.7160197226896461E-03 -1.5720675096614609E-03
0
0.0
