20
 -1.1407996218300525E+00 -2.3170985309886123E+00 3.8420614944644871E-01
 8.8540046839406771E-03 -5.8504841756560960E-03 -1.7886682186603700E-03
0
0.0
 -1.1407996218300525E+00 -2.3170985309886123E+00 3.8420614944644871E-01
 8.8646136325774161E-03 -6.0003659663902271E-03 -1.5531907365605414E-03
0
0.0
 -1.1407996218300525E+00 -2.3170985309886123E+00 3.8420614944644871E-01
 8.6349305443625957E-03 -5.9914264977698117E-03 -1.7486321808691779E-03
0
0.0
 -1.1407996218300525E+00 -2.3170985309886123E+00 3.8420614944644871E-01
 9.0361248444647373E-03 -6.0869932436907600E-03 -1.6082220683454941E-03
0
0.0
 -1.1407996218300525E+00 -2.3170985309886123E+00 3.8420614944644871E-01
 9.0557044894850683E-03 -5.8786238544985816E-03 -1.5153021978728486E-03
0
0.0
 -1.1407996218300525E+00 -2.3170985309886123E+00 3.8420614944644871E-01
 8.9233991579586551E-03 -5.7571191811483366E-03 -1.6555286885874098E-03
0
0.0
 -1.1407996218300525E+00 -2.3170985309886123E+00 3.8420614944644871E-01
 8.7206981625511278E-03 -5.6198178749035403E-03 -1.5718053344172720E-03
0
0.0
 -1.1407996218300525E+00 -2.3170985309886123E+00 3.8420614944644871E-01
 8.8070797529765758E-03 -6.0832208212978373E-03 -1.7414680100572160E-03
0
0.0
 -1.1407996218300525E+00 -2.3170985309886123E+00 3.8420614944644871E-01
 8.8857425067271224E-03 -5.7503019918028093E-03 -1.9128575968446076E-03
0
0.0
 -1.1407996218300525E+00 -2.3170985309886123E+00 3.8420614944644871E-01
 8.7666709454193546E-03 -5.9341930784103042E-03 -1.5764600535481197E-03
0
0.0
 -1.1407996218300525E+00 -2.3170985309886123E+00 3.8420614944644871E-01
 9.0572963740149608E-03 -5.8960036534596496E-03 -1.7069990965111353E-03
0
0.0
 -1.1407996218300525E+00 -2.3170985309886123E+00 3.8420614944644871E-01
 8.6396197651448826E-03 -6.0068117715935876E-03 -1.5511349732466255E-03
0
0.0
 -1.1407996218300525E+00 -2.3170985309886123E+00 3.8420614944644871E-01
 8.7145128984483945E-03 -5.9084568989207940E-03 -1.6601300566834269E-03
0
0.0
 -1.1407996218300525E+00 -2.3170985309886123E+00 3.8420614944644871E-01
 8.9526924744420273E-03 -5.8655454897475383E-03 -1.7965819221640237E-03
0
0.0
 -1.1407996218300525E+00 -2.3170985309886123E+00 3.8420614944644871E-01
 8.6242245372953850E-03 -5.9985729413362093E-03 -1.4959911365177809E-03
0
0.0
 -1.1407996218300525E+00 -2.3170985309886123E+00 3.8420614944644871E-01
 9.0143291591435193E-03 -5.8397049682173859E-03 -1.6778795874144521E-03
0
0.0
 -1.1407996218300525E+00 -2.3170985309886123E+00 3.8420614944644871E-01
 9.0734243692538376E-03 -5.8343588284693543E-03 -1.5071898329511817E-03
0
0.0
 -1.1407996218300525E+00 -2.3170985309886123E+00 3.8420614944644871E-01
 8.6435336810492501E-03 -5.6628017237855058E-03 -1.5174103062638986E-03
0
0.0
 -1.1407996218300525E+00 -2.3170985309886123E+00 3.8420614944644871E-01
 8.8679570906068979E-03 -5.6485985394486675E-03 -1.5810369061983892E-03
0
0.0
 -1.1407996218300525E+00 -2.3170985309886123E+00 3.8420614944644871E-01
 8.7660728419299457E-03 -5.9538262116468482E-03 -1.7050077388793884E-03
0
0.0
