20
-1
1
 -0.12256584   0.73615930   0.66561783  1.75736083e-04
  0.46309793   0.84412729   0.27016556  3.76145179e-04
 -0.18763865   0.66813091  -0.71999502  1.74812765e-04
 -0.40158240  -0.87553834   0.26863392  2.19985694e-04
  0.30936901   0.90268745  -0.29907554  1.77070254e-04
  0.39410401  -0.19168492  -0.89885423  2.45457819e-04
  0.44276281   0.81778192   0.36768713  1.52207810e-04
  0.34026220   0.90483007   0.25593783  2.20989635e-04
 -0.73130971  -0.04497082   0.68056134  2.38183742e-04
  0.06198491   0.92599129  -0.37242180  4.77250005e-04
 -0.83266751   0.54751968   0.08298805  7.44808663e-04
  0.42934006   0.56327608   0.70596542  6.34600011e-04
 -0.77713207  -0.03012883   0.62861593  3.33238576e-04
 -0.82383333   0.12783477   0.55222904  1.95389773e-04
 -0.07610578  -0.15383902  -0.98516063  4.14569773e-04
 -0.36914066  -0.59874549   0.71080167  2.38452217e-04
 -0.31342787   0.18767787   0.93088129  1.68667698e-04
 -0.78317635  -0.61507424   0.09120570  4.92759305e-04
  0.91370061  -0.33595379   0.22866187  1.62228896e-04
 -0.40597816   0.59933061  -0.68991633  4.16678919e-04
