20
-1
1
  0.44767900   0.78399985   0.43003226  1.46804058e-04
 -0.82843700  -0.50714681   0.23768522  1.84417031e-04
  0.74113404  -0.24890297   0.62351234  5.33738485e-04
  0.01031086   0.17900365  -0.98379438  2.63708694e-04
 -0.54506779  -0.83481133   0.07740249  1.70851483e-04
  0.02432511   0.12611343   0.99171755  8.04127998e-04
 -0.71711602   0.22071383   0.66108246  7.81321182e-04
 -0.33105739   0.41883867  -0.84556204  2.28053664e-04
 -0.43484461   0.73336380   0.52257793  1.68346141e-04
 -0.76230022  -0.52385319  -0.38010028  3.98277074e-04
  0.72703665   0.50445216   0.46577432  2.30976465e-04
 -0.35827742  -0.32253631   0.87613219  4.80000276e-04
 -0.93851679  -0.25961156  -0.22756993  3.18863537e-04
 -0.44124095   0.89203379  -0.09788839  2.18539596e-04
  0.95068901  -0.30266328   0.06771516  3.91933378e-04
  0.96929556  -0.24553425   0.01338119  2.21398458e-04
  0.47784378   0.32318022  -0.81683527  2.11160713e-04
 -0.35538455  -0.12340305  -0.92653846  4.08040264e-04
  0.88279929   0.43532104  -0.17652482  2.48983080e-04
 -0.15415195   0.68374972   0.71324855  1.59605673e-04
