20
-1
1
 -0.53233114   0.84597801  -0.03073680  2.05079366e-04
 -0.52254592  -0.12639927  -0.84318977  4.00672142e-04
  0.07113003   0.84858000   0.52426377  1.56916069e-04
 -0.10549802  -0.80765049  -0.58014727  2.33051195e-04
  0.49311039  -0.51218094   0.70321607  1.94486524e-04
  0.21498031  -0.97649460  -0.01554878  3.41502795e-04
  0.44048410  -0.87638356  -0.19474499  2.06967904e-04
 -0.13056597   0.67989914  -0.72158831  1.92893647e-04
  0.62687799  -0.61686351  -0.47592373  2.97425692e-04
 -0.24590622  -0.96679810  -0.06950949  1.53008343e-04
 -0.53914089  -0.54950106  -0.63825988  4.34220355e-04
 -0.21792544   0.91500547   0.33951950  2.03518436e-04
 -0.76959093   0.02278668  -0.63813052  1.73191635e-04
  0.70018821  -0.18271335  -0.69018280  1.95109605e-04
 -0.09301300   0.67574709  -0.73124172  1.55087809e-04
  0.66021942   0.43286281   0.61379158  4.41329182e-04
 -0.60918628   0.77755204  -0.15590027  1.46820926e-04
  0.76470818  -0.62709743  -0.14822354  2.87844834e-04
 -0.21323402  -0.91130146   0.35222280  1.72032335e-04
  0.97826762   0.02160625  -0.20621743  8.15768740e-04
