20
 -1.1407996218300525E+00 -2.3170985309886123E+00 3.8420614944644871E-01
 8.8180577132523658E-03 -5.7185566519466500E-03 -1.8976278990715633E-03
0
0.0
 -1.1407996218300525E+00 -2.3170985309886123E+00 3.8420614944644871E-01
 9.0886229906815327E-03 -6.0037741938424767E-03 -1.5023053843573561E-03
0
0.0
 -1.1407996218300525E+00 -2.3170985309886123E+00 3.8420614944644871E-01
 8.6651746014612518E-03 -5.9832642117885757E-03 -1.5716652867625240E-03
0
0.0
 -1.1407996218300525E+00 -2.3170985309886123E+00 3.8420614944644871E-01
 8.9307406159600325E-03 -5.6766936919637086E-03 -1.6060260888235906E-03
0
0.0
 -1.1407996218300525E+00 -2.3170985309886123E+00 3.8420614944644871E-01
 8.7889945356863924E-03 -5.8898193179236060E-03 -1.6873000214284708E-03
0
0.0
 -1.1407996218300525E+00 -2.3170985309886123E+00 3.8420614944644871E-01
 8.7639199994793051E-03 -6.0343825629815906E-03 -1.6427958669151153E-03
0
0.0
 -1.1407996218300525E+00 -2.3170985309886123E+00 3.8420614944644871E-01
 8.7875185753409982E-03 -6.0298539712818934E-03 -1.6353313840697665E-03
0
0.0
 -1.1407996218300525E+00 -2.3170985309886123E+00 3.8420614944644871E-01
 8.4676623149173239E-03 -5.8337750241160800E-03 -1.6235446151805662E-03
0
0.0
 -1.1407996218300525E+00 -2.3170985309886123E+00 3.8420614944644871E-01
 8.7882181502080096E-03 -5.9727825542710998E-03 -1.7010776029405868E-03
0
0.0
 -1.1407996218300525E+00 -2.3170985309886123E+00 3.8420614944644871E-01
 8.6945981960559592E-03 -6.1432996036434101E-03 -1.3902542089545028E-03
0
0.0
 -1.1407996218300525E+00 -2.3170985309886123E+00 3.8420614944644871E-01
 8.7907304685135509E-03 -6.0413875408313758E-03 -1.7454152493253511E-03
0
0.0
 -1.1407996218300525E+00 -2.3170985309886123E+00 3.8420614944644871E-01
 8.9744323025867326E-03 -5.8573194249323321E-03 -1.7094859536953156E-03
0
0.0
 -1.1407996218300525E+00 -2.3170985309886123E+00 3.8420614944644871E-01
 8.6433384487402849E-03 -5.9699417496857947E-03 -1.8633191549894267E-03
0
0.0
 -1.1407996218300525E+00 -2.3170985309886123E+00 3.8420614944644871E-01
 8.9486296266163123E-03 -6.0604595853910436E-03 -1.6006921002817997E-03
0
0.0
 -1.1407996218300525E+00 -2.3170985309886123E+00 3.8420614944644871E-01
 8.5974225464054317E-03 -5.8692022670152116E-03 -1.4693890974489272E-03
0
0.0
 -1.1407996218300525E+00 -2.3170985309886123E+00 3.8420614944644871E-01
 8.7107926932998916E-03 -6.0257513661650542E-03 -1.5768538975230665E-03
0
0.0
 -1.1407996218300525E+00 -2.3170985309886123E+00 3.8420614944644871E-01
 8.8196625366334935E-03 -5.9275852458454993E-03 -1.7009866869910455E-03
0
0.0
 -1.1407996218300525E+00 -2.3170985309886123E+00 3.8420614944644871E-01
 8.9170474491560778E-03 -6.0671970205256219E-03 -1.6586528731894615E-03
0
0.0
 -1.1407996218300525E+00 -2.3170985309886123E+00 3.8420614944644871E-01
 8.8772598941378317E-03 -6.0111032414641935E-03 -1.4929910343487662E-03
0
0.0
 -1.1407996218300525E+00 -2.3170985309886123E+00 3.8420614944644871E-01
 8.7741604667457701E-03 -5.8094814919553662E-03 -1.7061101168791156E-03
0
0.0
