20
-1
1
 -0.34749084  -0.87286031  -0.34258574  1.80961064e-04
  0.38532345  -0.31468070   0.86746867  4.84191880e-04
  0.87495982   0.06038039   0.48041598  1.74578270e-04
 -0.51080251   0.83521163   0.20372119  5.73904094e-04
  0.45423219   0.61096986  -0.64837407  2.67006436e-04
  0.35378022   0.67620785   0.64620624  1.52155554e-04
  0.69070280   0.42015597  -0.58855637  1.51146455e-04
  0.16200674  -0.65535000  -0.73774670  2.31050480e-04
  0.39422958   0.54439708   0.74041533  2.07853166e-04
  0.91719921  -0.39839840   0.00493142  2.82350972e-04
  0.23015707   0.47108362   0.85153271  5.92635528e-04
  0.85474407  -0.51756322   0.03925418  1.74568120e-04
 -0.01944145   0.13439734   0.99073679  1.70698327e-04
  0.50891753  -0.58149955  -0.63471349  5.86976899e-04
  0.68341293   0.64847405  -0.33530312  2.18751501e-04
  0.94100105  -0.33784880  -0.01937017  1.50255052e-04
  0.16653165  -0.47319853  -0.86507246  3.83219036e-04
  0.85946068   0.51013618   0.03299130  8.41017881e-04
 -0.08071679  -0.92209337  -0.37845556  2.85401088e-04
  0.69304561  -0.45279293   0.56095129  3.96685493e-04
