20
 -1.1407996218300525E+00 -2.3170985309886123E+00 3.8420614944644871E-01
 8.7627964577005786E-03 -5.8996875643322908E-03 -1.7010621899388801E-03
0
0.0
 -1.1407996218300525E+00 -2.3170985309886123E+00 3.8420614944644871E-01
 8.6931813970190525E-03 -5.8296219983352470E-03 -1.6887267146193940E-03
0
0.0
 -1.1407996218300525E+00 -2.3170985309886123E+00 3.8420614944644871E-01
 8.8933635076805257E-03 -5.9649686728803887E-03 -1.5280077003557886E-03
0
0.0
 -1.1407996218300525E+00 -2.3170985309886123E+00 3.8420614944644871E-01
 8.8353110132876906E-03 -5.8833305200705378E-03 -1.6879607914612297E-03
0
0.0
 -1.1407996218300525E+00 -2.3170985309886123E+00 3.8420614944644871E-01
 8.7568795627660893E-03 -5.9175303817444666E-03 -1.7087273520226412E-03
0
0.0
 -1.1407996218300525E+00 -2.3170985309886123E+00 3.8420614944644871E-01
 8.6984699919383079E-03 -5.9722924943760459E-03 -1.5361773634313975E-03
0
0.0
 -1.1407996218300525E+00 -2.3170985309886123E+00 3.8420614944644871E-01
 8.8535133982363037E-03 -5.9182044205782188E-03 -1.5464421109360384E-03
0
0.0
 -1.1407996218300525E+00 -2.3170985309886123E+00 3.8420614944644871E-01
 8.6618522367706095E-03 -5.8341236443777830E-03 -1.5989741397476628E-03
0
0.0
 -1.1407996218300525E+00 -2.3170985309886123E+00 3.8420614944644871E-01
 8.8482621741001587E-03 -5.9405606418044968E-03 -1.6419538988327780E-03
0
0.0
 -1.1407996218300525E+00 -2.3170985309886123E+00 3.8420614944644871E-01
 8.6064260114866644E-03 -5.6889029346004144E-03 -1.4546752999827020E-03
0
0.0
 -1.1407996218300525E+00 -2.3170985309886123E+00 3.8420614944644871E-01
 8.7963151316725816E-03 -5.7411627530207753E-03 -1.5482422104990399E-03
0
0.0
 -1.1407996218300525E+00 -2.3170985309886123E+00 3.8420614944644871E-01
 8.9370117489379203E-03 -5.9225631737273793E-03 -1.5604291522416192E-03
0
0.0
 -1.1407996218300525E+00 -2.3170985309886123E+00 3.8420614944644871E-01
 8.8909291403836809E-03 -5.8131959351159293E-03 -1.7864586335004781E-03
0
0.0
 -1.1407996218300525E+00 -2.3170985309886123E+00 3.8420614944644871E-01
 8.9402675261037647E-03 -5.7587003611890095E-03 -1.4211162058436664E-03
0
0.0
 -1.1407996218300525E+00 -2.3170985309886123E+00 3.8420614944644871E-01
 8.5617532862259111E-03 -5.9072835034628488E-03 -1.7683039819788870E-03
0
0.0
 -1.1407996218300525E+00 -2.3170985309886123E+00 3.8420614944644871E-01
 8.9948340157096004E-03 -6.0924988319266916E-03 -1.7785868001414899E-03
0
0.0
 -1.1407996218300525E+00 -2.3170985309886123E+00 3.8420614944644871E-01
 8.6044519337629705E-03 -5.9475473059307869E-03 -1.5787262586636510E-03
0
0.0
 -1.1407996218300525E+00 -2.3170985309886123E+00 3.8420614944644871E-01
 8.7485238358129373E-03 -5.9870219056163071E-03 -1.4302198216699137E-03
0
0.0
 -1.1407996218300525E+00 -2.3170985309886123E+00 3.8420614944644871E-01
 8.7036996887429746E-03 -5.9683781913122394E-03 -1.5927917893828253E-03
0
0.0
 -1.1407996218300525E+00 -2.3170985309886123E+00 3.8420614944644871E-01
 8.8824561554401542E-03 -5.8777018232741979E-03 -1.6611799404988661E-03
0
0.0
