400
 -1.1407996218300525E+00 -2.3170985309886123E+00 3.8420614944644871E-01
 8.7486366106727057E-03 -5.9074442267021375E-03 -1.4828790425518074E-03
0
0.0
 -1.1407996218300525E+00 -2.3170985309886123E+00 3.8420614944644871E-01
 8.7530073906271922E-03 -5.8699293234250743E-03 -1.6215657157021995E-03
0
0.0
 -1.1407996218300525E+00 -2.3170985309886123E+00 3.8420614944644871E-01
 8.9938221099277755E-03 -6.0254573940198434E-03 -1.3924289613647810E-03
0
0.0
 -1.1407996218300525E+00 -2.3170985309886123E+00 3.8420614944644871E-01
 8.8399997107737327E-03 -5.8923088186920115E-03 -1.6014690926174318E-03
0
0.0
 -1.1407996218300525E+00 -2.3170985309886123E+00 3.8420614944644871E-01
 8.7818397127042442E-03 -5.9169501803596680E-03 -1.5975302523151289E-03
0
0.0
 -1.1407996218300525E+00 -2.3170985309886123E+00 3.8420614944644871E-01
 8.6740073507938237E-03 -5.9447085654725524E-03 -1.5745448754678826E-03
0
0.0
 -1.1407996218300525E+00 -2.3170985309886123E+00 3.8420614944644871E-01
 8.6347777349757883E-03 -5.9547110019053011E-03 -1.4145192526402923E-03
0
0.0
 -1.1407996218300525E+00 -2.3170985309886123E+00 3.8420614944644871E-01
 8.6137052555649365E-03 -5.7539695261054043E-03 -1.4538901828228033E-03
0
0.0
 -1.1407996218300525E+00 -2.3170985309886123E+00 3.8420614944644871E-01
 8.9701912556664747E-03 -5.7243138934743561E-03 -1.5378459292891501E-03
0
0.0
 -1.1407996218300525E+00 -2.3170985309886123E+00 3.8420614944644871E-01
 8.8723629085746426E-03 -5.7480400380728151E-03 -1.5340492195832207E-03
0
0.0
 -1.1407996218300525E+00 -2.3170985309886123E+00 3.8420614944644871E-01
 8.8484262352317052E-03 -6.2379370131100736E-03 -1.6526264256577553E-03
0
0.0
 -1.1407996218300525E+00 -2.3170985309886123E+00 3.8420614944644871E-01
 8.9579902006936846E-03 -5.8022291867021736E-03 -1.5807104010759914E-03
0
0.0
 -1.1407996218300525E+00 -2.3170985309886123E+00 3.8420614944644871E-01
 8.8414469716896187E-03 -5.8548398013348957E-03 -1.8465818976734730E-03
0
0.0
 -1.1407996218300525E+00 -2.3170985309886123E+00 3.8420614944644871E-01
 8.7302147960515008E-03 -5.9329445771961449E-03 -1.4964060306531879E-03
0
0.0
 -1.1407996218300525E+00 -2.3170985309886123E+00 3.8420614944644871E-01
 8.9888366519252742E-03 -5.7718662729876625E-03 -1.5542705606410594E-03
0
0.0
 -1.1407996218300525E+00 -2.3170985309886123E+00 3.8420614944644871E-01
 9.0402568660698825E-03 -5.9031901911230011E-03 -1.6135394134139688E-03
0
0.0
 -1.1407996218300525E+00 -2.3170985309886123E+00 3.8420614944644871E-01
 8.7317134380738553E-03 -5.9627247252703776E-03 -1.6515538640726457E-03
0
0.0
 -1.1407996218300525E+00 -2.3170985309886123E+00 3.8420614944644871E-01
 8.7286610582778725E-03 -5.8536899089288380E-03 -1.7605338988186249E-03
0
0.0
 -1.1407996218300525E+00 -2.3170985309886123E+00 3.8420614944644871E-01
 8.5012514235059036E-03 -5.9364522188362582E-03 -1.5965878634323510E-03
0
0.0
 -1.1407996218300525E+00 -2.3170985309886123E+00 3.8420614944644871E-01
 8.8426853844178633E-03 -6.0954618382945518E-03 -1.5490604561946978E-03
0
0.0
 -1.1407996218300525E+00 -2.3170985309886123E+00 3.8420614944644871E-01
 8.7781748883190604E-03 -5.9760355919607835E-03 -1.5981129702700545E-03
0
0.0
 -1.1407996218300525E+00 -2.3170985309886123E+00 3.8420614944644871E-01
 8.7844497075784782E-03 -5.9068580863657905E-03 -1.5882117976132048E-03
0
0.0
 -1.1407996218300525E+00 -2.3170985309886123E+00 3.8420614944644871E-01
 8.6401504995450937E-03 -5.7496104388334093E-03 -1.7054774056553634E-03
0
0.0
 -1.1407996218300525E+00 -2.3170985309886123E+00 3.8420614944644871E-01
 8.9157991156566738E-03 -5.8231328241957706E-03 -1.7226990748722714E-03
0
0.0
 -1.1407996218300525E+00 -2.3170985309886123E+00 3.8420614944644871E-01
 8.7064742399574277E-03 -6.1670153185956486E-03 -1.5133103013480207E-03
0
0.0
 -1.1407996218300525E+00 -2.3170985309886123E+00 3.8420614944644871E-01
 8.6525776674568691E-03 -5.6918296636514877E-03 -1.4851488002671598E-03
0
0.0
 -1.1407996218300525E+00 -2.3170985309886123E+00 3.8420614944644871E-01
 8.5580468029624133E-03 -5.9541225047157450E-03 -1.7147063362446713E-03
0
0.0
 -1.1407996218300525E+00 -2.3170985309886123E+00 3.8420614944644871E-01
 8.9671650315394941E-03 -5.8840778558446848E-03 -1.8372626119624680E-03
0
0.0
 -1.1407996218300525E+00 -2.3170985309886123E+00 3.8420614944644871E-01
 8.6856241355774359E-03 -5.9413288230161171E-03 -1.4421342671990754E-03
0
0.0
 -1.1407996218300525E+00 -2.3170985309886123E+00 3.8420614944644871E-01
 8.7493674793883564E-03 -5.9794101480322333E-03 -1.5484973662714878E-03
0
0.0
 -1.1407996218300525E+00 -2.3170985309886123E+00 3.8420614944644871E-01
 8.7548828037161477E-03 -5.8766803092430708E-03 -1.4919880490641589E-03
0
0.0
 -1.1407996218300525E+00 -2.3170985309886123E+00 3.8420614944644871E-01
 8.5773844576605227E-03 -6.0061767295269148E-03 -1.7291472520917484E-03
0
0.0
 -1.1407996218300525E+00 -2.3170985309886123E+00 3.8420614944644871E-01
 8.8025804047062554E-03 -5.8213314091417586E-03 -1.3875284918421569E-03
0
0.0
 -1.1407996218300525E+00 -2.3170985309886123E+00 3.8420614944644871E-01
 8.7019817714860601E-03 -5.7435166462586219E-03 -1.6930803802791927E-03
0
0.0
 -1.1407996218300525E+00 -2.3170985309886123E+00 3.8420614944644871E-01
 8.7276379550812310E-03 -6.1922234695415300E-03 -1.6124646941986186E-03
0
0.0
 -1.1407996218300525E+00 -2.3170985309886123E+00 3.8420614944644871E-01
 8.7372241477651873E-03 -5.8388595516535450E-03 -1.5357322821250104E-03
0
0.0
 -1.1407996218300525E+00 -2.3170985309886123E+00 3.8420614944644871E-01
 8.7700269463682600E-03 -5.9979005345909891E-03 -1.5668059558659065E-03
0
0.0
 -1.1407996218300525E+00 -2.3170985309886123E+00 3.8420614944644871E-01
 8.7840963003951895E-03 -5.9600834631477967E-03 -1.7433456418283414E-03
0
0.0
 -1.1407996218300525E+00 -2.3170985309886123E+00 3.8420614944644871E-01
 8.6972219055241294E-03 -6.2343379842816305E-03 -1.6266582966823235E-03
0
0.0
 -1.1407996218300525E+00 -2.3170985309886123E+00 3.8420614944644871E-01
 8.7475299563227922E-03 -6.0296657010561854E-03 -1.5530557689503930E-03
0
0.0
 -1.1407996218300525E+00 -2.3170985309886123E+00 3.8420614944644871E-01
 8.7956123416146146E-03 -5.8815186411265109E-03 -1.5800040706256816E-03
0
0.0
 -1.1407996218300525E+00 -2.3170985309886123E+00 3.8420614944644871E-01
 8.8153408455889613E-03 -5.8229389485499952E-03 -1.5359393637144818E-03
0
0.0
 -1.1407996218300525E+00 -2.3170985309886123E+00 3.8420614944644871E-01
 8.7113161628455948E-03 -5.7749160560581995E-03 -1.7534415517950655E-03
0
0.0
 -1.1407996218300525E+00 -2.3170985309886123E+00 3.8420614944644871E-01
 8.7535646963390196E-03 -6.2450100999377903E-03 -1.6902446887113874E-03
0
0.0
 -1.1407996218300525E+00 -2.3170985309886123E+00 3.8420614944644871E-01
 8.9055663915964100E-03 -5.7590092348680250E-03 -1.6820297554329001E-03
0
0.0
 -1.1407996218300525E+00 -2.3170985309886123E+00 3.8420614944644871E-01
 8.6912741139743444E-03 -5.9142955655828115E-03 -1.7876703320924676E-03
0
0.0
 -1.1407996218300525E+00 -2.3170985309886123E+00 3.8420614944644871E-01
 8.7683930647545552E-03 -5.6995806187126966E-03 -1.7608546047340832E-03
0
0.0
 -1.1407996218300525E+00 -2.3170985309886123E+00 3.8420614944644871E-01
 8.9144619709769467E-03 -5.9063988550291206E-03 -1.8266976819961240E-03
0
0.0
 -1.1407996218300525E+00 -2.3170985309886123E+00 3.8420614944644871E-01
 8.8103658821598475E-03 -5.7820308808532121E-03 -1.7421867726784650E-03
0
0.0
 -1.1407996218300525E+00 -2.3170985309886123E+00 3.8420614944644871E-01
 8.7473224633351099E-03 -6.0488917741361760E-03 -1.7259815753394175E-03
0
0.0
 -1.1407996218300525E+00 -2.3170985309886123E+00 3.8420614944644871E-01
 9.1112483296107282E-03 -5.8920444140227448E-03 -1.6000760696583546E-03
0
0.0
 -1.1407996218300525E+00 -2.3170985309886123E+00 3.8420614944644871E-01
 8.6523214788031336E-03 -5.7628986664056267E-03 -1.6013905319650166E-03
0
0.0
 -1.1407996218300525E+00 -2.3170985309886123E+00 3.8420614944644871E-01
 8.7823086140589209E-03 -5.8774759633542870E-03 -1.5006929198031209E-03
0
0.0
 -1.1407996218300525E+00 -2.3170985309886123E+00 3.8420614944644871E-01
 8.5307611537718021E-03 -5.9254603090368807E-03 -1.5575070696212904E-03
0
0.0
 -1.1407996218300525E+00 -2.3170985309886123E+00 3.8420614944644871E-01
 8.7731892547707295E-03 -5.7339429789778256E-03 -1.6127757812909498E-03
0
0.0
 -1.1407996218300525E+00 -2.3170985309886123E+00 3.8420614944644871E-01
 9.0250617708771529E-03 -5.7602575005482630E-03 -1.6084665598862175E-03
0
0.0
 -1.1407996218300525E+00 -2.3170985309886123E+00 3.8420614944644871E-01
 8.7839069713535924E-03 -5.8732602796830909E-03 -1.6089133963338028E-03
0
0.0
 -1.1407996218300525E+00 -2.3170985309886123E+00 3.8420614944644871E-01
 8.6334089016032248E-03 -5.7510307834739583E-03 -1.7303166653649367E-03
0
0.0
 -1.1407996218300525E+00 -2.3170985309886123E+00 3.8420614944644871E-01
 8.8452951910055061E-03 -5.9708078300282647E-03 -1.5720954259642302E-03
0
0.0
 -1.1407996218300525E+00 -2.3170985309886123E+00 3.8420614944644871E-01
 8.9391295798670264E-03 -5.9297796989032977E-03 -1.6258596986171005E-03
0
0.0
 -1.1407996218300525E+00 -2.3170985309886123E+00 3.8420614944644871E-01
 8.8149357720470074E-03 -5.8673051070372946E-03 -1.5621082909479196E-03
0
0.0
 -1.1407996218300525E+00 -2.3170985309886123E+00 3.8420614944644871E-01
 8.5314131778822973E-03 -5.9427652628286556E-03 -1.5871273392532267E-03
0
0.0
 -1.1407996218300525E+00 -2.3170985309886123E+00 3.8420614944644871E-01
 9.0426038596527012E-03 -5.8566181810889390E-03 -1.5610601343126183E-03
0
0.0
 -1.1407996218300525E+00 -2.3170985309886123E+00 3.8420614944644871E-01
 8.6183007580557282E-03 -5.8755636321603678E-03 -1.5390770241398468E-03
0
0.0
 -1.1407996218300525E+00 -2.3170985309886123E+00 3.8420614944644871E-01
 8.8353243464068514E-03 -5.9620981140276206E-03 -1.4370075266823545E-03
0
0.0
 -1.1407996218300525E+00 -2.3170985309886123E+00 3.8420614944644871E-01
 8.9599406332587454E-03 -5.6430634989992207E-03 -1.5518032639167908E-03
0
0.0
 -1.1407996218300525E+00 -2.3170985309886123E+00 3.8420614944644871E-01
 8.9932139051962755E-03 -5.9842166754277724E-03 -1.6986770907761518E-03
0
0.0
 -1.1407996218300525E+00 -2.3170985309886123E+00 3.8420614944644871E-01
 8.6136510310681185E-03 -5.7730605596944245E-03 -1.4459439055868680E-03
0
0.0
 -1.1407996218300525E+00 -2.3170985309886123E+00 3.8420614944644871E-01
 8.7468414777565236E-03 -5.8024196060210403E-03 -1.5571131747309612E-03
0
0.0
 -1.1407996218300525E+00 -2.3170985309886123E+00 3.8420614944644871E-01
 8.8072907260043406E-03 -5.7282505659954838E-03 -1.7142790332058801E-03
0
0.0
 -1.1407996218300525E+00 -2.3170985309886123E+00 3.8420614944644871E-01
 9.0241909300029996E-03 -6.0475215512106207E-03 -1.7453054112661383E-03
0
0.0
 -1.1407996218300525E+00 -2.3170985309886123E+00 3.8420614944644871E-01
 8.7556035886843450E-03 -5.8484252331725446E-03 -1.5314213509696132E-03
0
0.0
 -1.1407996218300525E+00 -2.3170985309886123E+00 3.8420614944644871E-01
 8.6616120466889539E-03 -5.9414662007641131E-03 -1.7542912226620360E-03
0
0.0
 -1.1407996218300525E+00 -2.3170985309886123E+00 3.8420614944644871E-01
 8.7697343413938398E-03 -5.7132413864210288E-03 -1.4644226770192739E-03
0
0.0
 -1.1407996218300525E+00 -2.3170985309886123E+00 3.8420614944644871E-01
 8.7972329342810834E-03 -5.9169586174218540E-03 -1.6400207355677561E-03
0
0.0
 -1.1407996218300525E+00 -2.3170985309886123E+00 3.8420614944644871E-01
 8.8506629292467234E-03 -6.0428679750636457E-03 -1.3803751532791581E-03
0
0.0
 -1.1407996218300525E+00 -2.3170985309886123E+00 3.8420614944644871E-01
 8.6013362907477464E-03 -5.8501819764229706E-03 -1.4104972975564189E-03
0
0.0
 -1.1407996218300525E+00 -2.3170985309886123E+00 3.8420614944644871E-01
 8.7792236521891508E-03 -5.9058106035316769E-03 -1.6278578553247688E-03
0
0.0
 -1.1407996218300525E+00 -2.3170985309886123E+00 3.8420614944644871E-01
 8.9062960836745128E-03 -6.1852051643075147E-03 -1.7826723050018973E-03
0
0.0
 -1.1407996218300525E+00 -2.3170985309886123E+00 3.8420614944644871E-01
 9.0112116895976115E-03 -6.0657319944048983E-03 -1.7354496849610759E-03
0
0.0
 -1.1407996218300525E+00 -2.3170985309886123E+00 3.8420614944644871E-01
 8.8808423991387688E-03 -5.6365157738382417E-03 -1.5250812705973418E-03
0
0.0
 -1.1407996218300525E+00 -2.3170985309886123E+00 3.8420614944644871E-01
 8.7365876843991767E-03 -6.0172228390938960E-03 -1.6107192213451389E-03
0
0.0
 -1.1407996218300525E+00 -2.3170985309886123E+00 3.8420614944644871E-01
 8.7316161077993851E-03 -5.8523082688550524E-03 -1.6157822380853107E-03
0
0.0
 -1.1407996218300525E+00 -2.3170985309886123E+00 3.8420614944644871E-01
 8.8385844008918944E-03 -5.9044232112964359E-03 -1.6614922012028769E-03
0
0.0
 -1.1407996218300525E+00 -2.3170985309886123E+00 3.8420614944644871E-01
 8.7986265067108195E-03 -5.8696547146825642E-03 -1.6442902466985629E-03
0
0.0
 -1.1407996218300525E+00 -2.3170985309886123E+00 3.8420614944644871E-01
 8.8190092639899315E-03 -5.8320848294468328E-03 -1.5372736502727545E-03
0
0.0
 -1.1407996218300525E+00 -2.3170985309886123E+00 3.8420614944644871E-01
 8.7782081209907773E-03 -5.9616843267472170E-03 -1.6606876449464290E-03
0
0.0
 -1.1407996218300525E+00 -2.3170985309886123E+00 3.8420614944644871E-01
 8.5232655244090374E-03 -5.9807123221387688E-03 -1.6762233595866349E-03
0
0.0
 -1.1407996218300525E+00 -2.3170985309886123E+00 3.8420614944644871E-01
 8.8086368451197172E-03 -5.9355716950087499E-03 -1.6223929638470528E-03
0
0.0
 -1.1407996218300525E+00 -2.3170985309886123E+00 3.8420614944644871E-01
 8.8836158334990104E-03 -5.9704433140149865E-03 -1.5577271013966609E-03
0
0.0
 -1.1407996218300525E+00 -2.3170985309886123E+00 3.8420614944644871E-01
 8.7428414059405810E-03 -5.9121939289419898E-03 -1.7273023137577817E-03
0
0.0
 -1.1407996218300525E+00 -2.3170985309886123E+00 3.8420614944644871E-01
 8.7575533448798377E-03 -5.9662800849127852E-03 -1.5183204638339852E-03
0
0.0
 -1.1407996218300525E+00 -2.3170985309886123E+00 3.8420614944644871E-01
 8.6849949320665157E-03 -6.0333201665513855E-03 -1.7074745846923558E-03
0
0.0
 -1.1407996218300525E+00 -2.3170985309886123E+00 3.8420614944644871E-01
 8.6850176234715831E-03 -6.0591140809710432E-03 -1.6306030696095952E-03
0
0.0
 -1.1407996218300525E+00 -2.3170985309886123E+00 3.8420614944644871E-01
 8.7578149799218963E-03 -5.8705620614223188E-03 -1.4414634269479148E-03
0
0.0
 -1.1407996218300525E+00 -2.3170985309886123E+00 3.8420614944644871E-01
 8.8160462737229533E-03 -5.9138203089229143E-03 -1.6737430421396504E-03
0
0.0
 -1.1407996218300525E+00 -2.3170985309886123E+00 3.8420614944644871E-01
 8.7837960878929273E-03 -5.9828585042024556E-03 -1.5538347557128892E-03
0
0.0
 -1.1407996218300525E+00 -2.3170985309886123E+00 3.8420614944644871E-01
 8.8391242135184931E-03 -5.9503319580188133E-03 -1.5652693699974125E-03
0
0.0
 -1.1407996218300525E+00 -2.3170985309886123E+00 3.8420614944644871E-01
 8.6997929011088156E-03 -5.8903090823817731E-03 -1.5766934695263463E-03
0
0.0
 -1.1407996218300525E+00 -2.3170985309886123E+00 3.8420614944644871E-01
 8.9215309275377103E-03 -5.8802935734981994E-03 -1.7971768725198970E-03
0
0.0
 -1.1407996218300525E+00 -2.3170985309886123E+00 3.8420614944644871E-01
 8.8421483191793316E-03 -5.9179600662604562E-03 -1.6415477722793882E-03
0
0.0
 -1.1407996218300525E+00 -2.3170985309886123E+00 3.8420614944644871E-01
 8.9660697768946807E-03 -5.8059441470945496E-03 -1.6294403418591725E-03
0
0.0
 -1.1407996218300525E+00 -2.3170985309886123E+00 3.8420614944644871E-01
 8.8645497881211441E-03 -5.7844018987454589E-03 -1.4774543472613254E-03
0
0.0
 -1.1407996218300525E+00 -2.3170985309886123E+00 3.8420614944644871E-01
 8.6687812800197873E-03 -5.9033892574773339E-03 -1.7244062795843530E-03
0
0.0
 -1.1407996218300525E+00 -2.3170985309886123E+00 3.8420614944644871E-01
 8.8313339022533088E-03 -6.0505922158130138E-03 -1.6515137214183539E-03
0
0.0
 -1.1407996218300525E+00 -2.3170985309886123E+00 3.8420614944644871E-01
 8.7738760569018217E-03 -5.8922150441466431E-03 -1.6493727607065508E-03
0
0.0
 -1.1407996218300525E+00 -2.3170985309886123E+00 3.8420614944644871E-01
 8.8575653744685894E-03 -6.0213518106836386E-03 -1.4148521427861565E-03
0
0.0
 -1.1407996218300525E+00 -2.3170985309886123E+00 3.8420614944644871E-01
 8.6736795609004911E-03 -5.9130050478556611E-03 -1.5977602875406030E-03
0
0.0
 -1.1407996218300525E+00 -2.3170985309886123E+00 3.8420614944644871E-01
 8.8542927733424003E-03 -5.9317383509903772E-03 -1.3580518591788612E-03
0
0.0
 -1.1407996218300525E+00 -2.3170985309886123E+00 3.8420614944644871E-01
 8.8208006411781871E-03 -5.9522463868848805E-03 -1.7318431855690125E-03
0
0.0
 -1.1407996218300525E+00 -2.3170985309886123E+00 3.8420614944644871E-01
 8.8677245899411727E-03 -5.8161003525409810E-03 -1.6814347688087518E-03
0
0.0
 -1.1407996218300525E+00 -2.3170985309886123E+00 3.8420614944644871E-01
 8.7610709925748740E-03 -5.6866836042832030E-03 -1.5937252219353744E-03
0
0.0
 -1.1407996218300525E+00 -2.3170985309886123E+00 3.8420614944644871E-01
 8.8678309289225016E-03 -5.9505045975706914E-03 -1.6429765451550845E-03
0
0.0
 -1.1407996218300525E+00 -2.3170985309886123E+00 3.8420614944644871E-01
 8.6035192134253022E-03 -6.0389505223489501E-03 -1.5387187616719830E-03
0
0.0
 -1.1407996218300525E+00 -2.3170985309886123E+00 3.8420614944644871E-01
 8.4893734978491436E-03 -5.9119798940257219E-03 -1.6328732161450584E-03
0
0.0
 -1.1407996218300525E+00 -2.3170985309886123E+00 3.8420614944644871E-01
 8.7652765567064576E-03 -5.7660279702668122E-03 -1.6591775301739722E-03
0
0.0
 -1.1407996218300525E+00 -2.3170985309886123E+00 3.8420614944644871E-01
 8.6515740150110189E-03 -6.0900824323193393E-03 -1.6917134953596789E-03
0
0.0
 -1.1407996218300525E+00 -2.3170985309886123E+00 3.8420614944644871E-01
 8.7811720708829179E-03 -5.8895229710256352E-03 -1.5980020553288475E-03
0
0.0
 -1.1407996218300525E+00 -2.3170985309886123E+00 3.8420614944644871E-01
 8.8232188720850958E-03 -5.6806333362001233E-03 -1.4869216508841905E-03
0
0.0
 -1.1407996218300525E+00 -2.3170985309886123E+00 3.8420614944644871E-01
 8.7261011396657217E-03 -5.7553060975974240E-03 -1.7671592817425324E-03
0
0.0
 -1.1407996218300525E+00 -2.3170985309886123E+00 3.8420614944644871E-01
 8.9861705968779654E-03 -5.7834550174254698E-03 -1.8334116347941704E-03
0
0.0
 -1.1407996218300525E+00 -2.3170985309886123E+00 3.8420614944644871E-01
 8.7247456071422730E-03 -5.9512581027368755E-03 -1.7504651667847560E-03
0
0.0
 -1.1407996218300525E+00 -2.3170985309886123E+00 3.8420614944644871E-01
 8.9032693143719192E-03 -5.7287974350011591E-03 -1.6165415000149691E-03
0
0.0
 -1.1407996218300525E+00 -2.3170985309886123E+00 3.8420614944644871E-01
 9.0267003110866238E-03 -5.8209767614111245E-03 -1.5228612150571840E-03
0
0.0
 -1.1407996218300525E+00 -2.3170985309886123E+00 3.8420614944644871E-01
 8.7799901068411918E-03 -5.7930660012651498E-03 -1.6064097650253370E-03
0
0.0
 -1.1407996218300525E+00 -2.3170985309886123E+00 3.8420614944644871E-01
 8.6371899149427171E-03 -5.7304449148903357E-03 -1.7814353319446133E-03
0
0.0
 -1.1407996218300525E+00 -2.3170985309886123E+00 3.8420614944644871E-01
 8.9392792470043107E-03 -6.0226439304178533E-03 -1.6232695775980064E-03
0
0.0
 -1.1407996218300525E+00 -2.3170985309886123E+00 3.8420614944644871E-01
 8.8100025528473000E-03 -5.8644268752209025E-03 -1.6018743481112591E-03
0
0.0
 -1.1407996218300525E+00 -2.3170985309886123E+00 3.8420614944644871E-01
 8.7045752861040614E-03 -5.8056246121468910E-03 -1.6086495445277089E-03
0
0.0
 -1.1407996218300525E+00 -2.3170985309886123E+00 3.8420614944644871E-01
 8.6513998036639710E-03 -5.7521398349887742E-03 -1.5054312128643292E-03
0
0.0
 -1.1407996218300525E+00 -2.3170985309886123E+00 3.8420614944644871E-01
 8.7691895557600805E-03 -5.8938949026178158E-03 -1.6407180209025232E-03
0
0.0
 -1.1407996218300525E+00 -2.3170985309886123E+00 3.8420614944644871E-01
 8.7391292480170201E-03 -5.8375863875346984E-03 -1.3517501465170713E-03
0
0.0
 -1.1407996218300525E+00 -2.3170985309886123E+00 3.8420614944644871E-01
 8.6972056139746536E-03 -5.9633358681824861E-03 -1.5604437484324433E-03
0
0.0
 -1.1407996218300525E+00 -2.3170985309886123E+00 3.8420614944644871E-01
 8.7826620864873469E-03 -5.9722917185027679E-03 -1.5706379375678291E-03
0
0.0
 -1.1407996218300525E+00 -2.3170985309886123E+00 3.8420614944644871E-01
 8.8094351445587461E-03 -5.9247080190644409E-03 -1.7097825434433766E-03
0
0.0
 -1.1407996218300525E+00 -2.3170985309886123E+00 3.8420614944644871E-01
 8.5507102934529490E-03 -5.9909338423411772E-03 -1.5287866177502525E-03
0
0.0
 -1.1407996218300525E+00 -2.3170985309886123E+00 3.8420614944644871E-01
 8.5349555038578759E-03 -6.1205960187955847E-03 -1.5281591553826255E-03
0
0.0
 -1.1407996218300525E+00 -2.3170985309886123E+00 3.8420614944644871E-01
 8.7532213395998312E-03 -5.9157381053498237E-03 -1.6448985442449856E-03
0
0.0
 -1.1407996218300525E+00 -2.3170985309886123E+00 3.8420614944644871E-01
 8.7640249276259418E-03 -5.8595030633902864E-03 -1.6149444462707080E-03
0
0.0
 -1.1407996218300525E+00 -2.3170985309886123E+00 3.8420614944644871E-01
 9.0048298294597220E-03 -5.8612588200626023E-03 -1.5861886187654431E-03
0
0.0
 -1.1407996218300525E+00 -2.3170985309886123E+00 3.8420614944644871E-01
 8.8334315493348806E-03 -5.9029561950339551E-03 -1.6502472310842111E-03
0
0.0
 -1.1407996218300525E+00 -2.3170985309886123E+00 3.8420614944644871E-01
 8.9663840678537547E-03 -6.1049778896841156E-03 -1.4847833462559971E-03
0
0.0
 -1.1407996218300525E+00 -2.3170985309886123E+00 3.8420614944644871E-01
 8.9119966121696415E-03 -5.8631153683487217E-03 -1.6198733897750551E-03
0
0.0
 -1.1407996218300525E+00 -2.3170985309886123E+00 3.8420614944644871E-01
 8.8214907057687277E-03 -5.8115720389335839E-03 -1.8054332137919578E-03
0
0.0
 -1.1407996218300525E+00 -2.3170985309886123E+00 3.8420614944644871E-01
 8.8550948088633487E-03 -5.5952467593012910E-03 -1.6583729005176485E-03
0
0.0
 -1.1407996218300525E+00 -2.3170985309886123E+00 3.8420614944644871E-01
 8.7403152890165314E-03 -5.8602497678908964E-03 -1.6855564550603515E-03
0
0.0
 -1.1407996218300525E+00 -2.3170985309886123E+00 3.8420614944644871E-01
 8.7311487886472579E-03 -5.8721738930286151E-03 -1.6316054433091391E-03
0
0.0
 -1.1407996218300525E+00 -2.3170985309886123E+00 3.8420614944644871E-01
 8.7080965992998478E-03 -6.0636356450532334E-03 -1.6618597939605671E-03
0
0.0
 -1.1407996218300525E+00 -2.3170985309886123E+00 3.8420614944644871E-01
 9.0366922498041485E-03 -5.8863508601383558E-03 -1.6844491160112579E-03
0
0.0
 -1.1407996218300525E+00 -2.3170985309886123E+00 3.8420614944644871E-01
 8.9076372715938285E-03 -6.1990811204493618E-03 -1.6516757839780899E-03
0
0.0
 -1.1407996218300525E+00 -2.3170985309886123E+00 3.8420614944644871E-01
 8.7376138999590673E-03 -5.8921271919399184E-03 -1.6050505227591123E-03
0
0.0
 -1.1407996218300525E+00 -2.3170985309886123E+00 3.8420614944644871E-01
 8.6531394129566400E-03 -5.8918314564965811E-03 -1.4121466882235224E-03
0
0.0
 -1.1407996218300525E+00 -2.3170985309886123E+00 3.8420614944644871E-01
 8.8135401882856301E-03 -5.9208521490717089E-03 -1.4810357911772738E-03
0
0.0
 -1.1407996218300525E+00 -2.3170985309886123E+00 3.8420614944644871E-01
 9.0505899270763388E-03 -6.1226518395375599E-03 -1.5927322703228458E-03
0
0.0
 -1.1407996218300525E+00 -2.3170985309886123E+00 3.8420614944644871E-01
 8.5841840025841585E-03 -6.0859703384675574E-03 -1.6419140311653183E-03
0
0.0
 -1.1407996218300525E+00 -2.3170985309886123E+00 3.8420614944644871E-01
 8.9985710474347474E-03 -5.9382819188932593E-03 -1.6184154008984557E-03
0
0.0
 -1.1407996218300525E+00 -2.3170985309886123E+00 3.8420614944644871E-01
 8.7109096587252542E-03 -6.0611852051729986E-03 -1.5948517085761667E-03
0
0.0
 -1.1407996218300525E+00 -2.3170985309886123E+00 3.8420614944644871E-01
 8.7528048795932397E-03 -5.9356790371561368E-03 -1.4928242029344152E-03
0
0.0
 -1.1407996218300525E+00 -2.3170985309886123E+00 3.8420614944644871E-01
 8.6910468049774103E-03 -5.7916852229954775E-03 -1.5666519340499590E-03
0
0.0
 -1.1407996218300525E+00 -2.3170985309886123E+00 3.8420614944644871E-01
 8.8258409613281782E-03 -6.0842698895000854E-03 -1.3419123231868044E-03
0
0.0
 -1.1407996218300525E+00 -2.3170985309886123E+00 3.8420614944644871E-01
 8.7418140746143690E-03 -5.9673766589945325E-03 -1.6953883105345301E-03
0
0.0
 -1.1407996218300525E+00 -2.3170985309886123E+00 3.8420614944644871E-01
 8.8834173189664151E-03 -5.6230968835594471E-03 -1.6957617222155652E-03
0
0.0
 -1.1407996218300525E+00 -2.3170985309886123E+00 3.8420614944644871E-01
 8.8151669933802732E-03 -5.7875313990883286E-03 -1.6199658506225337E-03
0
0.0
 -1.1407996218300525E+00 -2.3170985309886123E+00 3.8420614944644871E-01
 8.7944349153032762E-03 -5.9160661891858538E-03 -1.7256508122793994E-03
0
0.0
 -1.1407996218300525E+00 -2.3170985309886123E+00 3.8420614944644871E-01
 8.7812279980818680E-03 -5.8942447155921219E-03 -1.4956561278868890E-03
0
0.0
 -1.1407996218300525E+00 -2.3170985309886123E+00 3.8420614944644871E-01
 8.8001607356162810E-03 -6.0160451484107319E-03 -1.8355761992936133E-03
0
0.0
 -1.1407996218300525E+00 -2.3170985309886123E+00 3.8420614944644871E-01
 8.5829834267387543E-03 -5.8726037939127443E-03 -1.4672215930158750E-03
0
0.0
 -1.1407996218300525E+00 -2.3170985309886123E+00 3.8420614944644871E-01
 8.7871262371424230E-03 -5.7966704177592147E-03 -1.3107707660371575E-03
0
0.0
 -1.1407996218300525E+00 -2.3170985309886123E+00 3.8420614944644871E-01
 8.8415936704024124E-03 -5.8443739345157199E-03 -1.7136838469188750E-03
0
0.0
 -1.1407996218300525E+00 -2.3170985309886123E+00 3.8420614944644871E-01
 8.7719827910604422E-03 -5.8946887453747224E-03 -1.5753121900460092E-03
0
0.0
 -1.1407996218300525E+00 -2.3170985309886123E+00 3.8420614944644871E-01
 8.9371624823225103E-03 -6.2001193495609345E-03 -1.6541514556192500E-03
0
0.0
 -1.1407996218300525E+00 -2.3170985309886123E+00 3.8420614944644871E-01
 8.8714665683079612E-03 -5.7004492119754379E-03 -1.8561147984132147E-03
0
0.0
 -1.1407996218300525E+00 -2.3170985309886123E+00 3.8420614944644871E-01
 8.7791012898776680E-03 -5.9175062640611188E-03 -1.6240977877424044E-03
0
0.0
 -1.1407996218300525E+00 -2.3170985309886123E+00 3.8420614944644871E-01
 8.7918448490651759E-03 -5.9563682836638590E-03 -1.5442424472223179E-03
0
0.0
 -1.1407996218300525E+00 -2.3170985309886123E+00 3.8420614944644871E-01
 8.8027460244868502E-03 -6.0995809438422590E-03 -1.7184968166663957E-03
0
0.0
 -1.1407996218300525E+00 -2.3170985309886123E+00 3.8420614944644871E-01
 8.9871316682568654E-03 -6.0705669352903576E-03 -1.7279191466837594E-03
0
0.0
 -1.1407996218300525E+00 -2.3170985309886123E+00 3.8420614944644871E-01
 8.7660691928320919E-03 -5.8059971692348061E-03 -1.4715550139275584E-03
0
0.0
 -1.1407996218300525E+00 -2.3170985309886123E+00 3.8420614944644871E-01
 8.5857534217072418E-03 -5.6579546219227683E-03 -1.5394556896992147E-03
0
0.0
 -1.1407996218300525E+00 -2.3170985309886123E+00 3.8420614944644871E-01
 8.8648375431944221E-03 -5.8547130725110190E-03 -1.6713993026442986E-03
0
0.0
 -1.1407996218300525E+00 -2.3170985309886123E+00 3.8420614944644871E-01
 8.6943670334040241E-03 -6.1181558569260832E-03 -1.5444477832543540E-03
0
0.0
 -1.1407996218300525E+00 -2.3170985309886123E+00 3.8420614944644871E-01
 8.7856438131541995E-03 -5.8805540563391535E-03 -1.5601592011950697E-03
0
0.0
 -1.1407996218300525E+00 -2.3170985309886123E+00 3.8420614944644871E-01
 8.8834011515758655E-03 -5.9731958679577462E-03 -1.6597725208435576E-03
0
0.0
 -1.1407996218300525E+00 -2.3170985309886123E+00 3.8420614944644871E-01
 8.6596432174207479E-03 -6.0990993501338457E-03 -1.6932440921611689E-03
0
0.0
 -1.1407996218300525E+00 -2.3170985309886123E+00 3.8420614944644871E-01
 8.7128746314158283E-03 -5.9140246071655517E-03 -1.5967299322560728E-03
0
0.0
 -1.1407996218300525E+00 -2.3170985309886123E+00 3.8420614944644871E-01
 8.9933067687646973E-03 -5.8099340831699901E-03 -1.5691279217516212E-03
0
0.0
 -1.1407996218300525E+00 -2.3170985309886123E+00 3.8420614944644871E-01
 9.0314912916664505E-03 -5.9391293790837345E-03 -1.6043147976875017E-03
0
0.0
 -1.1407996218300525E+00 -2.3170985309886123E+00 3.8420614944644871E-01
 8.6753632360550698E-03 -5.8788479415484655E-03 -1.5792266083376357E-03
0
0.0
 -1.1407996218300525E+00 -2.3170985309886123E+00 3.8420614944644871E-01
 8.8151775863681472E-03 -5.9314146940072192E-03 -1.6410133818507994E-03
0
0.0
 -1.1407996218300525E+00 -2.3170985309886123E+00 3.8420614944644871E-01
 8.7139693711392272E-03 -5.9274650446981599E-03 -1.9446680568157718E-03
0
0.0
 -1.1407996218300525E+00 -2.3170985309886123E+00 3.8420614944644871E-01
 8.8554336866766056E-03 -5.9237185421389107E-03 -1.5697956846088146E-03
0
0.0
 -1.1407996218300525E+00 -2.3170985309886123E+00 3.8420614944644871E-01
 8.6577852439230704E-03 -5.9918366139027953E-03 -1.6203289890570427E-03
0
0.0
 -1.1407996218300525E+00 -2.3170985309886123E+00 3.8420614944644871E-01
 8.5321586635314466E-03 -5.9229193346373981E-03 -1.7835516332341600E-03
0
0.0
 -1.1407996218300525E+00 -2.3170985309886123E+00 3.8420614944644871E-01
 8.8473635673309309E-03 -5.9922355614330496E-03 -1.5241947288178186E-03
0
0.0
 -1.1407996218300525E+00 -2.3170985309886123E+00 3.8420614944644871E-01
 8.7673494145518865E-03 -5.8228481481547058E-03 -1.6101012769191559E-03
0
0.0
 -1.1407996218300525E+00 -2.3170985309886123E+00 3.8420614944644871E-01
 8.7576337837210801E-03 -5.9298479054796247E-03 -1.6463336895339198E-03
0
0.0
 -1.1407996218300525E+00 -2.3170985309886123E+00 3.8420614944644871E-01
 8.5260902263973141E-03 -6.1074303701675672E-03 -1.6938813533718994E-03
0
0.0
 -1.1407996218300525E+00 -2.3170985309886123E+00 3.8420614944644871E-01
 8.6091097462904827E-03 -6.1305325435450564E-03 -1.5245974636751581E-03
0
0.0
 -1.1407996218300525E+00 -2.3170985309886123E+00 3.8420614944644871E-01
 8.8653265629273278E-03 -5.9111559689578475E-03 -1.7591855185416264E-03
0
0.0
 -1.1407996218300525E+00 -2.3170985309886123E+00 3.8420614944644871E-01
 8.6333300260741340E-03 -5.9897394275674146E-03 -1.7073772952962485E-03
0
0.0
 -1.1407996218300525E+00 -2.3170985309886123E+00 3.8420614944644871E-01
 8.6906092690951942E-03 -5.9627629698804372E-03 -1.7955589496653111E-03
0
0.0
 -1.1407996218300525E+00 -2.3170985309886123E+00 3.8420614944644871E-01
 8.6959422337253376E-03 -5.9466491965536024E-03 -1.7911884793409172E-03
0
0.0
 -1.1407996218300525E+00 -2.3170985309886123E+00 3.8420614944644871E-01
 8.9961451567371394E-03 -5.9022029362604325E-03 -1.5497238949612974E-03
0
0.0
 -1.1407996218300525E+00 -2.3170985309886123E+00 3.8420614944644871E-01
 8.8195843243467544E-03 -5.9734063851803439E-03 -1.7134716579281649E-03
0
0.0
 -1.1407996218300525E+00 -2.3170985309886123E+00 3.8420614944644871E-01
 8.8998678897202043E-03 -5.6102372863897172E-03 -1.5241691022853667E-03
0
0.0
 -1.1407996218300525E+00 -2.3170985309886123E+00 3.8420614944644871E-01
 8.7986555692630090E-03 -5.9725489144969637E-03 -1.6211278616716195E-03
0
0.0
 -1.1407996218300525E+00 -2.3170985309886123E+00 3.8420614944644871E-01
 8.9423601321654608E-03 -5.6472736332497829E-03 -1.7692440961595351E-03
0
0.0
 -1.1407996218300525E+00 -2.3170985309886123E+00 3.8420614944644871E-01
 8.8761488595873392E-03 -5.8963415062668343E-03 -1.5585444352253196E-03
0
0.0
 -1.1407996218300525E+00 -2.3170985309886123E+00 3.8420614944644871E-01
 8.5658136792912589E-03 -5.7603234683385003E-03 -1.5914298432517088E-03
0
0.0
 -1.1407996218300525E+00 -2.3170985309886123E+00 3.8420614944644871E-01
 8.6318829351321770E-03 -5.9145581821207294E-03 -1.5441946343048446E-03
0
0.0
 -1.1407996218300525E+00 -2.3170985309886123E+00 3.8420614944644871E-01
 8.7894471932912707E-03 -5.8642351916425211E-03 -1.9009074864984553E-03
0
0.0
 -1.1407996218300525E+00 -2.3170985309886123E+00 3.8420614944644871E-01
 8.8955457917048331E-03 -5.8811235549390047E-03 -1.4813682189645495E-03
0
0.0
 -1.1407996218300525E+00 -2.3170985309886123E+00 3.8420614944644871E-01
 8.8229227098608077E-03 -5.7756790772916615E-03 -1.7821216200056196E-03
0
0.0
 -1.1407996218300525E+00 -2.3170985309886123E+00 3.8420614944644871E-01
 8.8139439679824731E-03 -5.9878877926810821E-03 -1.7190396724469240E-03
0
0.0
 -1.1407996218300525E+00 -2.3170985309886123E+00 3.8420614944644871E-01
 8.8435825183690257E-03 -5.8336535728740211E-03 -1.5488760133700080E-03
0
0.0
 -1.1407996218300525E+00 -2.3170985309886123E+00 3.8420614944644871E-01
 8.7442286289564838E-03 -5.9045131324206050E-03 -1.8325659002565962E-03
0
0.0
 -1.1407996218300525E+00 -2.3170985309886123E+00 3.8420614944644871E-01
 8.7465509798975369E-03 -5.9005990419335463E-03 -1.4969636858103001E-03
0
0.0
 -1.1407996218300525E+00 -2.3170985309886123E+00 3.8420614944644871E-01
 8.6051287446574278E-03 -5.8210284445035006E-03 -1.7645130461080220E-03
0
0.0
 -1.1407996218300525E+00 -2.3170985309886123E+00 3.8420614944644871E-01
 8.8097426006194125E-03 -5.9720690621435186E-03 -1.6075885289210893E-03
0
0.0
 -1.1407996218300525E+00 -2.3170985309886123E+00 3.8420614944644871E-01
 8.5433320863308147E-03 -5.9214716881623780E-03 -1.8199484144664632E-03
0
0.0
 -1.1407996218300525E+00 -2.3170985309886123E+00 3.8420614944644871E-01
 8.7253467216464493E-03 -5.8363752645391124E-03 -1.6103494691134962E-03
0
0.0
 -1.1407996218300525E+00 -2.3170985309886123E+00 3.8420614944644871E-01
 8.7261080122543831E-03 -6.1087151989819054E-03 -1.6495908767700138E-03
0
0.0
 -1.1407996218300525E+00 -2.3170985309886123E+00 3.8420614944644871E-01
 8.6826511356571622E-03 -6.0943629077529230E-03 -1.6112654520167194E-03
0
0.0
 -1.1407996218300525E+00 -2.3170985309886123E+00 3.8420614944644871E-01
 8.7642000531251985E-03 -5.9043190543204213E-03 -1.5694993024543593E-03
0
0.0
 -1.1407996218300525E+00 -2.3170985309886123E+00 3.8420614944644871E-01
 8.8794902878416015E-03 -5.9370425735884667E-03 -1.8184215136605782E-03
0
0.0
 -1.1407996218300525E+00 -2.3170985309886123E+00 3.8420614944644871E-01
 8.7317158747126089E-03 -5.8860075431852290E-03 -1.8233131971077470E-03
0
0.0
 -1.1407996218300525E+00 -2.3170985309886123E+00 3.8420614944644871E-01
 8.8543317598207064E-03 -5.8358417610309297E-03 -1.4856945186879108E-03
0
0.0
 -1.1407996218300525E+00 -2.3170985309886123E+00 3.8420614944644871E-01
 8.8005066959312046E-03 -5.8254512453060790E-03 -1.6729997169064258E-03
0
0.0
 -1.1407996218300525E+00 -2.3170985309886123E+00 3.8420614944644871E-01
 8.8295125705588999E-03 -5.9467560816613037E-03 -1.6612454166061634E-03
0
0.0
 -1.1407996218300525E+00 -2.3170985309886123E+00 3.8420614944644871E-01
 8.7772946024610252E-03 -5.8181077983921496E-03 -1.3438579632449440E-03
0
0.0
 -1.1407996218300525E+00 -2.3170985309886123E+00 3.8420614944644871E-01
 8.7076231799796209E-03 -6.0639941019849835E-03 -1.7193104899903694E-03
0
0.0
 -1.1407996218300525E+00 -2.3170985309886123E+00 3.8420614944644871E-01
 8.7581112615609091E-03 -6.0317473535407519E-03 -1.4519196803478769E-03
0
0.0
 -1.1407996218300525E+00 -2.3170985309886123E+00 3.8420614944644871E-01
 8.8206914246089594E-03 -5.8522168414156684E-03 -1.5544111641420523E-03
0
0.0
 -1.1407996218300525E+00 -2.3170985309886123E+00 3.8420614944644871E-01
 8.7950570049224481E-03 -5.9404141450705439E-03 -1.6433631900948044E-03
0
0.0
 -1.1407996218300525E+00 -2.3170985309886123E+00 3.8420614944644871E-01
 8.6972016691925502E-03 -5.9310455441061579E-03 -1.6122617353426050E-03
0
0.0
 -1.1407996218300525E+00 -2.3170985309886123E+00 3.8420614944644871E-01
 8.7488590893282422E-03 -5.8332960256114504E-03 -1.4992092739839862E-03
0
0.0
 -1.1407996218300525E+00 -2.3170985309886123E+00 3.8420614944644871E-01
 9.0181086383697272E-03 -6.0974034798295315E-03 -1.6609455102512903E-03
0
0.0
 -1.1407996218300525E+00 -2.3170985309886123E+00 3.8420614944644871E-01
 8.7757215577306813E-03 -5.9351029318823285E-03 -1.5719340938230271E-03
0
0.0
 -1.1407996218300525E+00 -2.3170985309886123E+00 3.8420614944644871E-01
 8.9259154928882506E-03 -6.0074254854798927E-03 -1.6784903956831767E-03
0
0.0
 -1.1407996218300525E+00 -2.3170985309886123E+00 3.8420614944644871E-01
 8.8532800695515258E-03 -5.8603735104035765E-03 -1.6628692047274691E-03
0
0.0
 -1.1407996218300525E+00 -2.3170985309886123E+00 3.8420614944644871E-01
 8.8258456606141091E-03 -6.1868346086786279E-03 -1.5861706278712054E-03
0
0.0
 -1.1407996218300525E+00 -2.3170985309886123E+00 3.8420614944644871E-01
 8.6621851074438847E-03 -5.6882021930105622E-03 -1.7752286788824639E-03
0
0.0
 -1.1407996218300525E+00 -2.3170985309886123E+00 3.8420614944644871E-01
 8.8293643553903362E-03 -6.1175057063603258E-03 -1.6512351849356218E-03
0
0.0
 -1.1407996218300525E+00 -2.3170985309886123E+00 3.8420614944644871E-01
 8.7004353044120991E-03 -6.0305831978772683E-03 -1.6188058165633526E-03
0
0.0
 -1.1407996218300525E+00 -2.3170985309886123E+00 3.8420614944644871E-01
 8.4623592658547870E-03 -5.8895032472932084E-03 -1.5062793493314025E-03
0
0.0
 -1.1407996218300525E+00 -2.3170985309886123E+00 3.8420614944644871E-01
 8.5875810108559745E-03 -5.8303892255453134E-03 -1.6889755392246377E-03
0
0.0
 -1.1407996218300525E+00 -2.3170985309886123E+00 3.8420614944644871E-01
 8.7658372943471546E-03 -5.9286080914480984E-03 -1.8847877107161953E-03
0
0.0
 -1.1407996218300525E+00 -2.3170985309886123E+00 3.8420614944644871E-01
 8.6828139302213298E-03 -6.0670869143618477E-03 -1.5172392013655372E-03
0
0.0
 -1.1407996218300525E+00 -2.3170985309886123E+00 3.8420614944644871E-01
 8.6393022409444603E-03 -5.9002044325047994E-03 -1.8637601284733176E-03
0
0.0
 -1.1407996218300525E+00 -2.3170985309886123E+00 3.8420614944644871E-01
 8.8380761408824830E-03 -5.8606913136613507E-03 -1.5344638988677105E-03
0
0.0
 -1.1407996218300525E+00 -2.3170985309886123E+00 3.8420614944644871E-01
 8.7890863055375586E-03 -5.8738616792447847E-03 -1.8429208871060202E-03
0
0.0
 -1.1407996218300525E+00 -2.3170985309886123E+00 3.8420614944644871E-01
 8.8039204862093608E-03 -5.8574480873840101E-03 -1.6353540042818616E-03
0
0.0
 -1.1407996218300525E+00 -2.3170985309886123E+00 3.8420614944644871E-01
 8.7843430728262936E-03 -5.9493430709565646E-03 -1.6603317225222050E-03
0
0.0
 -1.1407996218300525E+00 -2.3170985309886123E+00 3.8420614944644871E-01
 8.6145385332373290E-03 -5.8755501863955025E-03 -1.7394028546772054E-03
0
0.0
 -1.1407996218300525E+00 -2.3170985309886123E+00 3.8420614944644871E-01
 8.7645517061854441E-03 -5.9129377914235942E-03 -1.6142244849852046E-03
0
0.0
 -1.1407996218300525E+00 -2.3170985309886123E+00 3.8420614944644871E-01
 8.7110468220558280E-03 -5.7588697065277701E-03 -1.6350540538540947E-03
0
0.0
 -1.1407996218300525E+00 -2.3170985309886123E+00 3.8420614944644871E-01
 8.8957711945664795E-03 -5.6752445052769777E-03 -1.4441033092432796E-03
0
0.0
 -1.1407996218300525E+00 -2.3170985309886123E+00 3.8420614944644871E-01
 8.7359164232148501E-03 -5.8875703534921704E-03 -1.6654826673698846E-03
0
0.0
 -1.1407996218300525E+00 -2.3170985309886123E+00 3.8420614944644871E-01
 8.7792397005747105E-03 -5.8655866162960106E-03 -1.5488461998161851E-03
0
0.0
 -1.1407996218300525E+00 -2.3170985309886123E+00 3.8420614944644871E-01
 8.6708622977338754E-03 -5.9148106601461690E-03 -1.7802614755523995E-03
0
0.0
 -1.1407996218300525E+00 -2.3170985309886123E+00 3.8420614944644871E-01
 8.7475532661058179E-03 -5.7737784450256355E-03 -1.7140925551013598E-03
0
0.0
 -1.1407996218300525E+00 -2.3170985309886123E+00 3.8420614944644871E-01
 8.5411021486139181E-03 -5.7104036409763399E-03 -1.7572730560537373E-03
0
0.0
 -1.1407996218300525E+00 -2.3170985309886123E+00 3.8420614944644871E-01
 8.7411531639448210E-03 -5.9646434928845799E-03 -1.7369890006829795E-03
0
0.0
 -1.1407996218300525E+00 -2.3170985309886123E+00 3.8420614944644871E-01
 8.7989960785898342E-03 -5.9130439735780487E-03 -1.4384343464929983E-03
0
0.0
 -1.1407996218300525E+00 -2.3170985309886123E+00 3.8420614944644871E-01
 8.8058720617886777E-03 -5.8309159862186110E-03 -1.6350406939869284E-03
0
0.0
 -1.1407996218300525E+00 -2.3170985309886123E+00 3.8420614944644871E-01
 8.9771158792493477E-03 -5.8649275208247417E-03 -1.5193298196815440E-03
0
0.0
 -1.1407996218300525E+00 -2.3170985309886123E+00 3.8420614944644871E-01
 8.7955639358136845E-03 -6.1099355723097503E-03 -1.7658417509716926E-03
0
0.0
 -1.1407996218300525E+00 -2.3170985309886123E+00 3.8420614944644871E-01
 8.8656326544158219E-03 -5.9929249372472236E-03 -1.4795325830640172E-03
0
0.0
 -1.1407996218300525E+00 -2.3170985309886123E+00 3.8420614944644871E-01
 8.8101287325070138E-03 -5.8496887648626867E-03 -1.4593167372655969E-03
0
0.0
 -1.1407996218300525E+00 -2.3170985309886123E+00 3.8420614944644871E-01
 8.7940855384892463E-03 -5.9520149267574523E-03 -1.5576501165330498E-03
0
0.0
 -1.1407996218300525E+00 -2.3170985309886123E+00 3.8420614944644871E-01
 8.5321033742637130E-03 -5.7207922872236196E-03 -1.5137913453098003E-03
0
0.0
 -1.1407996218300525E+00 -2.3170985309886123E+00 3.8420614944644871E-01
 8.7357646256870387E-03 -5.8189382833197609E-03 -1.6072183360506822E-03
0
0.0
 -1.1407996218300525E+00 -2.3170985309886123E+00 3.8420614944644871E-01
 8.7353590213474254E-03 -6.1829284549452393E-03 -1.5428212916370873E-03
0
0.0
 -1.1407996218300525E+00 -2.3170985309886123E+00 3.8420614944644871E-01
 8.9063984502519549E-03 -5.8328048029669928E-03 -1.4079575770927337E-03
0
0.0
 -1.1407996218300525E+00 -2.3170985309886123E+00 3.8420614944644871E-01
 8.7345432339319320E-03 -5.8749824415998296E-03 -1.4365119713166976E-03
0
0.0
 -1.1407996218300525E+00 -2.3170985309886123E+00 3.8420614944644871E-01
 8.7631426094090508E-03 -5.9350268289362230E-03 -1.6276953335035073E-03
0
0.0
 -1.1407996218300525E+00 -2.3170985309886123E+00 3.8420614944644871E-01
 8.7685839262026805E-03 -5.8153273123632337E-03 -1.5161787558847317E-03
0
0.0
 -1.1407996218300525E+00 -2.3170985309886123E+00 3.8420614944644871E-01
 9.0843637513448507E-03 -5.9366349914333153E-03 -1.7057090415413313E-03
0
0.0
 -1.1407996218300525E+00 -2.3170985309886123E+00 3.8420614944644871E-01
 8.7504684092986323E-03 -5.9634679809877173E-03 -1.6677177700767400E-03
0
0.0
 -1.1407996218300525E+00 -2.3170985309886123E+00 3.8420614944644871E-01
 8.9962487150385059E-03 -5.8430748479889397E-03 -1.6489695820222469E-03
0
0.0
 -1.1407996218300525E+00 -2.3170985309886123E+00 3.8420614944644871E-01
 9.0009176316020196E-03 -5.6723350309958826E-03 -1.7349309028125571E-03
0
0.0
 -1.1407996218300525E+00 -2.3170985309886123E+00 3.8420614944644871E-01
 8.9015478239984139E-03 -5.8650272639235125E-03 -1.5591532359402378E-03
0
0.0
 -1.1407996218300525E+00 -2.3170985309886123E+00 3.8420614944644871E-01
 8.6856334236850036E-03 -5.9256433080959129E-03 -1.5921257274775188E-03
0
0.0
 -1.1407996218300525E+00 -2.3170985309886123E+00 3.8420614944644871E-01
 8.9505248036191327E-03 -5.8948407872489979E-03 -1.5113736631579022E-03
0
0.0
 -1.1407996218300525E+00 -2.3170985309886123E+00 3.8420614944644871E-01
 8.8429582551649202E-03 -5.7643040875207160E-03 -1.7339762388591635E-03
0
0.0
 -1.1407996218300525E+00 -2.3170985309886123E+00 3.8420614944644871E-01
 8.9185850522926127E-03 -5.9082885699484220E-03 -1.7584968392913003E-03
0
0.0
 -1.1407996218300525E+00 -2.3170985309886123E+00 3.8420614944644871E-01
 8.8132659427461544E-03 -5.8719314155622369E-03 -1.7285960507931191E-03
0
0.0
 -1.1407996218300525E+00 -2.3170985309886123E+00 3.8420614944644871E-01
 8.7678645381732388E-03 -6.0282768751414991E-03 -1.4632904751471405E-03
0
0.0
 -1.1407996218300525E+00 -2.3170985309886123E+00 3.8420614944644871E-01
 8.7895604807463334E-03 -5.8087029743534024E-03 -1.6609750559808652E-03
0
0.0
 -1.1407996218300525E+00 -2.3170985309886123E+00 3.8420614944644871E-01
 8.6326512628109777E-03 -6.0877865848140283E-03 -1.8428547181424052E-03
0
0.0
 -1.1407996218300525E+00 -2.3170985309886123E+00 3.8420614944644871E-01
 8.6534325958706991E-03 -5.7813311904397358E-03 -1.4803151212248612E-03
0
0.0
 -1.1407996218300525E+00 -2.3170985309886123E+00 3.8420614944644871E-01
 8.7985366818597432E-03 -5.8757397000979350E-03 -1.6287865550807983E-03
0
0.0
 -1.1407996218300525E+00 -2.3170985309886123E+00 3.8420614944644871E-01
 8.7190802312875643E-03 -5.8931951936418711E-03 -1.6106132992235278E-03
0
0.0
 -1.1407996218300525E+00 -2.3170985309886123E+00 3.8420614944644871E-01
 8.7487674916731165E-03 -5.9090732624301366E-03 -1.7138413094386928E-03
0
0.0
 -1.1407996218300525E+00 -2.3170985309886123E+00 3.8420614944644871E-01
 8.6843813743164681E-03 -6.0086539996984127E-03 -1.4043232531216192E-03
0
0.0
 -1.1407996218300525E+00 -2.3170985309886123E+00 3.8420614944644871E-01
 8.9409754043953127E-03 -5.7589988991215771E-03 -1.6997206310864711E-03
0
0.0
 -1.1407996218300525E+00 -2.3170985309886123E+00 3.8420614944644871E-01
 8.6702320564954923E-03 -5.9821637854513381E-03 -1.7592318937211032E-03
0
0.0
 -1.1407996218300525E+00 -2.3170985309886123E+00 3.8420614944644871E-01
 9.0614718155168847E-03 -6.0095239430211049E-03 -1.4961124516033272E-03
0
0.0
 -1.1407996218300525E+00 -2.3170985309886123E+00 3.8420614944644871E-01
 8.7870286718199613E-03 -5.9155640502610018E-03 -1.6113085768596448E-03
0
0.0
 -1.1407996218300525E+00 -2.3170985309886123E+00 3.8420614944644871E-01
 8.7790841526695761E-03 -5.8317256505349057E-03 -1.5746957323460350E-03
0
0.0
 -1.1407996218300525E+00 -2.3170985309886123E+00 3.8420614944644871E-01
 8.7210388648850286E-03 -6.0319558800841985E-03 -1.7011821724566621E-03
0
0.0
 -1.1407996218300525E+00 -2.3170985309886123E+00 3.8420614944644871E-01
 8.9022443895202374E-03 -5.8215624137834187E-03 -1.5954187943696574E-03
0
0.0
 -1.1407996218300525E+00 -2.3170985309886123E+00 3.8420614944644871E-01
 8.8449297446964014E-03 -6.1414046848358691E-03 -1.5868496485153558E-03
0
0.0
 -1.1407996218300525E+00 -2.3170985309886123E+00 3.8420614944644871E-01
 8.8933615476418509E-03 -5.7540003366766089E-03 -1.6069695302548047E-03
0
0.0
 -1.1407996218300525E+00 -2.3170985309886123E+00 3.8420614944644871E-01
 8.9029585614676231E-03 -6.1413351463383411E-03 -1.7993857786788164E-03
0
0.0
 -1.1407996218300525E+00 -2.3170985309886123E+00 3.8420614944644871E-01
 8.8165573572274863E-03 -6.0064269790904446E-03 -1.5426292898046558E-03
0
0.0
 -1.1407996218300525E+00 -2.3170985309886123E+00 3.8420614944644871E-01
 9.0150047399780893E-03 -5.7116176851154310E-03 -1.5111982794818002E-03
0
0.0
 -1.1407996218300525E+00 -2.3170985309886123E+00 3.8420614944644871E-01
 8.8161928972756865E-03 -5.8991299080921756E-03 -1.5752089703775837E-03
0
0.0
 -1.1407996218300525E+00 -2.3170985309886123E+00 3.8420614944644871E-01
 8.8527903635125353E-03 -5.6065717050670493E-03 -1.7649433848231511E-03
0
0.0
 -1.1407996218300525E+00 -2.3170985309886123E+00 3.8420614944644871E-01
 8.8208062743577540E-03 -5.8843532044180200E-03 -1.5434441198381766E-03
0
0.0
 -1.1407996218300525E+00 -2.3170985309886123E+00 3.8420614944644871E-01
 8.6724659577107639E-03 -5.5977765763644506E-03 -1.6447342205645750E-03
0
0.0
 -1.1407996218300525E+00 -2.3170985309886123E+00 3.8420614944644871E-01
 8.7955231773734124E-03 -5.9120930943876273E-03 -1.8447840455901531E-03
0
0.0
 -1.1407996218300525E+00 -2.3170985309886123E+00 3.8420614944644871E-01
 8.8336575997253978E-03 -5.9763528815957798E-03 -1.5242491069270953E-03
0
0.0
 -1.1407996218300525E+00 -2.3170985309886123E+00 3.8420614944644871E-01
 8.8232740275409442E-03 -5.7460284583552932E-03 -1.4851093889260843E-03
0
0.0
 -1.1407996218300525E+00 -2.3170985309886123E+00 3.8420614944644871E-01
 8.6981472761943745E-03 -5.9345946603007616E-03 -1.6120699218749217E-03
0
0.0
 -1.1407996218300525E+00 -2.3170985309886123E+00 3.8420614944644871E-01
 8.6551105379596201E-03 -5.8759060336231878E-03 -1.7818561071790034E-03
0
0.0
 -1.1407996218300525E+00 -2.3170985309886123E+00 3.8420614944644871E-01
 8.8176861665007957E-03 -6.0206865548917011E-03 -1.6780259384882913E-03
0
0.0
 -1.1407996218300525E+00 -2.3170985309886123E+00 3.8420614944644871E-01
 8.6397606377031540E-03 -5.8116750772552912E-03 -1.5950690481600235E-03
0
0.0
 -1.1407996218300525E+00 -2.3170985309886123E+00 3.8420614944644871E-01
 8.6340339991769540E-03 -5.8398358543412182E-03 -1.4299108998289650E-03
0
0.0
 -1.1407996218300525E+00 -2.3170985309886123E+00 3.8420614944644871E-01
 8.7124411586963699E-03 -5.9095921585639128E-03 -1.6202629034056111E-03
0
0.0
 -1.1407996218300525E+00 -2.3170985309886123E+00 3.8420614944644871E-01
 8.7851813266385161E-03 -5.9569176445525354E-03 -1.5626122978686019E-03
0
0.0
 -1.1407996218300525E+00 -2.3170985309886123E+00 3.8420614944644871E-01
 9.0123271596945949E-03 -6.0156674438790842E-03 -1.5712153271540375E-03
0
0.0
 -1.1407996218300525E+00 -2.3170985309886123E+00 3.8420614944644871E-01
 9.0220649767647852E-03 -5.8677614455429957E-03 -1.6664768758417401E-03
0
0.0
 -1.1407996218300525E+00 -2.3170985309886123E+00 3.8420614944644871E-01
 8.6511047227922980E-03 -5.8646334593172467E-03 -1.9244820376558677E-03
0
0.0
 -1.1407996218300525E+00 -2.3170985309886123E+00 3.8420614944644871E-01
 8.7166794015709759E-03 -5.9332389905422884E-03 -1.4997860076208589E-03
0
0.0
 -1.1407996218300525E+00 -2.3170985309886123E+00 3.8420614944644871E-01
 8.8726418018264409E-03 -5.8668513615377678E-03 -1.5630551938761764E-03
0
0.0
 -1.1407996218300525E+00 -2.3170985309886123E+00 3.8420614944644871E-01
 8.5192707750245834E-03 -5.9456779274255503E-03 -1.4959722902019856E-03
0
0.0
 -1.1407996218300525E+00 -2.3170985309886123E+00 3.8420614944644871E-01
 8.8986548322189159E-03 -5.8486452314176277E-03 -1.6814835273268934E-03
0
0.0
 -1.1407996218300525E+00 -2.3170985309886123E+00 3.8420614944644871E-01
 8.8418994336943411E-03 -5.9235877033596831E-03 -1.8654946969309076E-03
0
0.0
 -1.1407996218300525E+00 -2.3170985309886123E+00 3.8420614944644871E-01
 8.7564883901764413E-03 -5.9101093641050727E-03 -1.7191208476573070E-03
0
0.0
 -1.1407996218300525E+00 -2.3170985309886123E+00 3.8420614944644871E-01
 8.7569229180586416E-03 -6.0402158964889081E-03 -1.6882653138677042E-03
0
0.0
 -1.1407996218300525E+00 -2.3170985309886123E+00 3.8420614944644871E-01
 8.7207804872404780E-03 -5.6996829841197806E-03 -1.6864598824992750E-03
0
0.0
 -1.1407996218300525E+00 -2.3170985309886123E+00 3.8420614944644871E-01
 8.8674025549429127E-03 -5.8462536793171243E-03 -1.4935031004908528E-03
0
0.0
 -1.1407996218300525E+00 -2.3170985309886123E+00 3.8420614944644871E-01
 8.8178382642237069E-03 -6.0237856624988199E-03 -1.5088585134900574E-03
0
0.0
 -1.1407996218300525E+00 -2.3170985309886123E+00 3.8420614944644871E-01
 8.7753011095648772E-03 -6.0509839709613905E-03 -1.6712072206812297E-03
0
0.0
 -1.1407996218300525E+00 -2.3170985309886123E+00 3.8420614944644871E-01
 8.6987843080181954E-03 -6.1138228385273375E-03 -1.6229703663743398E-03
0
0.0
 -1.1407996218300525E+00 -2.3170985309886123E+00 3.8420614944644871E-01
 8.7651781432728539E-03 -5.6650986243842513E-03 -1.8066244502753025E-03
0
0.0
 -1.1407996218300525E+00 -2.3170985309886123E+00 3.8420614944644871E-01
 8.5751125207978139E-03 -5.8957140886291282E-03 -1.4084671749422400E-03
0
0.0
 -1.1407996218300525E+00 -2.3170985309886123E+00 3.8420614944644871E-01
 8.8746935317794793E-03 -5.9468506366627261E-03 -1.5125754730470307E-03
0
0.0
 -1.1407996218300525E+00 -2.3170985309886123E+00 3.8420614944644871E-01
 8.5865139828853292E-03 -5.9257991971063701E-03 -1.8244585451837479E-03
0
0.0
 -1.1407996218300525E+00 -2.3170985309886123E+00 3.8420614944644871E-01
 8.8628407810214492E-03 -6.1606256449408623E-03 -1.5935429865342203E-03
0
0.0
 -1.1407996218300525E+00 -2.3170985309886123E+00 3.8420614944644871E-01
 8.5393553517827403E-03 -6.0013101150131545E-03 -1.8394426533480438E-03
0
0.0
 -1.1407996218300525E+00 -2.3170985309886123E+00 3.8420614944644871E-01
 8.5705523035479424E-03 -5.9043508962811934E-03 -1.6819239787266196E-03
0
0.0
 -1.1407996218300525E+00 -2.3170985309886123E+00 3.8420614944644871E-01
 8.7852524135424489E-03 -5.6766617990495006E-03 -1.6662474377220832E-03
0
0.0
 -1.1407996218300525E+00 -2.3170985309886123E+00 3.8420614944644871E-01
 8.9003527793559221E-03 -6.1405577934592294E-03 -1.6075812744162235E-03
0
0.0
 -1.1407996218300525E+00 -2.3170985309886123E+00 3.8420614944644871E-01
 8.8170029338978800E-03 -5.8794381182233173E-03 -1.8189235887331834E-03
0
0.0
 -1.1407996218300525E+00 -2.3170985309886123E+00 3.8420614944644871E-01
 8.6250561524179072E-03 -5.9975145460088811E-03 -1.7190413440923116E-03
0
0.0
 -1.1407996218300525E+00 -2.3170985309886123E+00 3.8420614944644871E-01
 8.6459512290264738E-03 -5.9515041933000034E-03 -1.4675352302031932E-03
0
0.0
 -1.1407996218300525E+00 -2.3170985309886123E+00 3.8420614944644871E-01
 8.8574171517384042E-03 -5.8697857406057544E-03 -1.5874874978000896E-03
0
0.0
 -1.1407996218300525E+00 -2.3170985309886123E+00 3.8420614944644871E-01
 8.9856241924324738E-03 -5.9118906833956061E-03 -1.7232554510355680E-03
0
0.0
 -1.1407996218300525E+00 -2.3170985309886123E+00 3.8420614944644871E-01
 8.7593218159118334E-03 -5.7561719443554715E-03 -1.5630374040160998E-03
0
0.0
 -1.1407996218300525E+00 -2.3170985309886123E+00 3.8420614944644871E-01
 8.6343500668584691E-03 -5.7336279581598837E-03 -1.7616221240022789E-03
0
0.0
 -1.1407996218300525E+00 -2.3170985309886123E+00 3.8420614944644871E-01
 8.8460431243833522E-03 -5.8192747070542634E-03 -1.7789248811128082E-03
0
0.0
 -1.1407996218300525E+00 -2.3170985309886123E+00 3.8420614944644871E-01
 8.7114315846425882E-03 -5.8167249751113993E-03 -1.6711359736564712E-03
0
0.0
 -1.1407996218300525E+00 -2.3170985309886123E+00 3.8420614944644871E-01
 8.6642222426608524E-03 -5.8569841235227302E-03 -1.4637024063865840E-03
0
0.0
 -1.1407996218300525E+00 -2.3170985309886123E+00 3.8420614944644871E-01
 8.5314688053963212E-03 -5.8840315119489395E-03 -1.4424828175850753E-03
0
0.0
 -1.1407996218300525E+00 -2.3170985309886123E+00 3.8420614944644871E-01
 9.0814160607786982E-03 -5.9610403163903340E-03 -1.6029479722130021E-03
0
0.0
 -1.1407996218300525E+00 -2.3170985309886123E+00 3.8420614944644871E-01
 8.8610484351786135E-03 -5.8654344166754651E-03 -1.5658996869819409E-03
0
0.0
 -1.1407996218300525E+00 -2.3170985309886123E+00 3.8420614944644871E-01
 8.6690590258598592E-03 -6.0576494289897110E-03 -1.6829460596481419E-03
0
0.0
 -1.1407996218300525E+00 -2.3170985309886123E+00 3.8420614944644871E-01
 8.7017144019562037E-03 -5.9038561828592268E-03 -1.9536707949251225E-03
0
0.0
 -1.1407996218300525E+00 -2.3170985309886123E+00 3.8420614944644871E-01
 8.8550263527868173E-03 -5.8956661703405818E-03 -1.6297071468316631E-03
0
0.0
 -1.1407996218300525E+00 -2.3170985309886123E+00 3.8420614944644871E-01
 8.8781640320915785E-03 -5.7693860417670174E-03 -1.6646765092388530E-03
0
0.0
 -1.1407996218300525E+00 -2.3170985309886123E+00 3.8420614944644871E-01
 8.8164687393749528E-03 -5.8396002989615572E-03 -1.6459009156705191E-03
0
0.0
 -1.1407996218300525E+00 -2.3170985309886123E+00 3.8420614944644871E-01
 8.6943436146022721E-03 -5.8889927270940308E-03 -1.6054252401989098E-03
0
0.0
 -1.1407996218300525E+00 -2.3170985309886123E+00 3.8420614944644871E-01
 8.8228018575235070E-03 -5.9589063778225718E-03 -1.5447198474701487E-03
0
0.0
 -1.1407996218300525E+00 -2.3170985309886123E+00 3.8420614944644871E-01
 8.6028821112443359E-03 -6.0382975260800673E-03 -1.5404247875766570E-03
0
0.0
 -1.1407996218300525E+00 -2.3170985309886123E+00 3.8420614944644871E-01
 8.6970731678868134E-03 -5.9043120406306170E-03 -1.4095846200180020E-03
0
0.0
 -1.1407996218300525E+00 -2.3170985309886123E+00 3.8420614944644871E-01
 8.8970873850375103E-03 -5.9017855654724845E-03 -1.6969604841292176E-03
0
0.0
 -1.1407996218300525E+00 -2.3170985309886123E+00 3.8420614944644871E-01
 8.7169521645875953E-03 -5.7840098769311628E-03 -1.6702712572455693E-03
0
0.0
 -1.1407996218300525E+00 -2.3170985309886123E+00 3.8420614944644871E-01
 8.8252869459928274E-03 -5.9788410155046665E-03 -1.4657516372532230E-03
0
0.0
 -1.1407996218300525E+00 -2.3170985309886123E+00 3.8420614944644871E-01
 8.8345464790396226E-03 -5.7957024157119690E-03 -1.5295602424967847E-03
0
0.0
 -1.1407996218300525E+00 -2.3170985309886123E+00 3.8420614944644871E-01
 9.0204224722557590E-03 -5.8218130578557292E-03 -1.5006231506231617E-03
0
0.0
 -1.1407996218300525E+00 -2.3170985309886123E+00 3.8420614944644871E-01
 8.8154408132430744E-03 -5.8771010192633279E-03 -1.6793510102862969E-03
0
0.0
 -1.1407996218300525E+00 -2.3170985309886123E+00 3.8420614944644871E-01
 8.6625847131688340E-03 -5.8645506799079707E-03 -1.8485346757753766E-03
0
0.0
 -1.1407996218300525E+00 -2.3170985309886123E+00 3.8420614944644871E-01
 8.9525169790544718E-03 -5.9360840543113179E-03 -1.6753552236924167E-03
0
0.0
 -1.1407996218300525E+00 -2.3170985309886123E+00 3.8420614944644871E-01
 8.7587102460091014E-03 -5.9095427124209376E-03 -1.5718591429751141E-03
0
0.0
 -1.1407996218300525E+00 -2.3170985309886123E+00 3.8420614944644871E-01
 8.7290525411867249E-03 -5.8710653340592056E-03 -1.4902636708695224E-03
0
0.0
 -1.1407996218300525E+00 -2.3170985309886123E+00 3.8420614944644871E-01
 8.7933018672711125E-03 -6.0109178706451482E-03 -1.6828668050510246E-03
0
0.0
 -1.1407996218300525E+00 -2.3170985309886123E+00 3.8420614944644871E-01
 8.7529776565796191E-03 -5.7580556817712842E-03 -1.7201146533350462E-03
0
0.0
 -1.1407996218300525E+00 -2.3170985309886123E+00 3.8420614944644871E-01
 9.1184326301508179E-03 -5.8276439267031781E-03 -1.6130236504591268E-03
0
0.0
 -1.1407996218300525E+00 -2.3170985309886123E+00 3.8420614944644871E-01
 8.8744968385710485E-03 -5.8131636045711246E-03 -1.7009060401429251E-03
0
0.0
 -1.1407996218300525E+00 -2.3170985309886123E+00 3.8420614944644871E-01
 8.6620911671463612E-03 -5.7834768146069948E-03 -1.7806762049986712E-03
0
0.0
 -1.1407996218300525E+00 -2.3170985309886123E+00 3.8420614944644871E-01
 8.4959669078976674E-03 -6.0932373022789888E-03 -1.6131146224663427E-03
0
0.0
 -1.1407996218300525E+00 -2.3170985309886123E+00 3.8420614944644871E-01
 8.7689711855694023E-03 -5.8098065215881362E-03 -1.7998468708400547E-03
0
0.0
 -1.1407996218300525E+00 -2.3170985309886123E+00 3.8420614944644871E-01
 9.0404269432502807E-03 -5.9788177599611374E-03 -1.5050159685492943E-03
0
0.0
 -1.1407996218300525E+00 -2.3170985309886123E+00 3.8420614944644871E-01
 8.8360965119327842E-03 -5.6606268243494535E-03 -1.5187251819319305E-03
0
0.0
 -1.1407996218300525E+00 -2.3170985309886123E+00 3.8420614944644871E-01
 8.7794607464270098E-03 -5.9846964154761945E-03 -1.3949087037555060E-03
0
0.0
 -1.1407996218300525E+00 -2.3170985309886123E+00 3.8420614944644871E-01
 8.8316667411716884E-03 -5.9195307815484207E-03 -1.5890691431755077E-03
0
0.0
 -1.1407996218300525E+00 -2.3170985309886123E+00 3.8420614944644871E-01
 9.0635677389196197E-03 -5.9923870148114577E-03 -1.4852046816744889E-03
0
0.0
 -1.1407996218300525E+00 -2.3170985309886123E+00 3.8420614944644871E-01
 8.8600980810451865E-03 -6.0275021762464312E-03 -1.8891456992216435E-03
0
0.0
 -1.1407996218300525E+00 -2.3170985309886123E+00 3.8420614944644871E-01
 8.7817727786992927E-03 -5.9665565184722821E-03 -1.5856077906520791E-03
0
0.0
 -1.1407996218300525E+00 -2.3170985309886123E+00 3.8420614944644871E-01
 8.6192926540763198E-03 -5.7669949098235126E-03 -1.7982437455009710E-03
0
0.0
 -1.1407996218300525E+00 -2.3170985309886123E+00 3.8420614944644871E-01
 8.7521647753407931E-03 -5.9202233574895168E-03 -1.5152083323755968E-03
0
0.0
 -1.1407996218300525E+00 -2.3170985309886123E+00 3.8420614944644871E-01
 8.7033308525156245E-03 -5.9643906172582957E-03 -1.6516059078798657E-03
0
0.0
 -1.1407996218300525E+00 -2.3170985309886123E+00 3.8420614944644871E-01
 8.7558819428661134E-03 -6.1767927800555726E-03 -1.6224460524304105E-03
0
0.0
 -1.1407996218300525E+00 -2.3170985309886123E+00 3.8420614944644871E-01
 8.7862200332884666E-03 -5.8039432654888191E-03 -1.5466729555846748E-03
0
0.0
 -1.1407996218300525E+00 -2.3170985309886123E+00 3.8420614944644871E-01
 8.7793045640622673E-03 -6.0409682982725827E-03 -1.4805048706880925E-03
0
0.0
 -1.1407996218300525E+00 -2.3170985309886123E+00 3.8420614944644871E-01
 8.9653882806214873E-03 -5.8959725831144779E-03 -1.6853353972828499E-03
0
0.0
 -1.1407996218300525E+00 -2.3170985309886123E+00 3.8420614944644871E-01
 8.6910976680609417E-03 -5.9593100703509011E-03 -1.3699521528378336E-03
0
0.0
 -1.1407996218300525E+00 -2.3170985309886123E+00 3.8420614944644871E-01
 8.7699690032205495E-03 -5.8612800196576574E-03 -1.6507008351557963E-03
0
0.0
 -1.1407996218300525E+00 -2.3170985309886123E+00 3.8420614944644871E-01
 8.8224486326569408E-03 -5.6703852035525091E-03 -1.4953949611844382E-03
0
0.0
