50
 -1.1407996218300525E+00 -2.3170985309886123E+00 3.8420614944644871E-01
 8.7398412770351049E-03 -5.8732041950666893E-03 -1.4210293371405610E-03
0
0.0
 -1.1407996218300525E+00 -2.3170985309886123E+00 3.8420614944644871E-01
 8.8479677446544544E-03 -5.6704950276485061E-03 -1.5019980787208942E-03
0
0.0
 -1.1407996218300525E+00 -2.3170985309886123E+00 3.8420614944644871E-01
 8.6737049020807807E-03 -5.7879339425619255E-03 -1.6229649596406596E-03
0
0.0
 -1.1407996218300525E+00 -2.3170985309886123E+00 3.8420614944644871E-01
 8.9457828899650142E-03 -5.9343090806286136E-03 -1.6963368844564852E-03
0
0.0
 -1.1407996218300525E+00 -2.3170985309886123E+00 3.8420614944644871E-01
 8.9565914490837163E-03 -6.0324304514589554E-03 -1.4188734537256870E-03
0
0.0
 -1.1407996218300525E+00 -2.3170985309886123E+00 3.8420614944644871E-01
 8.8180073673822627E-03 -6.0713343042170555E-03 -1.6356426380726872E-03
0
0.0
 -1.1407996218300525E+00 -2.3170985309886123E+00 3.8420614944644871E-01
 8.9113192031739594E-03 -5.8907439980733101E-03 -1.6417595795112613E-03
0
0.0
 -1.1407996218300525E+00 -2.3170985309886123E+00 3.8420614944644871E-01
 8.8843282350911969E-03 -5.9320831441732743E-03 -1.6749593471476723E-03
0
0.0
 -1.1407996218300525E+00 -2.3170985309886123E+00 3.8420614944644871E-01
 8.6702706630240392E-03 -5.9184608154515218E-03 -1.7087167550920179E-03
0
0.0
 -1.1407996218300525E+00 -2.3170985309886123E+00 3.8420614944644871E-01
 8.7478368318467635E-03 -5.6549622311797667E-03 -1.4819173797642256E-03
0
0.0
 -1.1407996218300525E+00 -2.3170985309886123E+00 3.8420614944644871E-01
 8.6710853021629286E-03 -6.0726554502445089E-03 -1.7345450656314765E-03
0
0.0
 -1.1407996218300525E+00 -2.3170985309886123E+00 3.8420614944644871E-01
 8.7663874685305204E-03 -5.9164450264081033E-03 -1.6327865166981823E-03
0
0.0
 -1.1407996218300525E+00 -2.3170985309886123E+00 3.8420614944644871E-01
 8.6807243158895722E-03 -5.8599337173526906E-03 -1.5050831128889486E-03
0
0.0
 -1.1407996218300525E+00 -2.3170985309886123E+00 3.8420614944644871E-01
 8.9948929147167130E-03 -5.9177399482855334E-03 -1.5799221826391788E-03
0
0.0
 -1.1407996218300525E+00 -2.3170985309886123E+00 3.8420614944644871E-01
 8.6363744758081954E-03 -5.9301546759984213E-03 -1.5299811093990911E-03
0
0.0
 -1.1407996218300525E+00 -2.3170985309886123E+00 3.8420614944644871E-01
 8.8812756620204290E-03 -5.9091814005446993E-03 -1.6195427591940053E-03
0
0.0
 -1.1407996218300525E+00 -2.3170985309886123E+00 3.8420614944644871E-01
 8.7071945919511406E-03 -5.7734664964235538E-03 -1.5716775598319738E-03
0
0.0
 -1.1407996218300525E+00 -2.3170985309886123E+00 3.8420614944644871E-01
 8.8236534208700427E-03 -5.8653916782270199E-03 -1.5580721601999689E-03
0
0.0
 -1.1407996218300525E+00 -2.3170985309886123E+00 3.8420614944644871E-01
 8.7049817908740508E-03 -5.9103787654131851E-03 -1.6325170189654169E-03
0
0.0
 -1.1407996218300525E+00 -2.3170985309886123E+00 3.8420614944644871E-01
 8.8364432196919359E-03 -5.9867094342837476E-03 -1.8864209675666039E-03
0
0.0
 -1.1407996218300525E+00 -2.3170985309886123E+00 3.8420614944644871E-01
 8.5586318373508004E-03 -5.7137980365690464E-03 -1.5904953418522101E-03
0
0.0
 -1.1407996218300525E+00 -2.3170985309886123E+00 3.8420614944644871E-01
 8.8127580795906522E-03 -6.0169215453248761E-03 -1.4806128443883150E-03
0
0.0
 -1.1407996218300525E+00 -2.3170985309886123E+00 3.8420614944644871E-01
 8.8451857673999077E-03 -5.7401266902111486E-03 -1.7915583427294038E-03
0
0.0
 -1.1407996218300525E+00 -2.3170985309886123E+00 3.8420614944644871E-01
 8.7203831625425315E-03 -6.0905299458032768E-03 -1.4685966119909097E-03
0
0.0
 -1.1407996218300525E+00 -2.3170985309886123E+00 3.8420614944644871E-01
 8.7840461046854081E-03 -5.7282410403017509E-03 -1.6024099247081971E-03
0
0.0
 -1.1407996218300525E+00 -2.3170985309886123E+00 3.8420614944644871E-01
 8.7853343044960747E-03 -5.9038766760930493E-03 -1.6346916844255065E-03
0
0.0
 -1.1407996218300525E+00 -2.3170985309886123E+00 3.8420614944644871E-01
 8.6454478545976692E-03 -5.8851394206637219E-03 -1.5586572153334518E-03
0
0.0
 -1.1407996218300525E+00 -2.3170985309886123E+00 3.8420614944644871E-01
 8.5317386938552030E-03 -5.9309684599573960E-03 -1.6459763049760229E-03
0
0.0
 -1.1407996218300525E+00 -2.3170985309886123E+00 3.8420614944644871E-01
 8.8246509449722756E-03 -5.8040221142280001E-03 -1.6551632722657820E-03
0
0.0
 -1.1407996218300525E+00 -2.3170985309886123E+00 3.8420614944644871E-01
 8.7847596628738700E-03 -5.8433117539094231E-03 -1.5900390536898966E-03
0
0.0
 -1.1407996218300525E+00 -2.3170985309886123E+00 3.8420614944644871E-01
 8.9334255931699334E-03 -5.8124868217452330E-03 -1.5601118020229592E-03
0
0.0
 -1.1407996218300525E+00 -2.3170985309886123E+00 3.8420614944644871E-01
 8.7766939352403768E-03 -5.9112052578400680E-03 -1.5847287480338912E-03
0
0.0
 -1.1407996218300525E+00 -2.3170985309886123E+00 3.8420614944644871E-01
 8.6054640337398201E-03 -5.9494417322857344E-03 -1.5862834786271401E-03
0
0.0
 -1.1407996218300525E+00 -2.3170985309886123E+00 3.8420614944644871E-01
 8.6137609704704000E-03 -6.0245536547281842E-03 -1.8615208845584911E-03
0
0.0
 -1.1407996218300525E+00 -2.3170985309886123E+00 3.8420614944644871E-01
 8.7319268672971188E-03 -5.7242882579430516E-03 -1.8865761680939373E-03
0
0.0
 -1.1407996218300525E+00 -2.3170985309886123E+00 3.8420614944644871E-01
 8.9426648806514575E-03 -6.0529507835541006E-03 -1.5931516935533967E-03
0
0.0
 -1.1407996218300525E+00 -2.3170985309886123E+00 3.8420614944644871E-01
 8.8663394608741296E-03 -5.9191793251115229E-03 -1.5678597414447513E-03
0
0.0
 -1.1407996218300525E+00 -2.3170985309886123E+00 3.8420614944644871E-01
 8.8391432728731952E-03 -5.7713618706912093E-03 -1.6995439822092659E-03
0
0.0
 -1.1407996218300525E+00 -2.3170985309886123E+00 3.8420614944644871E-01
 8.8780129232586338E-03 -5.9112582236786658E-03 -1.7762401640918032E-03
0
0.0
 -1.1407996218300525E+00 -2.3170985309886123E+00 3.8420614944644871E-01
 8.8050381978938431E-03 -5.8457023468015124E-03 -1.4957537319803048E-03
0
0.0
 -1.1407996218300525E+00 -2.3170985309886123E+00 3.8420614944644871E-01
 8.9293238446373040E-03 -5.9609285630227646E-03 -1.9075749437214317E-03
0
0.0
 -1.1407996218300525E+00 -2.3170985309886123E+00 3.8420614944644871E-01
 8.6669488397413987E-03 -5.7725055529550670E-03 -1.7129484716113983E-03
0
0.0
 -1.1407996218300525E+00 -2.3170985309886123E+00 3.8420614944644871E-01
 8.6708330177719620E-03 -6.0647198671712737E-03 -1.5379348099410655E-03
0
0.0
 -1.1407996218300525E+00 -2.3170985309886123E+00 3.8420614944644871E-01
 8.7818962074864178E-03 -5.6599134403925912E-03 -1.4412271811552520E-03
0
0.0
 -1.1407996218300525E+00 -2.3170985309886123E+00 3.8420614944644871E-01
 8.7555486272936963E-03 -5.6797177096525858E-03 -1.5063680383803964E-03
0
0.0
 -1.1407996218300525E+00 -2.3170985309886123E+00 3.8420614944644871E-01
 8.8020068197212364E-03 -6.1220379459280350E-03 -1.6823060136665186E-03
0
0.0
 -1.1407996218300525E+00 -2.3170985309886123E+00 3.8420614944644871E-01
 8.7150089293063244E-03 -5.9833649348550169E-03 -1.6826826274137453E-03
0
0.0
 -1.1407996218300525E+00 -2.3170985309886123E+00 3.8420614944644871E-01
 8.8631698617658867E-03 -5.9167478722247230E-03 -1.7605496770691786E-03
0
0.0
 -1.1407996218300525E+00 -2.3170985309886123E+00 3.8420614944644871E-01
 8.6621178809453622E-03 -5.8072184891939885E-03 -1.7981483916481942E-03
0
0.0
 -1.1407996218300525E+00 -2.3170985309886123E+00 3.8420614944644871E-01
 8.7934084770153534E-03 -6.1997614336698108E-03 -1.4832881010134922E-03
0
0.0
