20
 -1.1407996218300525E+00 -2.3170985309886123E+00 3.8420614944644871E-01
 8.9327401929511496E-03 -6.0191550436852793E-03 -1.6992253616140173E-03
0
0.0
 -1.1407996218300525E+00 -2.3170985309886123E+00 3.8420614944644871E-01
 8.7876176119538445E-03 -6.0341913327729996E-03 -1.8653256433415390E-03
0
0.0
 -1.1407996218300525E+00 -2.3170985309886123E+00 3.8420614944644871E-01
 8.9272848024248702E-03 -5.7074104411201036E-03 -1.7231980499328140E-03
0
0.0
 -1.1407996218300525E+00 -2.3170985309886123E+00 3.8420614944644871E-01
 8.8227128601007631E-03 -5.7694129019645367E-03 -1.6620886416384756E-03
0
0.0
 -1.1407996218300525E+00 -2.3170985309886123E+00 3.8420614944644871E-01
 8.8225333283196775E-03 -5.9001707300977025E-03 -1.6766847270267547E-03
0
0.0
 -1.1407996218300525E+00 -2.3170985309886123E+00 3.8420614944644871E-01
 8.7310919306033234E-03 -5.9726475712626641E-03 -1.7325011953668666E-03
0
0.0
 -1.1407996218300525E+00 -2.3170985309886123E+00 3.8420614944644871E-01
 8.8989362732305802E-03 -5.7364463347521185E-03 -1.8357582571767192E-03
0
0.0
 -1.1407996218300525E+00 -2.3170985309886123E+00 3.8420614944644871E-01
 8.9332726350350583E-03 -5.7328148061921583E-03 -1.3916138283644834E-03
0
0.0
 -1.1407996218300525E+00 -2.3170985309886123E+00 3.8420614944644871E-01
 8.5067166255268674E-03 -5.9704559988637430E-03 -1.6614985304537165E-03
0
0.0
 -1.1407996218300525E+00 -2.3170985309886123E+00 3.8420614944644871E-01
 8.8554332597757784E-03 -5.7213116637604483E-03 -1.6188633741209719E-03
0
0.0
 -1.1407996218300525E+00 -2.3170985309886123E+00 3.8420614944644871E-01
 8.8499239216582141E-03 -5.9525883560123871E-03 -1.6206494197007150E-03
0
0.0
 -1.1407996218300525E+00 -2.3170985309886123E+00 3.8420614944644871E-01
 8.8828774020959234E-03 -6.0443980522139019E-03 -1.8085439118951706E-03
0
0.0
 -1.1407996218300525E+00 -2.3170985309886123E+00 3.8420614944644871E-01
 8.7655651935543439E-03 -5.9281400546022578E-03 -1.6215244327108429E-03
0
0.0
 -1.1407996218300525E+00 -2.3170985309886123E+00 3.8420614944644871E-01
 8.6965896468736217E-03 -6.0443027348893695E-03 -1.3609834863327970E-03
0
0.0
 -1.1407996218300525E+00 -2.3170985309886123E+00 3.8420614944644871E-01
 9.0302890971532008E-03 -5.8687900704841034E-03 -1.8507958435608229E-03
0
0.0
 -1.1407996218300525E+00 -2.3170985309886123E+00 3.8420614944644871E-01
 8.8135835431661837E-03 -5.9488918949059518E-03 -1.6725851563162398E-03
0
0.0
 -1.1407996218300525E+00 -2.3170985309886123E+00 3.8420614944644871E-01
 8.8843937571739511E-03 -5.9317763831264973E-03 -1.8437883878878692E-03
0
0.0
 -1.1407996218300525E+00 -2.3170985309886123E+00 3.8420614944644871E-01
 8.7793570596755889E-03 -5.9346797957971088E-03 -1.6141919251974638E-03
0
0.0
 -1.1407996218300525E+00 -2.3170985309886123E+00 3.8420614944644871E-01
 8.7865859725693128E-03 -6.0007942521194280E-03 -1.6639093746935499E-03
0
0.0
 -1.1407996218300525E+00 -2.3170985309886123E+00 3.8420614944644871E-01
 8.5824102449407573E-03 -6.0327336980598601E-03 -1.5959861647818006E-03
0
0.0
