20
 -1.1407996218300525E+00 -2.3170985309886123E+00 3.8420614944644871E-01
 8.9233161052010655E-03 -5.9034602041510582E-03 -1.8820730000016412E-03
0
0.0
 -1.1407996218300525E+00 -2.3170985309886123E+00 3.8420614944644871E-01
 8.7241751453875100E-03 -5.8887167123250744E-03 -1.4159661952407988E-03
0
0.0
 -1.1407996218300525E+00 -2.3170985309886123E+00 3.8420614944644871E-01
 8.7858284910958592E-03 -5.6782227882707439E-03 -1.4228122444267380E-03
0
0.0
 -1.1407996218300525E+00 -2.3170985309886123E+00 3.8420614944644871E-01
 8.6649810056643878E-03 -6.0098349148881517E-03 -1.5068983096769601E-03
0
0.0
 -1.1407996218300525E+00 -2.3170985309886123E+00 3.8420614944644871E-01
 8.8575654984380213E-03 -5.8092840156173838E-03 -1.4241452512569043E-03
0
0.0
 -1.1407996218300525E+00 -2.3170985309886123E+00 3.8420614944644871E-01
 8.7310403288729087E-03 -6.0154089501726852E-03 -1.6103067297628618E-03
0
0.0
 -1.1407996218300525E+00 -2.3170985309886123E+00 3.8420614944644871E-01
 8.9238793117119887E-03 -5.9529809255803590E-03 -1.7299696787466251E-03
0
0.0
 -1.1407996218300525E+00 -2.3170985309886123E+00 3.8420614944644871E-01
 8.9558673330675728E-03 -5.6747296706073811E-03 -1.7457228982343804E-03
0
0.0
 -1.1407996218300525E+00 -2.3170985309886123E+00 3.8420614944644871E-01
 8.8467523863385213E-03 -5.9620222559605904E-03 -1.6539889910836812E-03
0
0.0
 -1.1407996218300525E+00 -2.3170985309886123E+00 3.8420614944644871E-01
 8.7280754776393448E-03 -5.8955960274689172E-03 -1.8716597309454709E-03
0
0.0
 -1.1407996218300525E+00 -2.3170985309886123E+00 3.8420614944644871E-01
 8.7287923847759463E-03 -5.7598688616965947E-03 -1.8718793204239679E-03
0
0.0
 -1.1407996218300525E+00 -2.3170985309886123E+00 3.8420614944644871E-01
 8.9246195138335555E-03 -6.1489099749357633E-03 -1.6779357122614859E-03
0
0.0
 -1.1407996218300525E+00 -2.3170985309886123E+00 3.8420614944644871E-01
 8.6529819349716441E-03 -5.7898496974017541E-03 -1.8658710346445184E-03
0
0.0
 -1.1407996218300525E+00 -2.3170985309886123E+00 3.8420614944644871E-01
 9.0007656165823711E-03 -5.7248388246375955E-03 -1.7489781511826391E-03
0
0.0
 -1.1407996218300525E+00 -2.3170985309886123E+00 3.8420614944644871E-01
 8.7464875168836859E-03 -5.9062708616753204E-03 -1.5852005860122512E-03
0
0.0
 -1.1407996218300525E+00 -2.3170985309886123E+00 3.8420614944644871E-01
 8.6585750204910637E-03 -5.9178217860454928E-03 -1.8348696005192487E-03
0
0.0
 -1.1407996218300525E+00 -2.3170985309886123E+00 3.8420614944644871E-01
 8.6323313653946122E-03 -5.9431861246165129E-03 -1.4979949829160531E-03
0
0.0
 -1.1407996218300525E+00 -2.3170985309886123E+00 3.8420614944644871E-01
 8.9620286147920041E-03 -5.9248075753971074E-03 -1.6305140061539710E-03
0
0.0
 -1.1407996218300525E+00 -2.3170985309886123E+00 3.8420614944644871E-01
 8.7220419918922609E-03 -5.9830144678980641E-03 -1.6652710528476835E-03
0
0.0
 -1.1407996218300525E+00 -2.3170985309886123E+00 3.8420614944644871E-01
 8.9812278396737347E-03 -5.7651161947622834E-03 -1.5306335969596336E-03
0
0.0
