20
-1
1
  0.48761325   0.30229497  -0.81905499  5.13067716e-04
 -0.41358251  -0.58093501  -0.70104495  2.95258287e-04
 -0.67096237  -0.64108385   0.37258689  2.43278129e-04
  0.67922656   0.49882848  -0.53835066  2.95359256e-04
  0.45379116   0.52223753   0.72203985  3.69620513e-04
 -0.92215726   0.35806056   0.14635102  2.21883837e-04
 -0.75926111   0.10425446   0.64238117  6.58616488e-04
  0.77870943   0.55418251  -0.29409755  1.53253425e-04
  0.94763454   0.25350178   0.19423084  4.01207889e-04
 -0.72070723   0.65897426  -0.21525340  1.68964857e-04
 -0.52492614  -0.27129974  -0.80675213  1.62798753e-04
  0.48833390   0.38223174   0.78449277  3.49326379e-04
 -0.31585560   0.88253350  -0.34838177  4.38939060e-04
  0.99044347  -0.08623449   0.10763522  2.62706365e-04
 -0.72496153   0.68316092   0.08787451  1.81584677e-04
  0.92992384  -0.21604963  -0.29759739  3.66626016e-04
 -0.72487492  -0.63998526   0.25490238  2.67070315e-04
 -0.36626783   0.87514225  -0.31618652  3.39193211e-04
  0.54635196   0.83415598  -0.07538794  2.15615151e-04
 -0.58085396   0.67254353   0.45857810  3.01573810e-04
