20
 -1.1407996218300525E+00 -2.3170985309886123E+00 3.8420614944644871E-01
 8.9588701505710615E-03 -5.8833912096616951E-03 -1.5638367773058110E-03
0
0.0
 -1.1407996218300525E+00 -2.3170985309886123E+00 3.8420614944644871E-01
 8.7758086422167932E-03 -5.9123426773984907E-03 -1.6446377183846467E-03
0
0.0
 -1.1407996218300525E+00 -2.3170985309886123E+00 3.8420614944644871E-01
 8.7313254349100349E-03 -6.1850211240002534E-03 -1.5016138205507328E-03
0
0.0
 -1.1407996218300525E+00 -2.3170985309886123E+00 3.8420614944644871E-01
 8.8407129048633428E-03 -5.9393716098486661E-03 -1.7312981382172862E-03
0
0.0
 -1.1407996218300525E+00 -2.3170985309886123E+00 3.8420614944644871E-01
 8.8105385824139293E-03 -5.7742880683422891E-03 -1.4705001406325449E-03
0
0.0
 -1.1407996218300525E+00 -2.3170985309886123E+00 3.8420614944644871E-01
 8.6676161925886754E-03 -6.0848637338376419E-03 -1.5662668445418511E-03
0
0.0
 -1.1407996218300525E+00 -2.3170985309886123E+00 3.8420614944644871E-01
 8.5625827850096398E-03 -5.9576948793394306E-03 -1.3950787828821856E-03
0
0.0
 -1.1407996218300525E+00 -2.3170985309886123E+00 3.8420614944644871E-01
 9.0484286268399487E-03 -6.0035632043810433E-03 -1.6163712483554288E-03
0
0.0
 -1.1407996218300525E+00 -2.3170985309886123E+00 3.8420614944644871E-01
 8.8733707959177260E-03 -5.8587513839831237E-03 -1.4137488579621877E-03
0
0.0
 -1.1407996218300525E+00 -2.3170985309886123E+00 3.8420614944644871E-01
 8.7350099357048887E-03 -6.1310347174383601E-03 -1.3968249174747705E-03
0
0.0
 -1.1407996218300525E+00 -2.3170985309886123E+00 3.8420614944644871E-01
 8.6746684440568139E-03 -5.8177145826235786E-03 -1.6071490748885186E-03
0
0.0
 -1.1407996218300525E+00 -2.3170985309886123E+00 3.8420614944644871E-01
 8.6228174554882631E-03 -6.0662384953525271E-03 -1.5260524745134639E-03
0
0.0
 -1.1407996218300525E+00 -2.3170985309886123E+00 3.8420614944644871E-01
 8.8191365665753960E-03 -6.0761464972284782E-03 -1.6618198891916220E-03
0
0.0
 -1.1407996218300525E+00 -2.3170985309886123E+00 3.8420614944644871E-01
 8.8765310025352932E-03 -5.9848570258075572E-03 -1.6734800519155487E-03
0
0.0
 -1.1407996218300525E+00 -2.3170985309886123E+00 3.8420614944644871E-01
 8.6390356286542239E-03 -5.7790056937578309E-03 -1.4609531112174806E-03
0
0.0
 -1.1407996218300525E+00 -2.3170985309886123E+00 3.8420614944644871E-01
 8.8273095450486835E-03 -5.7392308729966477E-03 -1.4556535864172894E-03
0
0.0
 -1.1407996218300525E+00 -2.3170985309886123E+00 3.8420614944644871E-01
 8.7705061862632487E-03 -5.8293833000281296E-03 -1.6217641486995543E-03
0
0.0
 -1.1407996218300525E+00 -2.3170985309886123E+00 3.8420614944644871E-01
 8.7645128679783735E-03 -5.9532065757355521E-03 -1.6852228035355013E-03
0
0.0
 -1.1407996218300525E+00 -2.3170985309886123E+00 3.8420614944644871E-01
 8.8313921046780635E-03 -6.1683742844063638E-03 -1.5476344308355014E-03
0
0.0
 -1.1407996218300525E+00 -2.3170985309886123E+00 3.8420614944644871E-01
 8.6381507879690934E-03 -5.6887240859735799E-03 -1.8349400761681540E-03
0
0.0
