20
-1
1
  0.57862675  -0.34639291   0.73837865  4.20087067e-04
  0.87830791  -0.03140426  -0.47706287  2.12050310e-04
 -0.82307358   0.22150378  -0.52295885  2.71045813e-04
 -0.72561021  -0.17206405  -0.66624604  1.94344408e-04
 -0.19959277   0.89998216  -0.38754980  4.48027631e-04
  0.23030995   0.81765703   0.52763085  2.51584252e-04
  0.91511573   0.29612617   0.27362837  3.00764239e-04
 -0.06376442   0.50951622   0.85809517  2.40042672e-04
  0.01215168  -0.67593618  -0.73685997  1.66612998e-04
  0.38923971  -0.92096549   0.01774838  6.61681421e-04
  0.20604760  -0.93173128   0.29903379  1.96514701e-04
 -0.14283465   0.52035525   0.84191964  2.98362612e-04
 -0.76481250  -0.58796549   0.26335989  6.92258459e-04
  0.62958831  -0.56349412  -0.53487656  2.69767693e-04
  0.45087360   0.47962633  -0.75277592  1.85675583e-04
  0.41920763  -0.23945673   0.87574279  4.31558955e-04
 -0.45525378   0.78509230   0.41996915  2.38280779e-04
  0.61593445  -0.40650188   0.67481921  1.86909763e-04
 -0.07248386  -0.89810175   0.43377338  1.48759416e-04
  0.85565516  -0.45594205  -0.24488996  2.18691735e-04
