20
 -1.1407996218300525E+00 -2.3170985309886123E+00 3.8420614944644871E-01
 8.8327049185741927E-03 -6.1506676429916507E-03 -1.4149267725627847E-03
0
0.0
 -1.1407996218300525E+00 -2.3170985309886123E+00 3.8420614944644871E-01
 8.8112559135839555E-03 -5.9230558266089211E-03 -1.6155505302751084E-03
0
0.0
 -1.1407996218300525E+00 -2.3170985309886123E+00 3.8420614944644871E-01
 8.6689502466323082E-03 -6.0108368347468154E-03 -1.6305998852419541E-03
0
0.0
 -1.1407996218300525E+00 -2.3170985309886123E+00 3.8420614944644871E-01
 8.7165291320456858E-03 -5.6528497759175634E-03 -1.8261387909608206E-03
0
0.0
 -1.1407996218300525E+00 -2.3170985309886123E+00 3.8420614944644871E-01
 8.6683534257491774E-03 -5.8432226621380669E-03 -1.5359088979738028E-03
0
0.0
 -1.1407996218300525E+00 -2.3170985309886123E+00 3.8420614944644871E-01
 8.7716237613836723E-03 -5.8479806811279744E-03 -1.5866843336258818E-03
0
0.0
 -1.1407996218300525E+00 -2.3170985309886123E+00 3.8420614944644871E-01
 8.9003186378013664E-03 -6.0661308954882368E-03 -1.8142523444227604E-03
0
0.0
 -1.1407996218300525E+00 -2.3170985309886123E+00 3.8420614944644871E-01
 8.7963821069837415E-03 -5.9437266973582257E-03 -1.7042473440667914E-03
0
0.0
 -1.1407996218300525E+00 -2.3170985309886123E+00 3.8420614944644871E-01
 8.7008753136728172E-03 -5.9410748929024301E-03 -1.3763605596386163E-03
0
0.0
 -1.1407996218300525E+00 -2.3170985309886123E+00 3.8420614944644871E-01
 8.7634207647068162E-03 -5.9009565529375150E-03 -1.6155714491478156E-03
0
0.0
 -1.1407996218300525E+00 -2.3170985309886123E+00 3.8420614944644871E-01
 8.7785102356998101E-03 -5.8825388764397867E-03 -1.4373115753392274E-03
0
0.0
 -1.1407996218300525E+00 -2.3170985309886123E+00 3.8420614944644871E-01
 9.0499794210785519E-03 -5.8650092345739575E-03 -1.6857787183684146E-03
0
0.0
 -1.1407996218300525E+00 -2.3170985309886123E+00 3.8420614944644871E-01
 8.5283928896299297E-03 -5.9427044104981060E-03 -1.4989588394112650E-03
0
0.0
 -1.1407996218300525E+00 -2.3170985309886123E+00 3.8420614944644871E-01
 8.8753052882412486E-03 -5.9680110134052089E-03 -1.5989356061125359E-03
0
0.0
 -1.1407996218300525E+00 -2.3170985309886123E+00 3.8420614944644871E-01
 8.7792075710530632E-03 -5.8866351620604981E-03 -1.6229006373337759E-03
0
0.0
 -1.1407996218300525E+00 -2.3170985309886123E+00 3.8420614944644871E-01
 8.8593028745643509E-03 -5.9175668235688025E-03 -1.4579810423220433E-03
0
0.0
 -1.1407996218300525E+00 -2.3170985309886123E+00 3.8420614944644871E-01
 8.8368883261740264E-03 -6.0487785839410000E-03 -1.3887136953879171E-03
0
0.0
 -1.1407996218300525E+00 -2.3170985309886123E+00 3.8420614944644871E-01
 8.6822035775918939E-03 -5.7717989154915383E-03 -1.7803100216320514E-03
0
0.0
 -1.1407996218300525E+00 -2.3170985309886123E+00 3.8420614944644871E-01
 8.5444379094790530E-03 -5.7877630391471105E-03 -1.5531555036963282E-03
0
0.0
 -1.1407996218300525E+00 -2.3170985309886123E+00 3.8420614944644871E-01
 8.7516841147177379E-03 -5.8992964232596418E-03 -1.6025940533132917E-03
0
0.0
