50
-1
1
  0.08253956  -0.56896501   0.81820904  1.66676443e-04
  0.84119117   0.44746247  -0.30360296  4.11058056e-04
  0.11035604  -0.49866379  -0.85974181  5.20194170e-04
 -0.46219748   0.56283183  -0.68526916  5.71706446e-04
 -0.52443565  -0.78567215   0.32815624  5.16895929e-04
 -0.38637088  -0.60186563  -0.69891008  4.32592303e-04
 -0.31123009   0.20233002  -0.92854639  4.47759681e-04
  0.87035404  -0.47992937  -0.11023445  3.15603069e-04
 -0.60574405   0.75780720  -0.24249206  2.02548791e-04
 -0.43310847   0.27344034  -0.85886404  3.24059588e-04
 -0.33919264   0.32970148  -0.88104783  6.33151949e-04
 -0.38576635  -0.92098016   0.05458812  1.57795406e-04
 -0.22279597   0.90360385  -0.36587161  1.67450239e-04
 -0.91402813  -0.40563875  -0.00312932  1.75171818e-04
 -0.36504043  -0.41498360  -0.83338712  1.54678109e-04
  0.41685642  -0.53972400   0.73138822  1.51095276e-04
  0.54793891  -0.78086618  -0.30001828  1.66212053e-04
 -0.87831735   0.28981578   0.38021763  3.66030062e-04
  0.76344066  -0.53382484  -0.36357860  1.83463153e-04
 -0.99581986   0.01746328  -0.08965395  5.88218440e-04
  0.23510979  -0.88679686  -0.39788782  1.56091226e-04
 -0.46620676   0.30050611  -0.83207412  2.08877449e-04
 -0.10912938  -0.07931288  -0.99085834  4.87392024e-04
 -0.47993894   0.87729700  -0.00293217  2.09849661e-04
 -0.02161380  -0.15256730  -0.98805671  1.51059068e-04
 -0.93448142   0.03620534  -0.35416613  1.88933491e-04
  0.23432199  -0.92495624  -0.29924766  1.78337563e-04
 -0.66681180   0.68103989  -0.30256684  1.52911149e-04
 -0.49599888  -0.19771773  -0.84551334  2.06668795e-04
  0.38945075  -0.91120906   0.13426156  3.04691150e-04
  0.95125999  -0.23561014  -0.19897811  5.12246941e-04
 -0.97559130   0.15070027   0.15972178  1.64848387e-04
  0.31458821   0.94894216   0.02330308  3.51087522e-04
 -0.56739883  -0.82047377  -0.06986679  7.67811069e-04
  0.38610032   0.43830063   0.81167672  2.73524712e-04
 -0.89427256  -0.43824675  -0.09064424  7.21953357e-04
 -0.78873653  -0.23786260   0.56684748  1.93365858e-04
 -0.46455265  -0.15935872   0.87108877  2.18761363e-04
  0.36349188  -0.39516578  -0.84363361  5.66158094e-04
  0.91452215  -0.32751455   0.23745200  1.76679491e-04
 -0.01980938   0.38572903  -0.92239943  5.85203384e-04
 -0.16771380  -0.54489805   0.82155839  1.47603997e-04
 -0.40595984  -0.90714810  -0.11081032  2.38089595e-04
  0.73414260   0.16603313  -0.65838259  1.71333949e-04
  0.23720316   0.42770853   0.87223854  1.74833909e-04
 -0.70849907  -0.12277437  -0.69495001  7.07723506e-04
  0.10228337   0.30097719  -0.94813018  1.51547720e-04
 -0.99500611  -0.09439334  -0.03244587  2.14524662e-04
  0.94118903  -0.29987972   0.15567709  2.52082044e-04
 -0.70016254  -0.61035636  -0.37045584  1.49058194e-04
