50
 -1.1407996218300525E+00 -2.3170985309886123E+00 3.8420614944644871E-01
 9.0170754362786376E-03 -5.9321490608181988E-03 -1.6912489773555897E-03
0
0.0
 -1.1407996218300525E+00 -2.3170985309886123E+00 3.8420614944644871E-01
 8.5864267942987477E-03 -5.7762164271265562E-03 -1.5828560201877960E-03
0
0.0
 -1.1407996218300525E+00 -2.3170985309886123E+00 3.8420614944644871E-01
 8.8824593462400892E-03 -5.8956955051175210E-03 -1.5222910738280863E-03
0
0.0
 -1.1407996218300525E+00 -2.3170985309886123E+00 3.8420614944644871E-01
 8.5610924403245643E-03 -6.0224460543679397E-03 -1.4091293702824209E-03
0
0.0
 -1.1407996218300525E+00 -2.3170985309886123E+00 3.8420614944644871E-01
 8.5693501801660191E-03 -6.0603940483610402E-03 -1.4547618993324778E-03
0
0.0
 -1.1407996218300525E+00 -2.3170985309886123E+00 3.8420614944644871E-01
 8.6700245714500836E-03 -5.7470840748756061E-03 -1.6062956667496060E-03
0
0.0
 -1.1407996218300525E+00 -2.3170985309886123E+00 3.8420614944644871E-01
 9.0206367036346057E-03 -6.0916219435396893E-03 -1.7597910737278473E-03
0
0.0
 -1.1407996218300525E+00 -2.3170985309886123E+00 3.8420614944644871E-01
 8.6718580367781718E-03 -6.1438829017114822E-03 -1.4455976376522529E-03
0
0.0
 -1.1407996218300525E+00 -2.3170985309886123E+00 3.8420614944644871E-01
 8.9094136187294806E-03 -5.9218511851865411E-03 -1.6774809044323791E-03
0
0.0
 -1.1407996218300525E+00 -2.3170985309886123E+00 3.8420614944644871E-01
 8.6879093519874571E-03 -6.0230585649271402E-03 -1.5159401357503495E-03
0
0.0
 -1.1407996218300525E+00 -2.3170985309886123E+00 3.8420614944644871E-01
 8.8370751750559730E-03 -6.1544238036174226E-03 -1.6522648695153953E-03
0
0.0
 -1.1407996218300525E+00 -2.3170985309886123E+00 3.8420614944644871E-01
 8.7347567142919882E-03 -5.9979308163189398E-03 -1.6343393977724758E-03
0
0.0
 -1.1407996218300525E+00 -2.3170985309886123E+00 3.8420614944644871E-01
 8.8859544583982410E-03 -5.6582100580297359E-03 -1.6784744304709160E-03
0
0.0
 -1.1407996218300525E+00 -2.3170985309886123E+00 3.8420614944644871E-01
 8.9432472707406882E-03 -5.9590965006995475E-03 -1.8335111577793797E-03
0
0.0
 -1.1407996218300525E+00 -2.3170985309886123E+00 3.8420614944644871E-01
 8.6241382270905061E-03 -6.0985859643864979E-03 -1.4975191543235603E-03
0
0.0
 -1.1407996218300525E+00 -2.3170985309886123E+00 3.8420614944644871E-01
 8.5809814556008657E-03 -5.8139306431692498E-03 -1.8654275655533381E-03
0
0.0
 -1.1407996218300525E+00 -2.3170985309886123E+00 3.8420614944644871E-01
 8.7622635953218449E-03 -5.8361614083327577E-03 -1.3964502958616260E-03
0
0.0
 -1.1407996218300525E+00 -2.3170985309886123E+00 3.8420614944644871E-01
 8.6197340796321277E-03 -6.1405604965772296E-03 -1.7085480878482572E-03
0
0.0
 -1.1407996218300525E+00 -2.3170985309886123E+00 3.8420614944644871E-01
 8.7165434897013613E-03 -6.1638769924336452E-03 -1.7790845808496802E-03
0
0.0
 -1.1407996218300525E+00 -2.3170985309886123E+00 3.8420614944644871E-01
 8.9510880253046259E-03 -5.9846593234452287E-03 -1.5548440119903901E-03
0
0.0
 -1.1407996218300525E+00 -2.3170985309886123E+00 3.8420614944644871E-01
 8.6778399907899862E-03 -5.8706138340839540E-03 -1.6056751883568631E-03
0
0.0
 -1.1407996218300525E+00 -2.3170985309886123E+00 3.8420614944644871E-01
 8.9711842282183766E-03 -5.7100505966885947E-03 -1.6571103008114843E-03
0
0.0
 -1.1407996218300525E+00 -2.3170985309886123E+00 3.8420614944644871E-01
 8.6556876100929419E-03 -5.8895700593861299E-03 -1.5583331299740784E-03
0
0.0
 -1.1407996218300525E+00 -2.3170985309886123E+00 3.8420614944644871E-01
 8.4853518649611447E-03 -5.9001259402441169E-03 -1.5352161282062658E-03
0
0.0
 -1.1407996218300525E+00 -2.3170985309886123E+00 3.8420614944644871E-01
 8.6413984673963384E-03 -5.9013881842271566E-03 -1.6515920366431426E-03
0
0.0
 -1.1407996218300525E+00 -2.3170985309886123E+00 3.8420614944644871E-01
 8.7586812997493997E-03 -6.1361024677581283E-03 -1.4817083936771748E-03
0
0.0
 -1.1407996218300525E+00 -2.3170985309886123E+00 3.8420614944644871E-01
 8.7676989023408296E-03 -5.9045700267340157E-03 -1.6043169644455446E-03
0
0.0
 -1.1407996218300525E+00 -2.3170985309886123E+00 3.8420614944644871E-01
 8.8464318809191762E-03 -5.8999624282965830E-03 -1.5124565332280606E-03
0
0.0
 -1.1407996218300525E+00 -2.3170985309886123E+00 3.8420614944644871E-01
 8.6525215760905883E-03 -5.9621977701388865E-03 -1.7624614366971781E-03
0
0.0
 -1.1407996218300525E+00 -2.3170985309886123E+00 3.8420614944644871E-01
 8.7739743482346932E-03 -5.9420544485678664E-03 -1.6054596888954475E-03
0
0.0
 -1.1407996218300525E+00 -2.3170985309886123E+00 3.8420614944644871E-01
 8.5905194361676745E-03 -5.9570413964604215E-03 -1.4935742941760010E-03
0
0.0
 -1.1407996218300525E+00 -2.3170985309886123E+00 3.8420614944644871E-01
 8.6763947896584658E-03 -6.0516856378970384E-03 -1.7285846721333414E-03
0
0.0
 -1.1407996218300525E+00 -2.3170985309886123E+00 3.8420614944644871E-01
 8.6879819193745374E-03 -6.0270420795626931E-03 -1.7521555956382809E-03
0
0.0
 -1.1407996218300525E+00 -2.3170985309886123E+00 3.8420614944644871E-01
 8.8640099161672644E-03 -5.9017960548843357E-03 -1.4460603988828715E-03
0
0.0
 -1.1407996218300525E+00 -2.3170985309886123E+00 3.8420614944644871E-01
 8.7974761734408297E-03 -6.0084809750595332E-03 -1.5420335502646879E-03
0
0.0
 -1.1407996218300525E+00 -2.3170985309886123E+00 3.8420614944644871E-01
 8.8913360371797433E-03 -6.0226849326490434E-03 -1.5866231415662155E-03
0
0.0
 -1.1407996218300525E+00 -2.3170985309886123E+00 3.8420614944644871E-01
 8.5186723789084720E-03 -5.9326283330693990E-03 -1.6447723969748855E-03
0
0.0
 -1.1407996218300525E+00 -2.3170985309886123E+00 3.8420614944644871E-01
 8.6961302721567397E-03 -5.8436999885779772E-03 -1.6915334809588256E-03
0
0.0
 -1.1407996218300525E+00 -2.3170985309886123E+00 3.8420614944644871E-01
 8.7724056232523513E-03 -5.5882671819391756E-03 -1.6843203152833717E-03
0
0.0
 -1.1407996218300525E+00 -2.3170985309886123E+00 3.8420614944644871E-01
 8.7956163244735149E-03 -6.0556595778595368E-03 -1.8689151798964713E-03
0
0.0
 -1.1407996218300525E+00 -2.3170985309886123E+00 3.8420614944644871E-01
 8.5517496728582925E-03 -5.7043660779478251E-03 -1.7113545554078861E-03
0
0.0
 -1.1407996218300525E+00 -2.3170985309886123E+00 3.8420614944644871E-01
 8.7485661513714546E-03 -5.8168276868247786E-03 -1.5889959978146215E-03
0
0.0
 -1.1407996218300525E+00 -2.3170985309886123E+00 3.8420614944644871E-01
 8.9641297395165360E-03 -5.9477378586028223E-03 -1.6322696229556784E-03
0
0.0
 -1.1407996218300525E+00 -2.3170985309886123E+00 3.8420614944644871E-01
 8.9022891389519340E-03 -5.8332836879568806E-03 -1.5800745379253623E-03
0
0.0
 -1.1407996218300525E+00 -2.3170985309886123E+00 3.8420614944644871E-01
 8.8136446594130665E-03 -5.8528223051035480E-03 -1.8467449307577124E-03
0
0.0
 -1.1407996218300525E+00 -2.3170985309886123E+00 3.8420614944644871E-01
 8.5877527180885180E-03 -5.6587094084228151E-03 -1.7555919955041866E-03
0
0.0
 -1.1407996218300525E+00 -2.3170985309886123E+00 3.8420614944644871E-01
 8.5812127713281571E-03 -5.9329601413145592E-03 -1.5917624875854115E-03
0
0.0
 -1.1407996218300525E+00 -2.3170985309886123E+00 3.8420614944644871E-01
 9.0672550303465445E-03 -5.8309867459430927E-03 -1.7467480041202025E-03
0
0.0
 -1.1407996218300525E+00 -2.3170985309886123E+00 3.8420614944644871E-01
 8.6638685258879685E-03 -6.0007834732206640E-03 -1.6112483849835310E-03
0
0.0
 -1.1407996218300525E+00 -2.3170985309886123E+00 3.8420614944644871E-01
 8.8182838138825617E-03 -5.8352123936865150E-03 -1.7938941783957455E-03
0
0.0
