50
-1
1
 -0.50895809   0.23013002  -0.82945876  1.52963874e-04
  0.56476363   0.81367993   0.13772077  1.45571314e-04
  0.31028285   0.75340133   0.57975080  6.19190084e-04
 -0.82784660  -0.36040819  -0.42985572  3.38381466e-04
  0.21612345  -0.62721742  -0.74825728  2.51147980e-04
 -0.52478144   0.78376732  -0.33213437  3.30634148e-04
  0.56676786   0.32911977   0.75528429  2.33796413e-04
  0.46295192   0.58375718   0.66701055  5.78405840e-04
  0.67377403  -0.02095406   0.73864030  2.17227119e-04
  0.58440250   0.74967155  -0.31059021  2.13164184e-04
 -0.37243477  -0.49654223   0.78405239  3.04077101e-04
 -0.70906099  -0.51665367  -0.47989738  1.47309582e-04
  0.94297586   0.12419368   0.30882431  1.61653593e-04
  0.51490509   0.41237258   0.75154615  3.59020458e-04
  0.66283456  -0.73594668   0.13795951  3.01708528e-04
  0.73615889   0.35389017  -0.57691579  1.49588510e-04
  0.72735709  -0.29137100  -0.62133292  3.62565849e-04
  0.12958129   0.21581821  -0.96779708  2.86558479e-04
 -0.30234568   0.77890013  -0.54945581  3.50944247e-04
 -0.42716492   0.32834191   0.84244983  2.13780004e-04
 -0.71704700   0.04400701  -0.69563423  3.69419175e-04
  0.01059628   0.87827374  -0.47804076  1.66316588e-04
  0.97758615  -0.20304685  -0.05565329  1.46363978e-04
  0.91506296   0.23305061  -0.32916134  5.66893686e-04
  0.19411358  -0.15162933  -0.96918959  1.73247673e-04
  0.11670389  -0.96141716   0.24911291  2.84679710e-04
  0.60335217  -0.15704108   0.78185949  4.33779206e-04
 -0.03273207   0.77002790   0.63717003  2.08217107e-04
  0.95799447   0.01378476   0.28645519  7.85898856e-04
 -0.14187012   0.94534916  -0.29357764  1.51288395e-04
  0.22482974  -0.48574317   0.84469235  4.83174897e-04
  0.19306438   0.85550011   0.48046405  4.64734683e-04
  0.62450406   0.65874320  -0.41958560  2.52540967e-04
 -0.61150925   0.65633369  -0.44190782  2.26493333e-04
 -0.82120039   0.56670465  -0.06690112  1.69434656e-04
  0.09706780  -0.86992282  -0.48354124  2.14320453e-04
 -0.29453274  -0.72259571   0.62538460  2.07440784e-04
  0.84049970  -0.00308895  -0.54180320  1.49693539e-04
 -0.23852858  -0.27282753   0.93202428  1.80842782e-04
 -0.62668882   0.40354808  -0.66664089  1.49398039e-04
 -0.08373821   0.20805718  -0.97452559  2.24955599e-04
  0.10121264   0.69681678   0.71007209  1.85322459e-04
 -0.64869042  -0.35913747  -0.67098512  7.22944849e-04
 -0.87273394   0.43457710  -0.22243699  1.56982121e-04
  0.98887330  -0.14537454   0.03155692  2.45850179e-04
  0.51899954  -0.78345972   0.34180454  1.96309974e-04
 -0.92647532  -0.14678285   0.34655197  7.00476853e-04
  0.27658445  -0.82317664  -0.49586416  1.53493792e-04
  0.90413083   0.42717070  -0.00852221  1.49336069e-04
  0.02974580   0.40419686   0.91418821  4.03475270e-04
