400
-1
1
  0.94614230   0.20590745  -0.24983369  2.24457751e-04
  0.93513568  -0.05696676   0.34967993  6.25762047e-04
  0.14851032  -0.06104039   0.98702520  1.81290120e-04
 -0.49494874   0.85767501  -0.13935321  5.60701527e-04
  0.83553129   0.54736468   0.04774279  1.87769102e-04
 -0.10091857  -0.05410223  -0.99342256  3.27435143e-04
 -0.29703241   0.91697432  -0.26632656  2.44665053e-04
  0.29415787   0.29750642   0.90827368  1.56378615e-04
  0.10278422   0.94702076   0.30428125  3.04683585e-04
  0.40604506   0.68336314  -0.60674726  2.73108647e-04
 -0.32987133  -0.85020708   0.41028384  4.96384739e-04
  0.67933553  -0.65672317  -0.32744145  7.98950853e-04
 -0.98274878  -0.17775240   0.05107760  3.04286148e-04
  0.18114188  -0.02087945   0.98323531  5.28873729e-04
  0.25376306  -0.93545041   0.24604236  2.67117030e-04
  0.40297737   0.83835005   0.36712181  3.63724426e-04
 -0.31668587  -0.15163319  -0.93633190  1.62525279e-04
 -0.07601074   0.37101036  -0.92551266  3.41639875e-04
  0.65586232  -0.01342009  -0.75476123  3.90429991e-04
 -0.88925840   0.07494681   0.45122332  1.89384579e-04
 -0.64873377   0.61170849  -0.45272200  5.68183119e-04
  0.61809787   0.76860460   0.16493028  1.77021902e-04
  0.59963930   0.59951810   0.53010448  2.79610545e-04
 -0.70277413  -0.37851056   0.60236058  7.73291119e-04
  0.43738815   0.10268815  -0.89339059  4.42442028e-04
  0.03027716   0.52995741  -0.84748359  4.70471595e-04
 -0.86068520  -0.49306350  -0.12692270  5.62046786e-04
 -0.94200856  -0.33331049  -0.03903825  1.53779037e-04
 -0.53459728  -0.83997776   0.09296835  1.65581113e-04
 -0.15795247  -0.89345392   0.42046535  8.72108282e-04
  0.41375704  -0.83304248  -0.36721294  1.93579527e-04
  0.53898563   0.16614757  -0.82576599  2.56201201e-04
 -0.29235231   0.79308813  -0.53436069  1.55985354e-04
  0.96142704   0.25101529   0.11246945  2.33701629e-04
 -0.48591123   0.85565222   0.17818405  1.82571595e-04
  0.21960111  -0.97511508  -0.03042920  2.70946759e-04
  0.18874691  -0.97957837   0.06928794  6.30061862e-04
 -0.37471624  -0.58616993  -0.71832622  4.95681286e-04
  0.67968068  -0.67774386  -0.28053065  2.28581399e-04
  0.83311150   0.37468887   0.40685806  3.54052031e-04
  0.30362809   0.64031662  -0.70555270  3.70675410e-04
 -0.67407680   0.39433633   0.62459533  1.61523220e-04
 -0.45428010  -0.03214129   0.89027890  2.04477106e-04
 -0.95998490  -0.01421715  -0.27969066  2.76625996e-04
 -0.67234646  -0.72625525  -0.14319061  1.70166212e-04
 -0.21065926  -0.81980231  -0.53249117  1.90735443e-04
  0.10586086  -0.97969674  -0.17025798  4.59716160e-04
 -0.17231678   0.73006952  -0.66129072  3.50799984e-04
  0.12209071   0.89443574   0.43020758  1.87375113e-04
 -0.97299501  -0.02737196  -0.22919747  2.74180371e-04
 -0.26022785   0.94398663  -0.20290567  1.73029212e-04
  0.14791884  -0.86735608   0.47519832  3.64182736e-04
  0.32419620   0.48206533   0.81394708  2.09165695e-04
 -0.67186654  -0.67004974  -0.31564013  7.31182662e-04
  0.00912159   0.93193622   0.36250749  3.51176716e-04
  0.08758003   0.12210539   0.98864554  1.90708601e-04
  0.61451830  -0.78834626   0.02962151  1.61336905e-04
 -0.17613754   0.90928470  -0.37706353  3.27067024e-04
  0.22367202   0.94967123  -0.21930660  7.71505257e-04
 -0.82342468   0.28079585   0.49307758  3.98615278e-04
  0.74880931  -0.13259917   0.64938593  1.63346829e-04
  0.34812362   0.87891192  -0.32607328  7.89383465e-04
 -0.59277663   0.65906225   0.46287453  2.78368280e-04
 -0.92021864  -0.38328157  -0.07932778  1.59531010e-04
  0.89089971   0.23371037   0.38945752  3.87524026e-04
  0.69143452   0.10107293   0.71533389  2.55869180e-04
  0.64613049   0.34241108   0.68210706  2.93718481e-04
 -0.83290678  -0.24664400   0.49541198  1.65355276e-04
  0.44903709   0.50090064  -0.73990827  1.65946251e-04
  0.84886215  -0.46199367   0.25689472  1.98497880e-04
 -0.49019285   0.62946120   0.60290096  1.63277092e-04
 -0.20639621   0.31837742  -0.92522237  2.98401557e-04
 -0.81764435   0.07762213   0.57046693  4.82479903e-04
  0.84834834   0.14449487   0.50933910  1.98615447e-04
 -0.58123003   0.28624031   0.76173364  1.56740193e-04
  0.62731820  -0.58339114   0.51587465  2.03178952e-04
  0.27340057  -0.84533234   0.45898297  1.55737047e-04
 -0.62022313  -0.76662547  -0.16615850  2.18316927e-04
  0.96076287  -0.13730144  -0.24100419  2.78256674e-04
 -0.66492788   0.25552856  -0.70183763  3.95167479e-04
 -0.46420820   0.08151222  -0.88196740  1.45885789e-04
  0.45298216  -0.82137321  -0.34663124  2.16240776e-04
 -0.92749449   0.37107044   0.04539483  1.46312181e-04
  0.42898675  -0.81304319   0.39361294  1.63136116e-04
 -0.49035452  -0.60772909   0.62467416  1.51967503e-04
 -0.08187358  -0.73169598   0.67669617  3.00025763e-04
  0.74904792  -0.32998760  -0.57448708  3.31275352e-04
 -0.32837328   0.69924455  -0.63500239  8.17175993e-04
  0.24129309  -0.01786758   0.97028779  6.05211279e-04
 -0.71245433  -0.07046390   0.69817166  1.65049247e-04
  0.32234730   0.11438136  -0.93968565  4.08432936e-04
 -0.84960469   0.23019191  -0.47453509  1.47687398e-04
  0.48379459  -0.80955516  -0.33251052  3.68307767e-04
 -0.33624527  -0.89039871  -0.30680491  1.60221558e-04
  0.68661366   0.72625671   0.03335962  1.51375693e-04
 -0.48951984   0.13649448   0.86124304  1.69124128e-04
  0.88971460  -0.27531884   0.36415309  2.13674846e-04
  0.79417311   0.33397168  -0.50769282  4.93035513e-04
 -0.01178429  -0.92930794   0.36911772  2.22957693e-04
 -0.85337658   0.30421027   0.42332556  1.59880922e-04
  0.67835532   0.51061685  -0.52830341  2.19935124e-04
  0.91880163  -0.31331056  -0.24008345  2.07023254e-04
  0.46476558  -0.20777091  -0.86071146  1.68532915e-04
  0.17223586  -0.63988900   0.74891713  1.86259384e-04
 -0.31747359  -0.01034049  -0.94821073  3.92522732e-04
 -0.57185972   0.28091461   0.77075511  1.77986538e-04
  0.01261971  -0.37794041   0.92574391  4.84334846e-04
 -0.30354760   0.71560813  -0.62909765  3.81167576e-04
  0.34663822  -0.66626671   0.66025041  1.85712634e-04
 -0.27871028  -0.15265527   0.94816504  7.77068607e-04
  0.32659910  -0.82808063  -0.45564845  3.58437015e-04
 -0.18142152   0.91382369  -0.36333523  1.61217449e-04
  0.29922667  -0.48605756   0.82110380  4.84572528e-04
 -0.40326271   0.83017229   0.38495865  7.77226032e-04
  0.95344987  -0.26820365  -0.13784105  1.71873854e-04
  0.08660667  -0.96705826  -0.23936917  4.29080921e-04
  0.77391678  -0.01949680  -0.63298712  5.43118818e-04
  0.32130470  -0.48655523  -0.81242064  3.76857727e-04
  0.87881057   0.46954856   0.08494781  6.67785774e-04
  0.97143580   0.22494527   0.07557850  1.55135163e-04
  0.00385768  -0.98318690   0.18256134  8.45510508e-04
 -0.49953094   0.83121140  -0.24404190  3.57716131e-04
 -0.23191979  -0.63559522   0.73636399  1.60376042e-04
 -0.29911560   0.79208100  -0.53210671  2.38572745e-04
 -0.07002681   0.96459466  -0.25427032  1.88671834e-04
  0.11653076  -0.39748657   0.91017856  5.04915985e-04
  0.94815969  -0.23850732  -0.21001778  1.87821420e-04
  0.18931602   0.35686738  -0.91477053  4.24545992e-04
  0.94859136  -0.13773030  -0.28496454  6.36764143e-04
  0.90009114   0.10522394  -0.42280475  1.92938710e-04
  0.46821419  -0.69022839  -0.55168854  2.39245975e-04
  0.82185025  -0.12874408   0.55496588  1.56537411e-04
 -0.50701051   0.62192291   0.59678491  1.59194511e-04
  0.83441348   0.50612025   0.21816608  1.81267735e-04
  0.53542726  -0.77118231  -0.34437695  2.24202553e-04
  0.48045185  -0.34813832  -0.80496318  1.81756397e-04
 -0.70391244  -0.50776134  -0.49667465  1.86671412e-04
 -0.71259404   0.01438060  -0.70142921  1.66049169e-04
 -0.18614644   0.19575205  -0.96282430  1.59769132e-04
  0.60992073   0.68343800  -0.40113489  4.02194296e-04
  0.68786583  -0.04503101   0.72443965  6.76964643e-04
  0.82832525  -0.48681718  -0.27728380  8.24756903e-04
  0.12005739   0.19209141   0.97400571  3.23897648e-04
 -0.13380148  -0.25465505  -0.95773063  2.25225138e-04
  0.81457555  -0.03113941   0.57922104  2.41785621e-04
  0.06527043   0.40120977   0.91365775  1.89349452e-04
 -0.31597492   0.01525785  -0.94864485  1.57942989e-04
 -0.17292222   0.09609847  -0.98023619  3.03775016e-04
 -0.01925950  -0.73144739  -0.68162584  2.39341741e-04
  0.35033424   0.29938234  -0.88748867  1.83491723e-04
  0.35802445   0.66668555  -0.65371926  3.44523966e-04
 -0.12780084   0.81925874   0.55900095  2.16324293e-04
 -0.14526245   0.78708400  -0.59949778  2.63584300e-04
 -0.40538764  -0.81181845   0.42025190  3.30705677e-04
 -0.44398036   0.89081766  -0.09656774  1.98644062e-04
 -0.63944104   0.65049917  -0.40983653  1.66034285e-04
  0.48088519   0.86890674   0.11726254  5.73833484e-04
  0.16877673  -0.93570769   0.30978305  2.29945842e-04
 -0.17387853  -0.68193159  -0.71044744  2.64766665e-04
 -0.60827509   0.40668374   0.68162288  1.81895881e-04
 -0.35821067   0.21138517  -0.90939619  1.51618703e-04
 -0.02976901  -0.98367004  -0.17750229  2.32504810e-04
 -0.03834153  -0.53501381  -0.84397284  3.07177438e-04
 -0.04224926   0.95370376   0.29776524  4.69369642e-04
  0.68133871  -0.40076786  -0.61250525  2.41096220e-04
  0.01340777  -0.43792983   0.89890917  2.48697939e-04
 -0.30309246   0.93172194  -0.20007296  3.85327430e-04
  0.99121937  -0.00778190   0.13199848  6.61182203e-04
 -0.70308996  -0.25984336   0.66192593  5.86032151e-04
 -0.45527230   0.10299175  -0.88437539  1.46959391e-04
 -0.58100850   0.78895627  -0.19994280  2.61042555e-04
  0.09076357  -0.30891952  -0.94674743  5.43923445e-04
  0.04481949  -0.61962198  -0.78361969  5.43879299e-04
 -0.27878266   0.16232624  -0.94653601  2.50218157e-04
 -0.55548636  -0.32032096  -0.76735219  7.05980040e-04
  0.97796830  -0.17131041  -0.11929271  1.72098802e-04
  0.13721686  -0.76239784  -0.63239312  1.50037787e-04
 -0.53318134   0.61773934  -0.57802747  7.94233506e-04
 -0.35239509   0.55636706  -0.75251139  2.81250545e-04
 -0.52243909   0.63154019  -0.57289997  1.73923106e-04
  0.57929024   0.11281098  -0.80727721  1.77694655e-04
 -0.96015802   0.18623054   0.20836208  3.79724379e-04
 -0.40712813   0.88554665   0.22372709  1.56070375e-04
 -0.93980399   0.34045656  -0.02928801  4.22142210e-04
 -0.61160687  -0.20136049   0.76510848  4.64215559e-04
  0.91202840  -0.40510505  -0.06398506  4.51799265e-04
 -0.38635727   0.13037692   0.91308812  1.57151209e-04
  0.44318874   0.72180988  -0.53157712  2.83510319e-04
 -0.98944890   0.14458444  -0.00928489  3.27430495e-04
 -0.99163619   0.09884373   0.08299152  5.81780145e-04
 -0.74982109  -0.03051692  -0.66093650  2.19795548e-04
  0.20289443   0.63098979  -0.74878952  3.02488693e-04
 -0.34136693  -0.37962399  -0.85985711  6.25546683e-04
 -0.62761677   0.25525125   0.73548894  2.58113527e-04
 -0.86034962  -0.40831562  -0.30508504  4.90151301e-04
 -0.78562667  -0.05446505   0.61629887  4.68331232e-04
  0.97060380  -0.12657040  -0.20471490  3.66487763e-04
  0.30159517   0.87373596   0.38160953  5.05367321e-04
 -0.21437910   0.97004233  -0.11427806  4.54906890e-04
  0.12445716   0.97668493   0.17491988  2.72710971e-04
 -0.55462749   0.36310655   0.74869351  1.51951444e-04
 -0.97265079  -0.19945777   0.11902541  5.54609220e-04
 -0.40476837  -0.75462271  -0.51643695  1.69473474e-04
  0.79775094  -0.12058018   0.59080780  6.91434294e-04
  0.90491956  -0.08685697  -0.41662508  2.41474241e-04
  0.58476402   0.01239345  -0.81110877  1.82072313e-04
  0.60041266  -0.18623852   0.77770165  7.98522663e-04
 -0.25402694  -0.96557120   0.05605865  2.60234761e-04
  0.97583848  -0.21843990  -0.00482486  1.46253359e-04
  0.59797722  -0.29043966   0.74703952  2.02402689e-04
  0.31216404   0.10499670  -0.94420830  4.47911256e-04
  0.90199403  -0.41107072   0.13201377  1.87812348e-04
  0.78427984  -0.44115871  -0.43621569  2.49870509e-04
 -0.74407868   0.52018827  -0.41922676  1.47588661e-04
 -0.85059393  -0.49257612  -0.18400740  1.69941752e-04
 -0.45888902  -0.80976347   0.36565555  2.05327085e-04
  0.43481698  -0.65344154   0.61963566  6.39909326e-04
  0.66468864   0.18396291  -0.72411785  2.87878867e-04
  0.23876140   0.77285405   0.58795375  3.23676910e-04
 -0.21953965   0.96412966   0.14918562  2.06385903e-04
 -0.76224647   0.52387181   0.38018239  6.97382740e-04
 -0.50580960   0.55627485   0.65932916  2.59671288e-04
  0.14624707  -0.05094509  -0.98793542  3.53942669e-04
 -0.82865835   0.55858660   0.03614345  1.53775797e-04
  0.13983418  -0.98893708   0.04949594  2.17639526e-04
  0.40358882   0.49641649  -0.76856147  1.52273329e-04
  0.86824872   0.10614426   0.48464168  2.55731789e-04
  0.54654773   0.82261447  -0.15681523  4.05015790e-04
 -0.22100998  -0.95226011   0.21060689  1.99917118e-04
  0.29090203  -0.85766982   0.42400293  3.55178863e-04
 -0.07963787   0.03983236  -0.99602771  5.68860166e-04
 -0.87923497  -0.45185480  -0.15090760  2.57143839e-04
 -0.12835670  -0.23475581  -0.96354256  2.02525679e-04
  0.76212084   0.64535791  -0.05181693  1.76426911e-04
  0.12667514   0.85188519   0.50817816  1.60680660e-04
 -0.02738795  -0.73054781  -0.68231209  3.88628470e-04
 -0.65262285  -0.64168493   0.40289437  8.09504798e-04
 -0.30138740  -0.93764402   0.17317429  1.63189444e-04
  0.89021776  -0.03335025  -0.45431278  2.81710374e-04
 -0.76718428  -0.58128488   0.27117552  6.10835767e-04
 -0.34666675   0.57293823  -0.74267351  3.08146892e-04
  0.64415026   0.05176252   0.76314552  3.96951459e-04
  0.40048660  -0.17356953   0.89971334  3.63085024e-04
  0.26712993  -0.57909202   0.77025582  1.48981174e-04
 -0.96551405   0.25412468   0.05659744  3.39850375e-04
  0.68570883   0.11607334   0.71856133  2.02627770e-04
 -0.61381017  -0.62961585  -0.47625724  2.21769261e-04
 -0.01074379  -0.82701636  -0.56207519  1.71959004e-04
  0.37841900   0.26211101   0.88774821  2.73627124e-04
 -0.76741931  -0.62661301  -0.13573406  3.42544638e-04
 -0.95999434  -0.22608789  -0.16521238  5.81688935e-04
  0.04527537  -0.92927929  -0.36659261  2.79193606e-04
  0.97429349  -0.21462222   0.06847988  4.73489695e-04
 -0.12828240  -0.31237660  -0.94125687  2.00606050e-04
  0.41604513   0.23378195  -0.87877895  2.15447537e-04
  0.85056172   0.40885117  -0.33073475  6.13112155e-04
  0.76173461   0.17764658  -0.62305865  3.33102949e-04
 -0.87018356   0.06551359  -0.48835288  4.89534311e-04
  0.44546857  -0.86989054  -0.21177395  3.15486342e-04
  0.97106110   0.00660177  -0.23873995  2.34537119e-04
 -0.45354946   0.49825102  -0.73894439  2.08944667e-04
  0.42629636  -0.00701118  -0.90455639  6.39769406e-04
 -0.65589111   0.04222830   0.75367342  3.22669311e-04
  0.79623350  -0.25823008   0.54711009  1.61037307e-04
 -0.59612291  -0.01283762  -0.80279055  5.84124890e-04
 -0.15404193  -0.25160147  -0.95549348  1.76425373e-04
  0.32616831  -0.92765598  -0.18184780  2.74728900e-04
 -0.62163434  -0.05959926   0.78103692  2.66673998e-04
 -0.58947894   0.47443699   0.65377681  3.61857300e-04
 -0.97560166   0.17523306   0.13226782  1.78646156e-04
 -0.03479952  -0.41417234  -0.90953299  1.53052773e-04
  0.69180804  -0.37872930   0.61478920  3.78653595e-04
 -0.28877894   0.15565034   0.94465851  2.15923806e-04
 -0.86125838   0.26377524   0.43434621  2.87217948e-04
 -0.64282966  -0.76121668   0.08555231  4.13894763e-04
  0.39671243   0.12408977  -0.90951689  1.91925909e-04
  0.16428436  -0.34501346   0.92410841  2.24305813e-04
  0.36867977   0.80136400   0.47105305  2.19070444e-04
  0.46212309  -0.35334474  -0.81338167  8.50236829e-04
  0.23268046   0.44038404   0.86713419  2.12541879e-04
 -0.62083284  -0.77910380   0.08697040  5.37978103e-04
 -0.83022813   0.51147050   0.22162848  7.21684064e-04
  0.15119278   0.93629752  -0.31699795  7.94691349e-04
 -0.39646308  -0.89866335  -0.18767314  3.42692699e-04
 -0.04603272  -0.20456849   0.97776926  4.89499349e-04
 -0.56781944   0.01891212  -0.82293585  3.72331536e-04
 -0.56679407  -0.30766606  -0.76425524  2.00016963e-04
  0.48399042   0.30760439  -0.81922696  3.44809955e-04
  0.55889812  -0.24005734  -0.79372877  2.14480409e-04
  0.13411020   0.44006087   0.88789689  1.58071863e-04
  0.85403067  -0.51202089  -0.09201213  1.57486886e-04
  0.56581288   0.43754784   0.69886170  3.10973455e-04
 -0.52717013  -0.38965407  -0.75515651  1.88734089e-04
  0.02450491  -0.94474162  -0.32689873  2.40225414e-04
 -0.50153370   0.76593567   0.40225178  1.65950603e-04
 -0.28885724  -0.65488140  -0.69834938  1.54678777e-04
 -0.61534071   0.76210969   0.20135699  1.59160957e-04
  0.75781698   0.21298809   0.61672482  1.54370009e-04
 -0.23855252   0.70387028  -0.66907348  1.66222863e-04
 -0.33345104   0.87089498  -0.36104339  3.43261473e-04
 -0.93276298   0.29171960  -0.21178503  8.65134644e-04
 -0.90026764   0.09076305  -0.42577019  3.29979637e-04
  0.07306072   0.60714280  -0.79122674  3.40243135e-04
  0.09077226  -0.94020519  -0.32829041  7.15336199e-04
 -0.71885933   0.40611169   0.56419372  5.04012829e-04
  0.07942468  -0.82675235   0.55693113  2.14720460e-04
 -0.76257601  -0.55728525  -0.32849806  2.46074535e-04
  0.09915921   0.57602979  -0.81139210  1.64834815e-04
  0.23400199   0.17145804   0.95699802  2.82967537e-04
 -0.24906329  -0.70436983   0.66470341  2.01680677e-04
 -0.20818206   0.08773566   0.97414716  1.64620753e-04
  0.64678742  -0.39546603   0.65212932  1.76742907e-04
 -0.77638972   0.38760179  -0.49697470  4.13774900e-04
  0.96588172  -0.23449725   0.10992519  1.83992047e-04
 -0.73011781  -0.14390782   0.66799590  1.84174399e-04
  0.19583427  -0.89736710   0.39545066  1.52859964e-04
 -0.32635610  -0.12651229  -0.93674241  3.34437402e-04
 -0.28798613  -0.79578223   0.53272378  1.63978642e-04
 -0.23313321  -0.14168741  -0.96206735  3.80256706e-04
  0.21080684  -0.92607584   0.31296009  1.66299504e-04
  0.34562390  -0.49389777  -0.79787788  2.40253336e-04
  0.70144551   0.32516178   0.63422710  2.37381161e-04
  0.43348988  -0.57997260   0.68972335  7.67919134e-04
 -0.65360642   0.27280917  -0.70595595  2.24425820e-04
  0.48976023  -0.25565917   0.83353063  3.54353427e-04
 -0.19875825   0.36817881   0.90826181  2.11526244e-04
  0.11861064   0.98314022  -0.13916477  2.03836625e-04
  0.28052257   0.49687040  -0.82123498  3.96194576e-04
 -0.68566721  -0.07012607  -0.72452937  2.62122831e-04
  0.73019504  -0.49173934   0.47434969  1.68400143e-04
 -0.64401375  -0.72757575   0.23638912  4.66423705e-04
 -0.65033866   0.39912856   0.64634048  2.28761427e-04
 -0.46319488   0.01734813  -0.88608665  5.10374528e-04
  0.95362463  -0.21868356   0.20682741  2.30030886e-04
  0.15565567  -0.88343217   0.44194899  4.39717013e-04
 -0.13169007   0.11479393   0.98462180  2.14986533e-04
  0.48414861  -0.22779841   0.84481241  1.93380192e-04
  0.37898232   0.34901693  -0.85706452  2.28385255e-04
 -0.81117147  -0.56379115  -0.15537175  2.45833073e-04
  0.44261668  -0.89072300   0.10345531  1.88759473e-04
  0.08573382   0.85206857  -0.51636118  2.46019571e-04
 -0.97094118   0.21981002  -0.09464031  5.03340445e-04
  0.52082095  -0.76018018  -0.38842197  2.66359970e-04
  0.14969918  -0.12881924   0.98030391  3.57277272e-04
 -0.47578087  -0.84779505  -0.23425653  6.29478824e-04
  0.22522177  -0.88215753  -0.41361002  1.99720473e-04
  0.81191196  -0.52884370  -0.24723129  1.82693743e-04
 -0.23176148   0.83679937   0.49603773  2.27078950e-04
 -0.73654149   0.48185397   0.47468241  2.44525922e-04
 -0.72690017   0.65877458   0.19399022  2.04149259e-04
 -0.99861736  -0.01493654   0.05040110  4.18426875e-04
  0.62551516   0.05806009   0.77804872  6.30244777e-04
 -0.74716675   0.00305404  -0.66462961  1.85468719e-04
  0.69338529  -0.57719667   0.43134771  2.33784142e-04
 -0.93145503   0.28502509   0.22616860  6.94456106e-04
 -0.10606236  -0.52363987  -0.84531181  6.22298604e-04
 -0.77536663   0.08230668  -0.62612474  1.62660862e-04
  0.98825300  -0.04470422  -0.14614223  4.28057590e-04
 -0.19205639  -0.06686510  -0.97910337  1.54988831e-04
 -0.69705904  -0.63256778  -0.33758954  1.77611540e-04
  0.93523022   0.35388908   0.01034212  3.62455960e-04
 -0.79500803  -0.12165187   0.59427523  2.65572354e-04
 -0.88960324  -0.44783599   0.08971619  1.47322919e-04
 -0.42997297  -0.29871491   0.85199334  5.08319411e-04
  0.14611864   0.70737938   0.69156616  1.72254033e-04
 -0.31643859  -0.67638684  -0.66510711  3.87034882e-04
  0.00457655   0.59743671  -0.80190301  1.67222634e-04
  0.13793204   0.71915538   0.68102150  2.33958375e-04
  0.82822215  -0.05421396   0.55777138  2.24303252e-04
  0.66732788  -0.72408993   0.17426211  2.70847981e-04
  0.83372955  -0.48428230   0.26526532  1.64706201e-04
 -0.48188197   0.49000601  -0.72641853  3.31354365e-04
 -0.93158856  -0.16209064  -0.32537575  5.45037773e-04
 -0.25046357  -0.96794969   0.01847707  1.65069558e-04
  0.58991212   0.66368976   0.45991259  4.49110524e-04
  0.56150109  -0.66241541   0.49590558  1.84670806e-04
 -0.07718758  -0.77427377  -0.62812595  1.94824963e-04
  0.80033512   0.59630783   0.06229505  3.13756963e-04
  0.56960763  -0.76520001  -0.30002683  2.23074615e-04
  0.77828453  -0.58661112  -0.22396559  1.96982519e-04
 -0.67269278   0.35735686   0.64790470  2.02053041e-04
 -0.61926818   0.57455363  -0.53515889  2.24055460e-04
 -0.56046562   0.35313072   0.74911747  4.68987184e-04
  0.76334777  -0.55790109   0.32564790  1.67237695e-04
 -0.81243406   0.58304199   0.00359584  2.10005520e-04
 -0.36785235   0.31018756  -0.87662325  5.82912553e-04
 -0.44578872   0.68286499  -0.57876405  1.49298160e-04
  0.04833179   0.19814890   0.97897960  6.39815458e-04
  0.31068785   0.13013030  -0.94156209  1.71621741e-04
  0.45288559  -0.85884162   0.23934436  1.68643863e-04
  0.91143073  -0.04856408   0.40857747  2.82904203e-04
  0.80294531  -0.59547472   0.02624283  4.20516258e-04
  0.07911699   0.31470538   0.94588637  2.67157989e-04
  0.45151242  -0.62617747   0.63564007  1.53104023e-04
 -0.38306237  -0.63863781   0.66738667  1.67551511e-04
 -0.53355122  -0.15138810   0.83210861  6.30816925e-04
  0.09991654   0.35560722  -0.92927939  1.82515113e-04
 -0.47264528  -0.14410854  -0.86939011  1.56789244e-04
 -0.62029798  -0.39270820  -0.67897768  2.06135363e-04
  0.01993088  -0.71070219   0.70321061  3.98390279e-04
