400
 -1.1407996218300525E+00 -2.3170985309886123E+00 3.8420614944644871E-01
 8.7977681963982771E-03 -5.8592431797607342E-03 -1.6079629424230921E-03
0
0.0
 -1.1407996218300525E+00 -2.3170985309886123E+00 3.8420614944644871E-01
 8.9588090210437066E-03 -5.6940032500960172E-03 -1.6018188009668968E-03
0
0.0
 -1.1407996218300525E+00 -2.3170985309886123E+00 3.8420614944644871E-01
 8.8278980754342169E-03 -6.2148639953282922E-03 -1.5152933043094550E-03
0
0.0
 -1.1407996218300525E+00 -2.3170985309886123E+00 3.8420614944644871E-01
 8.7766102871554598E-03 -5.8841960173573573E-03 -1.6809142927182907E-03
0
0.0
 -1.1407996218300525E+00 -2.3170985309886123E+00 3.8420614944644871E-01
 8.7766139614271436E-03 -6.0336491152309206E-03 -1.3984963795031905E-03
0
0.0
 -1.1407996218300525E+00 -2.3170985309886123E+00 3.8420614944644871E-01
 8.6739855792062059E-03 -5.7919629784265918E-03 -1.5820133099402579E-03
0
0.0
 -1.1407996218300525E+00 -2.3170985309886123E+00 3.8420614944644871E-01
 9.0685877268340178E-03 -5.9125882385898379E-03 -1.5584190406266487E-03
0
0.0
 -1.1407996218300525E+00 -2.3170985309886123E+00 3.8420614944644871E-01
 8.7906885366216062E-03 -5.8191635722158446E-03 -1.7041514853147945E-03
0
0.0
 -1.1407996218300525E+00 -2.3170985309886123E+00 3.8420614944644871E-01
 8.8314700482806964E-03 -5.9110645559059052E-03 -1.5960796449175916E-03
0
0.0
 -1.1407996218300525E+00 -2.3170985309886123E+00 3.8420614944644871E-01
 8.7812125585231132E-03 -5.9745523834034541E-03 -1.8526643876948597E-03
0
0.0
 -1.1407996218300525E+00 -2.3170985309886123E+00 3.8420614944644871E-01
 8.7055050272019825E-03 -5.9516084972799739E-03 -1.3377105579798199E-03
0
0.0
 -1.1407996218300525E+00 -2.3170985309886123E+00 3.8420614944644871E-01
 8.9884699742718791E-03 -5.9847677480544493E-03 -1.6801540323716491E-03
0
0.0
 -1.1407996218300525E+00 -2.3170985309886123E+00 3.8420614944644871E-01
 8.8434775001358049E-03 -5.8536492777514111E-03 -1.6730943293084919E-03
0
0.0
 -1.1407996218300525E+00 -2.3170985309886123E+00 3.8420614944644871E-01
 8.6870269034398165E-03 -5.9409308770407851E-03 -1.8509225745011243E-03
0
0.0
 -1.1407996218300525E+00 -2.3170985309886123E+00 3.8420614944644871E-01
 8.7216008569842435E-03 -6.0748137486901898E-03 -1.4610090485804035E-03
0
0.0
 -1.1407996218300525E+00 -2.3170985309886123E+00 3.8420614944644871E-01
 8.8425296978115377E-03 -5.7149223929493656E-03 -1.5017261369915749E-03
0
0.0
 -1.1407996218300525E+00 -2.3170985309886123E+00 3.8420614944644871E-01
 8.8030650895275092E-03 -5.9279130258782465E-03 -1.6064754918995857E-03
0
0.0
 -1.1407996218300525E+00 -2.3170985309886123E+00 3.8420614944644871E-01
 8.6864231066582417E-03 -6.0108963942531292E-03 -1.7072949573511743E-03
0
0.0
 -1.1407996218300525E+00 -2.3170985309886123E+00 3.8420614944644871E-01
 8.6138349005872167E-03 -6.0315967035077574E-03 -1.6692435914833052E-03
0
0.0
 -1.1407996218300525E+00 -2.3170985309886123E+00 3.8420614944644871E-01
 8.8088547354096079E-03 -5.8922658925055858E-03 -1.5929123114079618E-03
0
0.0
 -1.1407996218300525E+00 -2.3170985309886123E+00 3.8420614944644871E-01
 9.0274074585403579E-03 -5.8282356967769601E-03 -1.7202077254623270E-03
0
0.0
 -1.1407996218300525E+00 -2.3170985309886123E+00 3.8420614944644871E-01
 8.8306565987792181E-03 -5.8431372987387794E-03 -1.5215818506195220E-03
0
0.0
 -1.1407996218300525E+00 -2.3170985309886123E+00 3.8420614944644871E-01
 8.9593591985470070E-03 -5.8863356942067697E-03 -1.8290401172780331E-03
0
0.0
 -1.1407996218300525E+00 -2.3170985309886123E+00 3.8420614944644871E-01
 8.6191755030086553E-03 -6.1555877753688582E-03 -1.4662131937540376E-03
0
0.0
 -1.1407996218300525E+00 -2.3170985309886123E+00 3.8420614944644871E-01
 8.9906364969478438E-03 -6.0694064349505594E-03 -1.7435858601635389E-03
0
0.0
 -1.1407996218300525E+00 -2.3170985309886123E+00 3.8420614944644871E-01
 8.7734099949236151E-03 -5.8859597594810870E-03 -1.6569145125730430E-03
0
0.0
 -1.1407996218300525E+00 -2.3170985309886123E+00 3.8420614944644871E-01
 8.7744383339647108E-03 -5.9312724357517390E-03 -1.5588298520089264E-03
0
0.0
 -1.1407996218300525E+00 -2.3170985309886123E+00 3.8420614944644871E-01
 8.8045081497482580E-03 -5.8790528147690847E-03 -1.6086100112896933E-03
0
0.0
 -1.1407996218300525E+00 -2.3170985309886123E+00 3.8420614944644871E-01
 8.7141585054987432E-03 -5.8212142120919134E-03 -1.6922178815979056E-03
0
0.0
 -1.1407996218300525E+00 -2.3170985309886123E+00 3.8420614944644871E-01
 8.8925795621624653E-03 -5.9126182311965538E-03 -1.5618408700371212E-03
0
0.0
 -1.1407996218300525E+00 -2.3170985309886123E+00 3.8420614944644871E-01
 8.6637238381257562E-03 -5.9810353571642903E-03 -1.6860985720134939E-03
0
0.0
 -1.1407996218300525E+00 -2.3170985309886123E+00 3.8420614944644871E-01
 8.8669856714152888E-03 -5.6235320880394487E-03 -1.4605058387271341E-03
0
0.0
 -1.1407996218300525E+00 -2.3170985309886123E+00 3.8420614944644871E-01
 8.6935092331047927E-03 -5.7602776723941927E-03 -1.7671286048700843E-03
0
0.0
 -1.1407996218300525E+00 -2.3170985309886123E+00 3.8420614944644871E-01
 8.7564509935533271E-03 -5.8883287943532663E-03 -1.6597811482406890E-03
0
0.0
 -1.1407996218300525E+00 -2.3170985309886123E+00 3.8420614944644871E-01
 8.7893559327372611E-03 -5.8999215528151355E-03 -1.5671891092903115E-03
0
0.0
 -1.1407996218300525E+00 -2.3170985309886123E+00 3.8420614944644871E-01
 8.4519671136385182E-03 -5.8399729091767015E-03 -1.5703173396624936E-03
0
0.0
 -1.1407996218300525E+00 -2.3170985309886123E+00 3.8420614944644871E-01
 9.0491726657962786E-03 -5.7974040893433018E-03 -1.5975263896747518E-03
0
0.0
 -1.1407996218300525E+00 -2.3170985309886123E+00 3.8420614944644871E-01
 8.7085802840930256E-03 -5.6863051555565746E-03 -1.6725302917603860E-03
0
0.0
 -1.1407996218300525E+00 -2.3170985309886123E+00 3.8420614944644871E-01
 8.6982604009877059E-03 -5.7104150033730839E-03 -1.6803444644780865E-03
0
0.0
 -1.1407996218300525E+00 -2.3170985309886123E+00 3.8420614944644871E-01
 8.8025520944350084E-03 -6.0128645128795562E-03 -1.7400390454889866E-03
0
0.0
 -1.1407996218300525E+00 -2.3170985309886123E+00 3.8420614944644871E-01
 8.8080465296193500E-03 -5.8140685926681051E-03 -1.5971750621837971E-03
0
0.0
 -1.1407996218300525E+00 -2.3170985309886123E+00 3.8420614944644871E-01
 8.6540982956531398E-03 -5.8279517743547050E-03 -1.7151002539233171E-03
0
0.0
 -1.1407996218300525E+00 -2.3170985309886123E+00 3.8420614944644871E-01
 8.7107378816102081E-03 -5.8226275731587986E-03 -1.6889889766799951E-03
0
0.0
 -1.1407996218300525E+00 -2.3170985309886123E+00 3.8420614944644871E-01
 8.8511125124546650E-03 -5.8770192634527429E-03 -1.4603932649011756E-03
0
0.0
 -1.1407996218300525E+00 -2.3170985309886123E+00 3.8420614944644871E-01
 8.6750388721930482E-03 -6.0272069460865973E-03 -1.7282638049984321E-03
0
0.0
 -1.1407996218300525E+00 -2.3170985309886123E+00 3.8420614944644871E-01
 8.8986302878540074E-03 -5.6418663166922711E-03 -1.7523385007201151E-03
0
0.0
 -1.1407996218300525E+00 -2.3170985309886123E+00 3.8420614944644871E-01
 8.9360360930577313E-03 -5.7782361700395909E-03 -1.5728007307333285E-03
0
0.0
 -1.1407996218300525E+00 -2.3170985309886123E+00 3.8420614944644871E-01
 8.8959581368795743E-03 -6.1131958499819356E-03 -1.8250311060697922E-03
0
0.0
 -1.1407996218300525E+00 -2.3170985309886123E+00 3.8420614944644871E-01
 8.7035141319260333E-03 -6.0206650470438269E-03 -1.5111768598072386E-03
0
0.0
 -1.1407996218300525E+00 -2.3170985309886123E+00 3.8420614944644871E-01
 8.6472182838819699E-03 -5.9591436695976092E-03 -1.8489938600932047E-03
0
0.0
 -1.1407996218300525E+00 -2.3170985309886123E+00 3.8420614944644871E-01
 8.6640379531938132E-03 -5.9521623521258497E-03 -1.7995454756660116E-03
0
0.0
 -1.1407996218300525E+00 -2.3170985309886123E+00 3.8420614944644871E-01
 8.9550016265959060E-03 -6.1119374559688100E-03 -1.5427147205569381E-03
0
0.0
 -1.1407996218300525E+00 -2.3170985309886123E+00 3.8420614944644871E-01
 8.8628760313902988E-03 -5.6884705103642137E-03 -1.4823284803131833E-03
0
0.0
 -1.1407996218300525E+00 -2.3170985309886123E+00 3.8420614944644871E-01
 8.7929338007691014E-03 -5.8668756674389545E-03 -1.6374796977877929E-03
0
0.0
 -1.1407996218300525E+00 -2.3170985309886123E+00 3.8420614944644871E-01
 8.7361113471467466E-03 -5.9806256816565791E-03 -1.6043609922853431E-03
0
0.0
 -1.1407996218300525E+00 -2.3170985309886123E+00 3.8420614944644871E-01
 8.7684168609554834E-03 -5.6463184392414895E-03 -1.4275976325745191E-03
0
0.0
 -1.1407996218300525E+00 -2.3170985309886123E+00 3.8420614944644871E-01
 8.7643890624698826E-03 -5.7687543192005575E-03 -1.7039079629941390E-03
0
0.0
 -1.1407996218300525E+00 -2.3170985309886123E+00 3.8420614944644871E-01
 8.9397810666051840E-03 -5.9034746284732436E-03 -1.5016774969829258E-03
0
0.0
 -1.1407996218300525E+00 -2.3170985309886123E+00 3.8420614944644871E-01
 8.7900236903647767E-03 -5.8371837891618098E-03 -1.5989028994557186E-03
0
0.0
 -1.1407996218300525E+00 -2.3170985309886123E+00 3.8420614944644871E-01
 8.4624191034460994E-03 -5.8513731566204701E-03 -1.6375614272185720E-03
0
0.0
 -1.1407996218300525E+00 -2.3170985309886123E+00 3.8420614944644871E-01
 8.8389495712722400E-03 -5.8686668528941475E-03 -1.7012620432773418E-03
0
0.0
 -1.1407996218300525E+00 -2.3170985309886123E+00 3.8420614944644871E-01
 8.7203569109039654E-03 -5.9032051428696717E-03 -1.5693004066160067E-03
0
0.0
 -1.1407996218300525E+00 -2.3170985309886123E+00 3.8420614944644871E-01
 9.0127364265308336E-03 -5.9066306445849899E-03 -1.7017497238606537E-03
0
0.0
 -1.1407996218300525E+00 -2.3170985309886123E+00 3.8420614944644871E-01
 8.8225492230807646E-03 -5.9021245430000528E-03 -1.6855740651043609E-03
0
0.0
 -1.1407996218300525E+00 -2.3170985309886123E+00 3.8420614944644871E-01
 8.8215843516956868E-03 -5.8411468816881229E-03 -1.6179838878069058E-03
0
0.0
 -1.1407996218300525E+00 -2.3170985309886123E+00 3.8420614944644871E-01
 8.7994276208832704E-03 -5.5686495731321313E-03 -1.6266631531270995E-03
0
0.0
 -1.1407996218300525E+00 -2.3170985309886123E+00 3.8420614944644871E-01
 9.0902070317583090E-03 -6.0221251504439651E-03 -1.5639855841679490E-03
0
0.0
 -1.1407996218300525E+00 -2.3170985309886123E+00 3.8420614944644871E-01
 8.7159723638097278E-03 -5.9230234366894532E-03 -1.6360510460401998E-03
0
0.0
 -1.1407996218300525E+00 -2.3170985309886123E+00 3.8420614944644871E-01
 8.6824428571867559E-03 -6.0117589123092029E-03 -1.5337982649466584E-03
0
0.0
 -1.1407996218300525E+00 -2.3170985309886123E+00 3.8420614944644871E-01
 8.9398056285503909E-03 -5.9197761573653810E-03 -1.5139624720342038E-03
0
0.0
 -1.1407996218300525E+00 -2.3170985309886123E+00 3.8420614944644871E-01
 8.5108721282272023E-03 -6.0060693437593779E-03 -1.4874761791542060E-03
0
0.0
 -1.1407996218300525E+00 -2.3170985309886123E+00 3.8420614944644871E-01
 8.9740944385260455E-03 -5.7825758555758800E-03 -1.3695060285883642E-03
0
0.0
 -1.1407996218300525E+00 -2.3170985309886123E+00 3.8420614944644871E-01
 8.8512124684660392E-03 -6.0586009814297846E-03 -1.6281172175954958E-03
0
0.0
 -1.1407996218300525E+00 -2.3170985309886123E+00 3.8420614944644871E-01
 8.7833417014287520E-03 -5.8882440630561453E-03 -1.6773762794071790E-03
0
0.0
 -1.1407996218300525E+00 -2.3170985309886123E+00 3.8420614944644871E-01
 8.6755173875213074E-03 -6.0135659421462831E-03 -1.6279604804797353E-03
0
0.0
 -1.1407996218300525E+00 -2.3170985309886123E+00 3.8420614944644871E-01
 8.7777349536980239E-03 -6.0291142924056382E-03 -1.7801703436988020E-03
0
0.0
 -1.1407996218300525E+00 -2.3170985309886123E+00 3.8420614944644871E-01
 8.8081752428466366E-03 -6.0692789364547688E-03 -1.3633933625256576E-03
0
0.0
 -1.1407996218300525E+00 -2.3170985309886123E+00 3.8420614944644871E-01
 8.8228476978388700E-03 -5.8492521639689271E-03 -1.6040475912989455E-03
0
0.0
 -1.1407996218300525E+00 -2.3170985309886123E+00 3.8420614944644871E-01
 8.9161639572680213E-03 -6.1266555485534396E-03 -1.7872177714990814E-03
0
0.0
 -1.1407996218300525E+00 -2.3170985309886123E+00 3.8420614944644871E-01
 8.9573516629091812E-03 -5.8958630456470091E-03 -1.5331768720481492E-03
0
0.0
 -1.1407996218300525E+00 -2.3170985309886123E+00 3.8420614944644871E-01
 8.5778936113587046E-03 -5.7410579669547662E-03 -1.6036767627329892E-03
0
0.0
 -1.1407996218300525E+00 -2.3170985309886123E+00 3.8420614944644871E-01
 8.6424128198955667E-03 -5.6523779053885637E-03 -1.7406080134014000E-03
0
0.0
 -1.1407996218300525E+00 -2.3170985309886123E+00 3.8420614944644871E-01
 8.7218632121065908E-03 -6.0799479798044316E-03 -1.8831992152870220E-03
0
0.0
 -1.1407996218300525E+00 -2.3170985309886123E+00 3.8420614944644871E-01
 8.7262257808357214E-03 -6.0313605603870184E-03 -1.5067237119399627E-03
0
0.0
 -1.1407996218300525E+00 -2.3170985309886123E+00 3.8420614944644871E-01
 8.8569409314152893E-03 -5.7074110494604062E-03 -1.5530281238122922E-03
0
0.0
 -1.1407996218300525E+00 -2.3170985309886123E+00 3.8420614944644871E-01
 8.7141257556057911E-03 -6.0565164071636462E-03 -1.3727538895855318E-03
0
0.0
 -1.1407996218300525E+00 -2.3170985309886123E+00 3.8420614944644871E-01
 8.8430925863142162E-03 -5.9425071705959528E-03 -1.5696818000698546E-03
0
0.0
 -1.1407996218300525E+00 -2.3170985309886123E+00 3.8420614944644871E-01
 8.7383520178508280E-03 -5.9837784348455497E-03 -1.6693599824269016E-03
0
0.0
 -1.1407996218300525E+00 -2.3170985309886123E+00 3.8420614944644871E-01
 8.8095141719972334E-03 -5.9677631757156175E-03 -1.4946600288007600E-03
0
0.0
 -1.1407996218300525E+00 -2.3170985309886123E+00 3.8420614944644871E-01
 8.8424916319428341E-03 -6.0201374389583255E-03 -1.7524163512286591E-03
0
0.0
 -1.1407996218300525E+00 -2.3170985309886123E+00 3.8420614944644871E-01
 8.8927408069648748E-03 -5.7543384135462722E-03 -1.5800616138342172E-03
0
0.0
 -1.1407996218300525E+00 -2.3170985309886123E+00 3.8420614944644871E-01
 8.6949232742657718E-03 -5.6778803913373295E-03 -1.6803060545274512E-03
0
0.0
 -1.1407996218300525E+00 -2.3170985309886123E+00 3.8420614944644871E-01
 8.9020980798938006E-03 -5.6933687750022229E-03 -1.6916577558077483E-03
0
0.0
 -1.1407996218300525E+00 -2.3170985309886123E+00 3.8420614944644871E-01
 8.7165615144432565E-03 -5.7875993723230986E-03 -1.5312786986136579E-03
0
0.0
 -1.1407996218300525E+00 -2.3170985309886123E+00 3.8420614944644871E-01
 8.8625064902125815E-03 -6.0526050247196117E-03 -1.8306287292647744E-03
0
0.0
 -1.1407996218300525E+00 -2.3170985309886123E+00 3.8420614944644871E-01
 8.6727853241712217E-03 -5.7543905359181326E-03 -1.4069016362678979E-03
0
0.0
 -1.1407996218300525E+00 -2.3170985309886123E+00 3.8420614944644871E-01
 8.8694565330288636E-03 -5.8919567653279705E-03 -1.6986800840294329E-03
0
0.0
 -1.1407996218300525E+00 -2.3170985309886123E+00 3.8420614944644871E-01
 8.7593362419757757E-03 -6.0243234256901462E-03 -1.5906418644296247E-03
0
0.0
 -1.1407996218300525E+00 -2.3170985309886123E+00 3.8420614944644871E-01
 8.6375043191299732E-03 -5.7782792327035959E-03 -1.6453121325390022E-03
0
0.0
 -1.1407996218300525E+00 -2.3170985309886123E+00 3.8420614944644871E-01
 8.9958710464485281E-03 -5.9772659547996767E-03 -1.7673891459286213E-03
0
0.0
 -1.1407996218300525E+00 -2.3170985309886123E+00 3.8420614944644871E-01
 8.6753131821122563E-03 -6.0641220230575202E-03 -1.6488323158033533E-03
0
0.0
 -1.1407996218300525E+00 -2.3170985309886123E+00 3.8420614944644871E-01
 8.7950118810065439E-03 -5.9399675792339499E-03 -1.5472750965955849E-03
0
0.0
 -1.1407996218300525E+00 -2.3170985309886123E+00 3.8420614944644871E-01
 8.5330867099616681E-03 -5.8524509943173606E-03 -1.5545350981355428E-03
0
0.0
 -1.1407996218300525E+00 -2.3170985309886123E+00 3.8420614944644871E-01
 8.9686198764443482E-03 -6.0142361521698436E-03 -1.6360348690707212E-03
0
0.0
 -1.1407996218300525E+00 -2.3170985309886123E+00 3.8420614944644871E-01
 8.7792969628164297E-03 -6.1593410682311417E-03 -1.7469647063027179E-03
0
0.0
 -1.1407996218300525E+00 -2.3170985309886123E+00 3.8420614944644871E-01
 8.8384273503217935E-03 -5.9623084051579492E-03 -1.4831852776057758E-03
0
0.0
 -1.1407996218300525E+00 -2.3170985309886123E+00 3.8420614944644871E-01
 8.7895634254778216E-03 -5.9262204205553504E-03 -1.6538421681835337E-03
0
0.0
 -1.1407996218300525E+00 -2.3170985309886123E+00 3.8420614944644871E-01
 8.8626122652481105E-03 -5.8213181795722839E-03 -1.5851618255405804E-03
0
0.0
 -1.1407996218300525E+00 -2.3170985309886123E+00 3.8420614944644871E-01
 8.7838166983283793E-03 -5.8827142727236915E-03 -1.6324764856938334E-03
0
0.0
 -1.1407996218300525E+00 -2.3170985309886123E+00 3.8420614944644871E-01
 8.5174320445587700E-03 -5.7637905658503305E-03 -1.6734100228760871E-03
0
0.0
 -1.1407996218300525E+00 -2.3170985309886123E+00 3.8420614944644871E-01
 8.5698679805871342E-03 -6.0087368414893372E-03 -1.6089924867503996E-03
0
0.0
 -1.1407996218300525E+00 -2.3170985309886123E+00 3.8420614944644871E-01
 8.8408015887673705E-03 -5.7921466801403422E-03 -1.7236014239772998E-03
0
0.0
 -1.1407996218300525E+00 -2.3170985309886123E+00 3.8420614944644871E-01
 8.9937194727969707E-03 -5.8673442473085270E-03 -1.6415649302088801E-03
0
0.0
 -1.1407996218300525E+00 -2.3170985309886123E+00 3.8420614944644871E-01
 8.9534086921414669E-03 -5.8010546766931953E-03 -1.7015976868032794E-03
0
0.0
 -1.1407996218300525E+00 -2.3170985309886123E+00 3.8420614944644871E-01
 8.9294046790057337E-03 -5.9692478613519494E-03 -1.5106506468351120E-03
0
0.0
 -1.1407996218300525E+00 -2.3170985309886123E+00 3.8420614944644871E-01
 8.9326918510322911E-03 -5.9184113230072088E-03 -1.6579061509935744E-03
0
0.0
 -1.1407996218300525E+00 -2.3170985309886123E+00 3.8420614944644871E-01
 8.8094173650434138E-03 -6.0498240176936856E-03 -1.5730364472359253E-03
0
0.0
 -1.1407996218300525E+00 -2.3170985309886123E+00 3.8420614944644871E-01
 8.6577121559535432E-03 -6.0122383268678614E-03 -1.5459393228275053E-03
0
0.0
 -1.1407996218300525E+00 -2.3170985309886123E+00 3.8420614944644871E-01
 8.6985960212379483E-03 -5.8707407214157519E-03 -1.6064265069292208E-03
0
0.0
 -1.1407996218300525E+00 -2.3170985309886123E+00 3.8420614944644871E-01
 8.8261463057127572E-03 -5.7662212805806067E-03 -1.6566959492229204E-03
0
0.0
 -1.1407996218300525E+00 -2.3170985309886123E+00 3.8420614944644871E-01
 8.7907082364804129E-03 -5.9191872347917184E-03 -1.4409213464611820E-03
0
0.0
 -1.1407996218300525E+00 -2.3170985309886123E+00 3.8420614944644871E-01
 9.0350808336692456E-03 -6.0547620290038670E-03 -1.7048054817798643E-03
0
0.0
 -1.1407996218300525E+00 -2.3170985309886123E+00 3.8420614944644871E-01
 8.6573947613909318E-03 -5.9402027557017350E-03 -1.6405642317645611E-03
0
0.0
 -1.1407996218300525E+00 -2.3170985309886123E+00 3.8420614944644871E-01
 8.9753319883547275E-03 -5.9977932288866487E-03 -1.7785666540415601E-03
0
0.0
 -1.1407996218300525E+00 -2.3170985309886123E+00 3.8420614944644871E-01
 8.9071335295438960E-03 -6.0603270140775056E-03 -1.6378469337940745E-03
0
0.0
 -1.1407996218300525E+00 -2.3170985309886123E+00 3.8420614944644871E-01
 8.9087823606483901E-03 -5.9237787563375137E-03 -1.6823446198381540E-03
0
0.0
 -1.1407996218300525E+00 -2.3170985309886123E+00 3.8420614944644871E-01
 8.9850595279642089E-03 -6.0173610431877951E-03 -1.6152857134977615E-03
0
0.0
 -1.1407996218300525E+00 -2.3170985309886123E+00 3.8420614944644871E-01
 8.7684235584948398E-03 -6.0085712902976400E-03 -1.9167965142363849E-03
0
0.0
 -1.1407996218300525E+00 -2.3170985309886123E+00 3.8420614944644871E-01
 8.8088125655795286E-03 -5.8788105474674897E-03 -1.5874755318466636E-03
0
0.0
 -1.1407996218300525E+00 -2.3170985309886123E+00 3.8420614944644871E-01
 8.8841303456141645E-03 -5.7043693828103259E-03 -1.6235915100665332E-03
0
0.0
 -1.1407996218300525E+00 -2.3170985309886123E+00 3.8420614944644871E-01
 8.7829884206907551E-03 -5.5749679661768331E-03 -1.5523811985678291E-03
0
0.0
 -1.1407996218300525E+00 -2.3170985309886123E+00 3.8420614944644871E-01
 8.9328009088664364E-03 -5.9069918019098687E-03 -1.6731963515943240E-03
0
0.0
 -1.1407996218300525E+00 -2.3170985309886123E+00 3.8420614944644871E-01
 8.8064708776477794E-03 -5.8103099816671847E-03 -1.5737772066242751E-03
0
0.0
 -1.1407996218300525E+00 -2.3170985309886123E+00 3.8420614944644871E-01
 8.8139556325948377E-03 -5.8989019575763279E-03 -1.5569539234736264E-03
0
0.0
 -1.1407996218300525E+00 -2.3170985309886123E+00 3.8420614944644871E-01
 8.6997545825326737E-03 -5.7359586469095825E-03 -1.3677479315740897E-03
0
0.0
 -1.1407996218300525E+00 -2.3170985309886123E+00 3.8420614944644871E-01
 8.8563964214931085E-03 -5.8802233403716505E-03 -1.4960972516442845E-03
0
0.0
 -1.1407996218300525E+00 -2.3170985309886123E+00 3.8420614944644871E-01
 8.8431894457402654E-03 -5.9085337008824368E-03 -1.6305916219862783E-03
0
0.0
 -1.1407996218300525E+00 -2.3170985309886123E+00 3.8420614944644871E-01
 8.9810124438377686E-03 -5.8759714230234234E-03 -1.6398049140264499E-03
0
0.0
 -1.1407996218300525E+00 -2.3170985309886123E+00 3.8420614944644871E-01
 8.8214383975923037E-03 -5.9228836977275375E-03 -1.5831269363994372E-03
0
0.0
 -1.1407996218300525E+00 -2.3170985309886123E+00 3.8420614944644871E-01
 8.6617529893426529E-03 -5.9499676931871019E-03 -1.6909893559707478E-03
0
0.0
 -1.1407996218300525E+00 -2.3170985309886123E+00 3.8420614944644871E-01
 8.5343705528787422E-03 -5.8465588084664552E-03 -1.8409601794383951E-03
0
0.0
 -1.1407996218300525E+00 -2.3170985309886123E+00 3.8420614944644871E-01
 9.0204993621203176E-03 -5.9710406336831879E-03 -1.7881980925322351E-03
0
0.0
 -1.1407996218300525E+00 -2.3170985309886123E+00 3.8420614944644871E-01
 8.8919442191890390E-03 -5.6924029830658354E-03 -1.6171047762957289E-03
0
0.0
 -1.1407996218300525E+00 -2.3170985309886123E+00 3.8420614944644871E-01
 8.6733291435226439E-03 -5.8356299291697118E-03 -1.5399446878166063E-03
0
0.0
 -1.1407996218300525E+00 -2.3170985309886123E+00 3.8420614944644871E-01
 9.0109101224190424E-03 -5.6803671687060513E-03 -1.6015885283151882E-03
0
0.0
 -1.1407996218300525E+00 -2.3170985309886123E+00 3.8420614944644871E-01
 8.9402222140631486E-03 -5.9568022953130715E-03 -1.4472968054968624E-03
0
0.0
 -1.1407996218300525E+00 -2.3170985309886123E+00 3.8420614944644871E-01
 8.7772988784312715E-03 -5.7910202829477642E-03 -1.7202216756172983E-03
0
0.0
 -1.1407996218300525E+00 -2.3170985309886123E+00 3.8420614944644871E-01
 9.0059072569625177E-03 -5.9324575443791740E-03 -1.5785130457913823E-03
0
0.0
 -1.1407996218300525E+00 -2.3170985309886123E+00 3.8420614944644871E-01
 8.9436397504023754E-03 -5.7277746843434870E-03 -1.7636307165367932E-03
0
0.0
 -1.1407996218300525E+00 -2.3170985309886123E+00 3.8420614944644871E-01
 8.5488564495786352E-03 -6.1206394199630823E-03 -1.4952397888859921E-03
0
0.0
 -1.1407996218300525E+00 -2.3170985309886123E+00 3.8420614944644871E-01
 8.8333959504151918E-03 -5.8608881759419041E-03 -1.6395124581137619E-03
0
0.0
 -1.1407996218300525E+00 -2.3170985309886123E+00 3.8420614944644871E-01
 8.6900944530886697E-03 -5.6120355005412547E-03 -1.7467966454147014E-03
0
0.0
 -1.1407996218300525E+00 -2.3170985309886123E+00 3.8420614944644871E-01
 8.6052029956633861E-03 -5.9235776678827796E-03 -1.6674230136536916E-03
0
0.0
 -1.1407996218300525E+00 -2.3170985309886123E+00 3.8420614944644871E-01
 8.6145141842726061E-03 -5.8926624056808890E-03 -1.7499974006712411E-03
0
0.0
 -1.1407996218300525E+00 -2.3170985309886123E+00 3.8420614944644871E-01
 8.8338528970190993E-03 -6.1977608859925841E-03 -1.8004898631794810E-03
0
0.0
 -1.1407996218300525E+00 -2.3170985309886123E+00 3.8420614944644871E-01
 8.6742498063929717E-03 -5.7982842626567834E-03 -1.3246361115351515E-03
0
0.0
 -1.1407996218300525E+00 -2.3170985309886123E+00 3.8420614944644871E-01
 8.7512705675450355E-03 -5.8011763538242250E-03 -1.7088350785314293E-03
0
0.0
 -1.1407996218300525E+00 -2.3170985309886123E+00 3.8420614944644871E-01
 8.7836441283090962E-03 -5.8636502936867795E-03 -1.6914739318146942E-03
0
0.0
 -1.1407996218300525E+00 -2.3170985309886123E+00 3.8420614944644871E-01
 8.6673051353692541E-03 -6.0375364429629194E-03 -1.3944058635624588E-03
0
0.0
 -1.1407996218300525E+00 -2.3170985309886123E+00 3.8420614944644871E-01
 8.7795848230829265E-03 -5.9513794051077474E-03 -1.8102683974123819E-03
0
0.0
 -1.1407996218300525E+00 -2.3170985309886123E+00 3.8420614944644871E-01
 8.7680145829041028E-03 -5.9659965937550455E-03 -1.8620803516449416E-03
0
0.0
 -1.1407996218300525E+00 -2.3170985309886123E+00 3.8420614944644871E-01
 8.8225815290328500E-03 -5.8136606136827357E-03 -1.8124809043914272E-03
0
0.0
 -1.1407996218300525E+00 -2.3170985309886123E+00 3.8420614944644871E-01
 8.6964996045359004E-03 -5.8005559454072210E-03 -1.7455412421757059E-03
0
0.0
 -1.1407996218300525E+00 -2.3170985309886123E+00 3.8420614944644871E-01
 8.9078124452216367E-03 -5.8820400918178214E-03 -1.9298749831292393E-03
0
0.0
 -1.1407996218300525E+00 -2.3170985309886123E+00 3.8420614944644871E-01
 8.7909645665134109E-03 -5.9094874235428576E-03 -1.6372410316812230E-03
0
0.0
 -1.1407996218300525E+00 -2.3170985309886123E+00 3.8420614944644871E-01
 8.8536359543236361E-03 -5.9207818983377488E-03 -1.6339151126812739E-03
0
0.0
 -1.1407996218300525E+00 -2.3170985309886123E+00 3.8420614944644871E-01
 8.9650303951696059E-03 -5.9862794121379034E-03 -1.4514849261052618E-03
0
0.0
 -1.1407996218300525E+00 -2.3170985309886123E+00 3.8420614944644871E-01
 8.5353108909631027E-03 -5.9342002652971538E-03 -1.7116699129286724E-03
0
0.0
 -1.1407996218300525E+00 -2.3170985309886123E+00 3.8420614944644871E-01
 8.8225860285772312E-03 -6.0412764117311005E-03 -1.6530133216927424E-03
0
0.0
 -1.1407996218300525E+00 -2.3170985309886123E+00 3.8420614944644871E-01
 8.6444059372365826E-03 -5.7159899623969810E-03 -1.7555240404276708E-03
0
0.0
 -1.1407996218300525E+00 -2.3170985309886123E+00 3.8420614944644871E-01
 8.6908175422352341E-03 -6.0536385797737942E-03 -1.8775564649227050E-03
0
0.0
 -1.1407996218300525E+00 -2.3170985309886123E+00 3.8420614944644871E-01
 8.6878293226592389E-03 -5.8366106653197445E-03 -1.6307858742870692E-03
0
0.0
 -1.1407996218300525E+00 -2.3170985309886123E+00 3.8420614944644871E-01
 8.8429949694371675E-03 -5.9206075793689908E-03 -1.6964948162870935E-03
0
0.0
 -1.1407996218300525E+00 -2.3170985309886123E+00 3.8420614944644871E-01
 8.7276116560403242E-03 -5.9817887423042424E-03 -1.6148927348525973E-03
0
0.0
 -1.1407996218300525E+00 -2.3170985309886123E+00 3.8420614944644871E-01
 8.8238719355829640E-03 -5.7931496631701603E-03 -1.6314532195722869E-03
0
0.0
 -1.1407996218300525E+00 -2.3170985309886123E+00 3.8420614944644871E-01
 8.8933144258603273E-03 -6.0077101766445795E-03 -1.5694017189092056E-03
0
0.0
 -1.1407996218300525E+00 -2.3170985309886123E+00 3.8420614944644871E-01
 8.6892116865373240E-03 -6.0462752581176091E-03 -1.5897948967414880E-03
0
0.0
 -1.1407996218300525E+00 -2.3170985309886123E+00 3.8420614944644871E-01
 8.6148852970023334E-03 -5.9200998715474035E-03 -1.3453100513052363E-03
0
0.0
 -1.1407996218300525E+00 -2.3170985309886123E+00 3.8420614944644871E-01
 8.6459325298259507E-03 -5.8382301607513487E-03 -1.4486507899544271E-03
0
0.0
 -1.1407996218300525E+00 -2.3170985309886123E+00 3.8420614944644871E-01
 8.7299168959358055E-03 -5.9302066232709829E-03 -1.5306521722094281E-03
0
0.0
 -1.1407996218300525E+00 -2.3170985309886123E+00 3.8420614944644871E-01
 8.7094280635268105E-03 -5.9861864339094458E-03 -1.7890582639731440E-03
0
0.0
 -1.1407996218300525E+00 -2.3170985309886123E+00 3.8420614944644871E-01
 8.7485288363179734E-03 -5.8414349759149898E-03 -1.5611946965219110E-03
0
0.0
 -1.1407996218300525E+00 -2.3170985309886123E+00 3.8420614944644871E-01
 8.6962085477714363E-03 -6.1437232905503505E-03 -1.5054823410412005E-03
0
0.0
 -1.1407996218300525E+00 -2.3170985309886123E+00 3.8420614944644871E-01
 8.7501762838462400E-03 -5.9361589178738945E-03 -1.6483554035258776E-03
0
0.0
 -1.1407996218300525E+00 -2.3170985309886123E+00 3.8420614944644871E-01
 8.7466059736833954E-03 -5.7984139811498216E-03 -1.7341159763391044E-03
0
0.0
 -1.1407996218300525E+00 -2.3170985309886123E+00 3.8420614944644871E-01
 8.6869027087860453E-03 -5.9207450329947665E-03 -1.6181928946601091E-03
0
0.0
 -1.1407996218300525E+00 -2.3170985309886123E+00 3.8420614944644871E-01
 8.8517468717439485E-03 -5.6935673802603858E-03 -1.4343702532374188E-03
0
0.0
 -1.1407996218300525E+00 -2.3170985309886123E+00 3.8420614944644871E-01
 8.5789855172620239E-03 -6.0820791290721243E-03 -1.7020796662182423E-03
0
0.0
 -1.1407996218300525E+00 -2.3170985309886123E+00 3.8420614944644871E-01
 8.7514651321814237E-03 -5.8493202460891602E-03 -1.6197259699969066E-03
0
0.0
 -1.1407996218300525E+00 -2.3170985309886123E+00 3.8420614944644871E-01
 9.0378126066465933E-03 -5.8509279439374990E-03 -1.5363334966137319E-03
0
0.0
 -1.1407996218300525E+00 -2.3170985309886123E+00 3.8420614944644871E-01
 9.0510223622778004E-03 -5.9595663994697510E-03 -1.5619493951920342E-03
0
0.0
 -1.1407996218300525E+00 -2.3170985309886123E+00 3.8420614944644871E-01
 8.5012727218981322E-03 -6.0345130078224710E-03 -1.4917738585936077E-03
0
0.0
 -1.1407996218300525E+00 -2.3170985309886123E+00 3.8420614944644871E-01
 8.7955473212104705E-03 -6.0170332160374585E-03 -1.5869169934566349E-03
0
0.0
 -1.1407996218300525E+00 -2.3170985309886123E+00 3.8420614944644871E-01
 8.9387333914530340E-03 -6.0022993620513863E-03 -1.5362519175581523E-03
0
0.0
 -1.1407996218300525E+00 -2.3170985309886123E+00 3.8420614944644871E-01
 8.7947568015934105E-03 -5.9503442565857958E-03 -1.5982804083735491E-03
0
0.0
 -1.1407996218300525E+00 -2.3170985309886123E+00 3.8420614944644871E-01
 8.8820498643413983E-03 -6.0200437423761702E-03 -1.6080899713823314E-03
0
0.0
 -1.1407996218300525E+00 -2.3170985309886123E+00 3.8420614944644871E-01
 8.7056647805515801E-03 -6.0223184338811788E-03 -1.6361878432448360E-03
0
0.0
 -1.1407996218300525E+00 -2.3170985309886123E+00 3.8420614944644871E-01
 8.9422380817070109E-03 -5.9644601913915601E-03 -1.5927992962468422E-03
0
0.0
 -1.1407996218300525E+00 -2.3170985309886123E+00 3.8420614944644871E-01
 8.6430468127525334E-03 -5.7990729546752032E-03 -1.5786709381891853E-03
0
0.0
 -1.1407996218300525E+00 -2.3170985309886123E+00 3.8420614944644871E-01
 8.6914453614108829E-03 -5.8811917534897940E-03 -1.9052626469691579E-03
0
0.0
 -1.1407996218300525E+00 -2.3170985309886123E+00 3.8420614944644871E-01
 8.9794742269079519E-03 -5.7546375689713422E-03 -1.7301362803423851E-03
0
0.0
 -1.1407996218300525E+00 -2.3170985309886123E+00 3.8420614944644871E-01
 8.7861911650730148E-03 -6.0265010804331142E-03 -1.4962916713528872E-03
0
0.0
 -1.1407996218300525E+00 -2.3170985309886123E+00 3.8420614944644871E-01
 8.8248404030293864E-03 -5.9441965096608531E-03 -1.6162298005491485E-03
0
0.0
 -1.1407996218300525E+00 -2.3170985309886123E+00 3.8420614944644871E-01
 8.9502998772321707E-03 -5.7315047615676060E-03 -1.5827477110942655E-03
0
0.0
 -1.1407996218300525E+00 -2.3170985309886123E+00 3.8420614944644871E-01
 8.6548773016986956E-03 -5.6280351399320650E-03 -1.7067935418651787E-03
0
0.0
 -1.1407996218300525E+00 -2.3170985309886123E+00 3.8420614944644871E-01
 8.9361834075495743E-03 -6.0433071178437655E-03 -1.8405795276926018E-03
0
0.0
 -1.1407996218300525E+00 -2.3170985309886123E+00 3.8420614944644871E-01
 8.9138979399760020E-03 -5.9237141737532670E-03 -1.8012917200169174E-03
0
0.0
 -1.1407996218300525E+00 -2.3170985309886123E+00 3.8420614944644871E-01
 8.9194311194445170E-03 -6.1636045493547809E-03 -1.5428312380163180E-03
0
0.0
 -1.1407996218300525E+00 -2.3170985309886123E+00 3.8420614944644871E-01
 8.9233663712961851E-03 -5.8366313242191187E-03 -1.6491123300072651E-03
0
0.0
 -1.1407996218300525E+00 -2.3170985309886123E+00 3.8420614944644871E-01
 8.8168587512810898E-03 -5.8743193344680499E-03 -1.7190094894693048E-03
0
0.0
 -1.1407996218300525E+00 -2.3170985309886123E+00 3.8420614944644871E-01
 8.8310376344788149E-03 -5.9076121170701977E-03 -1.5464615413001979E-03
0
0.0
 -1.1407996218300525E+00 -2.3170985309886123E+00 3.8420614944644871E-01
 8.8489723679585838E-03 -5.7271346849134671E-03 -1.6188414565759981E-03
0
0.0
 -1.1407996218300525E+00 -2.3170985309886123E+00 3.8420614944644871E-01
 8.9033260012390449E-03 -5.9975314058771708E-03 -1.4790950856609746E-03
0
0.0
 -1.1407996218300525E+00 -2.3170985309886123E+00 3.8420614944644871E-01
 8.8541743507471894E-03 -5.7633404574325524E-03 -1.5780479959885655E-03
0
0.0
 -1.1407996218300525E+00 -2.3170985309886123E+00 3.8420614944644871E-01
 8.8603104642851031E-03 -5.8686944809609072E-03 -1.5474669592960013E-03
0
0.0
 -1.1407996218300525E+00 -2.3170985309886123E+00 3.8420614944644871E-01
 8.5918303496331748E-03 -5.8479664521941749E-03 -1.4410058950479854E-03
0
0.0
 -1.1407996218300525E+00 -2.3170985309886123E+00 3.8420614944644871E-01
 9.0661819914685284E-03 -5.8268294452190443E-03 -1.7801590334918047E-03
0
0.0
 -1.1407996218300525E+00 -2.3170985309886123E+00 3.8420614944644871E-01
 8.7220175190215517E-03 -5.8580981867351785E-03 -1.6235392968834690E-03
0
0.0
 -1.1407996218300525E+00 -2.3170985309886123E+00 3.8420614944644871E-01
 8.6918641848453462E-03 -5.9980991144382781E-03 -1.6137827314811866E-03
0
0.0
 -1.1407996218300525E+00 -2.3170985309886123E+00 3.8420614944644871E-01
 8.6687649608510799E-03 -6.1458496345678038E-03 -1.5588392376503660E-03
0
0.0
 -1.1407996218300525E+00 -2.3170985309886123E+00 3.8420614944644871E-01
 8.8233481881421355E-03 -5.9337510250650439E-03 -1.6922748788496286E-03
0
0.0
 -1.1407996218300525E+00 -2.3170985309886123E+00 3.8420614944644871E-01
 8.8400934128615369E-03 -5.8569253397573132E-03 -1.5192687175014064E-03
0
0.0
 -1.1407996218300525E+00 -2.3170985309886123E+00 3.8420614944644871E-01
 8.7519929368040320E-03 -6.0132735363418082E-03 -1.8118821180631705E-03
0
0.0
 -1.1407996218300525E+00 -2.3170985309886123E+00 3.8420614944644871E-01
 8.7006975667905679E-03 -5.8539957052540252E-03 -1.6975454883064523E-03
0
0.0
 -1.1407996218300525E+00 -2.3170985309886123E+00 3.8420614944644871E-01
 8.7825992007843755E-03 -5.5895033900164766E-03 -1.5706727659703101E-03
0
0.0
 -1.1407996218300525E+00 -2.3170985309886123E+00 3.8420614944644871E-01
 8.9852072800583622E-03 -5.8295826048279393E-03 -1.3924933739366365E-03
0
0.0
 -1.1407996218300525E+00 -2.3170985309886123E+00 3.8420614944644871E-01
 8.4687572271738686E-03 -5.8617497468410771E-03 -1.5363264645520656E-03
0
0.0
 -1.1407996218300525E+00 -2.3170985309886123E+00 3.8420614944644871E-01
 8.4781939041601480E-03 -5.9875502066556903E-03 -1.5416117870508893E-03
0
0.0
 -1.1407996218300525E+00 -2.3170985309886123E+00 3.8420614944644871E-01
 8.8860102598732841E-03 -5.8194723691676782E-03 -1.7707018173080489E-03
0
0.0
 -1.1407996218300525E+00 -2.3170985309886123E+00 3.8420614944644871E-01
 8.7364041272444664E-03 -5.7767154443738832E-03 -1.6564428738363173E-03
0
0.0
 -1.1407996218300525E+00 -2.3170985309886123E+00 3.8420614944644871E-01
 8.8074445483998474E-03 -6.0623788581787982E-03 -1.5936681077148461E-03
0
0.0
 -1.1407996218300525E+00 -2.3170985309886123E+00 3.8420614944644871E-01
 8.8474322493903249E-03 -6.0478888853342169E-03 -1.5929739171227403E-03
0
0.0
 -1.1407996218300525E+00 -2.3170985309886123E+00 3.8420614944644871E-01
 8.8624269991596626E-03 -5.9473079315876644E-03 -1.6652229961589186E-03
0
0.0
 -1.1407996218300525E+00 -2.3170985309886123E+00 3.8420614944644871E-01
 8.7953798560112401E-03 -5.8721370807275500E-03 -1.6155668025437961E-03
0
0.0
 -1.1407996218300525E+00 -2.3170985309886123E+00 3.8420614944644871E-01
 8.7322044834405831E-03 -6.1314984016094358E-03 -1.6247014974262355E-03
0
0.0
 -1.1407996218300525E+00 -2.3170985309886123E+00 3.8420614944644871E-01
 8.7518123421953427E-03 -5.9054434013472989E-03 -1.5744859813773746E-03
0
0.0
 -1.1407996218300525E+00 -2.3170985309886123E+00 3.8420614944644871E-01
 8.5226839272745172E-03 -6.0950311478522850E-03 -1.5067226020597383E-03
0
0.0
 -1.1407996218300525E+00 -2.3170985309886123E+00 3.8420614944644871E-01
 8.8385152525413957E-03 -5.8713364296147661E-03 -1.6032399623530581E-03
0
0.0
 -1.1407996218300525E+00 -2.3170985309886123E+00 3.8420614944644871E-01
 8.7890425170241999E-03 -5.9133456236083945E-03 -1.6283383551137585E-03
0
0.0
 -1.1407996218300525E+00 -2.3170985309886123E+00 3.8420614944644871E-01
 8.8046963855035933E-03 -5.9390312056035056E-03 -1.3983007189716575E-03
0
0.0
 -1.1407996218300525E+00 -2.3170985309886123E+00 3.8420614944644871E-01
 8.7740585535194503E-03 -5.8040777711896576E-03 -1.6905681614923114E-03
0
0.0
 -1.1407996218300525E+00 -2.3170985309886123E+00 3.8420614944644871E-01
 8.7091727476228502E-03 -5.8116658515812046E-03 -1.3444517635395395E-03
0
0.0
 -1.1407996218300525E+00 -2.3170985309886123E+00 3.8420614944644871E-01
 8.6379791600374820E-03 -5.9073147681628080E-03 -1.5298342349616778E-03
0
0.0
 -1.1407996218300525E+00 -2.3170985309886123E+00 3.8420614944644871E-01
 8.7916163045899075E-03 -5.9621824516421836E-03 -1.5309558573426473E-03
0
0.0
 -1.1407996218300525E+00 -2.3170985309886123E+00 3.8420614944644871E-01
 8.7564991000381974E-03 -5.8885502232548350E-03 -1.4193963439150142E-03
0
0.0
 -1.1407996218300525E+00 -2.3170985309886123E+00 3.8420614944644871E-01
 8.9195551748143583E-03 -5.8131237183536638E-03 -1.5782785980731971E-03
0
0.0
 -1.1407996218300525E+00 -2.3170985309886123E+00 3.8420614944644871E-01
 8.5967665563163684E-03 -5.9826687996227638E-03 -1.8269965400356102E-03
0
0.0
 -1.1407996218300525E+00 -2.3170985309886123E+00 3.8420614944644871E-01
 8.6966545357679437E-03 -5.7067185621445032E-03 -1.6799733768347674E-03
0
0.0
 -1.1407996218300525E+00 -2.3170985309886123E+00 3.8420614944644871E-01
 8.8080943259928723E-03 -5.9639998916125782E-03 -1.5876805365993886E-03
0
0.0
 -1.1407996218300525E+00 -2.3170985309886123E+00 3.8420614944644871E-01
 8.5533131114847675E-03 -5.9114552513601518E-03 -1.6208454413437743E-03
0
0.0
 -1.1407996218300525E+00 -2.3170985309886123E+00 3.8420614944644871E-01
 8.8051278170014728E-03 -6.0625840987729128E-03 -1.7883525472740080E-03
0
0.0
 -1.1407996218300525E+00 -2.3170985309886123E+00 3.8420614944644871E-01
 8.7619781860849011E-03 -5.8886722452353270E-03 -1.6268996167305677E-03
0
0.0
 -1.1407996218300525E+00 -2.3170985309886123E+00 3.8420614944644871E-01
 8.4978114132651071E-03 -5.9986721267205933E-03 -1.7686406509738073E-03
0
0.0
 -1.1407996218300525E+00 -2.3170985309886123E+00 3.8420614944644871E-01
 8.7974489997322911E-03 -5.8051124275384381E-03 -1.7905667371139562E-03
0
0.0
 -1.1407996218300525E+00 -2.3170985309886123E+00 3.8420614944644871E-01
 8.8730615652426580E-03 -5.7692757302917558E-03 -1.8593649376767933E-03
0
0.0
 -1.1407996218300525E+00 -2.3170985309886123E+00 3.8420614944644871E-01
 8.7622447202428764E-03 -5.6686469276552636E-03 -1.7098984913161074E-03
0
0.0
 -1.1407996218300525E+00 -2.3170985309886123E+00 3.8420614944644871E-01
 8.7206510531080642E-03 -5.8850423044888136E-03 -1.6186414535951032E-03
0
0.0
 -1.1407996218300525E+00 -2.3170985309886123E+00 3.8420614944644871E-01
 8.6967784992150118E-03 -5.7755034270632671E-03 -1.7417924215936589E-03
0
0.0
 -1.1407996218300525E+00 -2.3170985309886123E+00 3.8420614944644871E-01
 8.8904349553320383E-03 -6.1694098174397624E-03 -1.5629958939110792E-03
0
0.0
 -1.1407996218300525E+00 -2.3170985309886123E+00 3.8420614944644871E-01
 8.7828472564475540E-03 -5.7585224146473688E-03 -1.6136988436918508E-03
0
0.0
 -1.1407996218300525E+00 -2.3170985309886123E+00 3.8420614944644871E-01
 8.8134525432744856E-03 -5.9302217901529720E-03 -1.5755064153708512E-03
0
0.0
 -1.1407996218300525E+00 -2.3170985309886123E+00 3.8420614944644871E-01
 8.7066033499589648E-03 -6.0222773929527896E-03 -1.4435734042243832E-03
0
0.0
 -1.1407996218300525E+00 -2.3170985309886123E+00 3.8420614944644871E-01
 8.8137129616555274E-03 -5.9641195082941996E-03 -1.5238458608791289E-03
0
0.0
 -1.1407996218300525E+00 -2.3170985309886123E+00 3.8420614944644871E-01
 8.9518398582659666E-03 -5.8527080452254725E-03 -1.8805316936025905E-03
0
0.0
 -1.1407996218300525E+00 -2.3170985309886123E+00 3.8420614944644871E-01
 8.9061063439129819E-03 -6.0181161819004578E-03 -1.5593317726466029E-03
0
0.0
 -1.1407996218300525E+00 -2.3170985309886123E+00 3.8420614944644871E-01
 8.7167160792255734E-03 -6.0404238675684976E-03 -1.5146226115132807E-03
0
0.0
 -1.1407996218300525E+00 -2.3170985309886123E+00 3.8420614944644871E-01
 9.0155417610900054E-03 -5.9175788403906509E-03 -1.4793060365139515E-03
0
0.0
 -1.1407996218300525E+00 -2.3170985309886123E+00 3.8420614944644871E-01
 9.0509111617284293E-03 -5.9002808564661575E-03 -1.5282751455419270E-03
0
0.0
 -1.1407996218300525E+00 -2.3170985309886123E+00 3.8420614944644871E-01
 8.6536176605589571E-03 -5.8508827509373973E-03 -1.7495239167923588E-03
0
0.0
 -1.1407996218300525E+00 -2.3170985309886123E+00 3.8420614944644871E-01
 8.7070663276297908E-03 -5.8306994397310285E-03 -1.3955847421452279E-03
0
0.0
 -1.1407996218300525E+00 -2.3170985309886123E+00 3.8420614944644871E-01
 8.8378720031177718E-03 -5.9410438303574573E-03 -1.4979306041727799E-03
0
0.0
 -1.1407996218300525E+00 -2.3170985309886123E+00 3.8420614944644871E-01
 8.5994086264227221E-03 -6.1405664179325714E-03 -1.7306058186814864E-03
0
0.0
 -1.1407996218300525E+00 -2.3170985309886123E+00 3.8420614944644871E-01
 8.6929273617414957E-03 -5.8115077132083514E-03 -1.8518229661162156E-03
0
0.0
 -1.1407996218300525E+00 -2.3170985309886123E+00 3.8420614944644871E-01
 8.6183984273515580E-03 -5.6677183348922532E-03 -1.8016253795272922E-03
0
0.0
 -1.1407996218300525E+00 -2.3170985309886123E+00 3.8420614944644871E-01
 8.7480015509786221E-03 -5.7638312381829990E-03 -1.8303585996274673E-03
0
0.0
 -1.1407996218300525E+00 -2.3170985309886123E+00 3.8420614944644871E-01
 8.6383009409066146E-03 -5.8332435212961600E-03 -1.6780866603863399E-03
0
0.0
 -1.1407996218300525E+00 -2.3170985309886123E+00 3.8420614944644871E-01
 8.9249067353417508E-03 -5.8876789904372057E-03 -1.6367242531943032E-03
0
0.0
 -1.1407996218300525E+00 -2.3170985309886123E+00 3.8420614944644871E-01
 8.8597624683793511E-03 -5.8779962915240748E-03 -1.5549395882400003E-03
0
0.0
 -1.1407996218300525E+00 -2.3170985309886123E+00 3.8420614944644871E-01
 8.6281823976884289E-03 -5.8737130930442624E-03 -1.5229784034828801E-03
0
0.0
 -1.1407996218300525E+00 -2.3170985309886123E+00 3.8420614944644871E-01
 8.7504418952857651E-03 -5.7291950496306775E-03 -1.3389574115040667E-03
0
0.0
 -1.1407996218300525E+00 -2.3170985309886123E+00 3.8420614944644871E-01
 8.6835223461954603E-03 -5.8646493520202094E-03 -1.5031997280669203E-03
0
0.0
 -1.1407996218300525E+00 -2.3170985309886123E+00 3.8420614944644871E-01
 8.6786814618118064E-03 -5.7698012391338184E-03 -1.7516902492204492E-03
0
0.0
 -1.1407996218300525E+00 -2.3170985309886123E+00 3.8420614944644871E-01
 8.9405052719535340E-03 -5.8407315423137512E-03 -1.4176486493880601E-03
0
0.0
 -1.1407996218300525E+00 -2.3170985309886123E+00 3.8420614944644871E-01
 8.8681199666041464E-03 -6.0500380210037393E-03 -1.6746669168225925E-03
0
0.0
 -1.1407996218300525E+00 -2.3170985309886123E+00 3.8420614944644871E-01
 8.7918117160916895E-03 -5.8163419172057610E-03 -1.7004826399113319E-03
0
0.0
 -1.1407996218300525E+00 -2.3170985309886123E+00 3.8420614944644871E-01
 8.7385517651228910E-03 -5.9999652299027135E-03 -1.4727290556112963E-03
0
0.0
 -1.1407996218300525E+00 -2.3170985309886123E+00 3.8420614944644871E-01
 8.9105019511446504E-03 -5.9426191985343041E-03 -1.7520679712489703E-03
0
0.0
 -1.1407996218300525E+00 -2.3170985309886123E+00 3.8420614944644871E-01
 8.6872782398093613E-03 -5.7173163582104891E-03 -1.4292111365940276E-03
0
0.0
 -1.1407996218300525E+00 -2.3170985309886123E+00 3.8420614944644871E-01
 8.8702417874834232E-03 -6.0256367526455197E-03 -1.6429970461137502E-03
0
0.0
 -1.1407996218300525E+00 -2.3170985309886123E+00 3.8420614944644871E-01
 8.8181496638365543E-03 -6.0130050729047483E-03 -1.5899021361687350E-03
0
0.0
 -1.1407996218300525E+00 -2.3170985309886123E+00 3.8420614944644871E-01
 9.0101964334223985E-03 -5.7411210246966285E-03 -1.6587108098854559E-03
0
0.0
 -1.1407996218300525E+00 -2.3170985309886123E+00 3.8420614944644871E-01
 8.6908147379195760E-03 -5.9991592989412793E-03 -1.6176504647524134E-03
0
0.0
 -1.1407996218300525E+00 -2.3170985309886123E+00 3.8420614944644871E-01
 8.6118090453908350E-03 -5.7663299779296675E-03 -1.4310735079821185E-03
0
0.0
 -1.1407996218300525E+00 -2.3170985309886123E+00 3.8420614944644871E-01
 8.7451581092414642E-03 -5.8657097624427472E-03 -1.9643509388757390E-03
0
0.0
 -1.1407996218300525E+00 -2.3170985309886123E+00 3.8420614944644871E-01
 8.7404286872172395E-03 -5.9544479908481135E-03 -1.6317933276854535E-03
0
0.0
 -1.1407996218300525E+00 -2.3170985309886123E+00 3.8420614944644871E-01
 8.6120403199327032E-03 -6.0415520601378352E-03 -1.8864516758199240E-03
0
0.0
 -1.1407996218300525E+00 -2.3170985309886123E+00 3.8420614944644871E-01
 8.7334630388651007E-03 -5.7343192443213894E-03 -1.3625695938150400E-03
0
0.0
 -1.1407996218300525E+00 -2.3170985309886123E+00 3.8420614944644871E-01
 8.5555611494796419E-03 -5.8267264908287300E-03 -1.4601171265331782E-03
0
0.0
 -1.1407996218300525E+00 -2.3170985309886123E+00 3.8420614944644871E-01
 8.7902799317809196E-03 -5.9343489918683191E-03 -1.5420540144057302E-03
0
0.0
 -1.1407996218300525E+00 -2.3170985309886123E+00 3.8420614944644871E-01
 8.7999200433769541E-03 -5.8047153234020328E-03 -1.7229328320060562E-03
0
0.0
 -1.1407996218300525E+00 -2.3170985309886123E+00 3.8420614944644871E-01
 8.6231889753127858E-03 -5.6558776815374950E-03 -1.5843886835120442E-03
0
0.0
 -1.1407996218300525E+00 -2.3170985309886123E+00 3.8420614944644871E-01
 8.8800698587682726E-03 -5.8319819723859391E-03 -1.8625617849653206E-03
0
0.0
 -1.1407996218300525E+00 -2.3170985309886123E+00 3.8420614944644871E-01
 8.7460890233034012E-03 -5.9226756154025836E-03 -1.3131991307862149E-03
0
0.0
 -1.1407996218300525E+00 -2.3170985309886123E+00 3.8420614944644871E-01
 8.6888735777185915E-03 -5.8515598129823985E-03 -1.6620799061404391E-03
0
0.0
 -1.1407996218300525E+00 -2.3170985309886123E+00 3.8420614944644871E-01
 8.5595544675551027E-03 -5.9418382116335731E-03 -1.8008772130904606E-03
0
0.0
 -1.1407996218300525E+00 -2.3170985309886123E+00 3.8420614944644871E-01
 8.9585680358858274E-03 -6.0019792938673152E-03 -1.6986100193089229E-03
0
0.0
 -1.1407996218300525E+00 -2.3170985309886123E+00 3.8420614944644871E-01
 8.6338902183691456E-03 -5.8806717830850617E-03 -1.6687895192016302E-03
0
0.0
 -1.1407996218300525E+00 -2.3170985309886123E+00 3.8420614944644871E-01
 8.8572599465728315E-03 -5.8762775128295931E-03 -1.6042956442203877E-03
0
0.0
 -1.1407996218300525E+00 -2.3170985309886123E+00 3.8420614944644871E-01
 8.7764946077095677E-03 -6.0142474123129775E-03 -1.6513193105418844E-03
0
0.0
 -1.1407996218300525E+00 -2.3170985309886123E+00 3.8420614944644871E-01
 8.8538902610260251E-03 -5.9148846450143688E-03 -1.7309827723727383E-03
0
0.0
 -1.1407996218300525E+00 -2.3170985309886123E+00 3.8420614944644871E-01
 8.8097800360240185E-03 -5.6909763770055096E-03 -1.7216975897117221E-03
0
0.0
 -1.1407996218300525E+00 -2.3170985309886123E+00 3.8420614944644871E-01
 8.7139206940220135E-03 -6.0127385223501025E-03 -1.7861784907253671E-03
0
0.0
 -1.1407996218300525E+00 -2.3170985309886123E+00 3.8420614944644871E-01
 8.7819853002807438E-03 -5.9076679415798836E-03 -1.6651660848400877E-03
0
0.0
 -1.1407996218300525E+00 -2.3170985309886123E+00 3.8420614944644871E-01
 8.8593129953163999E-03 -5.7760060885763860E-03 -1.4732893114123855E-03
0
0.0
 -1.1407996218300525E+00 -2.3170985309886123E+00 3.8420614944644871E-01
 8.7632408146715683E-03 -5.8189033265606321E-03 -1.6117062731100598E-03
0
0.0
 -1.1407996218300525E+00 -2.3170985309886123E+00 3.8420614944644871E-01
 8.7842508323032215E-03 -5.8368823085779009E-03 -1.5748104419810280E-03
0
0.0
 -1.1407996218300525E+00 -2.3170985309886123E+00 3.8420614944644871E-01
 8.6288451116216004E-03 -5.8605954065942259E-03 -1.6043875412918060E-03
0
0.0
 -1.1407996218300525E+00 -2.3170985309886123E+00 3.8420614944644871E-01
 8.8076877913096496E-03 -5.7773626167329081E-03 -1.7469075765478082E-03
0
0.0
 -1.1407996218300525E+00 -2.3170985309886123E+00 3.8420614944644871E-01
 8.7035927041407002E-03 -6.1058597625452135E-03 -1.6293480147473516E-03
0
0.0
 -1.1407996218300525E+00 -2.3170985309886123E+00 3.8420614944644871E-01
 8.9323680202276039E-03 -5.8901542299937704E-03 -1.7025387958264407E-03
0
0.0
 -1.1407996218300525E+00 -2.3170985309886123E+00 3.8420614944644871E-01
 8.7462752879709088E-03 -5.9690744691566835E-03 -1.6157799610017531E-03
0
0.0
 -1.1407996218300525E+00 -2.3170985309886123E+00 3.8420614944644871E-01
 9.0157484922284790E-03 -5.9369552894944187E-03 -1.5378845843921404E-03
0
0.0
 -1.1407996218300525E+00 -2.3170985309886123E+00 3.8420614944644871E-01
 8.8262371651009076E-03 -6.0484983889807203E-03 -1.8751024906969579E-03
0
0.0
 -1.1407996218300525E+00 -2.3170985309886123E+00 3.8420614944644871E-01
 8.9143778955914528E-03 -5.7444351793259803E-03 -1.6036157743179471E-03
0
0.0
 -1.1407996218300525E+00 -2.3170985309886123E+00 3.8420614944644871E-01
 8.9556151049450267E-03 -5.8593073354515270E-03 -1.8770187774398740E-03
0
0.0
 -1.1407996218300525E+00 -2.3170985309886123E+00 3.8420614944644871E-01
 8.6240387041904443E-03 -5.8645609042102444E-03 -1.5712708624065045E-03
0
0.0
 -1.1407996218300525E+00 -2.3170985309886123E+00 3.8420614944644871E-01
 9.0020276817214754E-03 -5.9618194154067959E-03 -1.7583736761172051E-03
0
0.0
 -1.1407996218300525E+00 -2.3170985309886123E+00 3.8420614944644871E-01
 8.9078662713532909E-03 -6.0918832216993683E-03 -1.7991770039958942E-03
0
0.0
 -1.1407996218300525E+00 -2.3170985309886123E+00 3.8420614944644871E-01
 8.8688051136130066E-03 -5.7430698151587998E-03 -1.6206483682090127E-03
0
0.0
 -1.1407996218300525E+00 -2.3170985309886123E+00 3.8420614944644871E-01
 8.9965091995309332E-03 -5.7361114176266220E-03 -1.7704254261595256E-03
0
0.0
 -1.1407996218300525E+00 -2.3170985309886123E+00 3.8420614944644871E-01
 8.9160332557676695E-03 -5.6089942236675619E-03 -1.6585853331197947E-03
0
0.0
 -1.1407996218300525E+00 -2.3170985309886123E+00 3.8420614944644871E-01
 8.7721255664426050E-03 -6.0232494271342928E-03 -1.3867289594698875E-03
0
0.0
 -1.1407996218300525E+00 -2.3170985309886123E+00 3.8420614944644871E-01
 8.9459081072485336E-03 -5.9518887300010559E-03 -1.5788161254653434E-03
0
0.0
 -1.1407996218300525E+00 -2.3170985309886123E+00 3.8420614944644871E-01
 8.6899298023611973E-03 -6.0632154778522841E-03 -1.6835746048277009E-03
0
0.0
 -1.1407996218300525E+00 -2.3170985309886123E+00 3.8420614944644871E-01
 8.6604075035790987E-03 -5.8142133118112820E-03 -1.6570769715388060E-03
0
0.0
 -1.1407996218300525E+00 -2.3170985309886123E+00 3.8420614944644871E-01
 8.9021297426249649E-03 -5.9065383073959995E-03 -1.5489659531105272E-03
0
0.0
 -1.1407996218300525E+00 -2.3170985309886123E+00 3.8420614944644871E-01
 8.8067802902011619E-03 -5.6766550568473316E-03 -1.5976105663137521E-03
0
0.0
 -1.1407996218300525E+00 -2.3170985309886123E+00 3.8420614944644871E-01
 8.5786661101284918E-03 -5.9378074917206293E-03 -1.8527398272361656E-03
0
0.0
 -1.1407996218300525E+00 -2.3170985309886123E+00 3.8420614944644871E-01
 8.8934967814314949E-03 -6.1053545532907356E-03 -1.5039460103319637E-03
0
0.0
 -1.1407996218300525E+00 -2.3170985309886123E+00 3.8420614944644871E-01
 8.8557069524524828E-03 -6.1330488330920340E-03 -1.7343154567910151E-03
0
0.0
 -1.1407996218300525E+00 -2.3170985309886123E+00 3.8420614944644871E-01
 8.6051643028543286E-03 -5.8495755954195462E-03 -1.5203158284293008E-03
0
0.0
 -1.1407996218300525E+00 -2.3170985309886123E+00 3.8420614944644871E-01
 8.6894977266079899E-03 -6.0145184523620393E-03 -1.6681587479022218E-03
0
0.0
 -1.1407996218300525E+00 -2.3170985309886123E+00 3.8420614944644871E-01
 8.8917384227864635E-03 -5.9770939740782522E-03 -1.3775808544038632E-03
0
0.0
 -1.1407996218300525E+00 -2.3170985309886123E+00 3.8420614944644871E-01
 8.6176860132866889E-03 -5.9740827710462697E-03 -1.5518833083704988E-03
0
0.0
 -1.1407996218300525E+00 -2.3170985309886123E+00 3.8420614944644871E-01
 8.6175402272450873E-03 -6.0252331805122350E-03 -1.5530527671553072E-03
0
0.0
 -1.1407996218300525E+00 -2.3170985309886123E+00 3.8420614944644871E-01
 8.7207997151395687E-03 -5.9392733745584131E-03 -1.5246548551289744E-03
0
0.0
 -1.1407996218300525E+00 -2.3170985309886123E+00 3.8420614944644871E-01
 8.7794461518941047E-03 -6.0937667666573526E-03 -1.6231300166011545E-03
0
0.0
 -1.1407996218300525E+00 -2.3170985309886123E+00 3.8420614944644871E-01
 8.7948299877663380E-03 -5.9216929924053629E-03 -1.6194636057290037E-03
0
0.0
 -1.1407996218300525E+00 -2.3170985309886123E+00 3.8420614944644871E-01
 8.8682671220471979E-03 -5.9159521889657228E-03 -1.9002384202824226E-03
0
0.0
 -1.1407996218300525E+00 -2.3170985309886123E+00 3.8420614944644871E-01
 8.6459126806829757E-03 -5.8324171095019660E-03 -1.6204211472578077E-03
0
0.0
 -1.1407996218300525E+00 -2.3170985309886123E+00 3.8420614944644871E-01
 8.6694007227058733E-03 -5.8025381790742939E-03 -1.4817978081140513E-03
0
0.0
 -1.1407996218300525E+00 -2.3170985309886123E+00 3.8420614944644871E-01
 8.7976682555035816E-03 -5.9619193306187689E-03 -1.6283284468915252E-03
0
0.0
 -1.1407996218300525E+00 -2.3170985309886123E+00 3.8420614944644871E-01
 9.0535038038358825E-03 -5.7131490730046915E-03 -1.5554157354034852E-03
0
0.0
 -1.1407996218300525E+00 -2.3170985309886123E+00 3.8420614944644871E-01
 8.8663600835527656E-03 -5.8389340712314448E-03 -1.6568660299966557E-03
0
0.0
 -1.1407996218300525E+00 -2.3170985309886123E+00 3.8420614944644871E-01
 8.7064223608542355E-03 -5.9965885270850507E-03 -1.4782138413029890E-03
0
0.0
 -1.1407996218300525E+00 -2.3170985309886123E+00 3.8420614944644871E-01
 8.9048160732740269E-03 -5.9987622821590213E-03 -1.7675376268414711E-03
0
0.0
 -1.1407996218300525E+00 -2.3170985309886123E+00 3.8420614944644871E-01
 8.7568119831936582E-03 -5.9514324832293060E-03 -1.6465026362120995E-03
0
0.0
 -1.1407996218300525E+00 -2.3170985309886123E+00 3.8420614944644871E-01
 8.6871583008081132E-03 -5.8075386650167128E-03 -1.6435002125462308E-03
0
0.0
 -1.1407996218300525E+00 -2.3170985309886123E+00 3.8420614944644871E-01
 8.6342498559015771E-03 -6.0407824996094785E-03 -1.6757599677368509E-03
0
0.0
 -1.1407996218300525E+00 -2.3170985309886123E+00 3.8420614944644871E-01
 8.6691064692916431E-03 -6.0366796320893987E-03 -1.6563617088530885E-03
0
0.0
 -1.1407996218300525E+00 -2.3170985309886123E+00 3.8420614944644871E-01
 8.8765438265290403E-03 -5.8806301349870133E-03 -1.6864325984413872E-03
0
0.0
 -1.1407996218300525E+00 -2.3170985309886123E+00 3.8420614944644871E-01
 8.7604233192750975E-03 -6.0279613617222408E-03 -1.8881950598705869E-03
0
0.0
 -1.1407996218300525E+00 -2.3170985309886123E+00 3.8420614944644871E-01
 8.6885466444400379E-03 -5.8988352867250533E-03 -1.5932914429284801E-03
0
0.0
 -1.1407996218300525E+00 -2.3170985309886123E+00 3.8420614944644871E-01
 8.9153090345613691E-03 -5.8265016993557621E-03 -1.5490188086143978E-03
0
0.0
 -1.1407996218300525E+00 -2.3170985309886123E+00 3.8420614944644871E-01
 8.6348674200113530E-03 -5.8677954731372432E-03 -1.3569775809918686E-03
0
0.0
 -1.1407996218300525E+00 -2.3170985309886123E+00 3.8420614944644871E-01
 8.6952378958497275E-03 -5.9443172669621947E-03 -1.6403183737277926E-03
0
0.0
 -1.1407996218300525E+00 -2.3170985309886123E+00 3.8420614944644871E-01
 8.7535619522560691E-03 -5.9704109182486687E-03 -1.6500065452241944E-03
0
0.0
 -1.1407996218300525E+00 -2.3170985309886123E+00 3.8420614944644871E-01
 8.7714425760074440E-03 -5.8899234033899421E-03 -1.5791135698062760E-03
0
0.0
 -1.1407996218300525E+00 -2.3170985309886123E+00 3.8420614944644871E-01
 8.7849704066742668E-03 -5.6146806052219111E-03 -1.7402631272237941E-03
0
0.0
 -1.1407996218300525E+00 -2.3170985309886123E+00 3.8420614944644871E-01
 8.8210236946574556E-03 -5.8551046280163124E-03 -1.7326823269417943E-03
0
0.0
 -1.1407996218300525E+00 -2.3170985309886123E+00 3.8420614944644871E-01
 8.7853390738780405E-03 -5.8974520066045486E-03 -1.6547569496784783E-03
0
0.0
 -1.1407996218300525E+00 -2.3170985309886123E+00 3.8420614944644871E-01
 8.7593117123207932E-03 -5.7207899893651579E-03 -1.7579508220326519E-03
0
0.0
 -1.1407996218300525E+00 -2.3170985309886123E+00 3.8420614944644871E-01
 8.8984485313850972E-03 -6.0444295634202241E-03 -1.6257856982505447E-03
0
0.0
 -1.1407996218300525E+00 -2.3170985309886123E+00 3.8420614944644871E-01
 8.9296090556538494E-03 -5.8983271973304602E-03 -1.7471173728206976E-03
0
0.0
 -1.1407996218300525E+00 -2.3170985309886123E+00 3.8420614944644871E-01
 8.6202777625339778E-03 -5.9236088617574687E-03 -1.5521784166153238E-03
0
0.0
 -1.1407996218300525E+00 -2.3170985309886123E+00 3.8420614944644871E-01
 8.6804133272906682E-03 -5.8518015133594498E-03 -1.3765637257012820E-03
0
0.0
 -1.1407996218300525E+00 -2.3170985309886123E+00 3.8420614944644871E-01
 8.6928820281667700E-03 -5.8053316774386299E-03 -1.7253362052918498E-03
0
0.0
 -1.1407996218300525E+00 -2.3170985309886123E+00 3.8420614944644871E-01
 8.8209639527784493E-03 -5.9473361696227856E-03 -1.8832739334824658E-03
0
0.0
 -1.1407996218300525E+00 -2.3170985309886123E+00 3.8420614944644871E-01
 8.8201584463198108E-03 -5.6871221820794168E-03 -1.8626477371463460E-03
0
0.0
 -1.1407996218300525E+00 -2.3170985309886123E+00 3.8420614944644871E-01
 8.7647518159788915E-03 -5.8130709630761414E-03 -1.6332688163771278E-03
0
0.0
 -1.1407996218300525E+00 -2.3170985309886123E+00 3.8420614944644871E-01
 8.8071644214762230E-03 -6.0408177687945128E-03 -1.7921113753873300E-03
0
0.0
 -1.1407996218300525E+00 -2.3170985309886123E+00 3.8420614944644871E-01
 8.7790023359841200E-03 -6.0381730461741825E-03 -1.4566871307758436E-03
0
0.0
 -1.1407996218300525E+00 -2.3170985309886123E+00 3.8420614944644871E-01
 8.8203157184174666E-03 -5.7332998318466799E-03 -1.6718958380774146E-03
0
0.0
 -1.1407996218300525E+00 -2.3170985309886123E+00 3.8420614944644871E-01
 8.7680732232360177E-03 -6.0407996832581665E-03 -1.6152825025112097E-03
0
0.0
 -1.1407996218300525E+00 -2.3170985309886123E+00 3.8420614944644871E-01
 8.5740330177275503E-03 -5.9236041227624719E-03 -1.4852358905670250E-03
0
0.0
 -1.1407996218300525E+00 -2.3170985309886123E+00 3.8420614944644871E-01
 8.8305935752556793E-03 -5.9169681453212645E-03 -1.4165409643181969E-03
0
0.0
 -1.1407996218300525E+00 -2.3170985309886123E+00 3.8420614944644871E-01
 8.7840950148791921E-03 -6.1152486743940790E-03 -1.6754570860915158E-03
0
0.0
 -1.1407996218300525E+00 -2.3170985309886123E+00 3.8420614944644871E-01
 8.8590467016621821E-03 -5.9012427404443830E-03 -1.8659013342348890E-03
0
0.0
 -1.1407996218300525E+00 -2.3170985309886123E+00 3.8420614944644871E-01
 8.6480276313377485E-03 -5.7809859673147515E-03 -1.3746871295080519E-03
0
0.0
 -1.1407996218300525E+00 -2.3170985309886123E+00 3.8420614944644871E-01
 8.8764669562253016E-03 -5.9473468148032466E-03 -1.5730204105166392E-03
0
0.0
 -1.1407996218300525E+00 -2.3170985309886123E+00 3.8420614944644871E-01
 8.9038989057118687E-03 -5.7784370925958476E-03 -1.6472442277755800E-03
0
0.0
 -1.1407996218300525E+00 -2.3170985309886123E+00 3.8420614944644871E-01
 8.7883001602972310E-03 -5.8692101012307587E-03 -1.6525683297876409E-03
0
0.0
 -1.1407996218300525E+00 -2.3170985309886123E+00 3.8420614944644871E-01
 8.6515317966845955E-03 -5.8016778654865972E-03 -1.5732927240938433E-03
0
0.0
 -1.1407996218300525E+00 -2.3170985309886123E+00 3.8420614944644871E-01
 8.7117412515099104E-03 -5.9250893907302152E-03 -1.4824714497604695E-03
0
0.0
 -1.1407996218300525E+00 -2.3170985309886123E+00 3.8420614944644871E-01
 8.6677135457730627E-03 -6.0188938306940448E-03 -1.7125753004063483E-03
0
0.0
 -1.1407996218300525E+00 -2.3170985309886123E+00 3.8420614944644871E-01
 8.6146642371511331E-03 -5.9549497233296802E-03 -1.7540948480576849E-03
0
0.0
 -1.1407996218300525E+00 -2.3170985309886123E+00 3.8420614944644871E-01
 8.9216501284678212E-03 -5.8702592704192938E-03 -1.6498211411601585E-03
0
0.0
 -1.1407996218300525E+00 -2.3170985309886123E+00 3.8420614944644871E-01
 8.7152807061807343E-03 -5.6422926627682475E-03 -1.6946401317451693E-03
0
0.0
 -1.1407996218300525E+00 -2.3170985309886123E+00 3.8420614944644871E-01
 8.7444772182915520E-03 -5.9773365788369486E-03 -1.5407618485211152E-03
0
0.0
 -1.1407996218300525E+00 -2.3170985309886123E+00 3.8420614944644871E-01
 8.8893392504543998E-03 -6.0378564928426602E-03 -1.6011227540432425E-03
0
0.0
