50
-1
1
 -0.73181351   0.58223812   0.35418606  2.83977924e-04
 -0.13401060  -0.44397499  -0.88596127  6.43929434e-04
  0.07165713  -0.90655074  -0.41596996  1.64723947e-04
  0.82107662  -0.46020384   0.33770639  1.89798557e-04
 -0.82510573  -0.51355708  -0.23549875  1.87036417e-04
  0.47570673   0.81320618  -0.33525932  2.26300004e-04
  0.57024271  -0.72242536   0.39105607  2.02603936e-04
 -0.68879916   0.34543889  -0.63735994  1.98766274e-04
 -0.16795838  -0.98288920   0.07562278  3.94819864e-04
  0.15530194   0.85938368  -0.48717656  3.71062372e-04
  0.77071844  -0.00224280  -0.63717192  2.05777056e-04
 -0.71702813   0.57145483   0.39913662  2.25070545e-04
 -0.19303532   0.97593242  -0.10145582  3.90530334e-04
  0.66750169   0.18839850   0.72038011  8.56381509e-04
  0.04138154  -0.36986366   0.92816402  1.55754830e-04
  0.24084627   0.89919396  -0.36529892  1.88095111e-04
  0.45269337  -0.30004367   0.83966809  5.71242882e-04
 -0.07434231   0.64305834   0.76220023  8.56472704e-04
  0.97626454  -0.16910851   0.13531391  1.54027352e-04
 -0.47016451   0.88144822   0.04465834  1.46234829e-04
  0.96913653   0.04521717  -0.24234232  1.97655215e-04
 -0.15592926   0.00166004  -0.98776683  1.95744816e-04
 -0.49297292  -0.81798207   0.29645072  3.03768515e-04
  0.35878470  -0.02384019  -0.93311585  1.48173083e-04
  0.65794975  -0.66969728  -0.34439466  4.99073327e-04
  0.40171276  -0.83732648  -0.37082506  2.71043171e-04
  0.55657300  -0.81500430  -0.16122805  2.33909888e-04
 -0.25324133   0.90615523  -0.33874995  6.30942962e-04
  0.11151671   0.85583283  -0.50508831  4.72567546e-04
  0.39911614  -0.88316745  -0.24641746  3.14978626e-04
 -0.72431636  -0.40796597  -0.55581434  3.33861171e-04
 -0.83917361   0.32230755   0.43807019  2.13896097e-04
  0.72768632  -0.57242187  -0.37789658  3.01386990e-04
 -0.08697708   0.11992963  -0.98896505  5.94365058e-04
  0.27409757   0.38184364  -0.88264713  2.88393047e-04
 -0.05443771   0.83219939  -0.55179771  2.29192748e-04
  0.78609091  -0.61685166   0.03943493  5.85857025e-04
  0.90933153  -0.41520792   0.02680587  6.64452677e-04
 -0.79193167  -0.58679774  -0.16885688  2.73580667e-04
  0.55919029   0.10575267   0.82226674  1.57629622e-04
  0.99130061   0.08123126   0.10355957  3.64369858e-04
  0.98944015   0.03044534  -0.14170840  1.68715477e-04
 -0.67680167  -0.19237899   0.71058414  2.03546762e-04
  0.23505828   0.25093602   0.93903073  3.12454924e-04
 -0.24235368   0.54494300  -0.80268413  2.24584967e-04
  0.00632188   0.74347591   0.66873283  2.74728837e-04
  0.61811569   0.07692151  -0.78231456  1.96272639e-04
  0.08121566  -0.08333727   0.99320638  1.93368640e-04
 -0.77319329   0.28902396   0.56447966  3.63670706e-04
 -0.77193308   0.49201765   0.40253937  8.07540220e-04
