50
 -1.1407996218300525E+00 -2.3170985309886123E+00 3.8420614944644871E-01
 8.9506040586807487E-03 -6.0009634971192414E-03 -1.7999628186121301E-03
0
0.0
 -1.1407996218300525E+00 -2.3170985309886123E+00 3.8420614944644871E-01
 8.8433049034280699E-03 -5.9419326899328275E-03 -1.5985245457963619E-03
0
0.0
 -1.1407996218300525E+00 -2.3170985309886123E+00 3.8420614944644871E-01
 8.6796196823954955E-03 -5.9465239438376465E-03 -1.7155132154203180E-03
0
0.0
 -1.1407996218300525E+00 -2.3170985309886123E+00 3.8420614944644871E-01
 8.6570151486886366E-03 -5.9955346758648106E-03 -1.5227102212510425E-03
0
0.0
 -1.1407996218300525E+00 -2.3170985309886123E+00 3.8420614944644871E-01
 8.7536476862439191E-03 -5.9730351634863631E-03 -1.5268740194402546E-03
0
0.0
 -1.1407996218300525E+00 -2.3170985309886123E+00 3.8420614944644871E-01
 8.7028234582227602E-03 -5.7257610561753155E-03 -1.6630558287450985E-03
0
0.0
 -1.1407996218300525E+00 -2.3170985309886123E+00 3.8420614944644871E-01
 8.8089778226064959E-03 -6.0097604341415164E-03 -1.7818573216278916E-03
0
0.0
 -1.1407996218300525E+00 -2.3170985309886123E+00 3.8420614944644871E-01
 8.7715734136498223E-03 -6.0338922598116556E-03 -1.4449307509236038E-03
0
0.0
 -1.1407996218300525E+00 -2.3170985309886123E+00 3.8420614944644871E-01
 8.8701935444676916E-03 -5.8185460283017142E-03 -1.6364546069317174E-03
0
0.0
 -1.1407996218300525E+00 -2.3170985309886123E+00 3.8420614944644871E-01
 8.7419866022214708E-03 -5.9105165619704495E-03 -1.6474096940588155E-03
0
0.0
 -1.1407996218300525E+00 -2.3170985309886123E+00 3.8420614944644871E-01
 8.8178387137023938E-03 -6.0350113710965232E-03 -1.5980800851534455E-03
0
0.0
 -1.1407996218300525E+00 -2.3170985309886123E+00 3.8420614944644871E-01
 8.8812846725684798E-03 -5.9283914672515212E-03 -1.5276800798567965E-03
0
0.0
 -1.1407996218300525E+00 -2.3170985309886123E+00 3.8420614944644871E-01
 8.7311712709570166E-03 -5.8801787037721367E-03 -1.5766165515646469E-03
0
0.0
 -1.1407996218300525E+00 -2.3170985309886123E+00 3.8420614944644871E-01
 8.8892568002020573E-03 -6.0625887214432591E-03 -1.6791734281748677E-03
0
0.0
 -1.1407996218300525E+00 -2.3170985309886123E+00 3.8420614944644871E-01
 8.7467537260692042E-03 -5.8171882955167691E-03 -1.4219324310922796E-03
0
0.0
 -1.1407996218300525E+00 -2.3170985309886123E+00 3.8420614944644871E-01
 8.7590322999284206E-03 -6.1642500246777724E-03 -1.7814558291191903E-03
0
0.0
 -1.1407996218300525E+00 -2.3170985309886123E+00 3.8420614944644871E-01
 8.8711419845108469E-03 -5.9442375807930315E-03 -1.7402923218328794E-03
0
0.0
 -1.1407996218300525E+00 -2.3170985309886123E+00 3.8420614944644871E-01
 9.0479096635889024E-03 -5.9036568839881103E-03 -1.7113337357144418E-03
0
0.0
 -1.1407996218300525E+00 -2.3170985309886123E+00 3.8420614944644871E-01
 8.6850661722883433E-03 -5.5838533577004410E-03 -1.6149636570754313E-03
0
0.0
 -1.1407996218300525E+00 -2.3170985309886123E+00 3.8420614944644871E-01
 8.8333800397838811E-03 -5.8865458751036865E-03 -1.6336557131618335E-03
0
0.0
 -1.1407996218300525E+00 -2.3170985309886123E+00 3.8420614944644871E-01
 8.8953256647579804E-03 -5.9140047966490415E-03 -1.9108775385276947E-03
0
0.0
 -1.1407996218300525E+00 -2.3170985309886123E+00 3.8420614944644871E-01
 8.7469955336733404E-03 -5.9008039506366966E-03 -1.7263952749130183E-03
0
0.0
 -1.1407996218300525E+00 -2.3170985309886123E+00 3.8420614944644871E-01
 8.9332786865718855E-03 -5.8639025599655087E-03 -1.5241872362356270E-03
0
0.0
 -1.1407996218300525E+00 -2.3170985309886123E+00 3.8420614944644871E-01
 8.8933280040176758E-03 -5.9036634183766623E-03 -1.7585148894043604E-03
0
0.0
 -1.1407996218300525E+00 -2.3170985309886123E+00 3.8420614944644871E-01
 8.8085199722795250E-03 -5.9158864177831600E-03 -1.6634874491708441E-03
0
0.0
 -1.1407996218300525E+00 -2.3170985309886123E+00 3.8420614944644871E-01
 9.0713737418353473E-03 -5.9482182973545324E-03 -1.7018712138042922E-03
0
0.0
 -1.1407996218300525E+00 -2.3170985309886123E+00 3.8420614944644871E-01
 8.9465227237690622E-03 -5.8249682749214387E-03 -1.6861029718916720E-03
0
0.0
 -1.1407996218300525E+00 -2.3170985309886123E+00 3.8420614944644871E-01
 8.9564495245104247E-03 -5.7773502221233350E-03 -1.7768140642263413E-03
0
0.0
 -1.1407996218300525E+00 -2.3170985309886123E+00 3.8420614944644871E-01
 9.0289914026042226E-03 -5.8177389824715462E-03 -1.6834139010042377E-03
0
0.0
 -1.1407996218300525E+00 -2.3170985309886123E+00 3.8420614944644871E-01
 8.8056460795563358E-03 -6.0201819110271768E-03 -1.4855588959033852E-03
0
0.0
 -1.1407996218300525E+00 -2.3170985309886123E+00 3.8420614944644871E-01
 8.8629119663256387E-03 -6.2045946329166634E-03 -1.6425328133896017E-03
0
0.0
 -1.1407996218300525E+00 -2.3170985309886123E+00 3.8420614944644871E-01
 8.8164409755089341E-03 -5.9337032004277849E-03 -1.6681220698512524E-03
0
0.0
 -1.1407996218300525E+00 -2.3170985309886123E+00 3.8420614944644871E-01
 8.9504870840671925E-03 -5.8468830425579751E-03 -1.6592823701594482E-03
0
0.0
 -1.1407996218300525E+00 -2.3170985309886123E+00 3.8420614944644871E-01
 8.8670769550448728E-03 -6.1904867517597207E-03 -1.5276144608646252E-03
0
0.0
 -1.1407996218300525E+00 -2.3170985309886123E+00 3.8420614944644871E-01
 8.7901217578031290E-03 -6.1336806250871312E-03 -1.6994768015419870E-03
0
0.0
 -1.1407996218300525E+00 -2.3170985309886123E+00 3.8420614944644871E-01
 8.7652981695271054E-03 -6.0453774313746038E-03 -1.6864498416636741E-03
0
0.0
 -1.1407996218300525E+00 -2.3170985309886123E+00 3.8420614944644871E-01
 8.7794129527621490E-03 -6.1437817623317967E-03 -1.7353577507421365E-03
0
0.0
 -1.1407996218300525E+00 -2.3170985309886123E+00 3.8420614944644871E-01
 8.8029668151935313E-03 -5.9856984986151945E-03 -1.6613742009570066E-03
0
0.0
 -1.1407996218300525E+00 -2.3170985309886123E+00 3.8420614944644871E-01
 8.8644765603054024E-03 -6.0089713329379950E-03 -1.6984365559020828E-03
0
0.0
 -1.1407996218300525E+00 -2.3170985309886123E+00 3.8420614944644871E-01
 8.8948807200559792E-03 -5.8482152862807755E-03 -1.4825268681999124E-03
0
0.0
 -1.1407996218300525E+00 -2.3170985309886123E+00 3.8420614944644871E-01
 8.8911539883923720E-03 -6.0270013950739724E-03 -1.7309700753040821E-03
0
0.0
 -1.1407996218300525E+00 -2.3170985309886123E+00 3.8420614944644871E-01
 8.8851432659264405E-03 -5.9448213033233728E-03 -1.6869189161472866E-03
0
0.0
 -1.1407996218300525E+00 -2.3170985309886123E+00 3.8420614944644871E-01
 8.7062665339108745E-03 -5.9304755259641951E-03 -1.8036537440841818E-03
0
0.0
 -1.1407996218300525E+00 -2.3170985309886123E+00 3.8420614944644871E-01
 8.9458753292122242E-03 -6.0118132624900032E-03 -1.9112683441977931E-03
0
0.0
 -1.1407996218300525E+00 -2.3170985309886123E+00 3.8420614944644871E-01
 8.8779496174961163E-03 -5.9175430290076131E-03 -1.5928896718062106E-03
0
0.0
 -1.1407996218300525E+00 -2.3170985309886123E+00 3.8420614944644871E-01
 8.8727779167932473E-03 -5.9459734544537257E-03 -1.5165460313046027E-03
0
0.0
 -1.1407996218300525E+00 -2.3170985309886123E+00 3.8420614944644871E-01
 9.0632941481914569E-03 -5.9472650057465128E-03 -1.5594923075897119E-03
0
0.0
 -1.1407996218300525E+00 -2.3170985309886123E+00 3.8420614944644871E-01
 8.6766098488459016E-03 -6.2021122809600687E-03 -1.5671235087692512E-03
0
0.0
 -1.1407996218300525E+00 -2.3170985309886123E+00 3.8420614944644871E-01
 8.7997270906970456E-03 -5.8890223897068630E-03 -1.6423872222372899E-03
0
0.0
 -1.1407996218300525E+00 -2.3170985309886123E+00 3.8420614944644871E-01
 8.5619962309171297E-03 -5.8034214550562241E-03 -1.4577835215806216E-03
0
0.0
