20
-1
1
  0.07327199  -0.01887791   0.99713331  2.82563657e-04
  0.82916331   0.34453286  -0.44021054  2.67396147e-04
 -0.06974055   0.28805897  -0.95506978  2.28779510e-04
  0.05581878   0.57505443  -0.81620871  1.69740824e-04
  0.07636799  -0.78590765   0.61360988  2.95370056e-04
  0.52176233   0.40977445  -0.74823056  2.33911382e-04
 -0.17800683   0.61291767  -0.76983472  2.70376557e-04
  0.64343499   0.55723580  -0.52486158  1.46063644e-04
  0.69395849  -0.37887081  -0.61227325  1.75815877e-04
 -0.30049570  -0.23890053  -0.92337905  3.56663253e-04
 -0.76704223   0.02812008   0.64098010  4.80891213e-04
  0.59711901   0.31890888  -0.73603398  3.58992609e-04
  0.70209488   0.70000469  -0.13059946  4.84471586e-04
 -0.37247148   0.07761510   0.92479235  5.89978287e-04
 -0.65684874   0.72431209   0.20957511  1.76029589e-04
 -0.29485221   0.51138391  -0.80718565  1.50237409e-04
  0.46435440  -0.86281121  -0.19982946  2.81310399e-04
 -0.37380234   0.92471492  -0.07193144  1.83088141e-04
 -0.05462596  -0.90516718  -0.42153101  5.05554464e-04
  0.36202264   0.32556459   0.87346855  1.93040506e-04
