20
-1
1
  0.07050011  -0.82980729  -0.55357890  1.70605911e-04
  0.02183854   0.71567001  -0.69809707  3.41376373e-04
 -0.26075689  -0.23660644  -0.93596113  2.29078679e-04
  0.78154919   0.26698454   0.56382631  5.39676150e-04
  0.57739293  -0.54200215   0.61061532  2.42354470e-04
 -0.60967411   0.69276595   0.38519193  3.85754887e-04
  0.68317719  -0.65403206   0.32482457  2.74096910e-04
  0.62735432   0.54320272  -0.55799405  2.40553358e-04
  0.02777122  -0.33804592  -0.94071979  1.94763298e-04
  0.63193792   0.51510237   0.57907169  2.58657878e-04
  0.09183738   0.06630742  -0.99356390  2.30738852e-04
  0.70684018   0.14367331  -0.69262900  4.87569676e-04
  0.52876963   0.75297835  -0.39169668  1.83871189e-04
 -0.57535812   0.29663157  -0.76221568  1.69548118e-04
 -0.19711529   0.98023903  -0.01664319  5.86345811e-04
 -0.76246923   0.53547640   0.36318824  7.15257692e-04
  0.46074908   0.68485176  -0.56452489  1.80248258e-04
 -0.17590388   0.21444096   0.96076683  1.91523684e-04
 -0.84049652  -0.03734785  -0.54052821  6.25062219e-04
 -0.01007595  -0.99464086  -0.10289817  1.80530919e-04
