20
 -1.1407996218300525E+00 -2.3170985309886123E+00 3.8420614944644871E-01
 8.9263500812979540E-03 -5.6788316157254347E-03 -1.7215576464447407E-03
0
0.0
 -1.1407996218300525E+00 -2.3170985309886123E+00 3.8420614944644871E-01
 8.8172425427133286E-03 -5.7679755726043544E-03 -1.6340556117116775E-03
0
0.0
 -1.1407996218300525E+00 -2.3170985309886123E+00 3.8420614944644871E-01
 8.5893860666824973E-03 -6.1584301980201440E-03 -1.5261471738658176E-03
0
0.0
 -1.1407996218300525E+00 -2.3170985309886123E+00 3.8420614944644871E-01
 8.9683057087598817E-03 -5.8752329323457668E-03 -1.7013196613980919E-03
0
0.0
 -1.1407996218300525E+00 -2.3170985309886123E+00 3.8420614944644871E-01
 8.8408136013160103E-03 -5.9043195275321186E-03 -1.5045630732788279E-03
0
0.0
 -1.1407996218300525E+00 -2.3170985309886123E+00 3.8420614944644871E-01
 8.7484343258973831E-03 -5.9369259091600129E-03 -1.5189695814397820E-03
0
0.0
 -1.1407996218300525E+00 -2.3170985309886123E+00 3.8420614944644871E-01
 8.8855617260477984E-03 -5.9892730101307043E-03 -1.4951057978212267E-03
0
0.0
 -1.1407996218300525E+00 -2.3170985309886123E+00 3.8420614944644871E-01
 8.8129321886517200E-03 -5.9456360864587488E-03 -1.6158754048173996E-03
0
0.0
 -1.1407996218300525E+00 -2.3170985309886123E+00 3.8420614944644871E-01
 8.8105035685735536E-03 -5.7610750918167053E-03 -1.5101620022580154E-03
0
0.0
 -1.1407996218300525E+00 -2.3170985309886123E+00 3.8420614944644871E-01
 8.6011919896336365E-03 -5.7389284432770487E-03 -1.4971981582987137E-03
0
0.0
 -1.1407996218300525E+00 -2.3170985309886123E+00 3.8420614944644871E-01
 8.5717074801784331E-03 -6.1211580400617428E-03 -1.7675100383528638E-03
0
0.0
 -1.1407996218300525E+00 -2.3170985309886123E+00 3.8420614944644871E-01
 8.6881799941188886E-03 -5.9646278866022206E-03 -1.5155699595052255E-03
0
0.0
 -1.1407996218300525E+00 -2.3170985309886123E+00 3.8420614944644871E-01
 8.7239674652199155E-03 -5.8543613764801602E-03 -1.6414568560091090E-03
0
0.0
 -1.1407996218300525E+00 -2.3170985309886123E+00 3.8420614944644871E-01
 8.6000976279617686E-03 -5.7101382081547634E-03 -1.7201020019054301E-03
0
0.0
 -1.1407996218300525E+00 -2.3170985309886123E+00 3.8420614944644871E-01
 8.8020173064126787E-03 -5.8850577021267907E-03 -1.5514176428037840E-03
0
0.0
 -1.1407996218300525E+00 -2.3170985309886123E+00 3.8420614944644871E-01
 8.6823715533376044E-03 -5.9281651150703864E-03 -1.6375329182024899E-03
0
0.0
 -1.1407996218300525E+00 -2.3170985309886123E+00 3.8420614944644871E-01
 8.7503133394663934E-03 -5.7562830767194538E-03 -1.3665430175530831E-03
0
0.0
 -1.1407996218300525E+00 -2.3170985309886123E+00 3.8420614944644871E-01
 8.9417201703893227E-03 -5.7754877186998281E-03 -1.3905328195583744E-03
0
0.0
 -1.1407996218300525E+00 -2.3170985309886123E+00 3.8420614944644871E-01
 8.8586819327093301E-03 -6.2156587009934089E-03 -1.7629987809692680E-03
0
0.0
 -1.1407996218300525E+00 -2.3170985309886123E+00 3.8420614944644871E-01
 8.7167331616402541E-03 -6.0431148460042203E-03 -1.6420554247319390E-03
0
0.0
