50
-1
1
 -0.87803742   0.40199856   0.25970647  4.47966298e-04
  0.05392434   0.96238459   0.26628568  2.26835317e-04
  0.43334916   0.89045950  -0.13888981  5.39832620e-04
 -0.40657929   0.84656741   0.34353588  2.96653079e-04
 -0.29035198   0.72522183   0.62429883  1.94634918e-04
 -0.87272355  -0.38744991   0.29704573  6.46444087e-04
 -0.07683440   0.99398982   0.07797891  1.78033914e-04
  0.39992055  -0.37769923  -0.83510888  2.89852418e-04
 -0.58300910  -0.77000200   0.25922446  2.44331653e-04
 -0.46538156   0.88418005   0.04056652  1.71606894e-04
  0.10469482   0.81141195   0.57502143  2.96613378e-04
  0.43711628  -0.35377692   0.82690462  1.49167537e-04
 -0.28917781   0.93162699   0.22010759  4.60507662e-04
 -0.57660914  -0.73936513  -0.34765083  3.09318387e-04
  0.86733596  -0.14885002   0.47494420  4.82089207e-04
  0.98327236  -0.02948694   0.17973866  3.39292521e-04
  0.85337702   0.50907470   0.11220792  3.49876299e-04
  0.44579392   0.42907952   0.78559439  4.35335302e-04
 -0.54289098  -0.04303746  -0.83869969  1.81599027e-04
 -0.81839559   0.56817333  -0.08606817  2.50239988e-04
  0.52394331   0.78225785   0.33698080  2.61542008e-04
 -0.71166823  -0.69939017   0.06619458  2.95285760e-04
 -0.61707414  -0.38615181  -0.68564297  1.81227237e-04
  0.13806005   0.42896308  -0.89270942  5.03176552e-04
  0.77726612   0.16741955   0.60648832  1.96549987e-04
  0.83525348   0.37932938  -0.39807142  3.99660566e-04
  0.06498944   0.76698121   0.63836996  2.30860427e-04
  0.30654516  -0.32563320  -0.89442332  2.26604362e-04
  0.72420431  -0.65273121   0.22241872  2.00219263e-04
  0.51665989   0.46289293  -0.72027265  2.23880192e-04
  0.18355615   0.36476235   0.91282834  5.11817006e-04
  0.58819083  -0.13697198  -0.79703841  1.45923034e-04
  0.00559564  -0.45074347  -0.89263599  1.73916282e-04
 -0.74498039   0.62388040  -0.23617252  3.60595270e-04
  0.32871277   0.25364100  -0.90973301  4.26411702e-04
  0.08773515   0.82320584  -0.56092307  1.56635201e-04
 -0.11701070  -0.99273088  -0.02817616  4.50440537e-04
 -0.84501904   0.15809402   0.51083178  1.58636182e-04
 -0.67604405  -0.73057040   0.09607982  1.62021386e-04
 -0.92034109  -0.37218864   0.12019941  4.16825144e-04
 -0.62224306  -0.72757297  -0.28887911  5.40676974e-04
  0.41712756   0.85062035   0.32007754  1.87974555e-04
 -0.89383964  -0.17012101   0.41486086  2.74298410e-04
 -0.82490531   0.56526562  -0.00245216  1.50944615e-04
  0.49410740  -0.72523781  -0.47946637  4.92088894e-04
 -0.26359334   0.82044541   0.50733408  7.07449495e-04
 -0.27163373  -0.52081903  -0.80929763  1.89657301e-04
  0.37061516   0.59174998   0.71587455  5.64415948e-04
  0.78372993   0.42885454  -0.44927850  1.52736255e-04
  0.78921202  -0.58955989  -0.17194046  2.39458371e-04
