50
 -1.1407996218300525E+00 -2.3170985309886123E+00 3.8420614944644871E-01
 8.6343500668584691E-03 -5.7336279581598837E-03 -1.7616221240022789E-03
0
0.0
 -1.1407996218300525E+00 -2.3170985309886123E+00 3.8420614944644871E-01
 8.8460431243833522E-03 -5.8192747070542634E-03 -1.7789248811128082E-03
0
0.0
 -1.1407996218300525E+00 -2.3170985309886123E+00 3.8420614944644871E-01
 8.7114315846425882E-03 -5.8167249751113993E-03 -1.6711359736564712E-03
0
0.0
 -1.1407996218300525E+00 -2.3170985309886123E+00 3.8420614944644871E-01
 8.6642222426608524E-03 -5.8569841235227302E-03 -1.4637024063865840E-03
0
0.0
 -1.1407996218300525E+00 -2.3170985309886123E+00 3.8420614944644871E-01
 8.5314688053963212E-03 -5.8840315119489395E-03 -1.4424828175850753E-03
0
0.0
 -1.1407996218300525E+00 -2.3170985309886123E+00 3.8420614944644871E-01
 9.0814160607786982E-03 -5.9610403163903340E-03 -1.6029479722130021E-03
0
0.0
 -1.1407996218300525E+00 -2.3170985309886123E+00 3.8420614944644871E-01
 8.8610484351786135E-03 -5.8654344166754651E-03 -1.5658996869819409E-03
0
0.0
 -1.1407996218300525E+00 -2.3170985309886123E+00 3.8420614944644871E-01
 8.6690590258598592E-03 -6.0576494289897110E-03 -1.6829460596481419E-03
0
0.0
 -1.1407996218300525E+00 -2.3170985309886123E+00 3.8420614944644871E-01
 8.7017144019562037E-03 -5.9038561828592268E-03 -1.9536707949251225E-03
0
0.0
 -1.1407996218300525E+00 -2.3170985309886123E+00 3.8420614944644871E-01
 8.8550263527868173E-03 -5.8956661703405818E-03 -1.6297071468316631E-03
0
0.0
 -1.1407996218300525E+00 -2.3170985309886123E+00 3.8420614944644871E-01
 8.8781640320915785E-03 -5.7693860417670174E-03 -1.6646765092388530E-03
0
0.0
 -1.1407996218300525E+00 -2.3170985309886123E+00 3.8420614944644871E-01
 8.8164687393749528E-03 -5.8396002989615572E-03 -1.6459009156705191E-03
0
0.0
 -1.1407996218300525E+00 -2.3170985309886123E+00 3.8420614944644871E-01
 8.6943436146022721E-03 -5.8889927270940308E-03 -1.6054252401989098E-03
0
0.0
 -1.1407996218300525E+00 -2.3170985309886123E+00 3.8420614944644871E-01
 8.8228018575235070E-03 -5.9589063778225718E-03 -1.5447198474701487E-03
0
0.0
 -1.1407996218300525E+00 -2.3170985309886123E+00 3.8420614944644871E-01
 8.6028821112443359E-03 -6.0382975260800673E-03 -1.5404247875766570E-03
0
0.0
 -1.1407996218300525E+00 -2.3170985309886123E+00 3.8420614944644871E-01
 8.6970731678868134E-03 -5.9043120406306170E-03 -1.4095846200180020E-03
0
0.0
 -1.1407996218300525E+00 -2.3170985309886123E+00 3.8420614944644871E-01
 8.8970873850375103E-03 -5.9017855654724845E-03 -1.6969604841292176E-03
0
0.0
 -1.1407996218300525E+00 -2.3170985309886123E+00 3.8420614944644871E-01
 8.7169521645875953E-03 -5.7840098769311628E-03 -1.6702712572455693E-03
0
0.0
 -1.1407996218300525E+00 -2.3170985309886123E+00 3.8420614944644871E-01
 8.8252869459928274E-03 -5.9788410155046665E-03 -1.4657516372532230E-03
0
0.0
 -1.1407996218300525E+00 -2.3170985309886123E+00 3.8420614944644871E-01
 8.8345464790396226E-03 -5.7957024157119690E-03 -1.5295602424967847E-03
0
0.0
 -1.1407996218300525E+00 -2.3170985309886123E+00 3.8420614944644871E-01
 9.0204224722557590E-03 -5.8218130578557292E-03 -1.5006231506231617E-03
0
0.0
 -1.1407996218300525E+00 -2.3170985309886123E+00 3.8420614944644871E-01
 8.8154408132430744E-03 -5.8771010192633279E-03 -1.6793510102862969E-03
0
0.0
 -1.1407996218300525E+00 -2.3170985309886123E+00 3.8420614944644871E-01
 8.6625847131688340E-03 -5.8645506799079707E-03 -1.8485346757753766E-03
0
0.0
 -1.1407996218300525E+00 -2.3170985309886123E+00 3.8420614944644871E-01
 8.9525169790544718E-03 -5.9360840543113179E-03 -1.6753552236924167E-03
0
0.0
 -1.1407996218300525E+00 -2.3170985309886123E+00 3.8420614944644871E-01
 8.7587102460091014E-03 -5.9095427124209376E-03 -1.5718591429751141E-03
0
0.0
 -1.1407996218300525E+00 -2.3170985309886123E+00 3.8420614944644871E-01
 8.7290525411867249E-03 -5.8710653340592056E-03 -1.4902636708695224E-03
0
0.0
 -1.1407996218300525E+00 -2.3170985309886123E+00 3.8420614944644871E-01
 8.7933018672711125E-03 -6.0109178706451482E-03 -1.6828668050510246E-03
0
0.0
 -1.1407996218300525E+00 -2.3170985309886123E+00 3.8420614944644871E-01
 8.7529776565796191E-03 -5.7580556817712842E-03 -1.7201146533350462E-03
0
0.0
 -1.1407996218300525E+00 -2.3170985309886123E+00 3.8420614944644871E-01
 9.1184326301508179E-03 -5.8276439267031781E-03 -1.6130236504591268E-03
0
0.0
 -1.1407996218300525E+00 -2.3170985309886123E+00 3.8420614944644871E-01
 8.8744968385710485E-03 -5.8131636045711246E-03 -1.7009060401429251E-03
0
0.0
 -1.1407996218300525E+00 -2.3170985309886123E+00 3.8420614944644871E-01
 8.6620911671463612E-03 -5.7834768146069948E-03 -1.7806762049986712E-03
0
0.0
 -1.1407996218300525E+00 -2.3170985309886123E+00 3.8420614944644871E-01
 8.4959669078976674E-03 -6.0932373022789888E-03 -1.6131146224663427E-03
0
0.0
 -1.1407996218300525E+00 -2.3170985309886123E+00 3.8420614944644871E-01
 8.7689711855694023E-03 -5.8098065215881362E-03 -1.7998468708400547E-03
0
0.0
 -1.1407996218300525E+00 -2.3170985309886123E+00 3.8420614944644871E-01
 9.0404269432502807E-03 -5.9788177599611374E-03 -1.5050159685492943E-03
0
0.0
 -1.1407996218300525E+00 -2.3170985309886123E+00 3.8420614944644871E-01
 8.8360965119327842E-03 -5.6606268243494535E-03 -1.5187251819319305E-03
0
0.0
 -1.1407996218300525E+00 -2.3170985309886123E+00 3.8420614944644871E-01
 8.7794607464270098E-03 -5.9846964154761945E-03 -1.3949087037555060E-03
0
0.0
 -1.1407996218300525E+00 -2.3170985309886123E+00 3.8420614944644871E-01
 8.8316667411716884E-03 -5.9195307815484207E-03 -1.5890691431755077E-03
0
0.0
 -1.1407996218300525E+00 -2.3170985309886123E+00 3.8420614944644871E-01
 9.0635677389196197E-03 -5.9923870148114577E-03 -1.4852046816744889E-03
0
0.0
 -1.1407996218300525E+00 -2.3170985309886123E+00 3.8420614944644871E-01
 8.8600980810451865E-03 -6.0275021762464312E-03 -1.8891456992216435E-03
0
0.0
 -1.1407996218300525E+00 -2.3170985309886123E+00 3.8420614944644871E-01
 8.7817727786992927E-03 -5.9665565184722821E-03 -1.5856077906520791E-03
0
0.0
 -1.1407996218300525E+00 -2.3170985309886123E+00 3.8420614944644871E-01
 8.6192926540763198E-03 -5.7669949098235126E-03 -1.7982437455009710E-03
0
0.0
 -1.1407996218300525E+00 -2.3170985309886123E+00 3.8420614944644871E-01
 8.7521647753407931E-03 -5.9202233574895168E-03 -1.5152083323755968E-03
0
0.0
 -1.1407996218300525E+00 -2.3170985309886123E+00 3.8420614944644871E-01
 8.7033308525156245E-03 -5.9643906172582957E-03 -1.6516059078798657E-03
0
0.0
 -1.1407996218300525E+00 -2.3170985309886123E+00 3.8420614944644871E-01
 8.7558819428661134E-03 -6.1767927800555726E-03 -1.6224460524304105E-03
0
0.0
 -1.1407996218300525E+00 -2.3170985309886123E+00 3.8420614944644871E-01
 8.7862200332884666E-03 -5.8039432654888191E-03 -1.5466729555846748E-03
0
0.0
 -1.1407996218300525E+00 -2.3170985309886123E+00 3.8420614944644871E-01
 8.7793045640622673E-03 -6.0409682982725827E-03 -1.4805048706880925E-03
0
0.0
 -1.1407996218300525E+00 -2.3170985309886123E+00 3.8420614944644871E-01
 8.9653882806214873E-03 -5.8959725831144779E-03 -1.6853353972828499E-03
0
0.0
 -1.1407996218300525E+00 -2.3170985309886123E+00 3.8420614944644871E-01
 8.6910976680609417E-03 -5.9593100703509011E-03 -1.3699521528378336E-03
0
0.0
 -1.1407996218300525E+00 -2.3170985309886123E+00 3.8420614944644871E-01
 8.7699690032205495E-03 -5.8612800196576574E-03 -1.6507008351557963E-03
0
0.0
 -1.1407996218300525E+00 -2.3170985309886123E+00 3.8420614944644871E-01
 8.8224486326569408E-03 -5.6703852035525091E-03 -1.4953949611844382E-03
0
0.0
