20
-1
1
  0.67835532   0.51061685  -0.52830341  2.19935124e-04
  0.91880163  -0.31331056  -0.24008345  2.07023254e-04
  0.46476558  -0.20777091  -0.86071146  1.68532915e-04
  0.17223586  -0.63988900   0.74891713  1.86259384e-04
 -0.31747359  -0.01034049  -0.94821073  3.92522732e-04
 -0.57185972   0.28091461   0.77075511  1.77986538e-04
  0.01261971  -0.37794041   0.92574391  4.84334846e-04
 -0.30354760   0.71560813  -0.62909765  3.81167576e-04
  0.34663822  -0.66626671   0.66025041  1.85712634e-04
 -0.27871028  -0.15265527   0.94816504  7.77068607e-04
  0.32659910  -0.82808063  -0.45564845  3.58437015e-04
 -0.18142152   0.91382369  -0.36333523  1.61217449e-04
  0.29922667  -0.48605756   0.82110380  4.84572528e-04
 -0.40326271   0.83017229   0.38495865  7.77226032e-04
  0.95344987  -0.26820365  -0.13784105  1.71873854e-04
  0.08660667  -0.96705826  -0.23936917  4.29080921e-04
  0.77391678  -0.01949680  -0.63298712  5.43118818e-04
  0.32130470  -0.48655523  -0.81242064  3.76857727e-04
  0.87881057   0.46954856   0.08494781  6.67785774e-04
  0.97143580   0.22494527   0.07557850  1.55135163e-04
