20
 -1.1407996218300525E+00 -2.3170985309886123E+00 3.8420614944644871E-01
 8.6753131821122563E-03 -6.0641220230575202E-03 -1.6488323158033533E-03
0
0.0
 -1.1407996218300525E+00 -2.3170985309886123E+00 3.8420614944644871E-01
 8.7950118810065439E-03 -5.9399675792339499E-03 -1.5472750965955849E-03
0
0.0
 -1.1407996218300525E+00 -2.3170985309886123E+00 3.8420614944644871E-01
 8.5330867099616681E-03 -5.8524509943173606E-03 -1.5545350981355428E-03
0
0.0
 -1.1407996218300525E+00 -2.3170985309886123E+00 3.8420614944644871E-01
 8.9686198764443482E-03 -6.0142361521698436E-03 -1.6360348690707212E-03
0
0.0
 -1.1407996218300525E+00 -2.3170985309886123E+00 3.8420614944644871E-01
 8.7792969628164297E-03 -6.1593410682311417E-03 -1.7469647063027179E-03
0
0.0
 -1.1407996218300525E+00 -2.3170985309886123E+00 3.8420614944644871E-01
 8.8384273503217935E-03 -5.9623084051579492E-03 -1.4831852776057758E-03
0
0.0
 -1.1407996218300525E+00 -2.3170985309886123E+00 3.8420614944644871E-01
 8.7895634254778216E-03 -5.9262204205553504E-03 -1.6538421681835337E-03
0
0.0
 -1.1407996218300525E+00 -2.3170985309886123E+00 3.8420614944644871E-01
 8.8626122652481105E-03 -5.8213181795722839E-03 -1.5851618255405804E-03
0
0.0
 -1.1407996218300525E+00 -2.3170985309886123E+00 3.8420614944644871E-01
 8.7838166983283793E-03 -5.8827142727236915E-03 -1.6324764856938334E-03
0
0.0
 -1.1407996218300525E+00 -2.3170985309886123E+00 3.8420614944644871E-01
 8.5174320445587700E-03 -5.7637905658503305E-03 -1.6734100228760871E-03
0
0.0
 -1.1407996218300525E+00 -2.3170985309886123E+00 3.8420614944644871E-01
 8.5698679805871342E-03 -6.0087368414893372E-03 -1.6089924867503996E-03
0
0.0
 -1.1407996218300525E+00 -2.3170985309886123E+00 3.8420614944644871E-01
 8.8408015887673705E-03 -5.7921466801403422E-03 -1.7236014239772998E-03
0
0.0
 -1.1407996218300525E+00 -2.3170985309886123E+00 3.8420614944644871E-01
 8.9937194727969707E-03 -5.8673442473085270E-03 -1.6415649302088801E-03
0
0.0
 -1.1407996218300525E+00 -2.3170985309886123E+00 3.8420614944644871E-01
 8.9534086921414669E-03 -5.8010546766931953E-03 -1.7015976868032794E-03
0
0.0
 -1.1407996218300525E+00 -2.3170985309886123E+00 3.8420614944644871E-01
 8.9294046790057337E-03 -5.9692478613519494E-03 -1.5106506468351120E-03
0
0.0
 -1.1407996218300525E+00 -2.3170985309886123E+00 3.8420614944644871E-01
 8.9326918510322911E-03 -5.9184113230072088E-03 -1.6579061509935744E-03
0
0.0
 -1.1407996218300525E+00 -2.3170985309886123E+00 3.8420614944644871E-01
 8.8094173650434138E-03 -6.0498240176936856E-03 -1.5730364472359253E-03
0
0.0
 -1.1407996218300525E+00 -2.3170985309886123E+00 3.8420614944644871E-01
 8.6577121559535432E-03 -6.0122383268678614E-03 -1.5459393228275053E-03
0
0.0
 -1.1407996218300525E+00 -2.3170985309886123E+00 3.8420614944644871E-01
 8.6985960212379483E-03 -5.8707407214157519E-03 -1.6064265069292208E-03
0
0.0
 -1.1407996218300525E+00 -2.3170985309886123E+00 3.8420614944644871E-01
 8.8261463057127572E-03 -5.7662212805806067E-03 -1.6566959492229204E-03
0
0.0
