20
-1
1
  0.87856310  -0.24780000  -0.40831610  2.69958226e-04
  0.66672530   0.37659959  -0.64315638  8.05859644e-04
 -0.66480727   0.42188457  -0.61647766  2.20500465e-04
 -0.57570183  -0.64757165   0.49921775  1.64323960e-04
  0.21309870   0.73820534  -0.64003267  7.88758459e-04
  0.95317740  -0.30238073   0.00432921  1.82379895e-04
  0.10689479   0.89581984  -0.43137028  2.41764440e-04
 -0.53957804  -0.75849734  -0.36542759  2.95891167e-04
  0.01560590   0.05722454   0.99823935  2.10170000e-04
  0.39154201   0.22681226  -0.89176850  1.69074301e-04
 -0.63839284  -0.71250504  -0.29118920  4.58137248e-04
  0.09076365  -0.86121551   0.50006979  2.28708654e-04
 -0.08082843  -0.09348552   0.99233423  1.70383335e-04
  0.35408741  -0.88493985  -0.30249557  2.53585997e-04
 -0.12666289  -0.25455303  -0.95872794  2.14614374e-04
 -0.73011887  -0.68317067  -0.01429222  1.75847587e-04
 -0.26939712   0.17923358   0.94620321  5.09991561e-04
  0.27399973   0.24715747   0.92942850  1.59011768e-04
 -0.82253157   0.34609779   0.45128498  1.48520343e-04
 -0.56957872   0.47429739   0.67128390  8.17466822e-04
