20
 -1.1407996218300525E+00 -2.3170985309886123E+00 3.8420614944644871E-01
 8.9794742269079519E-03 -5.7546375689713422E-03 -1.7301362803423851E-03
0
0.0
 -1.1407996218300525E+00 -2.3170985309886123E+00 3.8420614944644871E-01
 8.7861911650730148E-03 -6.0265010804331142E-03 -1.4962916713528872E-03
0
0.0
 -1.1407996218300525E+00 -2.3170985309886123E+00 3.8420614944644871E-01
 8.8248404030293864E-03 -5.9441965096608531E-03 -1.6162298005491485E-03
0
0.0
 -1.1407996218300525E+00 -2.3170985309886123E+00 3.8420614944644871E-01
 8.9502998772321707E-03 -5.7315047615676060E-03 -1.5827477110942655E-03
0
0.0
 -1.1407996218300525E+00 -2.3170985309886123E+00 3.8420614944644871E-01
 8.6548773016986956E-03 -5.6280351399320650E-03 -1.7067935418651787E-03
0
0.0
 -1.1407996218300525E+00 -2.3170985309886123E+00 3.8420614944644871E-01
 8.9361834075495743E-03 -6.0433071178437655E-03 -1.8405795276926018E-03
0
0.0
 -1.1407996218300525E+00 -2.3170985309886123E+00 3.8420614944644871E-01
 8.9138979399760020E-03 -5.9237141737532670E-03 -1.8012917200169174E-03
0
0.0
 -1.1407996218300525E+00 -2.3170985309886123E+00 3.8420614944644871E-01
 8.9194311194445170E-03 -6.1636045493547809E-03 -1.5428312380163180E-03
0
0.0
 -1.1407996218300525E+00 -2.3170985309886123E+00 3.8420614944644871E-01
 8.9233663712961851E-03 -5.8366313242191187E-03 -1.6491123300072651E-03
0
0.0
 -1.1407996218300525E+00 -2.3170985309886123E+00 3.8420614944644871E-01
 8.8168587512810898E-03 -5.8743193344680499E-03 -1.7190094894693048E-03
0
0.0
 -1.1407996218300525E+00 -2.3170985309886123E+00 3.8420614944644871E-01
 8.8310376344788149E-03 -5.9076121170701977E-03 -1.5464615413001979E-03
0
0.0
 -1.1407996218300525E+00 -2.3170985309886123E+00 3.8420614944644871E-01
 8.8489723679585838E-03 -5.7271346849134671E-03 -1.6188414565759981E-03
0
0.0
 -1.1407996218300525E+00 -2.3170985309886123E+00 3.8420614944644871E-01
 8.9033260012390449E-03 -5.9975314058771708E-03 -1.4790950856609746E-03
0
0.0
 -1.1407996218300525E+00 -2.3170985309886123E+00 3.8420614944644871E-01
 8.8541743507471894E-03 -5.7633404574325524E-03 -1.5780479959885655E-03
0
0.0
 -1.1407996218300525E+00 -2.3170985309886123E+00 3.8420614944644871E-01
 8.8603104642851031E-03 -5.8686944809609072E-03 -1.5474669592960013E-03
0
0.0
 -1.1407996218300525E+00 -2.3170985309886123E+00 3.8420614944644871E-01
 8.5918303496331748E-03 -5.8479664521941749E-03 -1.4410058950479854E-03
0
0.0
 -1.1407996218300525E+00 -2.3170985309886123E+00 3.8420614944644871E-01
 9.0661819914685284E-03 -5.8268294452190443E-03 -1.7801590334918047E-03
0
0.0
 -1.1407996218300525E+00 -2.3170985309886123E+00 3.8420614944644871E-01
 8.7220175190215517E-03 -5.8580981867351785E-03 -1.6235392968834690E-03
0
0.0
 -1.1407996218300525E+00 -2.3170985309886123E+00 3.8420614944644871E-01
 8.6918641848453462E-03 -5.9980991144382781E-03 -1.6137827314811866E-03
0
0.0
 -1.1407996218300525E+00 -2.3170985309886123E+00 3.8420614944644871E-01
 8.6687649608510799E-03 -6.1458496345678038E-03 -1.5588392376503660E-03
0
0.0
