50
 -1.1407996218300525E+00 -2.3170985309886123E+00 3.8420614944644871E-01
 8.8299558915145189E-03 -6.0207339400544131E-03 -1.4500853727054076E-03
0
0.0
 -1.1407996218300525E+00 -2.3170985309886123E+00 3.8420614944644871E-01
 8.8617807863369188E-03 -5.9488225958466397E-03 -1.5768295685777574E-03
0
0.0
 -1.1407996218300525E+00 -2.3170985309886123E+00 3.8420614944644871E-01
 8.8586518651959222E-03 -5.6495084641263295E-03 -1.5454090781834471E-03
0
0.0
 -1.1407996218300525E+00 -2.3170985309886123E+00 3.8420614944644871E-01
 8.9673000810934558E-03 -5.8010450873168537E-03 -1.7314016807020943E-03
0
0.0
 -1.1407996218300525E+00 -2.3170985309886123E+00 3.8420614944644871E-01
 8.7016788050150173E-03 -5.7571561996724941E-03 -1.3362348644419709E-03
0
0.0
 -1.1407996218300525E+00 -2.3170985309886123E+00 3.8420614944644871E-01
 8.7035165126460676E-03 -5.7042809061473940E-03 -1.4461752135397628E-03
0
0.0
 -1.1407996218300525E+00 -2.3170985309886123E+00 3.8420614944644871E-01
 8.8976384873536481E-03 -5.9427223021340939E-03 -1.6060629873887241E-03
0
0.0
 -1.1407996218300525E+00 -2.3170985309886123E+00 3.8420614944644871E-01
 8.8907011900827785E-03 -5.9156033565300869E-03 -1.9365500790471659E-03
0
0.0
 -1.1407996218300525E+00 -2.3170985309886123E+00 3.8420614944644871E-01
 8.8168855309211109E-03 -5.6787012691515365E-03 -1.6893080641667533E-03
0
0.0
 -1.1407996218300525E+00 -2.3170985309886123E+00 3.8420614944644871E-01
 8.4971742955254597E-03 -5.7806393273021062E-03 -1.7439880808597615E-03
0
0.0
 -1.1407996218300525E+00 -2.3170985309886123E+00 3.8420614944644871E-01
 8.7568887144350536E-03 -6.1015820914721089E-03 -1.6252200379545311E-03
0
0.0
 -1.1407996218300525E+00 -2.3170985309886123E+00 3.8420614944644871E-01
 8.7198734302029336E-03 -6.0641815106025811E-03 -1.6128282136347689E-03
0
0.0
 -1.1407996218300525E+00 -2.3170985309886123E+00 3.8420614944644871E-01
 8.8650902249483056E-03 -5.8960749453121127E-03 -1.6653966814289373E-03
0
0.0
 -1.1407996218300525E+00 -2.3170985309886123E+00 3.8420614944644871E-01
 8.8075213478676345E-03 -5.9246506572548921E-03 -1.5861343762287204E-03
0
0.0
 -1.1407996218300525E+00 -2.3170985309886123E+00 3.8420614944644871E-01
 8.6995889083517491E-03 -6.0762148872821635E-03 -1.5691265111949209E-03
0
0.0
 -1.1407996218300525E+00 -2.3170985309886123E+00 3.8420614944644871E-01
 8.8673952701348781E-03 -5.8098781346616430E-03 -1.6075825218458989E-03
0
0.0
 -1.1407996218300525E+00 -2.3170985309886123E+00 3.8420614944644871E-01
 8.7904735866417248E-03 -6.0891855129442760E-03 -1.5809873812866601E-03
0
0.0
 -1.1407996218300525E+00 -2.3170985309886123E+00 3.8420614944644871E-01
 8.8420051335640626E-03 -5.9777622250871982E-03 -1.5678759006414722E-03
0
0.0
 -1.1407996218300525E+00 -2.3170985309886123E+00 3.8420614944644871E-01
 9.0222789966464233E-03 -5.8268070017617607E-03 -1.6413390586393895E-03
0
0.0
 -1.1407996218300525E+00 -2.3170985309886123E+00 3.8420614944644871E-01
 8.9908649858492194E-03 -6.0391656952985279E-03 -1.7936784194342431E-03
0
0.0
 -1.1407996218300525E+00 -2.3170985309886123E+00 3.8420614944644871E-01
 8.8213491267567275E-03 -5.9545689392610079E-03 -1.6862694773687932E-03
0
0.0
 -1.1407996218300525E+00 -2.3170985309886123E+00 3.8420614944644871E-01
 8.8244969761599543E-03 -6.0181720503928796E-03 -1.6628620440727782E-03
0
0.0
 -1.1407996218300525E+00 -2.3170985309886123E+00 3.8420614944644871E-01
 8.8884815398079277E-03 -5.8198507897315949E-03 -1.6369182769658281E-03
0
0.0
 -1.1407996218300525E+00 -2.3170985309886123E+00 3.8420614944644871E-01
 8.6375653624579211E-03 -5.7936019943490343E-03 -1.6025622389790784E-03
0
0.0
 -1.1407996218300525E+00 -2.3170985309886123E+00 3.8420614944644871E-01
 8.9556931118373387E-03 -5.8026462599591469E-03 -1.6449415429475546E-03
0
0.0
 -1.1407996218300525E+00 -2.3170985309886123E+00 3.8420614944644871E-01
 8.4736836496846126E-03 -5.9171506325219215E-03 -1.4824489030487997E-03
0
0.0
 -1.1407996218300525E+00 -2.3170985309886123E+00 3.8420614944644871E-01
 8.6510887948403441E-03 -5.9391671412561235E-03 -1.5877265870075318E-03
0
0.0
 -1.1407996218300525E+00 -2.3170985309886123E+00 3.8420614944644871E-01
 8.7004854942068742E-03 -5.8208379225800182E-03 -1.6649741686186983E-03
0
0.0
 -1.1407996218300525E+00 -2.3170985309886123E+00 3.8420614944644871E-01
 8.7929635521352481E-03 -5.7048384285832950E-03 -1.6277814988683811E-03
0
0.0
 -1.1407996218300525E+00 -2.3170985309886123E+00 3.8420614944644871E-01
 8.8333669895444712E-03 -5.8776489245813777E-03 -1.6700230458326806E-03
0
0.0
 -1.1407996218300525E+00 -2.3170985309886123E+00 3.8420614944644871E-01
 8.8035819160627669E-03 -5.9124054113047792E-03 -1.5030268605635490E-03
0
0.0
 -1.1407996218300525E+00 -2.3170985309886123E+00 3.8420614944644871E-01
 8.7345185584846909E-03 -6.0070139758500538E-03 -1.6626846417263647E-03
0
0.0
 -1.1407996218300525E+00 -2.3170985309886123E+00 3.8420614944644871E-01
 8.8078471387283523E-03 -5.9767496554482130E-03 -1.5318744277468539E-03
0
0.0
 -1.1407996218300525E+00 -2.3170985309886123E+00 3.8420614944644871E-01
 8.8461032725928625E-03 -5.7923605566356350E-03 -1.6263230025579415E-03
0
0.0
 -1.1407996218300525E+00 -2.3170985309886123E+00 3.8420614944644871E-01
 8.8892215322556884E-03 -6.0109690338596778E-03 -1.6360297206638647E-03
0
0.0
 -1.1407996218300525E+00 -2.3170985309886123E+00 3.8420614944644871E-01
 8.7942254534853770E-03 -5.8815682597701691E-03 -1.6845650311531066E-03
0
0.0
 -1.1407996218300525E+00 -2.3170985309886123E+00 3.8420614944644871E-01
 9.0110932906784392E-03 -5.9827624762088995E-03 -1.4720077296853607E-03
0
0.0
 -1.1407996218300525E+00 -2.3170985309886123E+00 3.8420614944644871E-01
 8.8440279395054031E-03 -5.8014426889795561E-03 -1.8184517027252261E-03
0
0.0
 -1.1407996218300525E+00 -2.3170985309886123E+00 3.8420614944644871E-01
 8.8010058243170718E-03 -6.1228094519122714E-03 -1.4422677425694364E-03
0
0.0
 -1.1407996218300525E+00 -2.3170985309886123E+00 3.8420614944644871E-01
 8.5198641348320607E-03 -5.7950360559788552E-03 -1.7639910207434013E-03
0
0.0
 -1.1407996218300525E+00 -2.3170985309886123E+00 3.8420614944644871E-01
 8.6795620124787524E-03 -5.7087905868381719E-03 -1.6083743873314394E-03
0
0.0
 -1.1407996218300525E+00 -2.3170985309886123E+00 3.8420614944644871E-01
 8.6522526922008496E-03 -5.7070813306893502E-03 -1.4284211583424791E-03
0
0.0
 -1.1407996218300525E+00 -2.3170985309886123E+00 3.8420614944644871E-01
 8.6958796669114914E-03 -5.8916740867112887E-03 -1.6641445194151780E-03
0
0.0
 -1.1407996218300525E+00 -2.3170985309886123E+00 3.8420614944644871E-01
 8.8078356275673782E-03 -5.8754159762881269E-03 -1.5300693417212190E-03
0
0.0
 -1.1407996218300525E+00 -2.3170985309886123E+00 3.8420614944644871E-01
 8.5096148936964367E-03 -6.0712078391446465E-03 -1.6208344612232077E-03
0
0.0
 -1.1407996218300525E+00 -2.3170985309886123E+00 3.8420614944644871E-01
 8.9520930189405067E-03 -5.9666787200206173E-03 -1.5512727427813037E-03
0
0.0
 -1.1407996218300525E+00 -2.3170985309886123E+00 3.8420614944644871E-01
 8.6318013025662669E-03 -5.8673546209221132E-03 -1.5897645838264512E-03
0
0.0
 -1.1407996218300525E+00 -2.3170985309886123E+00 3.8420614944644871E-01
 8.7796768609613631E-03 -5.7436833094063350E-03 -1.3634827378541572E-03
0
0.0
 -1.1407996218300525E+00 -2.3170985309886123E+00 3.8420614944644871E-01
 8.5319571908009321E-03 -5.8611281528977875E-03 -1.6948789929711503E-03
0
0.0
 -1.1407996218300525E+00 -2.3170985309886123E+00 3.8420614944644871E-01
 8.7823478932222872E-03 -5.9087799690926840E-03 -1.5819515389100666E-03
0
0.0
