20
-1
1
 -0.15130384  -0.07146979  -0.98590021  4.01561012e-04
  0.68490269   0.00055063   0.72863434  2.54919859e-04
  0.82018835  -0.50886895   0.26142581  2.55575648e-04
  0.55109788  -0.50737092  -0.66246953  1.48361404e-04
  0.94115530  -0.29300046   0.16845604  2.36194249e-04
  0.71683565   0.68031590   0.15269881  2.07969877e-04
 -0.79095687   0.36269712  -0.49278599  2.95494736e-04
 -0.01340317   0.48666265   0.87348716  2.18596003e-04
  0.22574716   0.96524330  -0.13169510  2.06321910e-04
 -0.37298000   0.57899254  -0.72501969  1.65332807e-04
  0.71087998  -0.57912228  -0.39908274  2.44949258e-04
  0.10455633   0.67724809   0.72828772  4.69865478e-04
 -0.09281551  -0.79814117   0.59527804  4.18373558e-04
  0.47172727  -0.47298533  -0.74414935  3.36228059e-04
  0.15779060   0.15633581  -0.97501859  1.49540549e-04
  0.06844205   0.08652760   0.99389570  2.61745864e-04
 -0.79573113  -0.52741144  -0.29774008  2.92143904e-04
 -0.42240848   0.73029352   0.53688216  4.22872300e-04
  0.87507242  -0.44931901  -0.17989076  1.98991235e-04
  0.72853795   0.67671355   0.10626018  2.58079148e-04
