20
-1
1
  0.17392555   0.68903335   0.70355025  6.49098822e-04
  0.58528805   0.59037319  -0.55578539  4.78501444e-04
  0.56938108  -0.67026336  -0.47597500  7.20004971e-04
  0.05144676  -0.28488396   0.95718042  4.09143448e-04
 -0.51292164  -0.73226063  -0.44800197  2.85595732e-04
  0.54450216  -0.01977070  -0.83852640  3.44653685e-04
  0.22441487   0.84932713  -0.47778801  2.44222882e-04
 -0.18016095  -0.32076664  -0.92986601  5.10577008e-04
 -0.85163682  -0.09929134  -0.51464158  1.77711961e-04
  0.52040657  -0.62735779   0.57930925  5.27184236e-04
  0.53770427  -0.09886585  -0.83731694  2.13116105e-04
  0.41721864   0.48141103  -0.77082555  3.07547650e-04
  0.41859531  -0.81071353  -0.40929395  2.60203956e-04
 -0.14540063  -0.94307858   0.29910107  4.33832460e-04
  0.63382373   0.70361034  -0.32124754  1.73414356e-04
 -0.32393186   0.92510300   0.19812266  1.59758015e-04
 -0.19345944  -0.50214429   0.84286687  1.52649917e-04
  0.15976293  -0.88419485  -0.43894791  6.06780832e-04
 -0.26760793   0.83309982  -0.48407715  4.62727638e-04
 -0.94616809  -0.23312336   0.22454275  1.49710280e-04
