20
 -1.1407996218300525E+00 -2.3170985309886123E+00 3.8420614944644871E-01
 8.8005558866654822E-03 -6.0033016025363515E-03 -1.8120843648835212E-03
0
0.0
 -1.1407996218300525E+00 -2.3170985309886123E+00 3.8420614944644871E-01
 8.7786250073328392E-03 -5.9490395794355878E-03 -1.6403686376429789E-03
0
0.0
 -1.1407996218300525E+00 -2.3170985309886123E+00 3.8420614944644871E-01
 9.0512981962451271E-03 -5.9835436381598175E-03 -1.5818412704756138E-03
0
0.0
 -1.1407996218300525E+00 -2.3170985309886123E+00 3.8420614944644871E-01
 8.5644378985390204E-03 -5.9944523515372636E-03 -1.6671370445759063E-03
0
0.0
 -1.1407996218300525E+00 -2.3170985309886123E+00 3.8420614944644871E-01
 8.7641055985638698E-03 -5.8572772650218969E-03 -1.6621548478347021E-03
0
0.0
 -1.1407996218300525E+00 -2.3170985309886123E+00 3.8420614944644871E-01
 8.8700140455203903E-03 -5.8571627179600516E-03 -1.3294457266297044E-03
0
0.0
 -1.1407996218300525E+00 -2.3170985309886123E+00 3.8420614944644871E-01
 8.7725146898666225E-03 -6.0758204661546236E-03 -1.5058858916078637E-03
0
0.0
 -1.1407996218300525E+00 -2.3170985309886123E+00 3.8420614944644871E-01
 8.7852296813256993E-03 -6.0204345982786288E-03 -1.3631879045017906E-03
0
0.0
 -1.1407996218300525E+00 -2.3170985309886123E+00 3.8420614944644871E-01
 8.9450250824925932E-03 -5.9547281381697277E-03 -1.6135187529082399E-03
0
0.0
 -1.1407996218300525E+00 -2.3170985309886123E+00 3.8420614944644871E-01
 8.7662578944552334E-03 -5.9411351489156751E-03 -1.5766505078724194E-03
0
0.0
 -1.1407996218300525E+00 -2.3170985309886123E+00 3.8420614944644871E-01
 8.5917744327477213E-03 -5.9123155715794934E-03 -1.8392597757670129E-03
0
0.0
 -1.1407996218300525E+00 -2.3170985309886123E+00 3.8420614944644871E-01
 8.7645724233643141E-03 -6.0970744181137512E-03 -1.7757547902435753E-03
0
0.0
 -1.1407996218300525E+00 -2.3170985309886123E+00 3.8420614944644871E-01
 8.5526662337600604E-03 -6.0953059621693647E-03 -1.5640758985278286E-03
0
0.0
 -1.1407996218300525E+00 -2.3170985309886123E+00 3.8420614944644871E-01
 8.5299606520258652E-03 -6.0485559996790901E-03 -1.8124797120994802E-03
0
0.0
 -1.1407996218300525E+00 -2.3170985309886123E+00 3.8420614944644871E-01
 8.8451082984793792E-03 -6.0442383752462936E-03 -1.4842107544570213E-03
0
0.0
 -1.1407996218300525E+00 -2.3170985309886123E+00 3.8420614944644871E-01
 8.9015700168707020E-03 -5.9900156075959037E-03 -1.7916647929780787E-03
0
0.0
 -1.1407996218300525E+00 -2.3170985309886123E+00 3.8420614944644871E-01
 8.7436378529771822E-03 -5.7979728970566280E-03 -1.4974671720491865E-03
0
0.0
 -1.1407996218300525E+00 -2.3170985309886123E+00 3.8420614944644871E-01
 8.8381219957918960E-03 -5.8521194813175390E-03 -1.8000512615662671E-03
0
0.0
 -1.1407996218300525E+00 -2.3170985309886123E+00 3.8420614944644871E-01
 8.7789838005126655E-03 -6.1308659220172387E-03 -1.5596650338417001E-03
0
0.0
 -1.1407996218300525E+00 -2.3170985309886123E+00 3.8420614944644871E-01
 8.8680631671345760E-03 -5.8354453719952201E-03 -1.7319557890001689E-03
0
0.0
