20
-1
1
  0.29785420  -0.83070903   0.47032476  5.60012088e-04
  0.54522759  -0.42265725  -0.72393903  1.61550159e-04
  0.44602218  -0.88777517   0.11366385  2.10964728e-04
  0.55515236   0.16875333   0.81444961  4.75895071e-04
  0.80423709   0.28231080  -0.52297544  1.71098850e-04
  0.41941392  -0.85253846   0.31188161  2.03631464e-04
  0.61957067  -0.78379846   0.04233397  3.69980375e-04
  0.51753989   0.76672350  -0.37985199  1.83660726e-04
  0.85992090  -0.47522607  -0.18626923  3.16431386e-04
 -0.18567281  -0.33291666  -0.92449559  3.43959846e-04
 -0.85870502   0.41170019  -0.30516985  2.34333781e-04
 -0.03829491   0.47449506  -0.87942477  5.45630273e-04
 -0.81001588   0.09104511  -0.57929704  2.56486767e-04
 -0.94170337  -0.20004880  -0.27050923  1.66855451e-04
  0.67945934   0.73086557   0.06457968  2.62276172e-04
 -0.13803528   0.44796888   0.88332901  1.62469578e-04
 -0.00494149  -0.88572964   0.46417517  1.69622854e-04
 -0.29338486  -0.77761420   0.55609485  4.78750116e-04
  0.78188414   0.43213739   0.44934893  1.73655939e-04
  0.96886769  -0.12957566   0.21096337  6.67444836e-04
