50
-1
1
 -0.86287187   0.40354940   0.30430251  1.56007507e-04
 -0.11115982  -0.22588130   0.96779188  1.48381457e-04
  0.28575315  -0.44721605  -0.84755114  3.71583574e-04
  0.84361404  -0.26301460   0.46812249  6.71127981e-04
  0.30862526   0.94759167   0.08258615  1.83718844e-04
  0.86832379  -0.29527337  -0.39853159  1.71165161e-04
  0.92851493   0.29385960   0.22695056  5.76532988e-04
  0.47858953  -0.20299146   0.85425203  2.40227171e-04
  0.48585246  -0.85216611   0.19432013  3.81605824e-04
 -0.78398892   0.05528170  -0.61830842  8.43358420e-04
 -0.25240408  -0.96683893   0.03891860  1.92849756e-04
  0.15440138   0.23926329   0.95859965  2.44744176e-04
  0.09929406   0.87936751   0.46567529  1.54420247e-04
  0.50437258   0.78498786  -0.35972539  1.97943505e-04
  0.14975623  -0.38805155   0.90938939  2.12100052e-04
 -0.29005334   0.05348115   0.95551495  1.77835289e-04
  0.17002079   0.51617701   0.83943685  2.04059005e-04
 -0.70098342  -0.19045099  -0.68727772  2.21985531e-04
  0.83858309   0.54373362  -0.03364750  1.46907695e-04
 -0.69147183   0.41684031   0.59000921  2.89546322e-04
 -0.21523966   0.62854626  -0.74739647  2.09211604e-04
  0.96574853   0.24867710   0.07409102  4.28587357e-04
  0.40268911   0.85710871   0.32125711  1.53076185e-04
  0.50044307   0.80822870  -0.31035963  2.63632010e-04
 -0.76840636  -0.63652055   0.06628163  2.23645962e-04
  0.92217692   0.37109259  -0.10899551  1.62466338e-04
  0.39037936  -0.54488853  -0.74209194  1.64416085e-04
 -0.62460844  -0.61567271  -0.48042837  1.59358999e-04
  0.16203864   0.63576732   0.75468099  3.87974287e-04
  0.60975430   0.09797263  -0.78651196  1.67451944e-04
  0.76904905   0.57017852  -0.28889448  8.46241191e-04
  0.26189848   0.14128414   0.95469785  2.08229020e-04
  0.50873966   0.85239141   0.12088355  4.28508353e-04
  0.13632969   0.43611975  -0.88950198  2.75908940e-04
  0.04684862  -0.98309563   0.17699770  3.13921856e-04
  0.18761510   0.27550727  -0.94281298  2.89446633e-04
  0.12293205   0.37065641  -0.92059847  1.88756377e-04
 -0.87090039  -0.37420780  -0.31859227  3.07130274e-04
 -0.35803245   0.92411318  -0.13352003  1.83411054e-04
 -0.29905891  -0.78744732   0.53897170  1.48458482e-04
  0.68770446  -0.60302086   0.40426280  2.07417881e-04
  0.05401274   0.68523999   0.72631176  1.79785086e-04
 -0.11712949  -0.98420040   0.13277895  3.38405615e-04
  0.97696950   0.12670455  -0.17168737  2.23157933e-04
 -0.95228954   0.29047483   0.09364299  2.00582594e-04
 -0.13164231   0.19994543  -0.97092334  3.05040509e-04
  0.12045468   0.12626162   0.98465663  4.99071751e-04
  0.57489276  -0.52771834   0.62530925  1.51892030e-04
  0.99250423  -0.08139745   0.09115812  1.49099166e-04
  0.45273864   0.43933114   0.77589682  1.58933134e-04
