50
 -1.1407996218300525E+00 -2.3170985309886123E+00 3.8420614944644871E-01
 8.8075687230348785E-03 -6.0046206009210686E-03 -1.5722668450191780E-03
0
0.0
 -1.1407996218300525E+00 -2.3170985309886123E+00 3.8420614944644871E-01
 8.6493940962358070E-03 -6.1809534768648700E-03 -1.7855384140551935E-03
0
0.0
 -1.1407996218300525E+00 -2.3170985309886123E+00 3.8420614944644871E-01
 8.8330161856397683E-03 -5.8866210827700294E-03 -1.4168506737352658E-03
0
0.0
 -1.1407996218300525E+00 -2.3170985309886123E+00 3.8420614944644871E-01
 8.8548677864124202E-03 -5.8531701787584902E-03 -1.7575119946019783E-03
0
0.0
 -1.1407996218300525E+00 -2.3170985309886123E+00 3.8420614944644871E-01
 8.6500699742705790E-03 -5.9506127910527963E-03 -1.4216868226208626E-03
0
0.0
 -1.1407996218300525E+00 -2.3170985309886123E+00 3.8420614944644871E-01
 8.8444494502536060E-03 -5.9814532972719140E-03 -1.8409900355671660E-03
0
0.0
 -1.1407996218300525E+00 -2.3170985309886123E+00 3.8420614944644871E-01
 8.9882828671031013E-03 -5.7501384390666451E-03 -1.8246247479801023E-03
0
0.0
 -1.1407996218300525E+00 -2.3170985309886123E+00 3.8420614944644871E-01
 8.9741684241523359E-03 -5.8615713990808468E-03 -1.6625176175940600E-03
0
0.0
 -1.1407996218300525E+00 -2.3170985309886123E+00 3.8420614944644871E-01
 8.8225121954116671E-03 -5.9635853932088357E-03 -1.6626354991004823E-03
0
0.0
 -1.1407996218300525E+00 -2.3170985309886123E+00 3.8420614944644871E-01
 8.7917368268987002E-03 -5.7221616801786798E-03 -1.4730924445367469E-03
0
0.0
 -1.1407996218300525E+00 -2.3170985309886123E+00 3.8420614944644871E-01
 8.7853587566595354E-03 -5.9036357000590914E-03 -1.5766929768666045E-03
0
0.0
 -1.1407996218300525E+00 -2.3170985309886123E+00 3.8420614944644871E-01
 8.7596546851824962E-03 -6.1018515241891324E-03 -1.7662132703170378E-03
0
0.0
 -1.1407996218300525E+00 -2.3170985309886123E+00 3.8420614944644871E-01
 8.5985042017489265E-03 -6.0488107643320603E-03 -1.7648872889443924E-03
0
0.0
 -1.1407996218300525E+00 -2.3170985309886123E+00 3.8420614944644871E-01
 8.8774869574194618E-03 -6.0328522515447599E-03 -1.5548054682731534E-03
0
0.0
 -1.1407996218300525E+00 -2.3170985309886123E+00 3.8420614944644871E-01
 8.8529057110177424E-03 -5.9322771153990754E-03 -1.6050116730081227E-03
0
0.0
 -1.1407996218300525E+00 -2.3170985309886123E+00 3.8420614944644871E-01
 8.9214128075904564E-03 -5.7868236123180651E-03 -1.7822829897123271E-03
0
0.0
 -1.1407996218300525E+00 -2.3170985309886123E+00 3.8420614944644871E-01
 8.7284317568970971E-03 -5.7948569761775088E-03 -1.6680140514447543E-03
0
0.0
 -1.1407996218300525E+00 -2.3170985309886123E+00 3.8420614944644871E-01
 8.6931039435902500E-03 -5.8012648700475865E-03 -1.8179826239773380E-03
0
0.0
 -1.1407996218300525E+00 -2.3170985309886123E+00 3.8420614944644871E-01
 8.8052721111154027E-03 -5.8764235001002099E-03 -1.6477076980307888E-03
0
0.0
 -1.1407996218300525E+00 -2.3170985309886123E+00 3.8420614944644871E-01
 8.7467124046916277E-03 -5.8252250160152827E-03 -1.5357793706725043E-03
0
0.0
 -1.1407996218300525E+00 -2.3170985309886123E+00 3.8420614944644871E-01
 8.8425717598321161E-03 -6.1584581675414697E-03 -1.5521913247720908E-03
0
0.0
 -1.1407996218300525E+00 -2.3170985309886123E+00 3.8420614944644871E-01
 8.6701886338244449E-03 -5.7078332755999966E-03 -1.5258044116122289E-03
0
0.0
 -1.1407996218300525E+00 -2.3170985309886123E+00 3.8420614944644871E-01
 8.7415138150874067E-03 -6.0606023637780025E-03 -1.5311632525118182E-03
0
0.0
 -1.1407996218300525E+00 -2.3170985309886123E+00 3.8420614944644871E-01
 8.9697296371917777E-03 -5.8087573120387112E-03 -1.7243559476138900E-03
0
0.0
 -1.1407996218300525E+00 -2.3170985309886123E+00 3.8420614944644871E-01
 9.1151535575396004E-03 -5.9118032099680085E-03 -1.5631593037857836E-03
0
0.0
 -1.1407996218300525E+00 -2.3170985309886123E+00 3.8420614944644871E-01
 8.9564970679075120E-03 -5.9715292553469248E-03 -1.6735859884035047E-03
0
0.0
 -1.1407996218300525E+00 -2.3170985309886123E+00 3.8420614944644871E-01
 8.7212418042300448E-03 -6.0649649776045042E-03 -1.4089640747175123E-03
0
0.0
 -1.1407996218300525E+00 -2.3170985309886123E+00 3.8420614944644871E-01
 8.6205704689617958E-03 -5.8199701439337944E-03 -1.5483034148009456E-03
0
0.0
 -1.1407996218300525E+00 -2.3170985309886123E+00 3.8420614944644871E-01
 8.7568260371583134E-03 -5.9379084161011895E-03 -1.6110137136433422E-03
0
0.0
 -1.1407996218300525E+00 -2.3170985309886123E+00 3.8420614944644871E-01
 8.9537347196109902E-03 -5.7608524905849090E-03 -1.5705195855182025E-03
0
0.0
 -1.1407996218300525E+00 -2.3170985309886123E+00 3.8420614944644871E-01
 8.5926975397646339E-03 -5.7188332751454546E-03 -1.5422697255160222E-03
0
0.0
 -1.1407996218300525E+00 -2.3170985309886123E+00 3.8420614944644871E-01
 8.9123526176390199E-03 -6.1150387272703600E-03 -1.6263058784869837E-03
0
0.0
 -1.1407996218300525E+00 -2.3170985309886123E+00 3.8420614944644871E-01
 8.7564171044735972E-03 -5.8957403392584330E-03 -1.8928983602210338E-03
0
0.0
 -1.1407996218300525E+00 -2.3170985309886123E+00 3.8420614944644871E-01
 8.5064142806344275E-03 -5.7744860080423911E-03 -1.6695177591920488E-03
0
0.0
 -1.1407996218300525E+00 -2.3170985309886123E+00 3.8420614944644871E-01
 8.8436289778901691E-03 -5.7657764749096552E-03 -1.5926840081700502E-03
0
0.0
 -1.1407996218300525E+00 -2.3170985309886123E+00 3.8420614944644871E-01
 8.8041836677652842E-03 -5.9380226467049563E-03 -1.6108469106630770E-03
0
0.0
 -1.1407996218300525E+00 -2.3170985309886123E+00 3.8420614944644871E-01
 8.8338533531021161E-03 -5.8876182835257938E-03 -1.6746045928172706E-03
0
0.0
 -1.1407996218300525E+00 -2.3170985309886123E+00 3.8420614944644871E-01
 8.8790054656494623E-03 -5.9275920151897043E-03 -1.6352566563361862E-03
0
0.0
 -1.1407996218300525E+00 -2.3170985309886123E+00 3.8420614944644871E-01
 8.7789765096825557E-03 -5.8601400165239912E-03 -1.7470575462308815E-03
0
0.0
 -1.1407996218300525E+00 -2.3170985309886123E+00 3.8420614944644871E-01
 8.8081693837832199E-03 -6.0958954454330121E-03 -1.4123214197979796E-03
0
0.0
 -1.1407996218300525E+00 -2.3170985309886123E+00 3.8420614944644871E-01
 8.7450533932651470E-03 -5.6087529690780989E-03 -1.7825662748842406E-03
0
0.0
 -1.1407996218300525E+00 -2.3170985309886123E+00 3.8420614944644871E-01
 8.7049208406141474E-03 -5.8770714022440265E-03 -1.5478402102495296E-03
0
0.0
 -1.1407996218300525E+00 -2.3170985309886123E+00 3.8420614944644871E-01
 8.8111508314736332E-03 -5.8805023216745404E-03 -1.5721511240144176E-03
0
0.0
 -1.1407996218300525E+00 -2.3170985309886123E+00 3.8420614944644871E-01
 8.8257215904404482E-03 -5.7785791378785270E-03 -1.8325723472421636E-03
0
0.0
 -1.1407996218300525E+00 -2.3170985309886123E+00 3.8420614944644871E-01
 8.7444571491210460E-03 -5.9061524737185770E-03 -1.8301093464787044E-03
0
0.0
 -1.1407996218300525E+00 -2.3170985309886123E+00 3.8420614944644871E-01
 8.7095819524353590E-03 -5.8443765591615427E-03 -1.5005876563799372E-03
0
0.0
 -1.1407996218300525E+00 -2.3170985309886123E+00 3.8420614944644871E-01
 8.5617179421568455E-03 -5.8231431988054055E-03 -1.6523212460606560E-03
0
0.0
 -1.1407996218300525E+00 -2.3170985309886123E+00 3.8420614944644871E-01
 8.8135640088799171E-03 -5.8581192426627512E-03 -1.6706935845038282E-03
0
0.0
 -1.1407996218300525E+00 -2.3170985309886123E+00 3.8420614944644871E-01
 8.7117722746655017E-03 -6.1073138122890334E-03 -1.5162583478721587E-03
0
0.0
 -1.1407996218300525E+00 -2.3170985309886123E+00 3.8420614944644871E-01
 8.7399402856354336E-03 -5.6801543391569462E-03 -1.6634743385504944E-03
0
0.0
