20
-1
1
  0.32762702   0.94405965   0.03757532  2.41101779e-04
 -0.08044521   0.99446918   0.06752489  6.09515349e-04
  0.00859663  -0.23275051  -0.97249848  3.37786466e-04
  0.10010268   0.92649344  -0.36275248  1.49320060e-04
 -0.51920041   0.78132140  -0.34636368  2.03694453e-04
  0.29084241   0.95675476   0.00557010  7.04315704e-04
  0.24571975   0.25403772   0.93546066  2.13517106e-04
  0.77702621  -0.32702364  -0.53785295  2.12059044e-04
 -0.32159553   0.19591539  -0.92638732  1.79216847e-04
  0.10866930  -0.67455839   0.73017940  2.84417934e-04
 -0.14765344  -0.35059591  -0.92481402  2.28692807e-04
  0.63709122  -0.21111779  -0.74131238  2.89424327e-04
 -0.39754181   0.42446986  -0.81350221  5.72414344e-04
 -0.32261878   0.81572317  -0.48011751  3.71739436e-04
 -0.04105327   0.89279832  -0.44858197  5.67481740e-04
 -0.52347874  -0.84614290   0.10006101  6.93281545e-04
  0.24626206  -0.81384522   0.52631830  6.75510373e-04
  0.46403457  -0.28551292  -0.83854296  1.55313156e-04
  0.03349954  -0.97736848  -0.20887471  3.88713013e-04
  0.21086123   0.18275012   0.96028117  1.61557951e-04
