20
 -1.1407996218300525E+00 -2.3170985309886123E+00 3.8420614944644871E-01
 8.6089788252374875E-03 -5.9459119063178609E-03 -1.5464962824407026E-03
0
0.0
 -1.1407996218300525E+00 -2.3170985309886123E+00 3.8420614944644871E-01
 8.8226758364809334E-03 -5.8749024365799141E-03 -1.5526102134336883E-03
0
0.0
 -1.1407996218300525E+00 -2.3170985309886123E+00 3.8420614944644871E-01
 8.9258158463671970E-03 -5.7884618390645079E-03 -1.5751662834524464E-03
0
0.0
 -1.1407996218300525E+00 -2.3170985309886123E+00 3.8420614944644871E-01
 8.7323500337086832E-03 -5.8594853218964342E-03 -1.5612128500192793E-03
0
0.0
 -1.1407996218300525E+00 -2.3170985309886123E+00 3.8420614944644871E-01
 8.6548118600511103E-03 -5.9508217914152018E-03 -1.5234222049914619E-03
0
0.0
 -1.1407996218300525E+00 -2.3170985309886123E+00 3.8420614944644871E-01
 8.7017945430435603E-03 -6.0787716624572429E-03 -1.7035386659650118E-03
0
0.0
 -1.1407996218300525E+00 -2.3170985309886123E+00 3.8420614944644871E-01
 8.7141052605444070E-03 -5.8961440396977389E-03 -1.4569888363290991E-03
0
0.0
 -1.1407996218300525E+00 -2.3170985309886123E+00 3.8420614944644871E-01
 8.6492309196944863E-03 -5.8388258671448487E-03 -1.8519758092384292E-03
0
0.0
 -1.1407996218300525E+00 -2.3170985309886123E+00 3.8420614944644871E-01
 8.8688525712968796E-03 -5.9579687066854360E-03 -1.6473942736969288E-03
0
0.0
 -1.1407996218300525E+00 -2.3170985309886123E+00 3.8420614944644871E-01
 8.6531140326463005E-03 -6.1008573986412783E-03 -1.7241450173010272E-03
0
0.0
 -1.1407996218300525E+00 -2.3170985309886123E+00 3.8420614944644871E-01
 8.9141701885007939E-03 -6.1599002694579606E-03 -1.7096239459397592E-03
0
0.0
 -1.1407996218300525E+00 -2.3170985309886123E+00 3.8420614944644871E-01
 8.8069542683078730E-03 -5.9606091499497318E-03 -1.6221795748751382E-03
0
0.0
 -1.1407996218300525E+00 -2.3170985309886123E+00 3.8420614944644871E-01
 8.5855195244728851E-03 -6.0740279375234183E-03 -1.4552682815852272E-03
0
0.0
 -1.1407996218300525E+00 -2.3170985309886123E+00 3.8420614944644871E-01
 8.6073213775881997E-03 -5.8727788439273017E-03 -1.3410902120926963E-03
0
0.0
 -1.1407996218300525E+00 -2.3170985309886123E+00 3.8420614944644871E-01
 8.7024569602966676E-03 -5.9924355836934598E-03 -1.4791695995866729E-03
0
0.0
 -1.1407996218300525E+00 -2.3170985309886123E+00 3.8420614944644871E-01
 8.7208581769956470E-03 -5.9721976643514647E-03 -1.3876664027206087E-03
0
0.0
 -1.1407996218300525E+00 -2.3170985309886123E+00 3.8420614944644871E-01
 8.5530651787506830E-03 -5.6830818015655999E-03 -1.5405961044957436E-03
0
0.0
 -1.1407996218300525E+00 -2.3170985309886123E+00 3.8420614944644871E-01
 8.6870390018566560E-03 -6.0408146668206346E-03 -1.5689648582617309E-03
0
0.0
 -1.1407996218300525E+00 -2.3170985309886123E+00 3.8420614944644871E-01
 8.8041289025145384E-03 -5.9629373509782558E-03 -1.6336435252566602E-03
0
0.0
 -1.1407996218300525E+00 -2.3170985309886123E+00 3.8420614944644871E-01
 8.6059170654882427E-03 -5.7370678167042635E-03 -1.8195250168223237E-03
0
0.0
