20
-1
1
  0.40792778  -0.62824178  -0.66250071  1.69835151e-04
  0.36253507   0.26252797   0.89423005  2.89505328e-04
 -0.43281205   0.20987509   0.87671328  2.37831709e-04
 -0.03624454   0.97904738   0.20038105  3.42803505e-04
  0.72478068   0.48873880   0.48562058  1.82065460e-04
 -0.59821811   0.61835212   0.50968201  2.07327540e-04
 -0.57435319   0.20736340  -0.79190835  2.22056982e-04
 -0.92939030   0.36865012  -0.01818677  1.90856695e-04
 -0.01477271   0.64518604   0.76388268  7.25883332e-04
  0.32249938  -0.13185480   0.93734117  2.62971289e-04
 -0.21258140  -0.19880616  -0.95670542  2.88222418e-04
 -0.52604882   0.82710465  -0.19791549  2.77476379e-04
 -0.58620833   0.81013533  -0.00636750  3.70356605e-04
  0.82436869  -0.01446627   0.56586834  6.15220699e-04
  0.52751566   0.33793822   0.77943889  3.03593475e-04
  0.50351650  -0.77615571   0.37954374  2.19606419e-04
  0.98105812  -0.19037517   0.03580870  2.77676958e-04
 -0.15606119   0.02833871  -0.98734078  2.52005104e-04
 -0.73191982  -0.67440941  -0.09728991  1.88432184e-04
 -0.14644763   0.78244518   0.60525419  2.02942918e-04
