20
-1
1
 -0.25947130   0.81042868   0.52524279  2.77665768e-04
  0.94106402   0.18300047  -0.28444568  1.90468274e-04
  0.00489979   0.50420918  -0.86356766  4.24422912e-04
  0.51879421  -0.53622699   0.66581768  1.70370135e-04
  0.19598671   0.23448788  -0.95215789  1.97088810e-04
 -0.92135393  -0.37956839  -0.08387361  3.35381375e-04
  0.08218035  -0.26464270   0.96083850  1.66242732e-04
  0.76547680   0.48066412   0.42779348  1.74986240e-04
 -0.78639920   0.51550069  -0.34034591  2.78251311e-04
  0.23729843   0.89345827  -0.38134206  2.41026866e-04
  0.84535948  -0.52974608   0.06882184  4.88760137e-04
 -0.08395899  -0.92655017   0.36668198  1.79373471e-04
  0.35796744  -0.07263349  -0.93090477  1.77834508e-04
 -0.78876043  -0.60494029  -0.10910653  1.73966739e-04
  0.31816039  -0.24060634   0.91699649  4.60051444e-04
 -0.30159461  -0.92909249   0.21407438  1.64260205e-04
 -0.80493737  -0.59310600   0.01735229  4.89530400e-04
 -0.51814401   0.35806583  -0.77673396  1.49972904e-04
  0.73073945   0.22693650   0.64383203  1.72396495e-04
  0.36120999  -0.20206378  -0.91032828  4.14457441e-04
