50
-1
1
 -0.74307385   0.31660767   0.58957683  1.47732233e-04
 -0.69092484  -0.51991348   0.50230751  3.64931218e-04
  0.51660027   0.83640902   0.18315052  1.64388478e-04
 -0.06850625   0.57410544   0.81591043  1.69516368e-04
  0.99916167   0.01118552   0.03938061  1.66781424e-04
  0.71162120   0.11889295   0.69243031  1.98683972e-04
  0.70109133  -0.67968495  -0.21563699  3.70101393e-04
  0.43235227  -0.88654153  -0.16466823  4.57548334e-04
  0.53047121  -0.39374389  -0.75071036  2.38378173e-04
 -0.67709566   0.69608013  -0.23877586  5.25955297e-04
 -0.57538996   0.01675309   0.81770761  2.81029162e-04
 -0.68528935  -0.43235484  -0.58604419  2.35010212e-04
 -0.47193255   0.11361681   0.87428307  8.32058410e-04
  0.20469619  -0.24754259   0.94700694  3.77050827e-04
 -0.44157349  -0.89425432   0.07295243  1.48065977e-04
 -0.27020229   0.89590000   0.35263851  1.68818777e-04
 -0.36795001  -0.74706343   0.55363257  1.82816665e-04
  0.77704635  -0.42526682   0.46405507  1.68882243e-04
 -0.69710980   0.06579112   0.71393940  4.16685465e-04
 -0.18416020  -0.95072416  -0.24941650  1.54577884e-04
 -0.73517445   0.65769589   0.16417868  3.07624775e-04
  0.47712111   0.74729866  -0.46249341  1.53138713e-04
  0.09387305  -0.31080445   0.94582686  3.04751657e-04
  0.13057010  -0.87478105  -0.46659357  3.72133610e-04
  0.41378669  -0.86256496  -0.29113961  5.47739302e-04
 -0.55289367   0.70299319   0.44733562  8.43283250e-04
  0.52164964  -0.79540250  -0.30857174  5.15095036e-04
 -0.58792764   0.80888877  -0.00632847  2.39271447e-04
 -0.69380095  -0.67134097   0.26065599  2.79046231e-04
  0.84945937  -0.46334280   0.25245242  7.67049619e-04
 -0.09582286   0.55629838  -0.82543933  8.18003427e-04
  0.98471552  -0.14750393   0.09261720  1.85707756e-04
  0.77058392   0.08044708  -0.63224101  2.02921301e-04
 -0.93006640  -0.01213854  -0.36719088  8.55450295e-04
  0.67995908   0.72776726  -0.08950120  2.41812710e-04
 -0.29785629   0.09790996   0.94957636  2.14238471e-04
 -0.31516212   0.64192801  -0.69900019  1.48379719e-04
 -0.30461977  -0.94055576   0.15020537  1.45710191e-04
  0.91485122  -0.39451716  -0.08604331  5.19445380e-04
  0.31910943  -0.93231549  -0.17016756  6.08430483e-04
  0.28424079  -0.85073482   0.44210568  2.15780902e-04
  0.11796103   0.32520604   0.93825701  1.65501428e-04
 -0.28904401   0.84648182   0.44712647  8.55992516e-04
  0.71779459   0.55140215   0.42511951  2.53092050e-04
 -0.22688430  -0.49348385   0.83964111  1.60221668e-04
  0.65255265   0.16953072  -0.73853529  2.11773285e-04
 -0.31680471  -0.53234000  -0.78501522  1.84420125e-04
 -0.78253846   0.45955910  -0.42004641  1.64513094e-04
 -0.66052679  -0.73734728  -0.14150385  4.84074817e-04
 -0.52111090  -0.84963403  -0.08102744  2.96245946e-04
