20
-1
1
  0.27963041   0.05824807  -0.95833919  5.09058715e-04
 -0.79956144  -0.51820262  -0.30359109  2.66517835e-04
  0.26337343   0.58841189   0.76446444  2.33077102e-04
  0.89885927   0.42372914  -0.11182854  1.90399098e-04
  0.42061139  -0.90685924  -0.02631294  1.66227222e-04
  0.57441531   0.81516308   0.07453995  2.56462089e-04
  0.23749888   0.01083735  -0.97132736  4.40348130e-04
 -0.24560431   0.30181946   0.92118594  1.66784262e-04
 -0.25436952   0.96430644  -0.07354756  1.80800458e-04
  0.89021621   0.09606193  -0.44529452  1.63321416e-04
 -0.89704248  -0.31854499   0.30633947  5.46975724e-04
  0.15195531  -0.92429596   0.35012365  1.96468854e-04
 -0.24931000   0.59105124   0.76713947  2.50226106e-04
 -0.22785636   0.72878884   0.64571534  3.26765901e-04
 -0.39338312  -0.81358668   0.42816636  1.51492600e-04
  0.69924450  -0.21320484   0.68234949  1.80816504e-04
 -0.66735910   0.65333836   0.35746444  1.78479346e-04
 -0.98427146  -0.04257345  -0.17145612  1.84699370e-04
  0.43620761  -0.89442864   0.09859171  3.45630907e-04
 -0.59075657   0.75344510  -0.28866442  5.16206704e-04
