20
 -1.1407996218300525E+00 -2.3170985309886123E+00 3.8420614944644871E-01
 8.8090855639273262E-03 -5.8285910155958850E-03 -1.3158648370928388E-03
0
0.0
 -1.1407996218300525E+00 -2.3170985309886123E+00 3.8420614944644871E-01
 8.9036203260911134E-03 -5.8707060992243942E-03 -1.6211099967472688E-03
0
0.0
 -1.1407996218300525E+00 -2.3170985309886123E+00 3.8420614944644871E-01
 8.6878904056077906E-03 -6.0923666710044778E-03 -1.5892615375625561E-03
0
0.0
 -1.1407996218300525E+00 -2.3170985309886123E+00 3.8420614944644871E-01
 8.7795955996438704E-03 -5.9005756029544745E-03 -1.6032192903788860E-03
0
0.0
 -1.1407996218300525E+00 -2.3170985309886123E+00 3.8420614944644871E-01
 8.8614535200978225E-03 -5.7956482821286256E-03 -1.5354607956857170E-03
0
0.0
 -1.1407996218300525E+00 -2.3170985309886123E+00 3.8420614944644871E-01
 8.8936179537367748E-03 -5.8190047338672942E-03 -1.4933018222079032E-03
0
0.0
 -1.1407996218300525E+00 -2.3170985309886123E+00 3.8420614944644871E-01
 8.8705546095464317E-03 -6.0832582920182223E-03 -1.6631250129032168E-03
0
0.0
 -1.1407996218300525E+00 -2.3170985309886123E+00 3.8420614944644871E-01
 8.9926232986042767E-03 -6.0924120827054659E-03 -1.7290984634912377E-03
0
0.0
 -1.1407996218300525E+00 -2.3170985309886123E+00 3.8420614944644871E-01
 8.9488267647898929E-03 -5.8026275081323238E-03 -1.4632585749807835E-03
0
0.0
 -1.1407996218300525E+00 -2.3170985309886123E+00 3.8420614944644871E-01
 8.7683598971540384E-03 -5.7503514411851924E-03 -1.4923906092448218E-03
0
0.0
 -1.1407996218300525E+00 -2.3170985309886123E+00 3.8420614944644871E-01
 8.8143087197891136E-03 -5.7088332919939576E-03 -1.4692302426330644E-03
0
0.0
 -1.1407996218300525E+00 -2.3170985309886123E+00 3.8420614944644871E-01
 8.9871481815486150E-03 -5.7478809364984798E-03 -1.6931598304009176E-03
0
0.0
 -1.1407996218300525E+00 -2.3170985309886123E+00 3.8420614944644871E-01
 8.9984211893331251E-03 -5.8991094468223235E-03 -1.5578631753886954E-03
0
0.0
 -1.1407996218300525E+00 -2.3170985309886123E+00 3.8420614944644871E-01
 8.6302696722944747E-03 -6.2162346982675655E-03 -1.6102159531597912E-03
0
0.0
 -1.1407996218300525E+00 -2.3170985309886123E+00 3.8420614944644871E-01
 8.7023182558420044E-03 -5.7362365159147818E-03 -1.5368471193616005E-03
0
0.0
 -1.1407996218300525E+00 -2.3170985309886123E+00 3.8420614944644871E-01
 8.9141848191005516E-03 -6.1239543889281762E-03 -1.7099340865278118E-03
0
0.0
 -1.1407996218300525E+00 -2.3170985309886123E+00 3.8420614944644871E-01
 8.8258627552820091E-03 -5.9814183469655453E-03 -1.6059820353761848E-03
0
0.0
 -1.1407996218300525E+00 -2.3170985309886123E+00 3.8420614944644871E-01
 8.7979818415318840E-03 -6.0725587956797240E-03 -1.8389880164413788E-03
0
0.0
 -1.1407996218300525E+00 -2.3170985309886123E+00 3.8420614944644871E-01
 8.6917264449726441E-03 -6.0365297455357396E-03 -1.7085898583299266E-03
0
0.0
 -1.1407996218300525E+00 -2.3170985309886123E+00 3.8420614944644871E-01
 8.5603389631273875E-03 -5.8613940820921948E-03 -1.7672901945103619E-03
0
0.0
