20
-1
1
  0.55082274   0.82091007  -0.15066837  1.46586624e-04
  0.49895357  -0.47405035   0.72548026  2.53769513e-04
 -0.91026474   0.23402303   0.34154258  2.78725388e-04
  0.45957446   0.83066715  -0.31429827  1.79117175e-04
 -0.00629088  -0.99822512  -0.05922028  1.51493227e-04
 -0.81364609  -0.26218810  -0.51888095  3.91925971e-04
  0.04373822  -0.05221255  -0.99767771  2.04683834e-04
 -0.34511468  -0.79710136  -0.49550507  3.12949303e-04
 -0.20294348   0.24713660   0.94749008  1.53737486e-04
  0.81242598   0.58119087   0.04670327  1.66215238e-04
  0.90675953  -0.38575772  -0.17022967  4.19093842e-04
  0.62786963  -0.55475821   0.54591488  3.86654082e-04
 -0.80937879   0.58534860  -0.04767591  2.52445226e-04
  0.66365259   0.67212878   0.32834150  5.11266005e-04
 -0.99915092   0.03957097  -0.01147041  3.01755070e-04
 -0.16735392   0.22148161   0.96069692  1.51737405e-04
 -0.63453597  -0.05467176  -0.77095727  5.17712543e-04
 -0.67517536  -0.11337880  -0.72889195  3.28797334e-04
 -0.26157653  -0.46208577  -0.84738094  4.30866542e-04
 -0.74675861  -0.10660924   0.65649528  3.15563864e-04
