50
-1
1
 -0.76704223   0.02812008   0.64098010  4.80891213e-04
  0.59711901   0.31890888  -0.73603398  3.58992609e-04
  0.70209488   0.70000469  -0.13059946  4.84471586e-04
 -0.37247148   0.07761510   0.92479235  5.89978287e-04
 -0.65684874   0.72431209   0.20957511  1.76029589e-04
 -0.29485221   0.51138391  -0.80718565  1.50237409e-04
  0.46435440  -0.86281121  -0.19982946  2.81310399e-04
 -0.37380234   0.92471492  -0.07193144  1.83088141e-04
 -0.05462596  -0.90516718  -0.42153101  5.05554464e-04
  0.36202264   0.32556459   0.87346855  1.93040506e-04
  0.70237310  -0.37602700   0.60438044  2.73895964e-04
 -0.01967225  -0.19174184  -0.98124822  2.65646542e-04
 -0.42622460  -0.10132557   0.89892475  2.11772949e-04
 -0.56041720  -0.40513968  -0.72235338  4.18255749e-04
 -0.43301684  -0.05518452  -0.89969500  4.65270736e-04
  0.15115396  -0.79612517   0.58594982  4.41676336e-04
  0.69597514  -0.58636816   0.41447677  7.36037858e-04
 -0.29786499   0.93584070   0.18835771  2.89549499e-04
  0.82973184  -0.44653137   0.33489522  4.45832130e-04
 -0.62758879   0.05819317  -0.77636709  2.07528864e-04
  0.12123321  -0.70232661   0.70145551  2.09592265e-04
 -0.53933142   0.18189200   0.82221464  4.11495353e-04
  0.45522999   0.74817534   0.48270002  2.41805949e-04
 -0.00698558   0.44471442  -0.89564518  2.41893278e-04
 -0.45635938  -0.15005263   0.87705207  1.64580941e-04
  0.27417019   0.89184404  -0.35978456  1.55646259e-04
 -0.31684915   0.94486077   0.08273293  2.18032873e-04
  0.13972048   0.76757510  -0.62554509  4.10964660e-04
  0.77359148   0.46252788  -0.43315607  2.54288366e-04
 -0.38675498   0.90225354   0.19068068  1.91814743e-04
 -0.22733905  -0.90752761  -0.35314386  1.74653524e-04
 -0.74775311  -0.32273560   0.58026461  2.13229811e-04
  0.11967811   0.67532046  -0.72774956  2.06949240e-04
 -0.37982915  -0.47597982   0.79320428  7.07298759e-04
  0.28034877   0.12586281   0.95161080  2.96265672e-04
  0.84111101  -0.49607119   0.21551253  1.52744554e-04
  0.83889817   0.21775877  -0.49882961  2.09395277e-04
 -0.70108553   0.04345509  -0.71175188  3.89870700e-04
 -0.87322070   0.34139501  -0.34775718  1.68717633e-04
 -0.84271197   0.39081365   0.37027183  3.75380504e-04
 -0.24535372   0.40109073   0.88256885  7.32172960e-04
 -0.40081037   0.88403647  -0.24047987  6.54847664e-04
  0.65385368  -0.75124051   0.09007251  2.90743294e-04
 -0.12998001   0.30839546  -0.94233616  2.16505706e-04
 -0.05024541  -0.91991842  -0.38887722  6.36475594e-04
 -0.50014642   0.18765074   0.84536428  5.78498760e-04
 -0.04433648  -0.25740194  -0.96528675  2.46446735e-04
 -0.25713614  -0.41598590  -0.87225956  1.61227909e-04
 -0.07747277   0.17616714  -0.98130684  1.49697006e-04
 -0.37485597  -0.38182829   0.84480185  3.67750806e-04
