20
 -1.1407996218300525E+00 -2.3170985309886123E+00 3.8420614944644871E-01
 8.8464319524621839E-03 -6.0147976209253924E-03 -1.3679579428903625E-03
0
0.0
 -1.1407996218300525E+00 -2.3170985309886123E+00 3.8420614944644871E-01
 8.7111385103847364E-03 -6.0560169367740715E-03 -1.5223448693553448E-03
0
0.0
 -1.1407996218300525E+00 -2.3170985309886123E+00 3.8420614944644871E-01
 8.7790735590744639E-03 -5.9754902939899678E-03 -1.6558319713370236E-03
0
0.0
 -1.1407996218300525E+00 -2.3170985309886123E+00 3.8420614944644871E-01
 8.9249976353840028E-03 -5.6340809818436104E-03 -1.7155025256276326E-03
0
0.0
 -1.1407996218300525E+00 -2.3170985309886123E+00 3.8420614944644871E-01
 8.6100398960527944E-03 -5.8421452744943985E-03 -1.5696710152445629E-03
0
0.0
 -1.1407996218300525E+00 -2.3170985309886123E+00 3.8420614944644871E-01
 8.7296379172887711E-03 -5.9031775275465602E-03 -1.5685884856012661E-03
0
0.0
 -1.1407996218300525E+00 -2.3170985309886123E+00 3.8420614944644871E-01
 8.7137372288688987E-03 -5.8716264173855302E-03 -1.6178939597621634E-03
0
0.0
 -1.1407996218300525E+00 -2.3170985309886123E+00 3.8420614944644871E-01
 8.7505316317748744E-03 -5.9140719691105747E-03 -1.6432016180186703E-03
0
0.0
 -1.1407996218300525E+00 -2.3170985309886123E+00 3.8420614944644871E-01
 8.6828154626330568E-03 -6.0858979047542601E-03 -1.4568341874561211E-03
0
0.0
 -1.1407996218300525E+00 -2.3170985309886123E+00 3.8420614944644871E-01
 9.0888732384856868E-03 -5.8101862627348028E-03 -1.6968921803471265E-03
0
0.0
 -1.1407996218300525E+00 -2.3170985309886123E+00 3.8420614944644871E-01
 8.6686816745145719E-03 -5.7272387632856516E-03 -1.6873086300196066E-03
0
0.0
 -1.1407996218300525E+00 -2.3170985309886123E+00 3.8420614944644871E-01
 8.9753375644985416E-03 -5.7335836603924469E-03 -1.6845751759643761E-03
0
0.0
 -1.1407996218300525E+00 -2.3170985309886123E+00 3.8420614944644871E-01
 8.9205416196429434E-03 -5.9940820265889276E-03 -1.5951700108179569E-03
0
0.0
 -1.1407996218300525E+00 -2.3170985309886123E+00 3.8420614944644871E-01
 8.4844386393433495E-03 -6.0541369072947228E-03 -1.6799755921033666E-03
0
0.0
 -1.1407996218300525E+00 -2.3170985309886123E+00 3.8420614944644871E-01
 8.7994016449205095E-03 -5.9112860388152774E-03 -1.6404289910211896E-03
0
0.0
 -1.1407996218300525E+00 -2.3170985309886123E+00 3.8420614944644871E-01
 8.6741828719964220E-03 -5.9293945787950207E-03 -1.8315055933255174E-03
0
0.0
 -1.1407996218300525E+00 -2.3170985309886123E+00 3.8420614944644871E-01
 8.9539246976226648E-03 -6.1755894420348796E-03 -1.5854795434798404E-03
0
0.0
 -1.1407996218300525E+00 -2.3170985309886123E+00 3.8420614944644871E-01
 8.7953458310285511E-03 -6.0078427536803449E-03 -1.7072088240882705E-03
0
0.0
 -1.1407996218300525E+00 -2.3170985309886123E+00 3.8420614944644871E-01
 8.7749417161563908E-03 -5.7580353557611756E-03 -1.6617156119755078E-03
0
0.0
 -1.1407996218300525E+00 -2.3170985309886123E+00 3.8420614944644871E-01
 9.0642994843006062E-03 -5.7202490251569487E-03 -1.6154177384612727E-03
0
0.0
