50
-1
1
 -0.34730334   0.86612857   0.35944636  2.68515537e-04
 -0.69431598   0.66811238   0.26749050  7.24827763e-04
 -0.05334627  -0.12384413   0.99086669  1.46919575e-04
  0.31261067  -0.05987346   0.94799248  1.97207467e-04
 -0.96702216  -0.05676821   0.24828515  1.86240802e-04
  0.44935518  -0.08326062  -0.88946478  8.46415793e-04
 -0.37579694  -0.37091777  -0.84923298  1.59448507e-04
  0.27966858  -0.84401395   0.45763079  5.18137469e-04
 -0.76013109   0.55986933  -0.32976818  2.99744435e-04
 -0.28698197   0.84861390  -0.44440499  1.47801841e-04
  0.20995621  -0.44908750   0.86846923  2.37418600e-04
  0.67113646   0.02505072  -0.74091046  2.66672051e-04
  0.59852080  -0.55148492   0.58106560  2.29998541e-04
  0.74054488   0.30458064   0.59901913  1.82351298e-04
 -0.35758954   0.71413461   0.60178193  6.90945835e-04
 -0.91489492   0.36592728  -0.17048319  1.69272573e-04
 -0.46697050   0.44493249   0.76418168  2.95256952e-04
  0.46509253   0.61666380   0.63514936  2.37554406e-04
  0.54131320   0.84054560  -0.02152008  7.05900627e-04
 -0.24601809  -0.88509776   0.39506589  1.93704773e-04
  0.92865596   0.15973975  -0.33478547  1.58281268e-04
 -0.94868512   0.08409157  -0.30483627  1.47045055e-04
  0.54824391  -0.52811855   0.64847468  2.65882337e-04
 -0.34159551   0.76706136   0.54307400  4.06212732e-04
 -0.36253965   0.11605886  -0.92471366  1.92906174e-04
 -0.84832062  -0.23267251  -0.47562131  2.97918626e-04
  0.90615529  -0.39113872  -0.16091331  1.91736125e-04
 -0.51536019   0.58321927  -0.62790060  3.20809512e-04
  0.07830229   0.97301908   0.21703139  3.94605088e-04
 -0.04757675   0.42653233   0.90322014  2.33320406e-04
 -0.75283461   0.63099253  -0.18731921  1.59909069e-04
  0.15429082   0.94601091   0.28505736  3.55679290e-04
 -0.98784737  -0.12107858   0.09745540  1.96571263e-04
  0.70238532  -0.39579106  -0.59161162  2.37110872e-04
 -0.98621892   0.00398632   0.16539756  6.33196995e-04
 -0.94113816  -0.22251931  -0.25444867  6.13926827e-04
 -0.92962476   0.02185015  -0.36785918  2.40690359e-04
  0.07077024  -0.43687773  -0.89673264  1.86721906e-04
  0.43110169  -0.79210244   0.43211695  1.98083194e-04
  0.75228438   0.65359968   0.08291971  2.55829593e-04
  0.91819842  -0.36696277  -0.14916430  2.28057827e-04
 -0.71693633  -0.36679750  -0.59284222  1.79753374e-04
  0.37567247  -0.79129441  -0.48241408  1.57024437e-04
  0.19862778  -0.85145064  -0.48536463  1.50278123e-04
 -0.70573989   0.15524448  -0.69125275  3.54167259e-04
 -0.98513708  -0.08008593   0.15195780  2.11178816e-04
  0.49282029   0.82584414   0.27406135  2.67208403e-04
 -0.57339778   0.62378575  -0.53113682  2.48425054e-04
  0.69471567   0.36262258   0.62118838  1.79080228e-04
 -0.87183495   0.24525312   0.42397492  2.59126101e-04
