20
-1
1
  0.60360274  -0.21096081   0.76886883  1.95707859e-04
 -0.04704271  -0.85550445   0.51565407  2.65712086e-04
 -0.24698956   0.16223836   0.95534018  1.60000071e-04
  0.58792856  -0.77027635  -0.24701083  2.21529395e-04
  0.26725127  -0.02927259  -0.96318216  2.64201094e-04
  0.15170659  -0.51681659   0.84254716  5.25808613e-04
  0.63272574   0.34386526  -0.69384063  4.30419334e-04
  0.07841512  -0.04811844  -0.99575885  8.19498841e-04
 -0.44550350  -0.42263951  -0.78924171  2.12631220e-04
  0.59088353   0.37151122   0.71612573  6.38248879e-04
 -0.25664925   0.76743228  -0.58751924  1.79194961e-04
 -0.41699101   0.01357605   0.90880921  3.20779181e-04
  0.43623170   0.19900298   0.87755326  4.40680624e-04
 -0.20644635   0.43698161  -0.87545815  4.82275106e-04
 -0.24584860   0.95708502  -0.15344942  1.73362864e-04
 -0.15951441  -0.31640020  -0.93511821  3.29059407e-04
  0.60824574  -0.74458900  -0.27499879  2.20470819e-04
 -0.74505253   0.64477552   0.17076669  1.94411406e-04
 -0.22791135   0.82343717  -0.51962259  7.53677331e-04
  0.07980357   0.13465716   0.98767345  1.70308821e-04
