20
 -1.1407996218300525E+00 -2.3170985309886123E+00 3.8420614944644871E-01
 8.9293238446373040E-03 -5.9609285630227646E-03 -1.9075749437214317E-03
0
0.0
 -1.1407996218300525E+00 -2.3170985309886123E+00 3.8420614944644871E-01
 8.6669488397413987E-03 -5.7725055529550670E-03 -1.7129484716113983E-03
0
0.0
 -1.1407996218300525E+00 -2.3170985309886123E+00 3.8420614944644871E-01
 8.6708330177719620E-03 -6.0647198671712737E-03 -1.5379348099410655E-03
0
0.0
 -1.1407996218300525E+00 -2.3170985309886123E+00 3.8420614944644871E-01
 8.7818962074864178E-03 -5.6599134403925912E-03 -1.4412271811552520E-03
0
0.0
 -1.1407996218300525E+00 -2.3170985309886123E+00 3.8420614944644871E-01
 8.7555486272936963E-03 -5.6797177096525858E-03 -1.5063680383803964E-03
0
0.0
 -1.1407996218300525E+00 -2.3170985309886123E+00 3.8420614944644871E-01
 8.8020068197212364E-03 -6.1220379459280350E-03 -1.6823060136665186E-03
0
0.0
 -1.1407996218300525E+00 -2.3170985309886123E+00 3.8420614944644871E-01
 8.7150089293063244E-03 -5.9833649348550169E-03 -1.6826826274137453E-03
0
0.0
 -1.1407996218300525E+00 -2.3170985309886123E+00 3.8420614944644871E-01
 8.8631698617658867E-03 -5.9167478722247230E-03 -1.7605496770691786E-03
0
0.0
 -1.1407996218300525E+00 -2.3170985309886123E+00 3.8420614944644871E-01
 8.6621178809453622E-03 -5.8072184891939885E-03 -1.7981483916481942E-03
0
0.0
 -1.1407996218300525E+00 -2.3170985309886123E+00 3.8420614944644871E-01
 8.7934084770153534E-03 -6.1997614336698108E-03 -1.4832881010134922E-03
0
0.0
 -1.1407996218300525E+00 -2.3170985309886123E+00 3.8420614944644871E-01
 8.7361070030041402E-03 -5.9899835127764194E-03 -1.5316828248263914E-03
0
0.0
 -1.1407996218300525E+00 -2.3170985309886123E+00 3.8420614944644871E-01
 8.7709289190561739E-03 -5.9013392154964855E-03 -1.6236487956279820E-03
0
0.0
 -1.1407996218300525E+00 -2.3170985309886123E+00 3.8420614944644871E-01
 8.9370177306532881E-03 -5.6726443674913309E-03 -1.5178783070790179E-03
0
0.0
 -1.1407996218300525E+00 -2.3170985309886123E+00 3.8420614944644871E-01
 8.8170729936892563E-03 -5.8379604308039556E-03 -1.4657659247167617E-03
0
0.0
 -1.1407996218300525E+00 -2.3170985309886123E+00 3.8420614944644871E-01
 8.7439943236191364E-03 -5.9191522560324838E-03 -1.6495346870435226E-03
0
0.0
 -1.1407996218300525E+00 -2.3170985309886123E+00 3.8420614944644871E-01
 8.7770329145704269E-03 -5.9313410888474248E-03 -1.7774171676280452E-03
0
0.0
 -1.1407996218300525E+00 -2.3170985309886123E+00 3.8420614944644871E-01
 8.4848014100939156E-03 -5.8681731606783855E-03 -1.7891363379353435E-03
0
0.0
 -1.1407996218300525E+00 -2.3170985309886123E+00 3.8420614944644871E-01
 8.7909388123335128E-03 -6.0658751169713710E-03 -1.5344306225925121E-03
0
0.0
 -1.1407996218300525E+00 -2.3170985309886123E+00 3.8420614944644871E-01
 8.7084902214904832E-03 -5.9061795493665185E-03 -1.5355508553085903E-03
0
0.0
 -1.1407996218300525E+00 -2.3170985309886123E+00 3.8420614944644871E-01
 8.6889632462179567E-03 -5.9622194605069402E-03 -1.7163889445842699E-03
0
0.0
