20
-1
1
 -0.56488054   0.82268268   0.06405605  1.77721511e-04
 -0.70587957  -0.53179523  -0.46789728  2.92485418e-04
  0.36663168  -0.73452611  -0.57101016  1.69996084e-04
 -0.83456695   0.54584745   0.07448866  1.74977196e-04
 -0.76421842   0.36252563   0.53342795  1.62734683e-04
  0.33836886  -0.93362357   0.11770112  7.56945480e-04
 -0.44373735  -0.32291107   0.83595790  1.83017753e-04
  0.21856876   0.38529699  -0.89653440  2.30820244e-04
 -0.10635616   0.83812005  -0.53501697  1.47316968e-04
 -0.09291773   0.86625092   0.49089270  2.25984232e-04
  0.97781354   0.20706603  -0.03169144  2.07664057e-04
  0.86733532  -0.08216489  -0.49089548  2.10434646e-04
  0.63784885   0.57086880   0.51696969  3.34045317e-04
  0.83142842   0.38466468   0.40094871  8.14957312e-04
 -0.59371289  -0.23606852   0.76927021  1.53898072e-04
  0.03602704   0.99259539   0.11600188  1.84928435e-04
  0.75239117  -0.33130029  -0.56933966  3.77907893e-04
  0.27224037  -0.95243496  -0.13694094  2.40017922e-04
 -0.22450342   0.97302788  -0.05305622  3.33608365e-04
  0.01559685   0.61117648  -0.79134067  2.20900804e-04
