20
-1
1
 -0.64679277  -0.71597278  -0.26275861  2.41173030e-04
 -0.76628957  -0.59101791  -0.25198833  5.15594081e-04
 -0.93946966   0.34223547   0.01648180  2.68331578e-04
 -0.73549440  -0.54048940  -0.40855747  5.19371918e-04
 -0.62222777   0.78139294   0.04751497  2.91478127e-04
 -0.13410643  -0.88474097  -0.44637302  5.18320338e-04
  0.02215365   0.18362088   0.98274747  4.59422762e-04
  0.17375337   0.70345614  -0.68917285  3.01356482e-04
  0.73437031   0.61690551  -0.28306861  1.61253422e-04
  0.14616756   0.55498922   0.81891514  2.34598487e-04
  0.54660293  -0.83492182  -0.06427128  4.38272040e-04
 -0.92428845  -0.33087421  -0.19029745  6.39542434e-04
  0.29789034  -0.89929591   0.32020027  4.95422289e-04
 -0.09861639   0.44676337   0.88920037  2.35579783e-04
 -0.05169191   0.55964870  -0.82711624  1.50154529e-04
  0.50311230   0.76030491   0.41087037  1.84945244e-04
 -0.82570524  -0.28671453  -0.48580411  1.61178705e-04
 -0.25748669  -0.74291771   0.61787853  8.66616765e-04
  0.61836232  -0.33586434  -0.71050910  3.71134184e-04
  0.08760252  -0.93787676  -0.33572754  3.65908631e-04
