20
 -1.1407996218300525E+00 -2.3170985309886123E+00 3.8420614944644871E-01
 8.6593754993549692E-03 -5.7448898443327907E-03 -1.3767733192546045E-03
0
0.0
 -1.1407996218300525E+00 -2.3170985309886123E+00 3.8420614944644871E-01
 8.6400293834050824E-03 -5.7816516943068746E-03 -1.5666144086756476E-03
0
0.0
 -1.1407996218300525E+00 -2.3170985309886123E+00 3.8420614944644871E-01
 8.6682063403979437E-03 -5.9668667144454762E-03 -1.8727597124280362E-03
0
0.0
 -1.1407996218300525E+00 -2.3170985309886123E+00 3.8420614944644871E-01
 8.6172310566482360E-03 -5.9244058818820602E-03 -1.7986559980838757E-03
0
0.0
 -1.1407996218300525E+00 -2.3170985309886123E+00 3.8420614944644871E-01
 8.5875451185447368E-03 -5.8836974299980071E-03 -1.5155014626611861E-03
0
0.0
 -1.1407996218300525E+00 -2.3170985309886123E+00 3.8420614944644871E-01
 8.8620206615349396E-03 -5.9936066881365576E-03 -1.6373853193604807E-03
0
0.0
 -1.1407996218300525E+00 -2.3170985309886123E+00 3.8420614944644871E-01
 8.8267609936531679E-03 -5.9470315048193913E-03 -1.6362302252819979E-03
0
0.0
 -1.1407996218300525E+00 -2.3170985309886123E+00 3.8420614944644871E-01
 8.9693093748148614E-03 -5.7836765291058101E-03 -1.7141642005931719E-03
0
0.0
 -1.1407996218300525E+00 -2.3170985309886123E+00 3.8420614944644871E-01
 8.7835866585924145E-03 -6.0243603802623705E-03 -1.7419872295454577E-03
0
0.0
 -1.1407996218300525E+00 -2.3170985309886123E+00 3.8420614944644871E-01
 8.8082150366178575E-03 -6.1697188835276124E-03 -1.5064022072623384E-03
0
0.0
 -1.1407996218300525E+00 -2.3170985309886123E+00 3.8420614944644871E-01
 8.5884788278712369E-03 -5.7547647499254480E-03 -1.6203140087680987E-03
0
0.0
 -1.1407996218300525E+00 -2.3170985309886123E+00 3.8420614944644871E-01
 8.6011432955900111E-03 -6.1257736727908145E-03 -1.6520209711518518E-03
0
0.0
 -1.1407996218300525E+00 -2.3170985309886123E+00 3.8420614944644871E-01
 8.5711903815310197E-03 -5.8730954267171356E-03 -1.3984826940200649E-03
0
0.0
 -1.1407996218300525E+00 -2.3170985309886123E+00 3.8420614944644871E-01
 8.9675781399131248E-03 -5.6695984515048783E-03 -1.4834443420969148E-03
0
0.0
 -1.1407996218300525E+00 -2.3170985309886123E+00 3.8420614944644871E-01
 8.8670543191778708E-03 -6.0546040588485336E-03 -1.6057370414723640E-03
0
0.0
 -1.1407996218300525E+00 -2.3170985309886123E+00 3.8420614944644871E-01
 8.7902502237263511E-03 -5.7336389493268776E-03 -1.6393290923510256E-03
0
0.0
 -1.1407996218300525E+00 -2.3170985309886123E+00 3.8420614944644871E-01
 8.6909419172935386E-03 -6.0755636742766067E-03 -1.7388778947906515E-03
0
0.0
 -1.1407996218300525E+00 -2.3170985309886123E+00 3.8420614944644871E-01
 8.7876914257585918E-03 -5.9207443382827268E-03 -1.6509648129610795E-03
0
0.0
 -1.1407996218300525E+00 -2.3170985309886123E+00 3.8420614944644871E-01
 8.5614221817859500E-03 -5.8795509768102081E-03 -1.7110144146495160E-03
0
0.0
 -1.1407996218300525E+00 -2.3170985309886123E+00 3.8420614944644871E-01
 8.8292685668176479E-03 -5.7692563488107229E-03 -1.4401895761427278E-03
0
0.0
