20
-1
1
  0.68158141   0.65391153  -0.32839990  3.99009944e-04
 -0.87624098   0.31517970   0.36450446  2.96932908e-04
 -0.16845564  -0.18568693  -0.96806150  3.06462934e-04
  0.85207952  -0.51415817   0.09798913  1.68651303e-04
 -0.44397195   0.65457918   0.61189460  1.97611664e-04
  0.43976492  -0.50863023   0.74020410  3.57967536e-04
  0.67731438  -0.69079408  -0.25307860  5.95491287e-04
  0.28393934  -0.07582430  -0.95583949  1.53366535e-04
 -0.43967763   0.89595151   0.06288457  2.08362673e-04
 -0.26608923   0.81134557  -0.52049485  2.38151803e-04
 -0.12628367   0.72424086  -0.67788467  2.66497142e-04
 -0.69378911   0.71424943  -0.09221942  1.86054812e-04
 -0.30423929   0.22827161   0.92484081  6.80058599e-04
 -0.42931738   0.87724512   0.21477333  3.90866014e-04
  0.55909663  -0.64517004  -0.52073657  1.66687784e-04
 -0.18808303  -0.94672697   0.26140548  6.17975768e-04
  0.99110494  -0.12094131   0.05553547  2.44560837e-04
 -0.28629449  -0.47333602  -0.83305970  3.14533071e-04
 -0.70359833   0.67845102  -0.21131401  2.01164422e-04
 -0.56497199  -0.04489404  -0.82388784  1.93343954e-04
