20
 -1.1407996218300525E+00 -2.3170985309886123E+00 3.8420614944644871E-01
 8.8135253834971290E-03 -5.8765241731722779E-03 -1.6219871370965620E-03
0
0.0
 -1.1407996218300525E+00 -2.3170985309886123E+00 3.8420614944644871E-01
 8.8656204128156526E-03 -5.8223046340438222E-03 -1.5786199055831502E-03
0
0.0
 -1.1407996218300525E+00 -2.3170985309886123E+00 3.8420614944644871E-01
 8.7041029433193706E-03 -5.9395116780072386E-03 -1.7159275283843028E-03
0
0.0
 -1.1407996218300525E+00 -2.3170985309886123E+00 3.8420614944644871E-01
 8.6701746236586830E-03 -5.6167495373522381E-03 -1.5655492107383320E-03
0
0.0
 -1.1407996218300525E+00 -2.3170985309886123E+00 3.8420614944644871E-01
 8.7768338723698252E-03 -5.8547125997404264E-03 -1.6952310259504394E-03
0
0.0
 -1.1407996218300525E+00 -2.3170985309886123E+00 3.8420614944644871E-01
 8.8293532475184622E-03 -5.7667238539118671E-03 -1.7859161835431482E-03
0
0.0
 -1.1407996218300525E+00 -2.3170985309886123E+00 3.8420614944644871E-01
 8.5090849233078868E-03 -5.8723957644655480E-03 -1.6706171474664599E-03
0
0.0
 -1.1407996218300525E+00 -2.3170985309886123E+00 3.8420614944644871E-01
 8.6576718066473986E-03 -6.0260067641145941E-03 -1.7313953588905780E-03
0
0.0
 -1.1407996218300525E+00 -2.3170985309886123E+00 3.8420614944644871E-01
 8.6928602049138846E-03 -5.6418662448454778E-03 -1.6960733948169875E-03
0
0.0
 -1.1407996218300525E+00 -2.3170985309886123E+00 3.8420614944644871E-01
 8.9102747578265491E-03 -5.7153158584035933E-03 -1.6292378140866409E-03
0
0.0
 -1.1407996218300525E+00 -2.3170985309886123E+00 3.8420614944644871E-01
 9.0811687971574136E-03 -5.8724092453761589E-03 -1.4713228187837916E-03
0
0.0
 -1.1407996218300525E+00 -2.3170985309886123E+00 3.8420614944644871E-01
 8.6651995255538020E-03 -6.0166374652064376E-03 -1.8526683991169695E-03
0
0.0
 -1.1407996218300525E+00 -2.3170985309886123E+00 3.8420614944644871E-01
 8.6826136585251550E-03 -5.9161490402101840E-03 -1.6280315382321200E-03
0
0.0
 -1.1407996218300525E+00 -2.3170985309886123E+00 3.8420614944644871E-01
 8.9020357026458469E-03 -5.8766474170314966E-03 -1.6261673880751829E-03
0
0.0
 -1.1407996218300525E+00 -2.3170985309886123E+00 3.8420614944644871E-01
 8.6796786250316425E-03 -5.8262629142183317E-03 -1.5330223771032115E-03
0
0.0
 -1.1407996218300525E+00 -2.3170985309886123E+00 3.8420614944644871E-01
 8.6768474411508846E-03 -5.8914655223758832E-03 -1.6098098101112964E-03
0
0.0
 -1.1407996218300525E+00 -2.3170985309886123E+00 3.8420614944644871E-01
 8.7545689517422431E-03 -5.8088575630720167E-03 -1.5817776796851069E-03
0
0.0
 -1.1407996218300525E+00 -2.3170985309886123E+00 3.8420614944644871E-01
 8.7949772222834267E-03 -6.1912868713956135E-03 -1.6717867504303166E-03
0
0.0
 -1.1407996218300525E+00 -2.3170985309886123E+00 3.8420614944644871E-01
 8.7866022531111719E-03 -6.1244727494700673E-03 -1.7377422408848804E-03
0
0.0
 -1.1407996218300525E+00 -2.3170985309886123E+00 3.8420614944644871E-01
 8.7532023021911435E-03 -6.0252887260707532E-03 -1.6024256100661083E-03
0
0.0
