50
-1
1
  0.37584366  -0.76821534  -0.51825355  2.36537615e-04
  0.77984433  -0.59685972  -0.18868307  2.31044743e-04
  0.58371921  -0.61557744  -0.52946795  1.60946125e-04
  0.35459984   0.71798632  -0.59896126  1.54063259e-04
  0.79087378  -0.28827680   0.53982882  5.12667233e-04
  0.47096295  -0.81006405  -0.34927087  1.54623019e-04
 -0.14550026   0.07263271   0.98668848  3.39666078e-04
 -0.78898762  -0.20292489  -0.57993105  7.02937016e-04
  0.77229955   0.63032420   0.07902412  1.60794951e-04
  0.98193943   0.01499051   0.18860076  7.75036697e-04
 -0.12832316   0.91765198   0.37609575  2.00616841e-04
 -0.31648842   0.87245472  -0.37236789  1.55750085e-04
 -0.97312456  -0.10193952   0.20648708  3.15026447e-04
  0.62941923   0.77705874  -0.00333791  3.50412106e-04
 -0.18083966   0.42511235  -0.88689149  1.54256972e-04
  0.15055039   0.96403342   0.21903000  7.73400676e-04
 -0.10840794  -0.46477781  -0.87876579  2.00102463e-04
 -0.46065923  -0.04225381   0.88657075  4.40416552e-04
 -0.10054832  -0.23935830  -0.96571095  1.75821922e-04
  0.88402269  -0.37752589  -0.27564124  2.12109408e-04
 -0.41312971   0.80887488   0.41838413  4.30930889e-04
  0.33847047  -0.93933738   0.05552499  1.97882239e-04
  0.59780267  -0.28601567  -0.74888384  1.84286553e-04
 -0.94955656   0.23804106  -0.20415385  1.78269841e-04
  0.52452880   0.73072892   0.43692652  2.50754656e-04
  0.35622928  -0.85568102   0.37538073  4.57898575e-04
 -0.96270976   0.26549238  -0.05199725  1.46003522e-04
  0.00060083   0.98992416  -0.14159732  4.27310168e-04
 -0.36200731  -0.51485144  -0.77709633  2.15373964e-04
 -0.11005009   0.20006419  -0.97358271  2.43568671e-04
 -0.50104809  -0.35517234   0.78917895  2.30261237e-04
  0.36032329   0.93006646  -0.07171821  4.26839014e-04
 -0.08623512  -0.57902218   0.81073844  2.87079773e-04
 -0.73894629  -0.09169865  -0.66749512  2.75700852e-04
  0.88730878   0.22772256   0.40103063  1.84605853e-04
 -0.85490797  -0.48887801   0.17358183  1.67311594e-04
  0.87795016  -0.27678146  -0.39063480  1.51371809e-04
  0.29379263   0.67306324   0.67872805  2.58812780e-04
 -0.13113482  -0.12573485   0.98335874  3.80225218e-04
 -0.98097941  -0.17056339  -0.09266894  3.12990665e-04
  0.08840181   0.96079623  -0.26278455  3.08264994e-04
  0.42250511   0.26698238   0.86614655  1.99031123e-04
  0.15977113  -0.95434313  -0.25239331  1.65935500e-04
  0.80735457   0.09551135   0.58228530  4.52687901e-04
  0.20895007  -0.32156948  -0.92354369  2.10065003e-04
 -0.45405091  -0.89078829   0.01827555  1.94315256e-04
  0.04499044  -0.98858612   0.14378225  2.38590023e-04
  0.38230149  -0.59236851  -0.70918623  1.70966974e-04
  0.36878358  -0.26889740   0.88977124  4.73945554e-04
  0.47812931  -0.55809436   0.67817627  4.42989305e-04
