20
 -1.1407996218300525E+00 -2.3170985309886123E+00 3.8420614944644871E-01
 8.8808423991387688E-03 -5.6365157738382417E-03 -1.5250812705973418E-03
0
0.0
 -1.1407996218300525E+00 -2.3170985309886123E+00 3.8420614944644871E-01
 8.7365876843991767E-03 -6.0172228390938960E-03 -1.6107192213451389E-03
0
0.0
 -1.1407996218300525E+00 -2.3170985309886123E+00 3.8420614944644871E-01
 8.7316161077993851E-03 -5.8523082688550524E-03 -1.6157822380853107E-03
0
0.0
 -1.1407996218300525E+00 -2.3170985309886123E+00 3.8420614944644871E-01
 8.8385844008918944E-03 -5.9044232112964359E-03 -1.6614922012028769E-03
0
0.0
 -1.1407996218300525E+00 -2.3170985309886123E+00 3.8420614944644871E-01
 8.7986265067108195E-03 -5.8696547146825642E-03 -1.6442902466985629E-03
0
0.0
 -1.1407996218300525E+00 -2.3170985309886123E+00 3.8420614944644871E-01
 8.8190092639899315E-03 -5.8320848294468328E-03 -1.5372736502727545E-03
0
0.0
 -1.1407996218300525E+00 -2.3170985309886123E+00 3.8420614944644871E-01
 8.7782081209907773E-03 -5.9616843267472170E-03 -1.6606876449464290E-03
0
0.0
 -1.1407996218300525E+00 -2.3170985309886123E+00 3.8420614944644871E-01
 8.5232655244090374E-03 -5.9807123221387688E-03 -1.6762233595866349E-03
0
0.0
 -1.1407996218300525E+00 -2.3170985309886123E+00 3.8420614944644871E-01
 8.8086368451197172E-03 -5.9355716950087499E-03 -1.6223929638470528E-03
0
0.0
 -1.1407996218300525E+00 -2.3170985309886123E+00 3.8420614944644871E-01
 8.8836158334990104E-03 -5.9704433140149865E-03 -1.5577271013966609E-03
0
0.0
 -1.1407996218300525E+00 -2.3170985309886123E+00 3.8420614944644871E-01
 8.7428414059405810E-03 -5.9121939289419898E-03 -1.7273023137577817E-03
0
0.0
 -1.1407996218300525E+00 -2.3170985309886123E+00 3.8420614944644871E-01
 8.7575533448798377E-03 -5.9662800849127852E-03 -1.5183204638339852E-03
0
0.0
 -1.1407996218300525E+00 -2.3170985309886123E+00 3.8420614944644871E-01
 8.6849949320665157E-03 -6.0333201665513855E-03 -1.7074745846923558E-03
0
0.0
 -1.1407996218300525E+00 -2.3170985309886123E+00 3.8420614944644871E-01
 8.6850176234715831E-03 -6.0591140809710432E-03 -1.6306030696095952E-03
0
0.0
 -1.1407996218300525E+00 -2.3170985309886123E+00 3.8420614944644871E-01
 8.7578149799218963E-03 -5.8705620614223188E-03 -1.4414634269479148E-03
0
0.0
 -1.1407996218300525E+00 -2.3170985309886123E+00 3.8420614944644871E-01
 8.8160462737229533E-03 -5.9138203089229143E-03 -1.6737430421396504E-03
0
0.0
 -1.1407996218300525E+00 -2.3170985309886123E+00 3.8420614944644871E-01
 8.7837960878929273E-03 -5.9828585042024556E-03 -1.5538347557128892E-03
0
0.0
 -1.1407996218300525E+00 -2.3170985309886123E+00 3.8420614944644871E-01
 8.8391242135184931E-03 -5.9503319580188133E-03 -1.5652693699974125E-03
0
0.0
 -1.1407996218300525E+00 -2.3170985309886123E+00 3.8420614944644871E-01
 8.6997929011088156E-03 -5.8903090823817731E-03 -1.5766934695263463E-03
0
0.0
 -1.1407996218300525E+00 -2.3170985309886123E+00 3.8420614944644871E-01
 8.9215309275377103E-03 -5.8802935734981994E-03 -1.7971768725198970E-03
0
0.0
