20
-1
1
 -0.58742693   0.80875654  -0.02902530  1.74943177e-04
 -0.63986542  -0.75753055   0.12930470  4.62154341e-04
  0.19596458   0.77632335   0.59909928  1.61254134e-04
 -0.89018074  -0.26524347   0.37043777  7.84877435e-04
  0.99287897   0.02177505  -0.11712047  2.17221922e-04
  0.63626257   0.75127278   0.17538289  1.67252711e-04
  0.99012769  -0.04818853   0.13162455  2.39025101e-04
  0.95670531  -0.28663000   0.05057865  2.81502310e-04
  0.11102577  -0.94877288  -0.29580955  7.69224723e-04
  0.93525711   0.33129579  -0.12464843  3.52874483e-04
 -0.01554630   0.98443458   0.17506250  7.52041088e-04
  0.99955939  -0.01271574  -0.02682039  3.79063650e-04
 -0.49119021   0.09825792  -0.86549267  4.30450427e-04
 -0.85808052   0.43217171   0.27735435  4.71477054e-04
  0.46699858  -0.14247184   0.87270505  2.85120079e-04
 -0.23077072   0.08556296   0.96923880  7.63413299e-04
  0.19609517  -0.62361605   0.75673622  1.99535704e-04
  0.94625957   0.24576064   0.21022496  2.62913697e-04
 -0.25810537  -0.74848064  -0.61086688  2.25618624e-04
  0.15489047   0.35368501   0.92245100  2.10114037e-04
