20
 -1.1407996218300525E+00 -2.3170985309886123E+00 3.8420614944644871E-01
 8.7810508848060950E-03 -5.9332956842893109E-03 -1.6743042726192620E-03
0
0.0
 -1.1407996218300525E+00 -2.3170985309886123E+00 3.8420614944644871E-01
 8.9282888392431363E-03 -5.8677078112598620E-03 -1.7825652393525626E-03
0
0.0
 -1.1407996218300525E+00 -2.3170985309886123E+00 3.8420614944644871E-01
 8.7501737848420975E-03 -5.9530444924504903E-03 -1.5215762308087518E-03
0
0.0
 -1.1407996218300525E+00 -2.3170985309886123E+00 3.8420614944644871E-01
 8.6736127654723164E-03 -5.8576168359515835E-03 -1.5596359613047747E-03
0
0.0
 -1.1407996218300525E+00 -2.3170985309886123E+00 3.8420614944644871E-01
 8.8388060095094447E-03 -5.8256208610318830E-03 -1.4392307670153489E-03
0
0.0
 -1.1407996218300525E+00 -2.3170985309886123E+00 3.8420614944644871E-01
 8.7772691810381626E-03 -5.8005568175762742E-03 -1.5620058133560078E-03
0
0.0
 -1.1407996218300525E+00 -2.3170985309886123E+00 3.8420614944644871E-01
 8.8035669535683515E-03 -5.9572468742589294E-03 -1.4641302987297121E-03
0
0.0
 -1.1407996218300525E+00 -2.3170985309886123E+00 3.8420614944644871E-01
 8.8233827503643447E-03 -5.9359252295200452E-03 -1.5628940332689848E-03
0
0.0
 -1.1407996218300525E+00 -2.3170985309886123E+00 3.8420614944644871E-01
 8.9174918075138141E-03 -5.9302086211419653E-03 -1.7531998159422667E-03
0
0.0
 -1.1407996218300525E+00 -2.3170985309886123E+00 3.8420614944644871E-01
 8.8076071260254941E-03 -5.8807486080938529E-03 -1.6212979640153173E-03
0
0.0
 -1.1407996218300525E+00 -2.3170985309886123E+00 3.8420614944644871E-01
 8.9659364880967356E-03 -5.8950845548385415E-03 -1.6535360578254755E-03
0
0.0
 -1.1407996218300525E+00 -2.3170985309886123E+00 3.8420614944644871E-01
 8.5190549965990011E-03 -6.1166246450549220E-03 -1.5946938691501541E-03
0
0.0
 -1.1407996218300525E+00 -2.3170985309886123E+00 3.8420614944644871E-01
 8.7807930966408432E-03 -5.8580130268170560E-03 -1.6636713890005555E-03
0
0.0
 -1.1407996218300525E+00 -2.3170985309886123E+00 3.8420614944644871E-01
 8.9106300137723349E-03 -5.9192248050889320E-03 -1.5133162752275827E-03
0
0.0
 -1.1407996218300525E+00 -2.3170985309886123E+00 3.8420614944644871E-01
 8.8359528660166241E-03 -5.7403327901833934E-03 -1.5595863146018599E-03
0
0.0
 -1.1407996218300525E+00 -2.3170985309886123E+00 3.8420614944644871E-01
 8.9072808123621464E-03 -5.7000386752013420E-03 -1.6578000640411553E-03
0
0.0
 -1.1407996218300525E+00 -2.3170985309886123E+00 3.8420614944644871E-01
 8.7998394739562027E-03 -6.1740156172649992E-03 -1.4216643731312631E-03
0
0.0
 -1.1407996218300525E+00 -2.3170985309886123E+00 3.8420614944644871E-01
 8.4714823544641115E-03 -5.7986378658856771E-03 -1.5777821188314915E-03
0
0.0
 -1.1407996218300525E+00 -2.3170985309886123E+00 3.8420614944644871E-01
 8.7423483635166045E-03 -5.8578364543890697E-03 -1.5560221836556011E-03
0
0.0
 -1.1407996218300525E+00 -2.3170985309886123E+00 3.8420614944644871E-01
 8.7275492901093456E-03 -5.9955726328717396E-03 -1.6432864183599438E-03
0
0.0
