20
-1
1
 -0.55530122  -0.82301272   0.11954338  3.11256576e-04
 -0.66429458   0.33151014   0.66993562  2.34257142e-04
  0.43803770   0.36811477   0.82013078  2.23685124e-04
  0.13462250   0.80055577   0.58394112  1.84113217e-04
  0.76894366  -0.63915804   0.01423552  2.97100383e-04
 -0.05559550  -0.83374172   0.54934861  4.92223829e-04
  0.99213174  -0.04214778   0.11789053  4.50603039e-04
  0.01800578  -0.91152033  -0.41086065  2.09756449e-04
  0.42796867  -0.51397959  -0.74341630  3.76875668e-04
  0.62829543  -0.06399563  -0.77533826  2.40314067e-04
  0.64446541  -0.00334505  -0.76462615  4.04231616e-04
  0.71430098   0.53889237  -0.44650769  1.62000373e-04
  0.29847939  -0.57552542   0.76136755  6.80644734e-04
 -0.36490584   0.31642040   0.87562655  2.51758720e-04
 -0.69973022  -0.08189204   0.70969805  3.16001150e-04
 -0.71000863   0.69070294  -0.13717579  5.12773483e-04
 -0.50893020  -0.12985608  -0.85095679  6.50659194e-04
  0.19012086  -0.08223239   0.97831073  3.11639438e-04
 -0.96691953   0.10180824   0.23388397  1.53720962e-04
  0.02699041   0.07463713   0.99684543  1.55460655e-04
