20
 -1.1407996218300525E+00 -2.3170985309886123E+00 3.8420614944644871E-01
 8.8099337571747802E-03 -5.9130205507624710E-03 -1.8093394553198618E-03
0
0.0
 -1.1407996218300525E+00 -2.3170985309886123E+00 3.8420614944644871E-01
 8.6356065947469415E-03 -5.7034510519291676E-03 -1.6354497992173153E-03
0
0.0
 -1.1407996218300525E+00 -2.3170985309886123E+00 3.8420614944644871E-01
 8.7609132423081271E-03 -5.9494659405288173E-03 -1.6721303405230338E-03
0
0.0
 -1.1407996218300525E+00 -2.3170985309886123E+00 3.8420614944644871E-01
 8.7852293550958263E-03 -5.9040039300467364E-03 -1.6173047841076002E-03
0
0.0
 -1.1407996218300525E+00 -2.3170985309886123E+00 3.8420614944644871E-01
 8.7976584553060774E-03 -5.7952219905334284E-03 -1.7546889603814370E-03
0
0.0
 -1.1407996218300525E+00 -2.3170985309886123E+00 3.8420614944644871E-01
 8.7552971945979840E-03 -5.7333487554246569E-03 -1.6206801266034959E-03
0
0.0
 -1.1407996218300525E+00 -2.3170985309886123E+00 3.8420614944644871E-01
 8.8806648379180144E-03 -5.9149284689034133E-03 -1.7803951323039642E-03
0
0.0
 -1.1407996218300525E+00 -2.3170985309886123E+00 3.8420614944644871E-01
 8.6047693262231266E-03 -5.6368123376103942E-03 -1.5391274602293724E-03
0
0.0
 -1.1407996218300525E+00 -2.3170985309886123E+00 3.8420614944644871E-01
 8.8943168534014617E-03 -6.1259092280412297E-03 -1.6382236626290138E-03
0
0.0
 -1.1407996218300525E+00 -2.3170985309886123E+00 3.8420614944644871E-01
 8.7431313200828278E-03 -5.9397120824122088E-03 -1.6135787650395255E-03
0
0.0
 -1.1407996218300525E+00 -2.3170985309886123E+00 3.8420614944644871E-01
 8.8067965826566213E-03 -5.6803913864028784E-03 -1.6182102521294824E-03
0
0.0
 -1.1407996218300525E+00 -2.3170985309886123E+00 3.8420614944644871E-01
 8.8384740277443839E-03 -5.7977305007373952E-03 -1.4526748057458920E-03
0
0.0
 -1.1407996218300525E+00 -2.3170985309886123E+00 3.8420614944644871E-01
 8.7760871206276885E-03 -5.9020136906429372E-03 -1.6220089018885474E-03
0
0.0
 -1.1407996218300525E+00 -2.3170985309886123E+00 3.8420614944644871E-01
 8.7682613866211286E-03 -5.8602282323865782E-03 -1.5999748752672759E-03
0
0.0
 -1.1407996218300525E+00 -2.3170985309886123E+00 3.8420614944644871E-01
 8.7695059324570893E-03 -6.0237437727511294E-03 -1.4990789855108516E-03
0
0.0
 -1.1407996218300525E+00 -2.3170985309886123E+00 3.8420614944644871E-01
 8.7235650955951264E-03 -5.8312153971265528E-03 -1.5378574796625760E-03
0
0.0
 -1.1407996218300525E+00 -2.3170985309886123E+00 3.8420614944644871E-01
 8.9514094808337968E-03 -5.9827890091846761E-03 -1.3914982073289766E-03
0
0.0
 -1.1407996218300525E+00 -2.3170985309886123E+00 3.8420614944644871E-01
 9.0919044117965704E-03 -5.9951622447719163E-03 -1.6180771517731131E-03
0
0.0
 -1.1407996218300525E+00 -2.3170985309886123E+00 3.8420614944644871E-01
 8.8472700245969052E-03 -5.6531437417818341E-03 -1.6592132032705639E-03
0
0.0
 -1.1407996218300525E+00 -2.3170985309886123E+00 3.8420614944644871E-01
 8.8025454245842776E-03 -5.8089076603407824E-03 -1.7754229983427126E-03
0
0.0
