20
 -1.1407996218300525E+00 -2.3170985309886123E+00 3.8420614944644871E-01
 8.7253481109276759E-03 -5.7061764710979778E-03 -1.6179812965616083E-03
0
0.0
 -1.1407996218300525E+00 -2.3170985309886123E+00 3.8420614944644871E-01
 8.9345400844672261E-03 -5.6978496533100021E-03 -1.8393583769285736E-03
0
0.0
 -1.1407996218300525E+00 -2.3170985309886123E+00 3.8420614944644871E-01
 8.8268499112368719E-03 -5.9438766102194842E-03 -1.6914535061508438E-03
0
0.0
 -1.1407996218300525E+00 -2.3170985309886123E+00 3.8420614944644871E-01
 8.7733136404731620E-03 -5.9026809864019232E-03 -1.5966865487872673E-03
0
0.0
 -1.1407996218300525E+00 -2.3170985309886123E+00 3.8420614944644871E-01
 8.7589490931428444E-03 -5.7897256019751996E-03 -1.5739490404428423E-03
0
0.0
 -1.1407996218300525E+00 -2.3170985309886123E+00 3.8420614944644871E-01
 8.5451021955551681E-03 -5.9511556754214849E-03 -1.5603067331058302E-03
0
0.0
 -1.1407996218300525E+00 -2.3170985309886123E+00 3.8420614944644871E-01
 8.7432680839586614E-03 -5.8084289648128356E-03 -1.6233637006968988E-03
0
0.0
 -1.1407996218300525E+00 -2.3170985309886123E+00 3.8420614944644871E-01
 8.6535002780399762E-03 -5.8451793670391576E-03 -1.4716843619697795E-03
0
0.0
 -1.1407996218300525E+00 -2.3170985309886123E+00 3.8420614944644871E-01
 8.9686008987918345E-03 -5.6954123999225130E-03 -1.4506929866725275E-03
0
0.0
 -1.1407996218300525E+00 -2.3170985309886123E+00 3.8420614944644871E-01
 8.7461743142001128E-03 -5.9885609210841087E-03 -1.5738018698883906E-03
0
0.0
 -1.1407996218300525E+00 -2.3170985309886123E+00 3.8420614944644871E-01
 8.5687754607435621E-03 -5.9565697560911872E-03 -1.4216018697786948E-03
0
0.0
 -1.1407996218300525E+00 -2.3170985309886123E+00 3.8420614944644871E-01
 8.6272611984217935E-03 -5.9371466066504217E-03 -1.5434441657501091E-03
0
0.0
 -1.1407996218300525E+00 -2.3170985309886123E+00 3.8420614944644871E-01
 9.0118988500731377E-03 -5.9737494367477608E-03 -1.6982354090248914E-03
0
0.0
 -1.1407996218300525E+00 -2.3170985309886123E+00 3.8420614944644871E-01
 8.8079458721618594E-03 -5.8693644027326712E-03 -1.6600186098763789E-03
0
0.0
 -1.1407996218300525E+00 -2.3170985309886123E+00 3.8420614944644871E-01
 8.8980438504460638E-03 -5.8751588138087237E-03 -1.3797541838967385E-03
0
0.0
 -1.1407996218300525E+00 -2.3170985309886123E+00 3.8420614944644871E-01
 8.9041048777223873E-03 -5.9785764131483118E-03 -1.3503425742298124E-03
0
0.0
 -1.1407996218300525E+00 -2.3170985309886123E+00 3.8420614944644871E-01
 8.6015990776737248E-03 -5.9458821939266833E-03 -1.5682790845282727E-03
0
0.0
 -1.1407996218300525E+00 -2.3170985309886123E+00 3.8420614944644871E-01
 8.7929743174261134E-03 -6.1118736188710571E-03 -1.5501772159056040E-03
0
0.0
 -1.1407996218300525E+00 -2.3170985309886123E+00 3.8420614944644871E-01
 8.9445858258181896E-03 -5.6203930454392301E-03 -1.7060253442506424E-03
0
0.0
 -1.1407996218300525E+00 -2.3170985309886123E+00 3.8420614944644871E-01
 8.6133420941194392E-03 -5.7113488368883102E-03 -1.7886713055932488E-03
0
0.0
