20
 -1.1407996218300525E+00 -2.3170985309886123E+00 3.8420614944644871E-01
 8.7733762188916525E-03 -5.9210651806872409E-03 -1.6795156721787570E-03
0
0.0
 -1.1407996218300525E+00 -2.3170985309886123E+00 3.8420614944644871E-01
 8.8248926539196450E-03 -5.8171711811439110E-03 -1.5211767372416047E-03
0
0.0
 -1.1407996218300525E+00 -2.3170985309886123E+00 3.8420614944644871E-01
 8.8368667526068367E-03 -5.8294324252234127E-03 -1.5293649901852238E-03
0
0.0
 -1.1407996218300525E+00 -2.3170985309886123E+00 3.8420614944644871E-01
 8.8563854509868048E-03 -5.9868498629019658E-03 -1.6318118313530100E-03
0
0.0
 -1.1407996218300525E+00 -2.3170985309886123E+00 3.8420614944644871E-01
 8.6921481909783219E-03 -5.7626263851826703E-03 -1.8276371382813890E-03
0
0.0
 -1.1407996218300525E+00 -2.3170985309886123E+00 3.8420614944644871E-01
 8.7097422585210773E-03 -6.0327906179225635E-03 -1.6158111310510277E-03
0
0.0
 -1.1407996218300525E+00 -2.3170985309886123E+00 3.8420614944644871E-01
 8.6468793574290114E-03 -5.8682994622243590E-03 -1.5801968735908996E-03
0
0.0
 -1.1407996218300525E+00 -2.3170985309886123E+00 3.8420614944644871E-01
 8.6618214058885225E-03 -6.1124366089859465E-03 -1.3966330355296474E-03
0
0.0
 -1.1407996218300525E+00 -2.3170985309886123E+00 3.8420614944644871E-01
 8.7590315586623894E-03 -5.8086622957465419E-03 -1.4920523315957320E-03
0
0.0
 -1.1407996218300525E+00 -2.3170985309886123E+00 3.8420614944644871E-01
 8.6449429687663198E-03 -5.9813695740075657E-03 -1.7019041367954545E-03
0
0.0
 -1.1407996218300525E+00 -2.3170985309886123E+00 3.8420614944644871E-01
 8.7386031400683260E-03 -5.9034572025614034E-03 -1.5377891743594606E-03
0
0.0
 -1.1407996218300525E+00 -2.3170985309886123E+00 3.8420614944644871E-01
 8.9009598884480286E-03 -5.8147470558088717E-03 -1.5934123251355229E-03
0
0.0
 -1.1407996218300525E+00 -2.3170985309886123E+00 3.8420614944644871E-01
 8.8087260773172787E-03 -6.0399467946489326E-03 -1.7652979653723501E-03
0
0.0
 -1.1407996218300525E+00 -2.3170985309886123E+00 3.8420614944644871E-01
 8.9168420686388857E-03 -5.8925457710272203E-03 -1.4631859591293372E-03
0
0.0
 -1.1407996218300525E+00 -2.3170985309886123E+00 3.8420614944644871E-01
 8.6647676202905692E-03 -5.7056688188464799E-03 -1.5362203802199844E-03
0
0.0
 -1.1407996218300525E+00 -2.3170985309886123E+00 3.8420614944644871E-01
 8.7216723833906454E-03 -5.7759014581318250E-03 -1.4678182321268972E-03
0
0.0
 -1.1407996218300525E+00 -2.3170985309886123E+00 3.8420614944644871E-01
 8.6336762882010861E-03 -5.8417530416682364E-03 -1.6345789556922096E-03
0
0.0
 -1.1407996218300525E+00 -2.3170985309886123E+00 3.8420614944644871E-01
 8.6083047970357748E-03 -5.8478679840403011E-03 -1.6661891650273254E-03
0
0.0
 -1.1407996218300525E+00 -2.3170985309886123E+00 3.8420614944644871E-01
 8.8796771256350205E-03 -5.8432518175053046E-03 -1.6556129173739670E-03
0
0.0
 -1.1407996218300525E+00 -2.3170985309886123E+00 3.8420614944644871E-01
 8.8618630334431469E-03 -6.0689611297572547E-03 -1.6699387443921707E-03
0
0.0
