50
 -1.1407996218300525E+00 -2.3170985309886123E+00 3.8420614944644871E-01
 8.7211330047226188E-03 -5.9118019358772129E-03 -1.6595801104302972E-03
0
0.0
 -1.1407996218300525E+00 -2.3170985309886123E+00 3.8420614944644871E-01
 8.6611380032563714E-03 -5.9484590582141571E-03 -1.3111196576747770E-03
0
0.0
 -1.1407996218300525E+00 -2.3170985309886123E+00 3.8420614944644871E-01
 8.9204614255347439E-03 -5.7724448336224331E-03 -1.6362005775090924E-03
0
0.0
 -1.1407996218300525E+00 -2.3170985309886123E+00 3.8420614944644871E-01
 9.0461236154264178E-03 -5.9259498789312011E-03 -1.4265126877874522E-03
0
0.0
 -1.1407996218300525E+00 -2.3170985309886123E+00 3.8420614944644871E-01
 8.9765539271908102E-03 -5.7281347600172446E-03 -1.5310317945279120E-03
0
0.0
 -1.1407996218300525E+00 -2.3170985309886123E+00 3.8420614944644871E-01
 8.8572932456754145E-03 -5.8224079149629500E-03 -1.5856974126676028E-03
0
0.0
 -1.1407996218300525E+00 -2.3170985309886123E+00 3.8420614944644871E-01
 8.7190695183217825E-03 -5.7205298321362941E-03 -1.8130231687389130E-03
0
0.0
 -1.1407996218300525E+00 -2.3170985309886123E+00 3.8420614944644871E-01
 8.9113372298412381E-03 -5.8235121034920937E-03 -1.5110843821341442E-03
0
0.0
 -1.1407996218300525E+00 -2.3170985309886123E+00 3.8420614944644871E-01
 8.9117697517105913E-03 -5.9359532074860152E-03 -1.6092187458378493E-03
0
0.0
 -1.1407996218300525E+00 -2.3170985309886123E+00 3.8420614944644871E-01
 8.8192029686231660E-03 -5.7880190720509556E-03 -1.7062822940126024E-03
0
0.0
 -1.1407996218300525E+00 -2.3170985309886123E+00 3.8420614944644871E-01
 8.9509090765863900E-03 -5.7277049856875447E-03 -1.3934762137273503E-03
0
0.0
 -1.1407996218300525E+00 -2.3170985309886123E+00 3.8420614944644871E-01
 8.6948136353510487E-03 -5.9080203505331936E-03 -1.6260610980910787E-03
0
0.0
 -1.1407996218300525E+00 -2.3170985309886123E+00 3.8420614944644871E-01
 8.9099247334085124E-03 -6.0725676271373933E-03 -1.7310198335330404E-03
0
0.0
 -1.1407996218300525E+00 -2.3170985309886123E+00 3.8420614944644871E-01
 8.7315316812812474E-03 -5.9622466336682013E-03 -1.6120025769323166E-03
0
0.0
 -1.1407996218300525E+00 -2.3170985309886123E+00 3.8420614944644871E-01
 8.8402807056921964E-03 -6.0419870700262977E-03 -1.6164057985284968E-03
0
0.0
 -1.1407996218300525E+00 -2.3170985309886123E+00 3.8420614944644871E-01
 8.7131721649837662E-03 -5.8917877179083394E-03 -1.6764675693363719E-03
0
0.0
 -1.1407996218300525E+00 -2.3170985309886123E+00 3.8420614944644871E-01
 8.8517040194703318E-03 -6.0538501771264320E-03 -1.5189631517688259E-03
0
0.0
 -1.1407996218300525E+00 -2.3170985309886123E+00 3.8420614944644871E-01
 8.7783139766739668E-03 -5.9041100520573295E-03 -1.6330168301287422E-03
0
0.0
 -1.1407996218300525E+00 -2.3170985309886123E+00 3.8420614944644871E-01
 8.6331672262674360E-03 -5.9106329763926376E-03 -1.5870788806491203E-03
0
0.0
 -1.1407996218300525E+00 -2.3170985309886123E+00 3.8420614944644871E-01
 8.7246288318650403E-03 -5.8684484649370872E-03 -1.7483771335105207E-03
0
0.0
 -1.1407996218300525E+00 -2.3170985309886123E+00 3.8420614944644871E-01
 8.7741726271202206E-03 -5.8605797089519599E-03 -1.6352394920115731E-03
0
0.0
 -1.1407996218300525E+00 -2.3170985309886123E+00 3.8420614944644871E-01
 8.7757815945160786E-03 -5.8105210692064617E-03 -1.6473932167932375E-03
0
0.0
 -1.1407996218300525E+00 -2.3170985309886123E+00 3.8420614944644871E-01
 8.8387650741763302E-03 -5.7696913410259084E-03 -1.5360092591791478E-03
0
0.0
 -1.1407996218300525E+00 -2.3170985309886123E+00 3.8420614944644871E-01
 8.8407175183704625E-03 -5.7398737569664951E-03 -1.4849835150141247E-03
0
0.0
 -1.1407996218300525E+00 -2.3170985309886123E+00 3.8420614944644871E-01
 8.6830086014098445E-03 -6.0790134381710232E-03 -1.5955462140384725E-03
0
0.0
 -1.1407996218300525E+00 -2.3170985309886123E+00 3.8420614944644871E-01
 8.9057302241672739E-03 -5.8155000792263992E-03 -1.7860810431828697E-03
0
0.0
 -1.1407996218300525E+00 -2.3170985309886123E+00 3.8420614944644871E-01
 8.8120125873206896E-03 -5.8690745496519491E-03 -1.6535922920913760E-03
0
0.0
 -1.1407996218300525E+00 -2.3170985309886123E+00 3.8420614944644871E-01
 8.8027521975906596E-03 -5.9095901793345604E-03 -1.6942435664279209E-03
0
0.0
 -1.1407996218300525E+00 -2.3170985309886123E+00 3.8420614944644871E-01
 8.6249968542203379E-03 -5.9485059627694906E-03 -1.4839110962731419E-03
0
0.0
 -1.1407996218300525E+00 -2.3170985309886123E+00 3.8420614944644871E-01
 8.6683472294651117E-03 -5.6745562752955371E-03 -1.6688798212764057E-03
0
0.0
 -1.1407996218300525E+00 -2.3170985309886123E+00 3.8420614944644871E-01
 8.7329352890894614E-03 -5.8937466349690826E-03 -1.3425309652742461E-03
0
0.0
 -1.1407996218300525E+00 -2.3170985309886123E+00 3.8420614944644871E-01
 8.7846058428936048E-03 -6.0468658046213750E-03 -1.7821118557563849E-03
0
0.0
 -1.1407996218300525E+00 -2.3170985309886123E+00 3.8420614944644871E-01
 8.7337560917689228E-03 -5.9853089484171200E-03 -1.4720405093179064E-03
0
0.0
 -1.1407996218300525E+00 -2.3170985309886123E+00 3.8420614944644871E-01
 8.8730480520065672E-03 -5.6026772347858309E-03 -1.6758526815799249E-03
0
0.0
 -1.1407996218300525E+00 -2.3170985309886123E+00 3.8420614944644871E-01
 8.6974977111833867E-03 -5.8820005545388472E-03 -1.5312914723829036E-03
0
0.0
 -1.1407996218300525E+00 -2.3170985309886123E+00 3.8420614944644871E-01
 8.5836479054041386E-03 -5.9612353633528362E-03 -1.6393250956145034E-03
0
0.0
 -1.1407996218300525E+00 -2.3170985309886123E+00 3.8420614944644871E-01
 8.6070979948315064E-03 -6.0455325410268780E-03 -1.7016029406452045E-03
0
0.0
 -1.1407996218300525E+00 -2.3170985309886123E+00 3.8420614944644871E-01
 8.7459656980414056E-03 -6.1605801598911061E-03 -1.7000010746930951E-03
0
0.0
 -1.1407996218300525E+00 -2.3170985309886123E+00 3.8420614944644871E-01
 8.6077799389346742E-03 -6.1945914513125777E-03 -1.5442516203881666E-03
0
0.0
 -1.1407996218300525E+00 -2.3170985309886123E+00 3.8420614944644871E-01
 8.6840476146397335E-03 -5.8572083770419576E-03 -1.4893406875822752E-03
0
0.0
 -1.1407996218300525E+00 -2.3170985309886123E+00 3.8420614944644871E-01
 8.8474463043980590E-03 -5.9323688248365423E-03 -1.5883964950260186E-03
0
0.0
 -1.1407996218300525E+00 -2.3170985309886123E+00 3.8420614944644871E-01
 8.6568800997619717E-03 -5.8956730757345520E-03 -1.6431886129344452E-03
0
0.0
 -1.1407996218300525E+00 -2.3170985309886123E+00 3.8420614944644871E-01
 8.7205830930922237E-03 -5.9653356155425661E-03 -1.6362475614770415E-03
0
0.0
 -1.1407996218300525E+00 -2.3170985309886123E+00 3.8420614944644871E-01
 8.9065220676902718E-03 -5.9559453523422940E-03 -1.5058930795547223E-03
0
0.0
 -1.1407996218300525E+00 -2.3170985309886123E+00 3.8420614944644871E-01
 8.7587248077123283E-03 -5.8576672737340376E-03 -1.5315445781775576E-03
0
0.0
 -1.1407996218300525E+00 -2.3170985309886123E+00 3.8420614944644871E-01
 8.8297922640785242E-03 -5.7739045225119094E-03 -1.6010927207072596E-03
0
0.0
 -1.1407996218300525E+00 -2.3170985309886123E+00 3.8420614944644871E-01
 8.6960020102010028E-03 -5.8719688148385837E-03 -1.4689498126735426E-03
0
0.0
 -1.1407996218300525E+00 -2.3170985309886123E+00 3.8420614944644871E-01
 9.0373151692646602E-03 -6.0807943687877881E-03 -1.5264150753947379E-03
0
0.0
 -1.1407996218300525E+00 -2.3170985309886123E+00 3.8420614944644871E-01
 8.8606615080101710E-03 -5.8763202150423303E-03 -1.8505583869913797E-03
0
0.0
 -1.1407996218300525E+00 -2.3170985309886123E+00 3.8420614944644871E-01
 8.9118323798901816E-03 -5.8290009365187948E-03 -1.6210242599939196E-03
0
0.0
