400
-1
1
  0.29497031  -0.13739381   0.94557679  1.86076911e-04
  0.59183756  -0.54269090  -0.59599907  3.10904319e-04
  0.37091627   0.43696850   0.81943862  2.20000890e-04
  0.00614450  -0.99563709  -0.09310759  2.29363938e-04
 -0.73670929   0.24709444   0.62944719  1.63943367e-04
 -0.90794201  -0.40429979   0.11037654  1.64436774e-04
  0.72220909  -0.10304133  -0.68395652  1.58440944e-04
 -0.46585293  -0.56362522  -0.68213464  1.80545115e-04
  0.11307651  -0.37034776  -0.92198495  2.41127738e-04
  0.02651292  -0.14483772  -0.98910015  2.43367228e-04
 -0.54285552   0.33230791  -0.77128422  2.37475466e-04
  0.62502047  -0.78020881  -0.02497254  1.83586605e-04
 -0.58859687   0.34530295  -0.73097168  2.94963921e-04
 -0.06230739  -0.93758224  -0.34213643  2.67004804e-04
 -0.80706637   0.38019488   0.45176955  1.74444125e-04
  0.63719603  -0.50564999  -0.58163503  2.08703383e-04
  0.13063253  -0.89173836   0.43328726  1.65079825e-04
 -0.80624871  -0.26269688  -0.53005034  1.53819207e-04
 -0.57497372   0.11415576  -0.81016892  2.04279295e-04
  0.41814228  -0.15867682   0.89441528  2.02320532e-04
 -0.67277476  -0.29194528   0.67981033  4.16607339e-04
  0.60505984  -0.79324723  -0.06827459  1.77335192e-04
 -0.47634525  -0.68174913   0.55525969  1.52896430e-04
 -0.55647483  -0.70226031  -0.44403403  3.89821357e-04
 -0.27210405  -0.08166696   0.95879606  1.66099867e-04
 -0.59055926  -0.43873181  -0.67731393  4.88235448e-04
 -0.41252689  -0.00786479  -0.91091147  3.14060566e-04
 -0.58495612   0.73331593  -0.34651709  1.86149423e-04
  0.41483236  -0.64378901  -0.64300064  3.34218716e-04
 -0.46655421   0.19219062  -0.86335968  1.69775769e-04
 -0.91473575   0.28237923   0.28899910  1.91368233e-04
  0.90299849  -0.42660091  -0.05104302  2.81031530e-04
 -0.35993857   0.76775200  -0.53009536  6.47646818e-04
 -0.84634466   0.40090978   0.35067373  3.39847466e-04
  0.52866818  -0.68418211   0.50239904  1.50243320e-04
 -0.28713171  -0.90557018  -0.31224674  1.79929239e-04
 -0.09982562  -0.16126431  -0.98184962  6.76856037e-04
 -0.03864010  -0.94941660   0.31163289  1.69643373e-04
  0.20625278   0.95046551  -0.23254055  3.76267345e-04
  0.83252780  -0.25940695  -0.48949515  1.86637053e-04
 -0.85637372  -0.24243081  -0.45590717  3.18849417e-04
  0.36720634  -0.07278912   0.92728703  1.96479487e-04
  0.55458677  -0.75606909   0.34755294  1.69308806e-04
 -0.85946005  -0.09297446  -0.50267701  3.70953932e-04
 -0.25627756   0.88787333   0.38210307  2.17523504e-04
  0.68941055  -0.49083451  -0.53272373  3.37664474e-04
 -0.84328503   0.46156820  -0.27536369  2.17412680e-04
  0.53624200   0.82800760  -0.16385339  2.37575705e-04
 -0.59062860   0.78210707  -0.19866150  4.31200538e-04
 -0.04582875  -0.97994937   0.19390450  6.51837494e-04
  0.41301221   0.59741586  -0.68739741  1.46118608e-04
 -0.76072237  -0.26368263   0.59310449  4.85061296e-04
 -0.00350207  -0.14548280  -0.98935458  3.86430751e-04
 -0.08699782  -0.70512677   0.70372411  4.36114792e-04
 -0.58583026  -0.64013762   0.49701783  1.47802592e-04
 -0.44264972   0.52925579   0.72384359  2.12121261e-04
  0.07904043  -0.49772635  -0.86372513  1.75648849e-04
  0.54244797  -0.19477379  -0.81719849  6.34804569e-04
  0.73034877   0.29976813  -0.61378314  2.77004103e-04
  0.97334054   0.02673507   0.22780130  4.93070757e-04
  0.93649396  -0.24473213  -0.25116777  4.27326007e-04
  0.45279652  -0.88262583  -0.12628125  2.98872583e-04
  0.02327990   0.96197569  -0.27214118  1.56152854e-04
  0.35317791  -0.92668063   0.12856275  1.60106642e-04
  0.05483880  -0.83527350   0.54709312  4.16011574e-04
 -0.79753077  -0.43001808   0.42311833  1.55421937e-04
  0.37544155  -0.91074451  -0.17201185  2.42052804e-04
 -0.19166633   0.95318713   0.23387672  1.66530635e-04
 -0.76862722   0.02167526   0.63932963  1.60630647e-04
  0.63115683  -0.46171737  -0.62326409  5.94363502e-04
 -0.54035056   0.61569140  -0.57353759  1.78773379e-04
  0.72778573  -0.68532730  -0.02558169  6.75981204e-04
 -0.68800574  -0.30965645   0.65632384  1.73165246e-04
  0.80173571  -0.41721371  -0.42796328  1.54183594e-04
  0.72408435  -0.38488306  -0.57233459  1.85341219e-04
  0.78773627  -0.59322979  -0.16598188  2.75272997e-04
 -0.76587591   0.51854879  -0.38018581  3.76891408e-04
  0.79917080   0.20692605  -0.56436482  1.77352633e-04
 -0.91981107   0.10171508   0.37894807  1.47784536e-04
  0.70462635   0.67574002   0.21651126  1.70547219e-04
 -0.48939980   0.87118484   0.03904868  2.81617581e-04
  0.48749585  -0.67327086   0.55592639  2.49199410e-04
 -0.49587862   0.54042676   0.67973768  1.86810901e-04
 -0.68583282   0.04721395  -0.72622599  4.19587757e-04
 -0.49941087  -0.86600160  -0.02510004  3.50192099e-04
 -0.92603456  -0.02224019  -0.37678292  2.83355178e-04
 -0.88939412  -0.45237185   0.06586205  2.04824157e-04
 -0.13363579  -0.96866925  -0.20933552  2.47763127e-04
 -0.68903081  -0.33844303  -0.64085322  2.04497907e-04
  0.22508134  -0.97366005  -0.03639356  2.85665461e-04
 -0.31830343   0.80245486  -0.50472677  1.91876970e-04
  0.81080007  -0.19948778   0.55027982  3.38985332e-04
  0.91743682   0.16185808  -0.36347164  4.18712315e-04
  0.36889057   0.43535616   0.82120933  1.94836311e-04
 -0.88046520   0.43246222  -0.19431279  6.74523252e-04
 -0.85471390  -0.31361228  -0.41365624  3.86944708e-04
  0.73994107   0.66654750  -0.09056288  4.76092962e-04
 -0.38098713  -0.18832067  -0.90519840  3.73851567e-04
 -0.93531058  -0.25250943  -0.24785704  1.83373673e-04
 -0.19287990   0.91678950  -0.34970611  3.49102003e-04
 -0.97991300  -0.16966147   0.10481170  1.61995033e-04
  0.32438268   0.92435945  -0.20083696  3.17214279e-04
  0.20048065  -0.76666341  -0.60994649  3.83116049e-04
  0.71339656  -0.12015209   0.69038310  2.90573577e-04
  0.59164657   0.62549631   0.50863416  1.99792969e-04
  0.99209599   0.05912691  -0.11067773  1.46339109e-04
  0.78642785   0.57065682   0.23639380  1.91980505e-04
 -0.32486593  -0.85751977   0.39890095  1.98389284e-04
  0.37019177   0.72277485   0.58357054  2.91860603e-04
 -0.83861964  -0.30300826   0.45266224  3.20440234e-04
 -0.57204770   0.82020060   0.00569323  2.50010208e-04
  0.41633379   0.90013723   0.12813721  2.26698595e-04
 -0.65831884   0.25466402   0.70835199  4.18638660e-04
  0.76831734   0.23885769   0.59383118  1.53157895e-04
  0.25431347   0.74640361  -0.61498481  1.59231693e-04
  0.05002690   0.93482539   0.35156622  2.69454855e-04
 -0.77000450   0.57483044  -0.27688091  2.55676991e-04
  0.17251359  -0.81841110   0.54812620  1.67830363e-04
  0.16516655  -0.98425124  -0.06300402  6.38679377e-04
 -0.76460713   0.60456860   0.22332207  2.00165321e-04
  0.10592082   0.26571349   0.95821559  2.03542626e-04
  0.43506886  -0.62616373   0.64701938  2.71458247e-04
 -0.05811654   0.96783925   0.24476447  1.96549369e-04
  0.21999213  -0.94568477  -0.23934028  2.72221305e-04
 -0.25963881   0.21894015   0.94055989  3.16582264e-04
 -0.20624156  -0.57387132   0.79255039  1.50695659e-04
  0.96696673  -0.12479109   0.22226681  2.74391967e-04
  0.22185822  -0.97488115  -0.01963855  2.98934299e-04
  0.34462881   0.86471017   0.36538650  2.50035292e-04
 -0.15767705  -0.95252077  -0.26046520  2.90635433e-04
  0.05411468  -0.94224572   0.33052171  1.51920878e-04
 -0.32951962   0.73933712  -0.58719455  3.17169519e-04
  0.54120664  -0.79788509  -0.26547082  1.68986869e-04
  0.90821819   0.18904866  -0.37336354  2.05390911e-04
 -0.84549857   0.52645491  -0.08931631  4.93509310e-04
 -0.53222252   0.70510778   0.46857466  1.45564273e-04
  0.67678878  -0.32338623   0.66134582  1.47762669e-04
  0.71656451  -0.67663445  -0.16941406  2.66818282e-04
  0.09562414   0.34577811  -0.93343105  1.79800462e-04
 -0.30839949  -0.92780412   0.20992683  5.77868633e-04
  0.60360274  -0.21096081   0.76886883  1.95707859e-04
 -0.04704271  -0.85550445   0.51565407  2.65712086e-04
 -0.24698956   0.16223836   0.95534018  1.60000071e-04
  0.58792856  -0.77027635  -0.24701083  2.21529395e-04
  0.26725127  -0.02927259  -0.96318216  2.64201094e-04
  0.15170659  -0.51681659   0.84254716  5.25808613e-04
  0.63272574   0.34386526  -0.69384063  4.30419334e-04
  0.07841512  -0.04811844  -0.99575885  8.19498841e-04
 -0.44550350  -0.42263951  -0.78924171  2.12631220e-04
  0.59088353   0.37151122   0.71612573  6.38248879e-04
 -0.25664925   0.76743228  -0.58751924  1.79194961e-04
 -0.41699101   0.01357605   0.90880921  3.20779181e-04
  0.43623170   0.19900298   0.87755326  4.40680624e-04
 -0.20644635   0.43698161  -0.87545815  4.82275106e-04
 -0.24584860   0.95708502  -0.15344942  1.73362864e-04
 -0.15951441  -0.31640020  -0.93511821  3.29059407e-04
  0.60824574  -0.74458900  -0.27499879  2.20470819e-04
 -0.74505253   0.64477552   0.17076669  1.94411406e-04
 -0.22791135   0.82343717  -0.51962259  7.53677331e-04
  0.07980357   0.13465716   0.98767345  1.70308821e-04
  0.29349371   0.03697802  -0.95524555  2.43015650e-04
 -0.61652765   0.25766334   0.74397800  5.81993349e-04
  0.20036138  -0.75038097   0.62990771  3.49344725e-04
 -0.86828635   0.49600554  -0.00757130  1.59340092e-04
  0.40153759   0.84370360  -0.35627490  3.60241509e-04
  0.89576209  -0.24809573   0.36886148  2.40730431e-04
 -0.30342813   0.91213275  -0.27558160  3.80254524e-04
  0.27352657   0.01821530   0.96169196  4.06363213e-04
 -0.74304159  -0.12793872   0.65690249  2.19197558e-04
 -0.98871505  -0.01515097   0.14904024  3.71078568e-04
 -0.18192542  -0.59378227   0.78378936  6.13481411e-04
  0.79249909  -0.59260617   0.14409415  3.20890641e-04
 -0.30418973   0.44521826   0.84216940  3.36831807e-04
 -0.00737446  -0.97219350  -0.23406285  2.05074359e-04
 -0.22354690  -0.19001568   0.95599206  1.49331301e-04
 -0.97027784  -0.24132633   0.01795887  3.30091631e-04
  0.32094106   0.56387885  -0.76094512  2.64714092e-04
  0.77956380  -0.25133163   0.57368345  3.42570051e-04
 -0.37317803  -0.91522034  -0.15201933  4.41721441e-04
  0.79041219  -0.61219990   0.02144411  1.61856098e-04
 -0.24075632   0.47552496  -0.84611607  3.72250237e-04
  0.47533258   0.40918092   0.77886450  1.99676786e-04
 -0.35459388  -0.91485466  -0.19314280  3.98237471e-04
  0.19322897   0.18899986   0.96277807  2.41725875e-04
 -0.22815488  -0.18466233   0.95595250  3.68261675e-04
  0.70107561  -0.69801777  -0.14582242  1.46126705e-04
  0.66118024  -0.06415942  -0.74747860  4.77250713e-04
  0.65704271  -0.66020082  -0.36390900  2.36522628e-04
 -0.94439522   0.24249536  -0.22206682  1.45822855e-04
  0.27270744  -0.36435898   0.89043427  2.60204563e-04
  0.83850904  -0.17597605   0.51568887  5.64244454e-04
 -0.31628620   0.49842668   0.80717649  4.76967361e-04
  0.72399317  -0.51078233   0.46361114  2.09073777e-04
  0.82580978  -0.16585885   0.53900747  4.49319505e-04
  0.21274947   0.29235639  -0.93234404  3.64591827e-04
 -0.89974745   0.40323426   0.16690314  5.51182462e-04
  0.60047666   0.27366199   0.75135670  2.06474276e-04
  0.62592375   0.68287563   0.37669662  2.97272920e-04
  0.63688304   0.39478854  -0.66220994  7.35752984e-04
  0.98678119   0.01279710  -0.16155220  4.40282277e-04
  0.72230930   0.36426642  -0.58785989  3.69836313e-04
  0.81695159   0.04457250  -0.57498122  5.53642425e-04
 -0.55387950   0.82882134   0.07920029  3.63033909e-04
 -0.11523525  -0.32041615  -0.94024163  3.64488402e-04
 -0.60657509  -0.76964009   0.19930078  5.00096862e-04
  0.99938987  -0.01851865  -0.02961342  2.14556325e-04
  0.33251609   0.90147133  -0.27709654  1.83944980e-04
 -0.30585666   0.40308542   0.86253919  2.67747722e-04
 -0.62077159   0.72426679  -0.30013371  5.65715578e-04
 -0.48132132  -0.86534208  -0.13968845  3.54943925e-04
 -0.86351443  -0.48190274  -0.14870301  1.48930103e-04
  0.93277997   0.05631556   0.35601978  5.85300945e-04
  0.86834752   0.35128113  -0.35010590  2.01710881e-04
  0.36637589  -0.32436878  -0.87209724  1.50293138e-04
  0.62639879   0.76255985  -0.16163860  1.68266612e-04
  0.78605701   0.52402540   0.32788986  8.36519601e-04
 -0.14525730  -0.77183407   0.61900927  7.32083473e-04
 -0.84661292   0.53217154   0.00632563  2.48282008e-04
  0.29511912   0.86637067   0.40287289  2.55763932e-04
  0.91500264  -0.37407014   0.15113470  2.26961723e-04
 -0.43082599  -0.84648246   0.31282008  5.55814990e-04
 -0.95313056   0.22964414  -0.19699163  1.62172154e-04
 -0.59993406  -0.21649119  -0.77020172  1.66327045e-04
  0.51346969   0.10389172  -0.85179539  4.63334820e-04
 -0.39213137   0.30584073   0.86757964  1.53318056e-04
 -0.22165966  -0.12044365  -0.96765713  2.62582657e-04
 -0.47167721   0.24302116  -0.84762098  7.89557710e-04
 -0.02059329  -0.75397880  -0.65657588  2.96124773e-04
  0.75492548   0.60698130  -0.24831678  3.95664812e-04
  0.29476300   0.56346844   0.77176297  2.24368672e-04
 -0.55677237  -0.38783976   0.73456439  1.85138737e-04
 -0.00627490   0.72220030   0.69165552  3.24415916e-04
  0.75011617  -0.10173787  -0.65343334  2.31167140e-04
  0.04072197  -0.95265051  -0.30132826  6.21451996e-04
 -0.96059122   0.22874069   0.15793101  1.60118127e-04
 -0.89000846  -0.42724531   0.15920550  5.14046374e-04
  0.85711677  -0.47766901   0.19282937  3.35121116e-04
 -0.49535293   0.86282900   0.10075511  2.28352878e-04
 -0.87714298   0.47862196   0.03925822  1.74581417e-04
  0.17860270  -0.97609981   0.12381536  1.78458994e-04
 -0.80573471  -0.42501390  -0.41249819  1.73774777e-04
  0.20793935  -0.41332457  -0.88652356  1.50889700e-04
 -0.23794783   0.84062172   0.48655519  6.20109378e-04
  0.34279032   0.92950267  -0.13608665  2.07781962e-04
 -0.25575764   0.82613585   0.50208324  3.51372391e-04
 -0.27043710  -0.76362336  -0.58629611  1.65622671e-04
  0.89394992   0.32154060  -0.31219414  1.55606350e-04
 -0.00523643  -0.36030932   0.93281819  8.26298328e-04
 -0.24498776  -0.67801668   0.69301831  2.07174663e-04
 -0.63184066   0.45033804  -0.63085104  2.05814685e-04
 -0.03705053  -0.11973339  -0.99211450  3.67114984e-04
 -0.42531109   0.43598712  -0.79311141  1.67942984e-04
  0.13056126   0.40402445   0.90538279  6.56890540e-04
 -0.01575118  -0.39739949  -0.91751052  4.07507837e-04
 -0.16584008   0.05561405  -0.98458323  2.87270945e-04
 -0.38963698   0.70642944  -0.59088110  1.53001549e-04
 -0.15086188   0.98215881  -0.11227093  2.00496947e-04
  0.08521431  -0.97279468   0.21542757  1.84413529e-04
 -0.80460489   0.39042454   0.44741441  1.48038749e-04
 -0.58949059  -0.32850692   0.73795938  1.85921251e-04
  0.41582071  -0.19823102   0.88757963  1.78172778e-04
  0.99266453  -0.05667430  -0.10679494  1.67057426e-04
 -0.44473082  -0.23036372  -0.86553281  5.63309541e-04
 -0.95623979  -0.01231309  -0.29232490  2.01290388e-04
  0.52878754  -0.83430251   0.15595853  3.41041798e-04
 -0.21665645  -0.90423771  -0.36798660  3.21505763e-04
 -0.22242612   0.93827826  -0.26487833  2.10478745e-04
 -0.90996674   0.40412691  -0.09296220  2.42789751e-04
  0.57992899   0.79118356   0.19419304  2.32366287e-04
  0.23831545  -0.02721997  -0.97080627  3.00959540e-04
  0.62316948   0.09658117  -0.77610043  7.40775796e-04
  0.70640699   0.69681495  -0.12425014  1.61159629e-04
 -0.83118114   0.52712518  -0.17685294  1.81635666e-04
  0.68922849   0.09466658   0.71833302  3.60039367e-04
 -0.61911043   0.19095584   0.76173364  6.10232152e-04
 -0.15154535   0.17933381   0.97204598  3.75489385e-04
  0.49000686  -0.75628300  -0.43350813  1.58986463e-04
  0.96076549   0.07712510   0.26642333  2.40933722e-04
 -0.54206180  -0.83988570  -0.02758665  1.71415824e-04
 -0.98565747  -0.16792403  -0.01675947  1.91777941e-04
 -0.25941470   0.29848484  -0.91848289  2.11117316e-04
  0.29849173   0.73025087   0.61452124  6.34913410e-04
 -0.70178083   0.35168147   0.61953516  2.07483768e-04
  0.38746353  -0.92138048  -0.03049616  1.86522389e-04
  0.27998300  -0.93082235  -0.23490269  1.94290920e-04
  0.21115165   0.36585031  -0.90640418  3.74609783e-04
  0.29282478  -0.74135912   0.60385454  2.53619791e-04
  0.20112295  -0.43313382   0.87860381  6.25236772e-04
 -0.03924025  -0.94396375  -0.32770816  3.31712497e-04
 -0.81719992   0.56976891  -0.08687738  1.58617176e-04
  0.96671227  -0.24863784   0.06038726  2.00495961e-04
 -0.86267315   0.49418198  -0.10760668  2.03249730e-04
 -0.14937637   0.44927868   0.88081517  8.17606548e-04
  0.98524969   0.05987921   0.16030451  1.45537419e-04
 -0.00253866  -0.36678095  -0.93030387  6.83279704e-04
 -0.24343900   0.90887817  -0.33864128  2.37929805e-04
 -0.33038856  -0.44794615   0.83077533  3.22205178e-04
  0.60631103   0.76665992   0.21123328  1.72340068e-04
 -0.47202571  -0.66630734  -0.57725753  1.65257268e-04
 -0.90837162   0.12080490   0.40033384  2.94650783e-04
 -0.16992595   0.75025512   0.63893852  4.64830419e-04
  0.52260757  -0.85234335   0.01980238  2.35922241e-04
 -0.62934902   0.53233932  -0.56615781  1.78372199e-04
  0.38004251  -0.85417773   0.35489166  2.41312116e-04
 -0.37087908   0.88937403  -0.26732478  1.52623067e-04
  0.24137613   0.17074601   0.95529229  4.83996782e-04
 -0.74554435   0.14850394  -0.64970009  3.71994538e-04
 -0.22945496  -0.63589439   0.73687770  4.48357358e-04
  0.90330408  -0.18428115  -0.38740443  1.97217332e-04
 -0.03345578  -0.98757143  -0.15356881  2.18387500e-04
  0.28941053  -0.83647566  -0.46534935  2.07275051e-04
  0.89819872  -0.43823068  -0.03453886  1.61650308e-04
  0.52694891  -0.63688320   0.56276517  1.75608361e-04
  0.57713503  -0.70238999  -0.41660947  3.91613167e-04
 -0.40719413  -0.26310163  -0.87462591  1.62820764e-04
  0.95686426   0.29032383   0.01108433  1.47098379e-04
  0.80108025  -0.18786081   0.56831220  4.76687579e-04
  0.76697040   0.63709832  -0.07656461  2.12294463e-04
  0.62101856  -0.05446747   0.78190105  4.59836296e-04
 -0.35234162   0.71949735   0.59848054  1.69732665e-04
 -0.66078627  -0.54860204  -0.51224731  3.41044660e-04
  0.72868724   0.41921110   0.54155051  2.74093992e-04
  0.54325046   0.53402366  -0.64784077  5.30639160e-04
 -0.06849457  -0.05147318   0.99632274  2.81813846e-04
  0.61605293   0.75965236   0.20834367  4.44541594e-04
 -0.10330985   0.47188876  -0.87558442  1.77009110e-04
  0.93017009  -0.12060580   0.34675329  1.88753604e-04
  0.05014969   0.33702687   0.94015844  1.76252866e-04
  0.83013840   0.34706301  -0.43636853  2.54626420e-04
 -0.70540200   0.68590618  -0.17871971  1.59492425e-04
 -0.28502315   0.40914070   0.86681353  2.98998519e-04
  0.46844412  -0.49033488   0.73493660  1.53812353e-04
 -0.10769699   0.96395563  -0.24329180  1.75217570e-04
 -0.52458132   0.69417420   0.49288601  1.67316951e-04
  0.93777556   0.30271671   0.17011642  6.43683939e-04
  0.34492869  -0.93232490  -0.10860242  1.98272576e-04
  0.53001922  -0.35163540   0.77164251  1.49241968e-04
 -0.69032254   0.68156838  -0.24273306  1.53722811e-04
  0.75707727   0.29243884   0.58422045  3.01892929e-04
 -0.94730909  -0.31202403  -0.07243267  3.66071015e-04
  0.17222341   0.28210402   0.94379893  2.32676265e-04
  0.38207744   0.58136089  -0.71835670  1.65390672e-04
  0.43150623   0.43866539   0.78827346  2.53883753e-04
  0.26566900  -0.11739104   0.95689044  4.13092255e-04
 -0.43654525   0.85212440   0.28863861  2.30969849e-04
 -0.09765945  -0.93179119   0.34961093  8.09326464e-04
  0.79720141  -0.48556281  -0.35874598  1.99475644e-04
  0.51741218   0.78057851   0.35068766  1.53591109e-04
  0.31267139  -0.48766879   0.81511702  2.25702843e-04
 -0.16909040   0.50547443  -0.84611113  1.90376938e-04
 -0.12843942   0.99125633  -0.03023584  2.38739309e-04
  0.61231486  -0.78541216  -0.09054419  1.67954953e-04
 -0.45525660   0.43719099   0.77563230  1.76057735e-04
 -0.41388796  -0.45354187  -0.78930129  1.69655342e-04
  0.03158995   0.69433366   0.71895956  4.15127733e-04
  0.76220696   0.44066381   0.47418979  2.64808173e-04
  0.27610602  -0.57807410  -0.76785142  2.55655563e-04
 -0.95240309   0.30356657   0.02785112  3.71570306e-04
 -0.28528555  -0.66282675   0.69229535  2.49413704e-04
  0.22276121   0.35588589  -0.90759169  2.13982514e-04
 -0.79413401  -0.22397881   0.56496431  1.54267821e-04
  0.72650333  -0.08682002  -0.68165621  3.15066127e-04
  0.66250071  -0.70535997   0.25211133  1.90022203e-04
  0.53698642  -0.82167035   0.19105867  2.01072422e-04
 -0.75078144   0.63646053   0.17676319  1.46289714e-04
 -0.48191704   0.13809783  -0.86526583  2.64353910e-04
  0.26562116   0.96133041  -0.07272716  1.51278995e-04
  0.06348046   0.07395672  -0.99523898  1.64806036e-04
 -0.98584640   0.15908156   0.05291446  3.59794064e-04
 -0.36055149   0.66354619   0.65552199  8.05278142e-04
 -0.80822434  -0.49244646  -0.32290850  7.23595022e-04
 -0.11520134  -0.48932013   0.86446195  4.57486462e-04
 -0.76926457  -0.56174245   0.30442971  1.69128512e-04
  0.62337309  -0.34363294  -0.70236913  3.39977765e-04
  0.63389417   0.72577334   0.26726622  2.05457326e-04
 -0.03585315  -0.25757775   0.96559218  4.26914623e-04
  0.37060106  -0.18613693   0.90994939  3.22145744e-04
  0.43204499  -0.14109774   0.89074607  3.10146092e-04
 -0.42872956  -0.78132777   0.45356134  1.62611987e-04
  0.75440839  -0.57581676   0.31512386  8.43415242e-04
 -0.06432052  -0.99759663  -0.02576511  1.49191100e-04
  0.45497778  -0.29140434   0.84147414  1.48507127e-04
  0.27512850   0.93976436  -0.20284787  1.96278887e-04
 -0.09895122   0.82714187  -0.55321333  2.78754353e-04
  0.05472055  -0.96387261  -0.26068228  1.48359063e-04
 -0.51898597   0.85146508   0.07523810  3.82553221e-04
 -0.86264441   0.35787275  -0.35745169  1.70680850e-04
 -0.86514717  -0.34170314  -0.36709581  3.73528053e-04
  0.36402306   0.89618251  -0.25366143  2.08154706e-04
 -0.25601558  -0.79377987  -0.55169696  2.52544774e-04
 -0.25984487   0.86266390  -0.43392584  3.63934804e-04
 -0.57969942  -0.00326493   0.81482386  2.90017152e-04
 -0.13390768   0.61834926   0.77441134  1.63766149e-04
 -0.30389182   0.88638557  -0.34924259  1.49420879e-04
  0.22358071  -0.91415039  -0.33814306  4.65306400e-04
  0.92085667   0.18624683  -0.34254213  5.80761241e-04
  0.23423440  -0.83831209   0.49230792  2.16214170e-04
 -0.83533535  -0.48988139   0.24946156  1.85820646e-04
  0.50121583  -0.23625076  -0.83244716  6.27311257e-04
  0.45637288  -0.87882614   0.13924229  1.63723604e-04
