20
-1
1
 -0.57538996   0.01675309   0.81770761  2.81029162e-04
 -0.68528935  -0.43235484  -0.58604419  2.35010212e-04
 -0.47193255   0.11361681   0.87428307  8.32058410e-04
  0.20469619  -0.24754259   0.94700694  3.77050827e-04
 -0.44157349  -0.89425432   0.07295243  1.48065977e-04
 -0.27020229   0.89590000   0.35263851  1.68818777e-04
 -0.36795001  -0.74706343   0.55363257  1.82816665e-04
  0.77704635  -0.42526682   0.46405507  1.68882243e-04
 -0.69710980   0.06579112   0.71393940  4.16685465e-04
 -0.18416020  -0.95072416  -0.24941650  1.54577884e-04
 -0.73517445   0.65769589   0.16417868  3.07624775e-04
  0.47712111   0.74729866  -0.46249341  1.53138713e-04
  0.09387305  -0.31080445   0.94582686  3.04751657e-04
  0.13057010  -0.87478105  -0.46659357  3.72133610e-04
  0.41378669  -0.86256496  -0.29113961  5.47739302e-04
 -0.55289367   0.70299319   0.44733562  8.43283250e-04
  0.52164964  -0.79540250  -0.30857174  5.15095036e-04
 -0.58792764   0.80888877  -0.00632847  2.39271447e-04
 -0.69380095  -0.67134097   0.26065599  2.79046231e-04
  0.84945937  -0.46334280   0.25245242  7.67049619e-04
