20
 -1.1407996218300525E+00 -2.3170985309886123E+00 3.8420614944644871E-01
 8.8932461706345868E-03 -5.9823924504122617E-03 -1.6755358043136243E-03
0
0.0
 -1.1407996218300525E+00 -2.3170985309886123E+00 3.8420614944644871E-01
 8.8995902561309782E-03 -5.8595088798070166E-03 -1.5273758881976861E-03
0
0.0
 -1.1407996218300525E+00 -2.3170985309886123E+00 3.8420614944644871E-01
 8.8101521202428538E-03 -5.9883493990644738E-03 -1.3098576971814749E-03
0
0.0
 -1.1407996218300525E+00 -2.3170985309886123E+00 3.8420614944644871E-01
 8.8207688968062782E-03 -5.9788217656557372E-03 -1.6566959980480866E-03
0
0.0
 -1.1407996218300525E+00 -2.3170985309886123E+00 3.8420614944644871E-01
 8.5573240456029188E-03 -6.0739026121743901E-03 -1.6187334468168869E-03
0
0.0
 -1.1407996218300525E+00 -2.3170985309886123E+00 3.8420614944644871E-01
 8.7063803679986035E-03 -5.7234120551870032E-03 -1.6233274565969926E-03
0
0.0
 -1.1407996218300525E+00 -2.3170985309886123E+00 3.8420614944644871E-01
 8.9937453862481524E-03 -5.8456342608721387E-03 -1.7582937419800910E-03
0
0.0
 -1.1407996218300525E+00 -2.3170985309886123E+00 3.8420614944644871E-01
 8.8925312297327645E-03 -6.0014346040345038E-03 -1.5386551077724209E-03
0
0.0
 -1.1407996218300525E+00 -2.3170985309886123E+00 3.8420614944644871E-01
 8.8269607532263632E-03 -5.8354524950696247E-03 -1.5928817714226404E-03
0
0.0
 -1.1407996218300525E+00 -2.3170985309886123E+00 3.8420614944644871E-01
 8.8302556512583896E-03 -5.7652503264663769E-03 -1.4280504348578558E-03
0
0.0
 -1.1407996218300525E+00 -2.3170985309886123E+00 3.8420614944644871E-01
 8.6658064962515484E-03 -5.8865226653938554E-03 -1.9167579202212885E-03
0
0.0
 -1.1407996218300525E+00 -2.3170985309886123E+00 3.8420614944644871E-01
 8.6097661503878077E-03 -5.7921866456372194E-03 -1.5775734897047759E-03
0
0.0
 -1.1407996218300525E+00 -2.3170985309886123E+00 3.8420614944644871E-01
 8.8326550749607217E-03 -5.8188937076966195E-03 -1.6442219423213043E-03
0
0.0
 -1.1407996218300525E+00 -2.3170985309886123E+00 3.8420614944644871E-01
 8.9940506364923536E-03 -6.0223759563159777E-03 -1.5128154879732552E-03
0
0.0
 -1.1407996218300525E+00 -2.3170985309886123E+00 3.8420614944644871E-01
 8.7516613650392618E-03 -5.8872637338708870E-03 -1.6029192751819818E-03
0
0.0
 -1.1407996218300525E+00 -2.3170985309886123E+00 3.8420614944644871E-01
 8.6865778307444741E-03 -6.2126027550122587E-03 -1.5407271250596395E-03
0
0.0
 -1.1407996218300525E+00 -2.3170985309886123E+00 3.8420614944644871E-01
 8.8403536395698073E-03 -5.9132938054950440E-03 -1.6180374987559843E-03
0
0.0
 -1.1407996218300525E+00 -2.3170985309886123E+00 3.8420614944644871E-01
 8.7986996480340293E-03 -6.0024123324330008E-03 -1.6398008338711387E-03
0
0.0
 -1.1407996218300525E+00 -2.3170985309886123E+00 3.8420614944644871E-01
 8.9066351820575387E-03 -6.0118096737370851E-03 -1.8144941113293442E-03
0
0.0
 -1.1407996218300525E+00 -2.3170985309886123E+00 3.8420614944644871E-01
 8.8496071504430805E-03 -5.9691268060292060E-03 -1.6737681188555701E-03
0
0.0
