50
-1
1
 -0.95999434  -0.22608789  -0.16521238  5.81688935e-04
  0.04527537  -0.92927929  -0.36659261  2.79193606e-04
  0.97429349  -0.21462222   0.06847988  4.73489695e-04
 -0.12828240  -0.31237660  -0.94125687  2.00606050e-04
  0.41604513   0.23378195  -0.87877895  2.15447537e-04
  0.85056172   0.40885117  -0.33073475  6.13112155e-04
  0.76173461   0.17764658  -0.62305865  3.33102949e-04
 -0.87018356   0.06551359  -0.48835288  4.89534311e-04
  0.44546857  -0.86989054  -0.21177395  3.15486342e-04
  0.97106110   0.00660177  -0.23873995  2.34537119e-04
 -0.45354946   0.49825102  -0.73894439  2.08944667e-04
  0.42629636  -0.00701118  -0.90455639  6.39769406e-04
 -0.65589111   0.04222830   0.75367342  3.22669311e-04
  0.79623350  -0.25823008   0.54711009  1.61037307e-04
 -0.59612291  -0.01283762  -0.80279055  5.84124890e-04
 -0.15404193  -0.25160147  -0.95549348  1.76425373e-04
  0.32616831  -0.92765598  -0.18184780  2.74728900e-04
 -0.62163434  -0.05959926   0.78103692  2.66673998e-04
 -0.58947894   0.47443699   0.65377681  3.61857300e-04
 -0.97560166   0.17523306   0.13226782  1.78646156e-04
 -0.03479952  -0.41417234  -0.90953299  1.53052773e-04
  0.69180804  -0.37872930   0.61478920  3.78653595e-04
 -0.28877894   0.15565034   0.94465851  2.15923806e-04
 -0.86125838   0.26377524   0.43434621  2.87217948e-04
 -0.64282966  -0.76121668   0.08555231  4.13894763e-04
  0.39671243   0.12408977  -0.90951689  1.91925909e-04
  0.16428436  -0.34501346   0.92410841  2.24305813e-04
  0.36867977   0.80136400   0.47105305  2.19070444e-04
  0.46212309  -0.35334474  -0.81338167  8.50236829e-04
  0.23268046   0.44038404   0.86713419  2.12541879e-04
 -0.62083284  -0.77910380   0.08697040  5.37978103e-04
 -0.83022813   0.51147050   0.22162848  7.21684064e-04
  0.15119278   0.93629752  -0.31699795  7.94691349e-04
 -0.39646308  -0.89866335  -0.18767314  3.42692699e-04
 -0.04603272  -0.20456849   0.97776926  4.89499349e-04
 -0.56781944   0.01891212  -0.82293585  3.72331536e-04
 -0.56679407  -0.30766606  -0.76425524  2.00016963e-04
  0.48399042   0.30760439  -0.81922696  3.44809955e-04
  0.55889812  -0.24005734  -0.79372877  2.14480409e-04
  0.13411020   0.44006087   0.88789689  1.58071863e-04
  0.85403067  -0.51202089  -0.09201213  1.57486886e-04
  0.56581288   0.43754784   0.69886170  3.10973455e-04
 -0.52717013  -0.38965407  -0.75515651  1.88734089e-04
  0.02450491  -0.94474162  -0.32689873  2.40225414e-04
 -0.50153370   0.76593567   0.40225178  1.65950603e-04
 -0.28885724  -0.65488140  -0.69834938  1.54678777e-04
 -0.61534071   0.76210969   0.20135699  1.59160957e-04
  0.75781698   0.21298809   0.61672482  1.54370009e-04
 -0.23855252   0.70387028  -0.66907348  1.66222863e-04
 -0.33345104   0.87089498  -0.36104339  3.43261473e-04
