50
 -1.1407996218300525E+00 -2.3170985309886123E+00 3.8420614944644871E-01
 8.7054282591026554E-03 -5.7457269985268537E-03 -1.4519490874435304E-03
0
0.0
 -1.1407996218300525E+00 -2.3170985309886123E+00 3.8420614944644871E-01
 8.7695631698638480E-03 -5.9976991427389964E-03 -1.6561506154562573E-03
0
0.0
 -1.1407996218300525E+00 -2.3170985309886123E+00 3.8420614944644871E-01
 8.8852451450568588E-03 -5.8971508590458131E-03 -1.5094827497078044E-03
0
0.0
 -1.1407996218300525E+00 -2.3170985309886123E+00 3.8420614944644871E-01
 8.7471122334766005E-03 -5.8276232335874823E-03 -1.3353014467323988E-03
0
0.0
 -1.1407996218300525E+00 -2.3170985309886123E+00 3.8420614944644871E-01
 8.8454146223035605E-03 -5.7586391012499853E-03 -1.6366013168790309E-03
0
0.0
 -1.1407996218300525E+00 -2.3170985309886123E+00 3.8420614944644871E-01
 8.7945199482399403E-03 -5.6704746385181221E-03 -1.4752607338597936E-03
0
0.0
 -1.1407996218300525E+00 -2.3170985309886123E+00 3.8420614944644871E-01
 8.7307273585802408E-03 -5.6536026998631637E-03 -1.5246336391988948E-03
0
0.0
 -1.1407996218300525E+00 -2.3170985309886123E+00 3.8420614944644871E-01
 8.7139562266474371E-03 -5.8163823485693020E-03 -1.6901886753051014E-03
0
0.0
 -1.1407996218300525E+00 -2.3170985309886123E+00 3.8420614944644871E-01
 8.7500531143154692E-03 -5.8255735698388086E-03 -1.5119099274649662E-03
0
0.0
 -1.1407996218300525E+00 -2.3170985309886123E+00 3.8420614944644871E-01
 8.9686394584539853E-03 -5.7139532964214437E-03 -1.5421058674281879E-03
0
0.0
 -1.1407996218300525E+00 -2.3170985309886123E+00 3.8420614944644871E-01
 8.6220055377259804E-03 -5.6937871350101390E-03 -1.8366659659550752E-03
0
0.0
 -1.1407996218300525E+00 -2.3170985309886123E+00 3.8420614944644871E-01
 8.7167620903129267E-03 -5.8428257930226860E-03 -1.6505337569159271E-03
0
0.0
 -1.1407996218300525E+00 -2.3170985309886123E+00 3.8420614944644871E-01
 8.6217900044667523E-03 -5.9788549784224538E-03 -1.4996905258946140E-03
0
0.0
 -1.1407996218300525E+00 -2.3170985309886123E+00 3.8420614944644871E-01
 8.7498325010937020E-03 -5.9539905512433515E-03 -1.5578981968164122E-03
0
0.0
 -1.1407996218300525E+00 -2.3170985309886123E+00 3.8420614944644871E-01
 8.9300648712679637E-03 -6.0291838547702811E-03 -1.6962351921260479E-03
0
0.0
 -1.1407996218300525E+00 -2.3170985309886123E+00 3.8420614944644871E-01
 8.5677295550608424E-03 -6.0841197766367937E-03 -1.4432501999620683E-03
0
0.0
 -1.1407996218300525E+00 -2.3170985309886123E+00 3.8420614944644871E-01
 8.7810021585217040E-03 -5.8908148109100833E-03 -1.5984431214432987E-03
0
0.0
 -1.1407996218300525E+00 -2.3170985309886123E+00 3.8420614944644871E-01
 8.6263440319076477E-03 -6.1264066036732755E-03 -1.7407252052272179E-03
0
0.0
 -1.1407996218300525E+00 -2.3170985309886123E+00 3.8420614944644871E-01
 8.8623539628951316E-03 -5.8907858095254900E-03 -1.6223034798747533E-03
0
0.0
 -1.1407996218300525E+00 -2.3170985309886123E+00 3.8420614944644871E-01
 8.4896805826706022E-03 -6.0308009679558346E-03 -1.6904473577397628E-03
0
0.0
 -1.1407996218300525E+00 -2.3170985309886123E+00 3.8420614944644871E-01
 8.7034964006379670E-03 -5.8939174355449736E-03 -1.5041924646687133E-03
0
0.0
 -1.1407996218300525E+00 -2.3170985309886123E+00 3.8420614944644871E-01
 8.5501598120767634E-03 -5.8044546167998080E-03 -1.4650501763133531E-03
0
0.0
 -1.1407996218300525E+00 -2.3170985309886123E+00 3.8420614944644871E-01
 8.8073399555975793E-03 -5.8242047884614311E-03 -1.6102381852506498E-03
0
0.0
 -1.1407996218300525E+00 -2.3170985309886123E+00 3.8420614944644871E-01
 8.5716283399652898E-03 -5.8941325856275480E-03 -1.5184747025769859E-03
0
0.0
 -1.1407996218300525E+00 -2.3170985309886123E+00 3.8420614944644871E-01
 8.8429128975781746E-03 -5.8678593652645118E-03 -1.6900389165323524E-03
0
0.0
 -1.1407996218300525E+00 -2.3170985309886123E+00 3.8420614944644871E-01
 8.8340336160184132E-03 -5.8803985447109988E-03 -1.4978011247851178E-03
0
0.0
 -1.1407996218300525E+00 -2.3170985309886123E+00 3.8420614944644871E-01
 8.9133777466510015E-03 -5.9478431904749236E-03 -1.5067389472137834E-03
0
0.0
 -1.1407996218300525E+00 -2.3170985309886123E+00 3.8420614944644871E-01
 8.6311032193122673E-03 -5.8495946760945619E-03 -1.5907171099449444E-03
0
0.0
 -1.1407996218300525E+00 -2.3170985309886123E+00 3.8420614944644871E-01
 8.8139453556608030E-03 -5.8640422590829312E-03 -1.4429427039304229E-03
0
0.0
 -1.1407996218300525E+00 -2.3170985309886123E+00 3.8420614944644871E-01
 8.7810541569434720E-03 -5.9128106283872399E-03 -1.6087828797176186E-03
0
0.0
 -1.1407996218300525E+00 -2.3170985309886123E+00 3.8420614944644871E-01
 8.8908064853478724E-03 -5.8361944178383007E-03 -1.6620059348880986E-03
0
0.0
 -1.1407996218300525E+00 -2.3170985309886123E+00 3.8420614944644871E-01
 8.8919251912334008E-03 -5.8519694250046038E-03 -1.6897213783451217E-03
0
0.0
 -1.1407996218300525E+00 -2.3170985309886123E+00 3.8420614944644871E-01
 8.5896025440671542E-03 -5.9555631137606516E-03 -1.5158940341641271E-03
0
0.0
 -1.1407996218300525E+00 -2.3170985309886123E+00 3.8420614944644871E-01
 8.7697661612284507E-03 -5.9169219033403993E-03 -1.6193082096858740E-03
0
0.0
 -1.1407996218300525E+00 -2.3170985309886123E+00 3.8420614944644871E-01
 8.8557199059237594E-03 -5.9387618362291656E-03 -1.6358862702687308E-03
0
0.0
 -1.1407996218300525E+00 -2.3170985309886123E+00 3.8420614944644871E-01
 8.7987545050230084E-03 -5.9258604366139505E-03 -1.5765769469402410E-03
0
0.0
 -1.1407996218300525E+00 -2.3170985309886123E+00 3.8420614944644871E-01
 8.7617144169963076E-03 -5.8389841509953683E-03 -1.7353935498925187E-03
0
0.0
 -1.1407996218300525E+00 -2.3170985309886123E+00 3.8420614944644871E-01
 8.8597549437671869E-03 -5.9604307469285182E-03 -1.4802653399208529E-03
0
0.0
 -1.1407996218300525E+00 -2.3170985309886123E+00 3.8420614944644871E-01
 8.6514008151940217E-03 -5.9488067311030731E-03 -1.5843041690327647E-03
0
0.0
 -1.1407996218300525E+00 -2.3170985309886123E+00 3.8420614944644871E-01
 8.7097292450593507E-03 -5.9368663114548201E-03 -1.6586613777876057E-03
0
0.0
 -1.1407996218300525E+00 -2.3170985309886123E+00 3.8420614944644871E-01
 8.9457226138345072E-03 -6.0034105122962539E-03 -1.7154779174878541E-03
0
0.0
 -1.1407996218300525E+00 -2.3170985309886123E+00 3.8420614944644871E-01
 8.6001457377124068E-03 -5.9863339797891751E-03 -1.6818661708816855E-03
0
0.0
 -1.1407996218300525E+00 -2.3170985309886123E+00 3.8420614944644871E-01
 8.7604456852618910E-03 -6.0291587345355415E-03 -1.5931100759720136E-03
0
0.0
 -1.1407996218300525E+00 -2.3170985309886123E+00 3.8420614944644871E-01
 8.6701051151452675E-03 -5.8034526768668089E-03 -1.7005742096559990E-03
0
0.0
 -1.1407996218300525E+00 -2.3170985309886123E+00 3.8420614944644871E-01
 8.6722919440574264E-03 -5.7663096466503208E-03 -1.6480720021977999E-03
0
0.0
 -1.1407996218300525E+00 -2.3170985309886123E+00 3.8420614944644871E-01
 8.7738521337799042E-03 -5.8991359319464460E-03 -1.6228771823237006E-03
0
0.0
 -1.1407996218300525E+00 -2.3170985309886123E+00 3.8420614944644871E-01
 8.8714076802746695E-03 -6.0231452846712698E-03 -1.6035565314027670E-03
0
0.0
 -1.1407996218300525E+00 -2.3170985309886123E+00 3.8420614944644871E-01
 8.6118197025933704E-03 -5.9839823800656635E-03 -1.5881321314202422E-03
0
0.0
 -1.1407996218300525E+00 -2.3170985309886123E+00 3.8420614944644871E-01
 8.6879105828795329E-03 -5.8570891135641080E-03 -1.5717527005439066E-03
0
0.0
 -1.1407996218300525E+00 -2.3170985309886123E+00 3.8420614944644871E-01
 8.8070726537256665E-03 -5.9743456554037537E-03 -1.7389100124673197E-03
0
0.0
