20
 -1.1407996218300525E+00 -2.3170985309886123E+00 3.8420614944644871E-01
 8.7141179430518557E-03 -5.8333080100321875E-03 -1.7561284599311440E-03
0
0.0
 -1.1407996218300525E+00 -2.3170985309886123E+00 3.8420614944644871E-01
 8.8147807093210736E-03 -5.9329581713959160E-03 -1.5752350056144704E-03
0
0.0
 -1.1407996218300525E+00 -2.3170985309886123E+00 3.8420614944644871E-01
 8.6597557476336458E-03 -6.1807597595052140E-03 -1.5416261095908316E-03
0
0.0
 -1.1407996218300525E+00 -2.3170985309886123E+00 3.8420614944644871E-01
 8.8562073142523113E-03 -5.9699744970408307E-03 -1.8088833084718829E-03
0
0.0
 -1.1407996218300525E+00 -2.3170985309886123E+00 3.8420614944644871E-01
 8.7915850821220255E-03 -6.0222640828178301E-03 -1.6929179205506415E-03
0
0.0
 -1.1407996218300525E+00 -2.3170985309886123E+00 3.8420614944644871E-01
 8.5758526591929330E-03 -5.8659848767357694E-03 -1.4747282629488624E-03
0
0.0
 -1.1407996218300525E+00 -2.3170985309886123E+00 3.8420614944644871E-01
 8.6887422342064816E-03 -5.8271683310513979E-03 -1.6382311272389524E-03
0
0.0
 -1.1407996218300525E+00 -2.3170985309886123E+00 3.8420614944644871E-01
 8.6685734815212939E-03 -5.9868144167732921E-03 -1.6168634623471788E-03
0
0.0
 -1.1407996218300525E+00 -2.3170985309886123E+00 3.8420614944644871E-01
 8.7402682188204035E-03 -5.9112704346608652E-03 -1.8103481970624942E-03
0
0.0
 -1.1407996218300525E+00 -2.3170985309886123E+00 3.8420614944644871E-01
 8.4659227439177094E-03 -5.8272650774342299E-03 -1.6913579423031137E-03
0
0.0
 -1.1407996218300525E+00 -2.3170985309886123E+00 3.8420614944644871E-01
 8.8188133167331467E-03 -5.9403424532649225E-03 -1.6509280940206681E-03
0
0.0
 -1.1407996218300525E+00 -2.3170985309886123E+00 3.8420614944644871E-01
 8.7104134680913176E-03 -5.6705430172174472E-03 -1.7199540268530373E-03
0
0.0
 -1.1407996218300525E+00 -2.3170985309886123E+00 3.8420614944644871E-01
 8.6322771527679691E-03 -5.7420519549446578E-03 -1.6639198216650490E-03
0
0.0
 -1.1407996218300525E+00 -2.3170985309886123E+00 3.8420614944644871E-01
 8.8562681265909153E-03 -5.8859716523191538E-03 -1.4941420113772630E-03
0
0.0
 -1.1407996218300525E+00 -2.3170985309886123E+00 3.8420614944644871E-01
 8.8909241795504124E-03 -5.8463425190631423E-03 -1.7584636156583900E-03
0
0.0
 -1.1407996218300525E+00 -2.3170985309886123E+00 3.8420614944644871E-01
 8.8229428546883482E-03 -5.9943533000889572E-03 -1.5377438128787912E-03
0
0.0
 -1.1407996218300525E+00 -2.3170985309886123E+00 3.8420614944644871E-01
 8.8263350487518145E-03 -5.7767283451090785E-03 -1.7043199305793906E-03
0
0.0
 -1.1407996218300525E+00 -2.3170985309886123E+00 3.8420614944644871E-01
 8.9240997073342255E-03 -6.0348909201499296E-03 -1.6336002325689383E-03
0
0.0
 -1.1407996218300525E+00 -2.3170985309886123E+00 3.8420614944644871E-01
 8.8240347110488913E-03 -5.6197307082951056E-03 -1.6894596178573067E-03
0
0.0
 -1.1407996218300525E+00 -2.3170985309886123E+00 3.8420614944644871E-01
 8.6682029726061084E-03 -5.8417947297036343E-03 -1.5562588705615246E-03
0
0.0
