50
 -1.1407996218300525E+00 -2.3170985309886123E+00 3.8420614944644871E-01
 8.7880298513832930E-03 -5.8802462380330156E-03 -1.6355157703899469E-03
0
0.0
 -1.1407996218300525E+00 -2.3170985309886123E+00 3.8420614944644871E-01
 8.7851740663220518E-03 -5.9162133758802081E-03 -1.6466810023747162E-03
0
0.0
 -1.1407996218300525E+00 -2.3170985309886123E+00 3.8420614944644871E-01
 9.0798241103533604E-03 -5.8475818604958900E-03 -1.6048544479061789E-03
0
0.0
 -1.1407996218300525E+00 -2.3170985309886123E+00 3.8420614944644871E-01
 8.6462245854837371E-03 -6.0583256638805502E-03 -1.6388367803351692E-03
0
0.0
 -1.1407996218300525E+00 -2.3170985309886123E+00 3.8420614944644871E-01
 8.6300610913554610E-03 -5.9723465522781606E-03 -1.5763695202102291E-03
0
0.0
 -1.1407996218300525E+00 -2.3170985309886123E+00 3.8420614944644871E-01
 8.6729025066683823E-03 -5.8348124303935619E-03 -1.4491826383055250E-03
0
0.0
 -1.1407996218300525E+00 -2.3170985309886123E+00 3.8420614944644871E-01
 8.7799684676286745E-03 -5.9041496200414965E-03 -1.5974059487730589E-03
0
0.0
 -1.1407996218300525E+00 -2.3170985309886123E+00 3.8420614944644871E-01
 8.6796968182131767E-03 -5.9023649272196450E-03 -1.6976858467810281E-03
0
0.0
 -1.1407996218300525E+00 -2.3170985309886123E+00 3.8420614944644871E-01
 8.9580377969516629E-03 -5.8485411924727700E-03 -1.6849704779802106E-03
0
0.0
 -1.1407996218300525E+00 -2.3170985309886123E+00 3.8420614944644871E-01
 8.6394455453303286E-03 -5.8118856144005479E-03 -1.5288006735562120E-03
0
0.0
 -1.1407996218300525E+00 -2.3170985309886123E+00 3.8420614944644871E-01
 8.5894148103141318E-03 -5.9224479873137116E-03 -1.5712659524003824E-03
0
0.0
 -1.1407996218300525E+00 -2.3170985309886123E+00 3.8420614944644871E-01
 8.7012342439232327E-03 -5.9685031715265222E-03 -1.6627133812841073E-03
0
0.0
 -1.1407996218300525E+00 -2.3170985309886123E+00 3.8420614944644871E-01
 8.7749955475974039E-03 -6.0621304591957281E-03 -1.6945603705032892E-03
0
0.0
 -1.1407996218300525E+00 -2.3170985309886123E+00 3.8420614944644871E-01
 8.8344245265319400E-03 -6.0967422275911226E-03 -1.7717895028215875E-03
0
0.0
 -1.1407996218300525E+00 -2.3170985309886123E+00 3.8420614944644871E-01
 8.8817590201674037E-03 -5.9077148059443587E-03 -1.5177666240668544E-03
0
0.0
 -1.1407996218300525E+00 -2.3170985309886123E+00 3.8420614944644871E-01
 8.8359131200762119E-03 -6.0238826883023998E-03 -1.9329278222696067E-03
0
0.0
 -1.1407996218300525E+00 -2.3170985309886123E+00 3.8420614944644871E-01
 8.7441372907555923E-03 -6.0437675780581337E-03 -1.4955450473126465E-03
0
0.0
 -1.1407996218300525E+00 -2.3170985309886123E+00 3.8420614944644871E-01
 9.0759029089366120E-03 -5.7262025342955519E-03 -1.6420495940189714E-03
0
0.0
 -1.1407996218300525E+00 -2.3170985309886123E+00 3.8420614944644871E-01
 8.6735534069065732E-03 -5.7681495313117413E-03 -1.6921488036689175E-03
0
0.0
 -1.1407996218300525E+00 -2.3170985309886123E+00 3.8420614944644871E-01
 8.7137591975171326E-03 -5.9264867230679258E-03 -1.6214401049737819E-03
0
0.0
 -1.1407996218300525E+00 -2.3170985309886123E+00 3.8420614944644871E-01
 8.7780379347439218E-03 -5.9113685961423119E-03 -1.7268144673288563E-03
0
0.0
 -1.1407996218300525E+00 -2.3170985309886123E+00 3.8420614944644871E-01
 9.0926232834244933E-03 -5.9012953650916262E-03 -1.5197954283912162E-03
0
0.0
 -1.1407996218300525E+00 -2.3170985309886123E+00 3.8420614944644871E-01
 8.6101181663266971E-03 -5.9173939391205868E-03 -1.4757282126215002E-03
0
0.0
 -1.1407996218300525E+00 -2.3170985309886123E+00 3.8420614944644871E-01
 8.7706073078796607E-03 -5.9932444050199932E-03 -1.5875803806333060E-03
0
0.0
 -1.1407996218300525E+00 -2.3170985309886123E+00 3.8420614944644871E-01
 8.9034048225573037E-03 -5.9800089652182423E-03 -1.5314048264853720E-03
0
0.0
 -1.1407996218300525E+00 -2.3170985309886123E+00 3.8420614944644871E-01
 8.8384139091432831E-03 -5.8903931254847795E-03 -1.9120643633357803E-03
0
0.0
 -1.1407996218300525E+00 -2.3170985309886123E+00 3.8420614944644871E-01
 8.7879246508707296E-03 -5.9539448585611684E-03 -1.6001470479367588E-03
0
0.0
 -1.1407996218300525E+00 -2.3170985309886123E+00 3.8420614944644871E-01
 8.8002872695389540E-03 -5.9235224877560756E-03 -1.6363792970877972E-03
0
0.0
 -1.1407996218300525E+00 -2.3170985309886123E+00 3.8420614944644871E-01
 8.7776972702580530E-03 -5.9682649609536596E-03 -1.5586820399538137E-03
0
0.0
 -1.1407996218300525E+00 -2.3170985309886123E+00 3.8420614944644871E-01
 8.8768694230099074E-03 -5.8354341431751085E-03 -1.6408961187026620E-03
0
0.0
 -1.1407996218300525E+00 -2.3170985309886123E+00 3.8420614944644871E-01
 8.6544620710693604E-03 -6.1723827773924982E-03 -1.5758399024180254E-03
0
0.0
 -1.1407996218300525E+00 -2.3170985309886123E+00 3.8420614944644871E-01
 8.9819052669840721E-03 -5.8610007171742045E-03 -1.6293199514239569E-03
0
0.0
 -1.1407996218300525E+00 -2.3170985309886123E+00 3.8420614944644871E-01
 8.7549086202358874E-03 -5.9303417987659930E-03 -1.6762153282569164E-03
0
0.0
 -1.1407996218300525E+00 -2.3170985309886123E+00 3.8420614944644871E-01
 8.7419786540707724E-03 -5.9124737484083541E-03 -1.7845872401479142E-03
0
0.0
 -1.1407996218300525E+00 -2.3170985309886123E+00 3.8420614944644871E-01
 8.8601445854060799E-03 -5.7574804953644384E-03 -1.8329364779877640E-03
0
0.0
 -1.1407996218300525E+00 -2.3170985309886123E+00 3.8420614944644871E-01
 8.6872928280311949E-03 -5.7924032857493033E-03 -1.7771258224315665E-03
0
0.0
 -1.1407996218300525E+00 -2.3170985309886123E+00 3.8420614944644871E-01
 8.7774849042714514E-03 -5.9028291418517856E-03 -1.5829026675380109E-03
0
0.0
 -1.1407996218300525E+00 -2.3170985309886123E+00 3.8420614944644871E-01
 8.9964069405446181E-03 -6.0712989874386761E-03 -1.5662203725737359E-03
0
0.0
 -1.1407996218300525E+00 -2.3170985309886123E+00 3.8420614944644871E-01
 8.6546979537244547E-03 -5.7205026328569003E-03 -1.7786266223949066E-03
0
0.0
 -1.1407996218300525E+00 -2.3170985309886123E+00 3.8420614944644871E-01
 8.8867353511909459E-03 -6.2022669032952803E-03 -1.6247135394880203E-03
0
0.0
 -1.1407996218300525E+00 -2.3170985309886123E+00 3.8420614944644871E-01
 8.8067984654317810E-03 -5.7645118578923795E-03 -1.5903546372234266E-03
0
0.0
 -1.1407996218300525E+00 -2.3170985309886123E+00 3.8420614944644871E-01
 8.7336757386400083E-03 -5.8176193473803229E-03 -1.6947988490734213E-03
0
0.0
 -1.1407996218300525E+00 -2.3170985309886123E+00 3.8420614944644871E-01
 8.7134707947593669E-03 -5.9748688707548453E-03 -1.6301984410179301E-03
0
0.0
 -1.1407996218300525E+00 -2.3170985309886123E+00 3.8420614944644871E-01
 8.5674621929877019E-03 -6.0360501770136948E-03 -1.5095769462076275E-03
0
0.0
 -1.1407996218300525E+00 -2.3170985309886123E+00 3.8420614944644871E-01
 8.6875577242058726E-03 -6.0768769768526909E-03 -1.6537240202372707E-03
0
0.0
 -1.1407996218300525E+00 -2.3170985309886123E+00 3.8420614944644871E-01
 8.8412023742253393E-03 -5.7638546391022604E-03 -1.5684481031381058E-03
0
0.0
 -1.1407996218300525E+00 -2.3170985309886123E+00 3.8420614944644871E-01
 8.8092703747393083E-03 -5.7380898597088354E-03 -1.6161075391003248E-03
0
0.0
 -1.1407996218300525E+00 -2.3170985309886123E+00 3.8420614944644871E-01
 8.8108183383709526E-03 -5.8544695157363895E-03 -1.5446674749572589E-03
0
0.0
 -1.1407996218300525E+00 -2.3170985309886123E+00 3.8420614944644871E-01
 8.5562792807654629E-03 -6.0287298248803403E-03 -1.4919603739062797E-03
0
0.0
 -1.1407996218300525E+00 -2.3170985309886123E+00 3.8420614944644871E-01
 8.7954412599767877E-03 -6.0643649912276477E-03 -1.6329046555028960E-03
0
0.0
