20
 -1.1407996218300525E+00 -2.3170985309886123E+00 3.8420614944644871E-01
 8.7827224275208639E-03 -5.8856464055017784E-03 -1.5181216955390115E-03
0
0.0
 -1.1407996218300525E+00 -2.3170985309886123E+00 3.8420614944644871E-01
 8.7378229685182718E-03 -5.7525236863388094E-03 -1.6209177715708809E-03
0
0.0
 -1.1407996218300525E+00 -2.3170985309886123E+00 3.8420614944644871E-01
 8.8847502249199163E-03 -5.7464022515957905E-03 -1.6086115392987073E-03
0
0.0
 -1.1407996218300525E+00 -2.3170985309886123E+00 3.8420614944644871E-01
 8.6906875208504937E-03 -5.9828774049635637E-03 -1.5122664070411217E-03
0
0.0
 -1.1407996218300525E+00 -2.3170985309886123E+00 3.8420614944644871E-01
 8.7318440100036497E-03 -6.0160785778708347E-03 -1.6804718127595825E-03
0
0.0
 -1.1407996218300525E+00 -2.3170985309886123E+00 3.8420614944644871E-01
 8.8523397977796590E-03 -5.6343120910403747E-03 -1.5938916114529038E-03
0
0.0
 -1.1407996218300525E+00 -2.3170985309886123E+00 3.8420614944644871E-01
 8.7606176653889471E-03 -5.9862855343213173E-03 -1.6581885707562351E-03
0
0.0
 -1.1407996218300525E+00 -2.3170985309886123E+00 3.8420614944644871E-01
 8.8160673473723205E-03 -5.7758917589644868E-03 -1.4691502863044500E-03
0
0.0
 -1.1407996218300525E+00 -2.3170985309886123E+00 3.8420614944644871E-01
 8.7354816123275166E-03 -5.8299552855498194E-03 -1.7139292550995421E-03
0
0.0
 -1.1407996218300525E+00 -2.3170985309886123E+00 3.8420614944644871E-01
 9.0192420509824425E-03 -5.8912670476180496E-03 -1.7559420734127903E-03
0
0.0
 -1.1407996218300525E+00 -2.3170985309886123E+00 3.8420614944644871E-01
 8.8292992456447898E-03 -5.8152302805789882E-03 -1.8072880164053621E-03
0
0.0
 -1.1407996218300525E+00 -2.3170985309886123E+00 3.8420614944644871E-01
 8.9027387189292810E-03 -5.7484794216310989E-03 -1.5402242374666483E-03
0
0.0
 -1.1407996218300525E+00 -2.3170985309886123E+00 3.8420614944644871E-01
 8.6604987846957363E-03 -6.0538279425611310E-03 -1.7060196293296201E-03
0
0.0
 -1.1407996218300525E+00 -2.3170985309886123E+00 3.8420614944644871E-01
 8.8896075673256577E-03 -6.0743493435819048E-03 -1.5569611256553027E-03
0
0.0
 -1.1407996218300525E+00 -2.3170985309886123E+00 3.8420614944644871E-01
 8.8501902578529516E-03 -5.7202494933515681E-03 -1.4692480513091829E-03
0
0.0
 -1.1407996218300525E+00 -2.3170985309886123E+00 3.8420614944644871E-01
 8.8138482384693441E-03 -5.8905778480660047E-03 -1.7952463098235094E-03
0
0.0
 -1.1407996218300525E+00 -2.3170985309886123E+00 3.8420614944644871E-01
 8.7376528417457480E-03 -5.9893497787893669E-03 -1.6467718308359157E-03
0
0.0
 -1.1407996218300525E+00 -2.3170985309886123E+00 3.8420614944644871E-01
 8.8651511301401972E-03 -5.7647901274083604E-03 -1.4102808101702363E-03
0
0.0
 -1.1407996218300525E+00 -2.3170985309886123E+00 3.8420614944644871E-01
 8.8356799385802317E-03 -5.8636918035611055E-03 -1.5499089230054032E-03
0
0.0
 -1.1407996218300525E+00 -2.3170985309886123E+00 3.8420614944644871E-01
 8.7627985683117488E-03 -5.6575909244335129E-03 -1.8165055941826143E-03
0
0.0
