50
 -1.1407996218300525E+00 -2.3170985309886123E+00 3.8420614944644871E-01
 8.8333959504151918E-03 -5.8608881759419041E-03 -1.6395124581137619E-03
0
0.0
 -1.1407996218300525E+00 -2.3170985309886123E+00 3.8420614944644871E-01
 8.6900944530886697E-03 -5.6120355005412547E-03 -1.7467966454147014E-03
0
0.0
 -1.1407996218300525E+00 -2.3170985309886123E+00 3.8420614944644871E-01
 8.6052029956633861E-03 -5.9235776678827796E-03 -1.6674230136536916E-03
0
0.0
 -1.1407996218300525E+00 -2.3170985309886123E+00 3.8420614944644871E-01
 8.6145141842726061E-03 -5.8926624056808890E-03 -1.7499974006712411E-03
0
0.0
 -1.1407996218300525E+00 -2.3170985309886123E+00 3.8420614944644871E-01
 8.8338528970190993E-03 -6.1977608859925841E-03 -1.8004898631794810E-03
0
0.0
 -1.1407996218300525E+00 -2.3170985309886123E+00 3.8420614944644871E-01
 8.6742498063929717E-03 -5.7982842626567834E-03 -1.3246361115351515E-03
0
0.0
 -1.1407996218300525E+00 -2.3170985309886123E+00 3.8420614944644871E-01
 8.7512705675450355E-03 -5.8011763538242250E-03 -1.7088350785314293E-03
0
0.0
 -1.1407996218300525E+00 -2.3170985309886123E+00 3.8420614944644871E-01
 8.7836441283090962E-03 -5.8636502936867795E-03 -1.6914739318146942E-03
0
0.0
 -1.1407996218300525E+00 -2.3170985309886123E+00 3.8420614944644871E-01
 8.6673051353692541E-03 -6.0375364429629194E-03 -1.3944058635624588E-03
0
0.0
 -1.1407996218300525E+00 -2.3170985309886123E+00 3.8420614944644871E-01
 8.7795848230829265E-03 -5.9513794051077474E-03 -1.8102683974123819E-03
0
0.0
 -1.1407996218300525E+00 -2.3170985309886123E+00 3.8420614944644871E-01
 8.7680145829041028E-03 -5.9659965937550455E-03 -1.8620803516449416E-03
0
0.0
 -1.1407996218300525E+00 -2.3170985309886123E+00 3.8420614944644871E-01
 8.8225815290328500E-03 -5.8136606136827357E-03 -1.8124809043914272E-03
0
0.0
 -1.1407996218300525E+00 -2.3170985309886123E+00 3.8420614944644871E-01
 8.6964996045359004E-03 -5.8005559454072210E-03 -1.7455412421757059E-03
0
0.0
 -1.1407996218300525E+00 -2.3170985309886123E+00 3.8420614944644871E-01
 8.9078124452216367E-03 -5.8820400918178214E-03 -1.9298749831292393E-03
0
0.0
 -1.1407996218300525E+00 -2.3170985309886123E+00 3.8420614944644871E-01
 8.7909645665134109E-03 -5.9094874235428576E-03 -1.6372410316812230E-03
0
0.0
 -1.1407996218300525E+00 -2.3170985309886123E+00 3.8420614944644871E-01
 8.8536359543236361E-03 -5.9207818983377488E-03 -1.6339151126812739E-03
0
0.0
 -1.1407996218300525E+00 -2.3170985309886123E+00 3.8420614944644871E-01
 8.9650303951696059E-03 -5.9862794121379034E-03 -1.4514849261052618E-03
0
0.0
 -1.1407996218300525E+00 -2.3170985309886123E+00 3.8420614944644871E-01
 8.5353108909631027E-03 -5.9342002652971538E-03 -1.7116699129286724E-03
0
0.0
 -1.1407996218300525E+00 -2.3170985309886123E+00 3.8420614944644871E-01
 8.8225860285772312E-03 -6.0412764117311005E-03 -1.6530133216927424E-03
0
0.0
 -1.1407996218300525E+00 -2.3170985309886123E+00 3.8420614944644871E-01
 8.6444059372365826E-03 -5.7159899623969810E-03 -1.7555240404276708E-03
0
0.0
 -1.1407996218300525E+00 -2.3170985309886123E+00 3.8420614944644871E-01
 8.6908175422352341E-03 -6.0536385797737942E-03 -1.8775564649227050E-03
0
0.0
 -1.1407996218300525E+00 -2.3170985309886123E+00 3.8420614944644871E-01
 8.6878293226592389E-03 -5.8366106653197445E-03 -1.6307858742870692E-03
0
0.0
 -1.1407996218300525E+00 -2.3170985309886123E+00 3.8420614944644871E-01
 8.8429949694371675E-03 -5.9206075793689908E-03 -1.6964948162870935E-03
0
0.0
 -1.1407996218300525E+00 -2.3170985309886123E+00 3.8420614944644871E-01
 8.7276116560403242E-03 -5.9817887423042424E-03 -1.6148927348525973E-03
0
0.0
 -1.1407996218300525E+00 -2.3170985309886123E+00 3.8420614944644871E-01
 8.8238719355829640E-03 -5.7931496631701603E-03 -1.6314532195722869E-03
0
0.0
 -1.1407996218300525E+00 -2.3170985309886123E+00 3.8420614944644871E-01
 8.8933144258603273E-03 -6.0077101766445795E-03 -1.5694017189092056E-03
0
0.0
 -1.1407996218300525E+00 -2.3170985309886123E+00 3.8420614944644871E-01
 8.6892116865373240E-03 -6.0462752581176091E-03 -1.5897948967414880E-03
0
0.0
 -1.1407996218300525E+00 -2.3170985309886123E+00 3.8420614944644871E-01
 8.6148852970023334E-03 -5.9200998715474035E-03 -1.3453100513052363E-03
0
0.0
 -1.1407996218300525E+00 -2.3170985309886123E+00 3.8420614944644871E-01
 8.6459325298259507E-03 -5.8382301607513487E-03 -1.4486507899544271E-03
0
0.0
 -1.1407996218300525E+00 -2.3170985309886123E+00 3.8420614944644871E-01
 8.7299168959358055E-03 -5.9302066232709829E-03 -1.5306521722094281E-03
0
0.0
 -1.1407996218300525E+00 -2.3170985309886123E+00 3.8420614944644871E-01
 8.7094280635268105E-03 -5.9861864339094458E-03 -1.7890582639731440E-03
0
0.0
 -1.1407996218300525E+00 -2.3170985309886123E+00 3.8420614944644871E-01
 8.7485288363179734E-03 -5.8414349759149898E-03 -1.5611946965219110E-03
0
0.0
 -1.1407996218300525E+00 -2.3170985309886123E+00 3.8420614944644871E-01
 8.6962085477714363E-03 -6.1437232905503505E-03 -1.5054823410412005E-03
0
0.0
 -1.1407996218300525E+00 -2.3170985309886123E+00 3.8420614944644871E-01
 8.7501762838462400E-03 -5.9361589178738945E-03 -1.6483554035258776E-03
0
0.0
 -1.1407996218300525E+00 -2.3170985309886123E+00 3.8420614944644871E-01
 8.7466059736833954E-03 -5.7984139811498216E-03 -1.7341159763391044E-03
0
0.0
 -1.1407996218300525E+00 -2.3170985309886123E+00 3.8420614944644871E-01
 8.6869027087860453E-03 -5.9207450329947665E-03 -1.6181928946601091E-03
0
0.0
 -1.1407996218300525E+00 -2.3170985309886123E+00 3.8420614944644871E-01
 8.8517468717439485E-03 -5.6935673802603858E-03 -1.4343702532374188E-03
0
0.0
 -1.1407996218300525E+00 -2.3170985309886123E+00 3.8420614944644871E-01
 8.5789855172620239E-03 -6.0820791290721243E-03 -1.7020796662182423E-03
0
0.0
 -1.1407996218300525E+00 -2.3170985309886123E+00 3.8420614944644871E-01
 8.7514651321814237E-03 -5.8493202460891602E-03 -1.6197259699969066E-03
0
0.0
 -1.1407996218300525E+00 -2.3170985309886123E+00 3.8420614944644871E-01
 9.0378126066465933E-03 -5.8509279439374990E-03 -1.5363334966137319E-03
0
0.0
 -1.1407996218300525E+00 -2.3170985309886123E+00 3.8420614944644871E-01
 9.0510223622778004E-03 -5.9595663994697510E-03 -1.5619493951920342E-03
0
0.0
 -1.1407996218300525E+00 -2.3170985309886123E+00 3.8420614944644871E-01
 8.5012727218981322E-03 -6.0345130078224710E-03 -1.4917738585936077E-03
0
0.0
 -1.1407996218300525E+00 -2.3170985309886123E+00 3.8420614944644871E-01
 8.7955473212104705E-03 -6.0170332160374585E-03 -1.5869169934566349E-03
0
0.0
 -1.1407996218300525E+00 -2.3170985309886123E+00 3.8420614944644871E-01
 8.9387333914530340E-03 -6.0022993620513863E-03 -1.5362519175581523E-03
0
0.0
 -1.1407996218300525E+00 -2.3170985309886123E+00 3.8420614944644871E-01
 8.7947568015934105E-03 -5.9503442565857958E-03 -1.5982804083735491E-03
0
0.0
 -1.1407996218300525E+00 -2.3170985309886123E+00 3.8420614944644871E-01
 8.8820498643413983E-03 -6.0200437423761702E-03 -1.6080899713823314E-03
0
0.0
 -1.1407996218300525E+00 -2.3170985309886123E+00 3.8420614944644871E-01
 8.7056647805515801E-03 -6.0223184338811788E-03 -1.6361878432448360E-03
0
0.0
 -1.1407996218300525E+00 -2.3170985309886123E+00 3.8420614944644871E-01
 8.9422380817070109E-03 -5.9644601913915601E-03 -1.5927992962468422E-03
0
0.0
 -1.1407996218300525E+00 -2.3170985309886123E+00 3.8420614944644871E-01
 8.6430468127525334E-03 -5.7990729546752032E-03 -1.5786709381891853E-03
0
0.0
 -1.1407996218300525E+00 -2.3170985309886123E+00 3.8420614944644871E-01
 8.6914453614108829E-03 -5.8811917534897940E-03 -1.9052626469691579E-03
0
0.0
