20
 -1.1407996218300525E+00 -2.3170985309886123E+00 3.8420614944644871E-01
 8.7962031584772303E-03 -6.0717871303215430E-03 -1.5715753395629114E-03
0
0.0
 -1.1407996218300525E+00 -2.3170985309886123E+00 3.8420614944644871E-01
 8.9262028511565943E-03 -5.8126981656406096E-03 -1.4829369334520167E-03
0
0.0
 -1.1407996218300525E+00 -2.3170985309886123E+00 3.8420614944644871E-01
 8.9769844321952296E-03 -5.6831620052948994E-03 -1.5886419707207926E-03
0
0.0
 -1.1407996218300525E+00 -2.3170985309886123E+00 3.8420614944644871E-01
 8.7278940113727933E-03 -5.8637191134748058E-03 -1.4490428564075748E-03
0
0.0
 -1.1407996218300525E+00 -2.3170985309886123E+00 3.8420614944644871E-01
 8.8670070544365660E-03 -5.8577467336216578E-03 -1.6451672766641986E-03
0
0.0
 -1.1407996218300525E+00 -2.3170985309886123E+00 3.8420614944644871E-01
 8.9153671777067317E-03 -5.8355856801876700E-03 -1.6491069300223135E-03
0
0.0
 -1.1407996218300525E+00 -2.3170985309886123E+00 3.8420614944644871E-01
 8.5912770113667370E-03 -5.8255240688053567E-03 -1.4851214010692467E-03
0
0.0
 -1.1407996218300525E+00 -2.3170985309886123E+00 3.8420614944644871E-01
 8.6958859147076139E-03 -5.9313858735180790E-03 -1.6551496711599270E-03
0
0.0
 -1.1407996218300525E+00 -2.3170985309886123E+00 3.8420614944644871E-01
 8.8616572382145143E-03 -5.8774645159147525E-03 -1.5449131351413584E-03
0
0.0
 -1.1407996218300525E+00 -2.3170985309886123E+00 3.8420614944644871E-01
 8.5495322968584392E-03 -6.0044911566632100E-03 -1.7679980382853322E-03
0
0.0
 -1.1407996218300525E+00 -2.3170985309886123E+00 3.8420614944644871E-01
 8.9502148626364568E-03 -6.1518026857873779E-03 -1.5560076406006128E-03
0
0.0
 -1.1407996218300525E+00 -2.3170985309886123E+00 3.8420614944644871E-01
 8.7169974382083470E-03 -6.0131789638934790E-03 -1.7646092458997848E-03
0
0.0
 -1.1407996218300525E+00 -2.3170985309886123E+00 3.8420614944644871E-01
 8.8927014446346948E-03 -5.8675135723200312E-03 -1.5495519349934565E-03
0
0.0
 -1.1407996218300525E+00 -2.3170985309886123E+00 3.8420614944644871E-01
 8.8669651455383341E-03 -5.7642332197482332E-03 -1.9086739798872161E-03
0
0.0
 -1.1407996218300525E+00 -2.3170985309886123E+00 3.8420614944644871E-01
 8.7359098699334638E-03 -6.2177858368105731E-03 -1.5061816513461932E-03
0
0.0
 -1.1407996218300525E+00 -2.3170985309886123E+00 3.8420614944644871E-01
 8.6650605112571048E-03 -5.8436888099788076E-03 -1.5203008376005885E-03
0
0.0
 -1.1407996218300525E+00 -2.3170985309886123E+00 3.8420614944644871E-01
 8.7590511819593958E-03 -6.0659517178009194E-03 -1.3832626191295492E-03
0
0.0
 -1.1407996218300525E+00 -2.3170985309886123E+00 3.8420614944644871E-01
 8.8227559502846910E-03 -5.9116210723314886E-03 -1.6713851959861711E-03
0
0.0
 -1.1407996218300525E+00 -2.3170985309886123E+00 3.8420614944644871E-01
 8.6354751757643754E-03 -5.9054989113439720E-03 -1.4036877388281120E-03
0
0.0
 -1.1407996218300525E+00 -2.3170985309886123E+00 3.8420614944644871E-01
 8.8051423886371990E-03 -6.0015792996117919E-03 -1.6616727627290534E-03
0
0.0
