50
 -1.1407996218300525E+00 -2.3170985309886123E+00 3.8420614944644871E-01
 8.7785102356998101E-03 -5.8825388764397867E-03 -1.4373115753392274E-03
0
0.0
 -1.1407996218300525E+00 -2.3170985309886123E+00 3.8420614944644871E-01
 9.0499794210785519E-03 -5.8650092345739575E-03 -1.6857787183684146E-03
0
0.0
 -1.1407996218300525E+00 -2.3170985309886123E+00 3.8420614944644871E-01
 8.5283928896299297E-03 -5.9427044104981060E-03 -1.4989588394112650E-03
0
0.0
 -1.1407996218300525E+00 -2.3170985309886123E+00 3.8420614944644871E-01
 8.8753052882412486E-03 -5.9680110134052089E-03 -1.5989356061125359E-03
0
0.0
 -1.1407996218300525E+00 -2.3170985309886123E+00 3.8420614944644871E-01
 8.7792075710530632E-03 -5.8866351620604981E-03 -1.6229006373337759E-03
0
0.0
 -1.1407996218300525E+00 -2.3170985309886123E+00 3.8420614944644871E-01
 8.8593028745643509E-03 -5.9175668235688025E-03 -1.4579810423220433E-03
0
0.0
 -1.1407996218300525E+00 -2.3170985309886123E+00 3.8420614944644871E-01
 8.8368883261740264E-03 -6.0487785839410000E-03 -1.3887136953879171E-03
0
0.0
 -1.1407996218300525E+00 -2.3170985309886123E+00 3.8420614944644871E-01
 8.6822035775918939E-03 -5.7717989154915383E-03 -1.7803100216320514E-03
0
0.0
 -1.1407996218300525E+00 -2.3170985309886123E+00 3.8420614944644871E-01
 8.5444379094790530E-03 -5.7877630391471105E-03 -1.5531555036963282E-03
0
0.0
 -1.1407996218300525E+00 -2.3170985309886123E+00 3.8420614944644871E-01
 8.7516841147177379E-03 -5.8992964232596418E-03 -1.6025940533132917E-03
0
0.0
 -1.1407996218300525E+00 -2.3170985309886123E+00 3.8420614944644871E-01
 8.8709312776086013E-03 -5.6776553166420990E-03 -1.7975740339537429E-03
0
0.0
 -1.1407996218300525E+00 -2.3170985309886123E+00 3.8420614944644871E-01
 9.0000286717376605E-03 -5.9683753685877772E-03 -1.5838411125982362E-03
0
0.0
 -1.1407996218300525E+00 -2.3170985309886123E+00 3.8420614944644871E-01
 8.8997132408713889E-03 -5.8809616607678758E-03 -1.4639124903405420E-03
0
0.0
 -1.1407996218300525E+00 -2.3170985309886123E+00 3.8420614944644871E-01
 8.6666631638635389E-03 -6.1287605196680391E-03 -1.4890167145520995E-03
0
0.0
 -1.1407996218300525E+00 -2.3170985309886123E+00 3.8420614944644871E-01
 8.8347944972076136E-03 -5.7821878259417762E-03 -1.7163167719843725E-03
0
0.0
 -1.1407996218300525E+00 -2.3170985309886123E+00 3.8420614944644871E-01
 8.8693292901257208E-03 -5.9918316769392820E-03 -1.4403728190506254E-03
0
0.0
 -1.1407996218300525E+00 -2.3170985309886123E+00 3.8420614944644871E-01
 8.6512192056520335E-03 -5.9613698105576533E-03 -1.7822470004997095E-03
0
0.0
 -1.1407996218300525E+00 -2.3170985309886123E+00 3.8420614944644871E-01
 8.8676321320132149E-03 -5.8487750038999919E-03 -1.3990106353165767E-03
0
0.0
 -1.1407996218300525E+00 -2.3170985309886123E+00 3.8420614944644871E-01
 8.8150311638862631E-03 -5.8884626899227670E-03 -1.6612015133844517E-03
0
0.0
 -1.1407996218300525E+00 -2.3170985309886123E+00 3.8420614944644871E-01
 8.7922615898034535E-03 -5.7202445478812605E-03 -1.8445168274543893E-03
0
0.0
 -1.1407996218300525E+00 -2.3170985309886123E+00 3.8420614944644871E-01
 8.8353748264406000E-03 -5.7790110862770902E-03 -1.4155837403973920E-03
0
0.0
 -1.1407996218300525E+00 -2.3170985309886123E+00 3.8420614944644871E-01
 8.8525845831484810E-03 -5.8833666036638135E-03 -1.6135792303004287E-03
0
0.0
 -1.1407996218300525E+00 -2.3170985309886123E+00 3.8420614944644871E-01
 8.7402312033170882E-03 -6.0354810353970981E-03 -1.7842765589628294E-03
0
0.0
 -1.1407996218300525E+00 -2.3170985309886123E+00 3.8420614944644871E-01
 8.7411500317634647E-03 -5.9834549430156994E-03 -1.6161182240737064E-03
0
0.0
 -1.1407996218300525E+00 -2.3170985309886123E+00 3.8420614944644871E-01
 8.6274571980046837E-03 -5.8059536813228540E-03 -1.3905857479100479E-03
0
0.0
 -1.1407996218300525E+00 -2.3170985309886123E+00 3.8420614944644871E-01
 8.7900854806502744E-03 -5.9052085733707080E-03 -1.5510501924701867E-03
0
0.0
 -1.1407996218300525E+00 -2.3170985309886123E+00 3.8420614944644871E-01
 8.8196431861146569E-03 -5.7917329961013802E-03 -1.5274120370417448E-03
0
0.0
 -1.1407996218300525E+00 -2.3170985309886123E+00 3.8420614944644871E-01
 8.8560537865755625E-03 -6.1115222278743308E-03 -1.7301848052792839E-03
0
0.0
 -1.1407996218300525E+00 -2.3170985309886123E+00 3.8420614944644871E-01
 8.5441398601317047E-03 -5.8205117639009438E-03 -1.7013764893041049E-03
0
0.0
 -1.1407996218300525E+00 -2.3170985309886123E+00 3.8420614944644871E-01
 8.7266220787312124E-03 -5.7657224977834256E-03 -1.5139264267080431E-03
0
0.0
 -1.1407996218300525E+00 -2.3170985309886123E+00 3.8420614944644871E-01
 8.9302022155926149E-03 -5.7867501916377771E-03 -1.8075426687335682E-03
0
0.0
 -1.1407996218300525E+00 -2.3170985309886123E+00 3.8420614944644871E-01
 8.7102728374184625E-03 -5.7112138310350382E-03 -1.5817600129312088E-03
0
0.0
 -1.1407996218300525E+00 -2.3170985309886123E+00 3.8420614944644871E-01
 8.8501686003536507E-03 -5.9481804420900980E-03 -1.8143806568087356E-03
0
0.0
 -1.1407996218300525E+00 -2.3170985309886123E+00 3.8420614944644871E-01
 8.9666055861273280E-03 -5.9948929361776570E-03 -1.5616267788565587E-03
0
0.0
 -1.1407996218300525E+00 -2.3170985309886123E+00 3.8420614944644871E-01
 8.8071323432116436E-03 -5.9771810691281509E-03 -1.5036035618479536E-03
0
0.0
 -1.1407996218300525E+00 -2.3170985309886123E+00 3.8420614944644871E-01
 8.7174445853256989E-03 -5.7247388012606013E-03 -1.6305591185065416E-03
0
0.0
 -1.1407996218300525E+00 -2.3170985309886123E+00 3.8420614944644871E-01
 8.8695964050450465E-03 -6.1237482451458819E-03 -1.5349123798694549E-03
0
0.0
 -1.1407996218300525E+00 -2.3170985309886123E+00 3.8420614944644871E-01
 8.7277372328538674E-03 -5.6626088216087285E-03 -1.6883211578724536E-03
0
0.0
 -1.1407996218300525E+00 -2.3170985309886123E+00 3.8420614944644871E-01
 8.8380635380291006E-03 -5.9458179832214209E-03 -1.6138913758233491E-03
0
0.0
 -1.1407996218300525E+00 -2.3170985309886123E+00 3.8420614944644871E-01
 8.8139010857854420E-03 -5.8033556860980669E-03 -1.6061783717801177E-03
0
0.0
 -1.1407996218300525E+00 -2.3170985309886123E+00 3.8420614944644871E-01
 8.6540427741129931E-03 -5.8369254012821383E-03 -1.5910732893574735E-03
0
0.0
 -1.1407996218300525E+00 -2.3170985309886123E+00 3.8420614944644871E-01
 8.7191425112966032E-03 -5.9083547514006589E-03 -1.8619044413516121E-03
0
0.0
 -1.1407996218300525E+00 -2.3170985309886123E+00 3.8420614944644871E-01
 8.7592491562778606E-03 -5.7127297972218733E-03 -1.8172335071733586E-03
0
0.0
 -1.1407996218300525E+00 -2.3170985309886123E+00 3.8420614944644871E-01
 8.8012987500725864E-03 -5.9349387594133740E-03 -1.5296779006343578E-03
0
0.0
 -1.1407996218300525E+00 -2.3170985309886123E+00 3.8420614944644871E-01
 8.6618220484059871E-03 -5.8909715402953450E-03 -1.6095884784444450E-03
0
0.0
 -1.1407996218300525E+00 -2.3170985309886123E+00 3.8420614944644871E-01
 8.6475927244688954E-03 -5.8090503984539778E-03 -1.5744686002542015E-03
0
0.0
 -1.1407996218300525E+00 -2.3170985309886123E+00 3.8420614944644871E-01
 8.7435515420679726E-03 -5.8349716462709235E-03 -1.5873281678656227E-03
0
0.0
 -1.1407996218300525E+00 -2.3170985309886123E+00 3.8420614944644871E-01
 8.8442366359232274E-03 -5.8818313232732724E-03 -1.7424122668174002E-03
0
0.0
 -1.1407996218300525E+00 -2.3170985309886123E+00 3.8420614944644871E-01
 8.6161768126846033E-03 -5.7507360656317346E-03 -1.5878112678565507E-03
0
0.0
 -1.1407996218300525E+00 -2.3170985309886123E+00 3.8420614944644871E-01
 8.8652189891224760E-03 -5.9846117168858700E-03 -1.6665757017332204E-03
0
0.0
