20
-1
1
 -0.76224647   0.52387181   0.38018239  6.97382740e-04
 -0.50580960   0.55627485   0.65932916  2.59671288e-04
  0.14624707  -0.05094509  -0.98793542  3.53942669e-04
 -0.82865835   0.55858660   0.03614345  1.53775797e-04
  0.13983418  -0.98893708   0.04949594  2.17639526e-04
  0.40358882   0.49641649  -0.76856147  1.52273329e-04
  0.86824872   0.10614426   0.48464168  2.55731789e-04
  0.54654773   0.82261447  -0.15681523  4.05015790e-04
 -0.22100998  -0.95226011   0.21060689  1.99917118e-04
  0.29090203  -0.85766982   0.42400293  3.55178863e-04
 -0.07963787   0.03983236  -0.99602771  5.68860166e-04
 -0.87923497  -0.45185480  -0.15090760  2.57143839e-04
 -0.12835670  -0.23475581  -0.96354256  2.02525679e-04
  0.76212084   0.64535791  -0.05181693  1.76426911e-04
  0.12667514   0.85188519   0.50817816  1.60680660e-04
 -0.02738795  -0.73054781  -0.68231209  3.88628470e-04
 -0.65262285  -0.64168493   0.40289437  8.09504798e-04
 -0.30138740  -0.93764402   0.17317429  1.63189444e-04
  0.89021776  -0.03335025  -0.45431278  2.81710374e-04
 -0.76718428  -0.58128488   0.27117552  6.10835767e-04
