20
 -1.1407996218300525E+00 -2.3170985309886123E+00 3.8420614944644871E-01
 8.8233481881421355E-03 -5.9337510250650439E-03 -1.6922748788496286E-03
0
0.0
 -1.1407996218300525E+00 -2.3170985309886123E+00 3.8420614944644871E-01
 8.8400934128615369E-03 -5.8569253397573132E-03 -1.5192687175014064E-03
0
0.0
 -1.1407996218300525E+00 -2.3170985309886123E+00 3.8420614944644871E-01
 8.7519929368040320E-03 -6.0132735363418082E-03 -1.8118821180631705E-03
0
0.0
 -1.1407996218300525E+00 -2.3170985309886123E+00 3.8420614944644871E-01
 8.7006975667905679E-03 -5.8539957052540252E-03 -1.6975454883064523E-03
0
0.0
 -1.1407996218300525E+00 -2.3170985309886123E+00 3.8420614944644871E-01
 8.7825992007843755E-03 -5.5895033900164766E-03 -1.5706727659703101E-03
0
0.0
 -1.1407996218300525E+00 -2.3170985309886123E+00 3.8420614944644871E-01
 8.9852072800583622E-03 -5.8295826048279393E-03 -1.3924933739366365E-03
0
0.0
 -1.1407996218300525E+00 -2.3170985309886123E+00 3.8420614944644871E-01
 8.4687572271738686E-03 -5.8617497468410771E-03 -1.5363264645520656E-03
0
0.0
 -1.1407996218300525E+00 -2.3170985309886123E+00 3.8420614944644871E-01
 8.4781939041601480E-03 -5.9875502066556903E-03 -1.5416117870508893E-03
0
0.0
 -1.1407996218300525E+00 -2.3170985309886123E+00 3.8420614944644871E-01
 8.8860102598732841E-03 -5.8194723691676782E-03 -1.7707018173080489E-03
0
0.0
 -1.1407996218300525E+00 -2.3170985309886123E+00 3.8420614944644871E-01
 8.7364041272444664E-03 -5.7767154443738832E-03 -1.6564428738363173E-03
0
0.0
 -1.1407996218300525E+00 -2.3170985309886123E+00 3.8420614944644871E-01
 8.8074445483998474E-03 -6.0623788581787982E-03 -1.5936681077148461E-03
0
0.0
 -1.1407996218300525E+00 -2.3170985309886123E+00 3.8420614944644871E-01
 8.8474322493903249E-03 -6.0478888853342169E-03 -1.5929739171227403E-03
0
0.0
 -1.1407996218300525E+00 -2.3170985309886123E+00 3.8420614944644871E-01
 8.8624269991596626E-03 -5.9473079315876644E-03 -1.6652229961589186E-03
0
0.0
 -1.1407996218300525E+00 -2.3170985309886123E+00 3.8420614944644871E-01
 8.7953798560112401E-03 -5.8721370807275500E-03 -1.6155668025437961E-03
0
0.0
 -1.1407996218300525E+00 -2.3170985309886123E+00 3.8420614944644871E-01
 8.7322044834405831E-03 -6.1314984016094358E-03 -1.6247014974262355E-03
0
0.0
 -1.1407996218300525E+00 -2.3170985309886123E+00 3.8420614944644871E-01
 8.7518123421953427E-03 -5.9054434013472989E-03 -1.5744859813773746E-03
0
0.0
 -1.1407996218300525E+00 -2.3170985309886123E+00 3.8420614944644871E-01
 8.5226839272745172E-03 -6.0950311478522850E-03 -1.5067226020597383E-03
0
0.0
 -1.1407996218300525E+00 -2.3170985309886123E+00 3.8420614944644871E-01
 8.8385152525413957E-03 -5.8713364296147661E-03 -1.6032399623530581E-03
0
0.0
 -1.1407996218300525E+00 -2.3170985309886123E+00 3.8420614944644871E-01
 8.7890425170241999E-03 -5.9133456236083945E-03 -1.6283383551137585E-03
0
0.0
 -1.1407996218300525E+00 -2.3170985309886123E+00 3.8420614944644871E-01
 8.8046963855035933E-03 -5.9390312056035056E-03 -1.3983007189716575E-03
0
0.0
