50
-1
1
  0.78785623  -0.58661635  -0.18752018  6.47317000e-04
  0.56723588   0.14067911  -0.81145108  1.52591926e-04
 -0.50719093   0.72809360   0.46112587  1.99802798e-04
  0.40811162  -0.09418560  -0.90806056  2.37655276e-04
  0.25064127   0.52641454  -0.81244488  4.75969843e-04
  0.56205424  -0.64083596   0.52289990  2.26639482e-04
  0.06574657   0.86767935   0.49275748  1.79878391e-04
  0.15009508   0.21212575  -0.96564700  1.76622287e-04
  0.60027670   0.42056245   0.68029046  4.46804965e-04
 -0.89629529  -0.35246914  -0.26911014  2.67422870e-04
  0.44637852   0.78878745  -0.42256428  2.19896704e-04
 -0.42786718   0.27448151  -0.86115595  1.86216956e-04
  0.03398630   0.33228387  -0.94256690  1.94979817e-04
  0.28486589   0.77737235   0.56084191  4.28109124e-04
  0.78536979  -0.49735891  -0.36854905  1.98989639e-04
 -0.75613208  -0.18829030   0.62674640  7.46152899e-04
 -0.65891878   0.24580094   0.71092048  3.72408500e-04
 -0.17302814  -0.94950443   0.26173002  1.56202931e-04
  0.35049885   0.87152931  -0.34290994  2.39947301e-04
  0.17962217  -0.85915211   0.47915918  2.57310402e-04
  0.58598296  -0.30193118   0.75197177  2.04849869e-04
 -0.11506325  -0.36177188  -0.92513867  1.47067490e-04
  0.62236392  -0.59677166  -0.50648469  4.34842069e-04
 -0.05647238   0.42929037   0.90139927  1.78119667e-04
  0.00811175   0.05165836   0.99863187  5.27995832e-04
 -0.20097829  -0.87561983   0.43920113  1.60494120e-04
  0.72158836  -0.63779863  -0.26930123  1.62746507e-04
  0.64273021   0.50024299   0.58021963  1.87056167e-04
  0.57424226  -0.67742248   0.45972233  1.50988645e-04
 -0.89667708  -0.43624045   0.07526275  1.60126731e-04
 -0.51239418   0.47174013   0.71757470  1.45545971e-04
  0.89021133  -0.35572668  -0.28457392  4.89613513e-04
  0.62758381  -0.74763391  -0.21721443  1.69211568e-04
  0.79569327  -0.53005336   0.29311373  4.07470644e-04
 -0.27930164   0.91457249   0.29248547  3.74711549e-04
  0.34259298   0.89935059  -0.27165892  1.62523667e-04
  0.27295911  -0.23281547   0.93342931  1.82130361e-04
  0.28034595  -0.80956050   0.51576927  2.56026403e-04
 -0.52621627   0.76140180  -0.37863405  1.88211452e-04
  0.06601969  -0.10138370   0.99265439  6.75102634e-04
  0.31678483   0.31625426  -0.89422068  4.18653653e-04
 -0.46105325   0.69644934  -0.54989837  2.91615924e-04
 -0.45008012  -0.20701305   0.86866189  1.61807560e-04
 -0.49047779   0.82428280  -0.28282397  2.97292316e-04
  0.32125080  -0.19366918  -0.92697906  5.00557294e-04
  0.41364016  -0.53215037  -0.73872715  1.82333873e-04
  0.68512530   0.11884636  -0.71866464  1.68988037e-04
  0.57449422  -0.40761458   0.70979346  3.85642916e-04
 -0.63611480  -0.71142345  -0.29872168  2.07498443e-04
 -0.65926752  -0.31413336  -0.68314462  1.75855543e-04
