50
 -1.1407996218300525E+00 -2.3170985309886123E+00 3.8420614944644871E-01
 8.8111268994498868E-03 -5.7000355677895758E-03 -1.7315989197374917E-03
0
0.0
 -1.1407996218300525E+00 -2.3170985309886123E+00 3.8420614944644871E-01
 8.8890210940224691E-03 -5.9207608721376379E-03 -1.8828166165506073E-03
0
0.0
 -1.1407996218300525E+00 -2.3170985309886123E+00 3.8420614944644871E-01
 8.8872198847903382E-03 -5.9433868168709009E-03 -1.5925848024190244E-03
0
0.0
 -1.1407996218300525E+00 -2.3170985309886123E+00 3.8420614944644871E-01
 8.8667032848961623E-03 -5.9361620894982084E-03 -1.5838588570090515E-03
0
0.0
 -1.1407996218300525E+00 -2.3170985309886123E+00 3.8420614944644871E-01
 8.7775726237951570E-03 -5.9001143812010817E-03 -1.6617934147716766E-03
0
0.0
 -1.1407996218300525E+00 -2.3170985309886123E+00 3.8420614944644871E-01
 8.7432972147573097E-03 -5.9785275703190185E-03 -1.2939657691120778E-03
0
0.0
 -1.1407996218300525E+00 -2.3170985309886123E+00 3.8420614944644871E-01
 8.7932711124350457E-03 -6.1273185757278210E-03 -1.3910859550200539E-03
0
0.0
 -1.1407996218300525E+00 -2.3170985309886123E+00 3.8420614944644871E-01
 8.9458967293949993E-03 -5.8101568399515444E-03 -1.6307958733020485E-03
0
0.0
 -1.1407996218300525E+00 -2.3170985309886123E+00 3.8420614944644871E-01
 8.5927695439378914E-03 -5.7612226819648881E-03 -1.5962067674211941E-03
0
0.0
 -1.1407996218300525E+00 -2.3170985309886123E+00 3.8420614944644871E-01
 8.8395004759888162E-03 -5.9725632169915031E-03 -1.8511544427565196E-03
0
0.0
 -1.1407996218300525E+00 -2.3170985309886123E+00 3.8420614944644871E-01
 8.7713620209448166E-03 -6.1939503413488556E-03 -1.5592699382374108E-03
0
0.0
 -1.1407996218300525E+00 -2.3170985309886123E+00 3.8420614944644871E-01
 8.8351235343990826E-03 -5.9181783541381993E-03 -1.7027810907207868E-03
0
0.0
 -1.1407996218300525E+00 -2.3170985309886123E+00 3.8420614944644871E-01
 8.7260021440595074E-03 -5.8970602353724698E-03 -1.6082204034272467E-03
0
0.0
 -1.1407996218300525E+00 -2.3170985309886123E+00 3.8420614944644871E-01
 8.9119384881503616E-03 -5.9044840068057328E-03 -1.6946635820324330E-03
0
0.0
 -1.1407996218300525E+00 -2.3170985309886123E+00 3.8420614944644871E-01
 8.7393162961155093E-03 -5.9022899589044270E-03 -1.5522561453983057E-03
0
0.0
 -1.1407996218300525E+00 -2.3170985309886123E+00 3.8420614944644871E-01
 8.7015265564829442E-03 -5.7324705860794141E-03 -1.6170961605150671E-03
0
0.0
 -1.1407996218300525E+00 -2.3170985309886123E+00 3.8420614944644871E-01
 8.8479110511232011E-03 -5.8860801473377055E-03 -1.6917481096174396E-03
0
0.0
 -1.1407996218300525E+00 -2.3170985309886123E+00 3.8420614944644871E-01
 8.6143774718530491E-03 -6.1454937366108671E-03 -1.4762087208077944E-03
0
0.0
 -1.1407996218300525E+00 -2.3170985309886123E+00 3.8420614944644871E-01
 8.8649070881613480E-03 -6.0455476739222991E-03 -1.4718406731445003E-03
0
0.0
 -1.1407996218300525E+00 -2.3170985309886123E+00 3.8420614944644871E-01
 8.6156531864866222E-03 -5.9335737090899484E-03 -1.6644602617959291E-03
0
0.0
 -1.1407996218300525E+00 -2.3170985309886123E+00 3.8420614944644871E-01
 8.6878505200775578E-03 -5.7692861253221669E-03 -1.6678081403800956E-03
0
0.0
 -1.1407996218300525E+00 -2.3170985309886123E+00 3.8420614944644871E-01
 8.7413061439002744E-03 -5.9472485684335004E-03 -1.6614152779899510E-03
0
0.0
 -1.1407996218300525E+00 -2.3170985309886123E+00 3.8420614944644871E-01
 8.6450667492796156E-03 -5.8678146381079214E-03 -1.3345946076062801E-03
0
0.0
 -1.1407996218300525E+00 -2.3170985309886123E+00 3.8420614944644871E-01
 8.7638244085627530E-03 -5.9013754126851616E-03 -1.5400885563673231E-03
0
0.0
 -1.1407996218300525E+00 -2.3170985309886123E+00 3.8420614944644871E-01
 8.8042002175936652E-03 -5.9402500393642014E-03 -1.5641526207370005E-03
0
0.0
 -1.1407996218300525E+00 -2.3170985309886123E+00 3.8420614944644871E-01
 8.7869879677026867E-03 -5.8904182673732448E-03 -1.6297218284314554E-03
0
0.0
 -1.1407996218300525E+00 -2.3170985309886123E+00 3.8420614944644871E-01
 8.8953853921488295E-03 -5.8230493354454460E-03 -1.4173984532769729E-03
0
0.0
 -1.1407996218300525E+00 -2.3170985309886123E+00 3.8420614944644871E-01
 8.7543226293641321E-03 -5.7759530214784140E-03 -1.6750126775893087E-03
0
0.0
 -1.1407996218300525E+00 -2.3170985309886123E+00 3.8420614944644871E-01
 8.6980905717543040E-03 -6.0822029399199102E-03 -1.7942899898842493E-03
0
0.0
 -1.1407996218300525E+00 -2.3170985309886123E+00 3.8420614944644871E-01
 8.7143214993140299E-03 -5.8837996004343683E-03 -1.6472737954244788E-03
0
0.0
 -1.1407996218300525E+00 -2.3170985309886123E+00 3.8420614944644871E-01
 8.8231873451004913E-03 -5.8324759842297621E-03 -1.7997967202000597E-03
0
0.0
 -1.1407996218300525E+00 -2.3170985309886123E+00 3.8420614944644871E-01
 8.7125542749933987E-03 -5.8692438531526463E-03 -1.4752575990353485E-03
0
0.0
 -1.1407996218300525E+00 -2.3170985309886123E+00 3.8420614944644871E-01
 8.8531450077604518E-03 -5.7830704996787823E-03 -1.9021791642389557E-03
0
0.0
 -1.1407996218300525E+00 -2.3170985309886123E+00 3.8420614944644871E-01
 8.6332974372970404E-03 -6.0627989050693861E-03 -1.8155626190586624E-03
0
0.0
 -1.1407996218300525E+00 -2.3170985309886123E+00 3.8420614944644871E-01
 8.8320535004702966E-03 -6.1061919575652601E-03 -1.7178630719592118E-03
0
0.0
 -1.1407996218300525E+00 -2.3170985309886123E+00 3.8420614944644871E-01
 8.6889439578882299E-03 -5.8926565265167959E-03 -1.6534388118332167E-03
0
0.0
 -1.1407996218300525E+00 -2.3170985309886123E+00 3.8420614944644871E-01
 8.6588130144404623E-03 -5.6395161187420282E-03 -1.6618692390043648E-03
0
0.0
 -1.1407996218300525E+00 -2.3170985309886123E+00 3.8420614944644871E-01
 8.8229636069298324E-03 -5.7183859229628766E-03 -1.3390378934290024E-03
0
0.0
 -1.1407996218300525E+00 -2.3170985309886123E+00 3.8420614944644871E-01
 8.8536496176722310E-03 -5.9300324466623625E-03 -1.8178455304106579E-03
0
0.0
 -1.1407996218300525E+00 -2.3170985309886123E+00 3.8420614944644871E-01
 8.7989646977322481E-03 -5.8367845473832969E-03 -1.8873152420645254E-03
0
0.0
 -1.1407996218300525E+00 -2.3170985309886123E+00 3.8420614944644871E-01
 8.8695473032848957E-03 -6.0970441437262568E-03 -1.3918885191045887E-03
0
0.0
 -1.1407996218300525E+00 -2.3170985309886123E+00 3.8420614944644871E-01
 8.6744734126309158E-03 -5.9204775939924762E-03 -1.7038024643984658E-03
0
0.0
 -1.1407996218300525E+00 -2.3170985309886123E+00 3.8420614944644871E-01
 8.9795347700307362E-03 -5.9813139780270537E-03 -1.6373476280408534E-03
0
0.0
 -1.1407996218300525E+00 -2.3170985309886123E+00 3.8420614944644871E-01
 8.8763468622660557E-03 -5.8904347593930267E-03 -1.5563753552488200E-03
0
0.0
 -1.1407996218300525E+00 -2.3170985309886123E+00 3.8420614944644871E-01
 8.6355602436328453E-03 -6.0749891938915524E-03 -1.5946915815585223E-03
0
0.0
 -1.1407996218300525E+00 -2.3170985309886123E+00 3.8420614944644871E-01
 8.6818882690749312E-03 -5.9446969610540508E-03 -1.6469570254324668E-03
0
0.0
 -1.1407996218300525E+00 -2.3170985309886123E+00 3.8420614944644871E-01
 8.9110475631433428E-03 -5.8860257431982282E-03 -1.7046061316442031E-03
0
0.0
 -1.1407996218300525E+00 -2.3170985309886123E+00 3.8420614944644871E-01
 8.7213492517754544E-03 -5.9581374868309779E-03 -1.5426029573514361E-03
0
0.0
 -1.1407996218300525E+00 -2.3170985309886123E+00 3.8420614944644871E-01
 8.8628721410412906E-03 -6.1303032242115791E-03 -1.5294496276709402E-03
0
0.0
 -1.1407996218300525E+00 -2.3170985309886123E+00 3.8420614944644871E-01
 8.8431911925632850E-03 -5.9621173728971674E-03 -1.7574347022917040E-03
0
0.0
