50
-1
1
 -0.64458097  -0.76095543   0.07390673  2.13022909e-04
 -0.50537395   0.78247092  -0.36378073  2.09467244e-04
  0.06286113   0.70520821  -0.70620808  1.56104539e-04
 -0.40655651  -0.78293596  -0.47087480  5.15898969e-04
  0.11974475   0.72229629   0.68113821  1.87335758e-04
 -0.73688778  -0.36634531   0.56814392  1.56378903e-04
 -0.67268305   0.55936593  -0.48436274  2.93393834e-04
 -0.38224769   0.29389598   0.87607754  3.94110869e-04
 -0.07485223   0.07440666  -0.99441480  4.06494259e-04
  0.17951310   0.00710182  -0.98372995  2.34027947e-04
  0.20797929  -0.20786852   0.95579040  1.63995173e-04
 -0.36760960  -0.91635574   0.15860438  1.59295083e-04
 -0.13216491  -0.89154663  -0.43321708  1.99547130e-04
  0.04813079   0.97157217  -0.23179937  5.34698651e-04
 -0.93045798   0.26846813   0.24934477  2.09796942e-04
 -0.75060502   0.43342243  -0.49873550  1.81108182e-04
  0.49113130  -0.39810151   0.77479367  2.64160091e-04
  0.22741135  -0.96429916   0.13568790  3.56838979e-04
  0.66572377   0.30591837   0.68060694  3.32469956e-04
  0.04165392   0.79573349   0.60421285  2.16115998e-04
 -0.36118566  -0.74346338  -0.56285622  8.24331936e-04
 -0.53096941  -0.36758230   0.76351473  2.35563897e-04
  0.09680613   0.68971503   0.71758049  3.96553613e-04
  0.48142605  -0.73032737   0.48461417  2.46072817e-04
 -0.09549481  -0.91385652   0.39464795  1.51463594e-04
  0.02795144  -0.58593829  -0.80987347  2.02337623e-04
 -0.70024445  -0.70379144  -0.11973022  2.64811833e-04
 -0.30219856   0.54673455   0.78086961  4.47171926e-04
  0.86939728  -0.12543276   0.47792781  1.67123304e-04
  0.28123527   0.69505935  -0.66166398  2.55679521e-04
 -0.28328645   0.91286888   0.29397142  3.42020614e-04
  0.30680987   0.95152585   0.02159328  2.39967199e-04
 -0.93109467   0.35178430  -0.09649107  3.04225100e-04
 -0.59553590  -0.68407869  -0.42115714  7.75616025e-04
 -0.45566545  -0.66967580  -0.58643270  7.51357675e-04
  0.67278520  -0.55014370  -0.49467362  2.68634565e-04
 -0.03888556  -0.37648302  -0.92560707  2.64465975e-04
  0.27807097  -0.92561310  -0.25674291  1.88540593e-04
 -0.13697529   0.73618749  -0.66277127  6.30612173e-04
  0.32006684  -0.34272104  -0.88323242  1.65414501e-04
  0.47790183  -0.44903107   0.75497082  7.21715584e-04
  0.81150771   0.25033716   0.52800240  1.62260811e-04
  0.04556631   0.68893880  -0.72338582  1.65369589e-04
  0.50371479  -0.82883520  -0.24352336  4.65006472e-04
  0.14331458   0.20224133  -0.96879274  1.48817384e-04
  0.29935094  -0.50350614  -0.81047553  2.51946208e-04
 -0.18939437   0.84617642  -0.49811168  1.48832209e-04
 -0.78126585   0.61584622  -0.10176992  2.89657704e-04
 -0.69342822   0.24688360  -0.67690900  1.88100070e-04
  0.66275836   0.74292058  -0.09391682  2.41729917e-04
