20
-1
1
  0.25160123   0.94339624  -0.21610266  4.85212305e-04
 -0.00060250   0.98613761   0.16592848  2.27259483e-04
 -0.90604861  -0.08452656   0.41464584  1.54908737e-04
 -0.66026754  -0.19785103   0.72450103  2.70149592e-04
  0.47214752   0.41493239  -0.77775821  2.22039830e-04
 -0.36497940  -0.86630560   0.34103466  2.77396903e-04
 -0.17103697   0.98351633  -0.05866838  1.61350529e-04
 -0.57258972   0.56063634  -0.59818719  4.02252211e-04
  0.56939906  -0.79972533  -0.19032630  2.99339306e-04
  0.93353535  -0.35820240   0.01424056  1.64016564e-04
  0.01690930   0.67827510  -0.73461348  5.68930946e-04
 -0.70903637  -0.66353845   0.23871353  2.44098964e-04
 -0.04128925   0.22942352   0.97245054  1.81886393e-04
  0.70519051  -0.36033750  -0.61062529  2.09976122e-04
  0.98507614  -0.16026488   0.06277070  3.20223375e-04
 -0.22905766  -0.23019570  -0.94580258  1.60060322e-04
 -0.49220041  -0.58321287   0.64622094  1.72409172e-04
 -0.40695334   0.66230386   0.62908074  1.51323480e-04
 -0.95222658  -0.29456857   0.08058470  2.35652614e-04
 -0.15963042  -0.74658392  -0.64585648  2.27784861e-04
