20
 -1.1407996218300525E+00 -2.3170985309886123E+00 3.8420614944644871E-01
 8.7533565046980181E-03 -6.1044228163290287E-03 -1.6498151825849918E-03
0
0.0
 -1.1407996218300525E+00 -2.3170985309886123E+00 3.8420614944644871E-01
 8.7271316482252156E-03 -5.7831492486648843E-03 -1.7451474112923856E-03
0
0.0
 -1.1407996218300525E+00 -2.3170985309886123E+00 3.8420614944644871E-01
 8.8007530846135103E-03 -5.9277619523517523E-03 -1.5369620936452118E-03
0
0.0
 -1.1407996218300525E+00 -2.3170985309886123E+00 3.8420614944644871E-01
 8.7797584979966131E-03 -5.8954463904237250E-03 -1.5917474726151470E-03
0
0.0
 -1.1407996218300525E+00 -2.3170985309886123E+00 3.8420614944644871E-01
 8.9655774210502456E-03 -6.0221574319949851E-03 -1.7493833775516659E-03
0
0.0
 -1.1407996218300525E+00 -2.3170985309886123E+00 3.8420614944644871E-01
 8.6188032917834095E-03 -5.8722939080171769E-03 -1.6899215997732910E-03
0
0.0
 -1.1407996218300525E+00 -2.3170985309886123E+00 3.8420614944644871E-01
 9.0781836605528295E-03 -5.8886373950540619E-03 -1.5936981597494159E-03
0
0.0
 -1.1407996218300525E+00 -2.3170985309886123E+00 3.8420614944644871E-01
 8.5764157048311869E-03 -6.1376994290884158E-03 -1.5952949610296972E-03
0
0.0
 -1.1407996218300525E+00 -2.3170985309886123E+00 3.8420614944644871E-01
 8.9432303731402651E-03 -5.8611488760408588E-03 -1.7213786389185368E-03
0
0.0
 -1.1407996218300525E+00 -2.3170985309886123E+00 3.8420614944644871E-01
 8.8598273288394997E-03 -5.9303741070239223E-03 -1.9154099047162172E-03
0
0.0
 -1.1407996218300525E+00 -2.3170985309886123E+00 3.8420614944644871E-01
 8.8375810803644136E-03 -5.8773347828430574E-03 -1.7445570611318308E-03
0
0.0
 -1.1407996218300525E+00 -2.3170985309886123E+00 3.8420614944644871E-01
 8.6589842509030707E-03 -5.9441397316161142E-03 -1.7168211098238443E-03
0
0.0
 -1.1407996218300525E+00 -2.3170985309886123E+00 3.8420614944644871E-01
 8.7651626562743473E-03 -5.8301724471336407E-03 -1.5478203172470443E-03
0
0.0
 -1.1407996218300525E+00 -2.3170985309886123E+00 3.8420614944644871E-01
 8.8303611958519632E-03 -5.8513451638539443E-03 -1.6777412518064964E-03
0
0.0
 -1.1407996218300525E+00 -2.3170985309886123E+00 3.8420614944644871E-01
 8.5667292893524295E-03 -5.9838860727519641E-03 -1.6320204303840078E-03
0
0.0
 -1.1407996218300525E+00 -2.3170985309886123E+00 3.8420614944644871E-01
 8.6165693708997685E-03 -5.9687929707128388E-03 -1.4036237953802258E-03
0
0.0
 -1.1407996218300525E+00 -2.3170985309886123E+00 3.8420614944644871E-01
 8.8232159869415915E-03 -6.1415348609874737E-03 -1.5846980493892028E-03
0
0.0
 -1.1407996218300525E+00 -2.3170985309886123E+00 3.8420614944644871E-01
 8.6104397981218214E-03 -5.9492834966048845E-03 -1.3838683949121545E-03
0
0.0
 -1.1407996218300525E+00 -2.3170985309886123E+00 3.8420614944644871E-01
 8.9096410917511581E-03 -5.9549602798180026E-03 -1.3644917600987622E-03
0
0.0
 -1.1407996218300525E+00 -2.3170985309886123E+00 3.8420614944644871E-01
 8.9235528051161851E-03 -6.0740616242095013E-03 -1.8501336912165546E-03
0
0.0
