20
-1
1
  0.08898069   0.87471352   0.47640182  7.88580259e-04
 -0.19114070  -0.14771755   0.97038382  2.15121950e-04
 -0.94135010   0.33693086  -0.01837352  2.79405479e-04
  0.59851859   0.38592598   0.70202325  5.32554508e-04
  0.32786965  -0.94432334   0.02747587  2.05482257e-04
 -0.77114291  -0.16665429  -0.61446315  1.63614270e-04
  0.16690334   0.03635866  -0.98530266  2.46787706e-04
 -0.55179510   0.48679324  -0.67716653  1.89695563e-04
 -0.83276833  -0.03854690   0.55227805  1.74946493e-04
  0.36049503  -0.22407552  -0.90544657  1.74346830e-04
 -0.98393805   0.16775253  -0.06103275  2.24328860e-04
 -0.37754716   0.78779423   0.48666044  1.51192368e-04
  0.07346818  -0.80964831  -0.58229892  2.42888770e-04
  0.34450379  -0.90354181  -0.25481235  2.99132573e-04
 -0.03407136   0.44912237   0.89282038  2.60513391e-04
 -0.28599843  -0.86647241   0.40918267  4.85841946e-04
 -0.76034031   0.41696838   0.49801605  1.67177338e-04
 -0.37974981   0.54562412   0.74705047  1.51281101e-04
 -0.16736433  -0.58671056   0.79231300  1.47397994e-04
  0.01190382   0.69289709   0.72093822  2.09717442e-04
