20
 -1.1407996218300525E+00 -2.3170985309886123E+00 3.8420614944644871E-01
 8.6646730157865157E-03 -6.0672411778044562E-03 -1.9001485693419789E-03
0
0.0
 -1.1407996218300525E+00 -2.3170985309886123E+00 3.8420614944644871E-01
 8.8929525283020193E-03 -6.0592855036000421E-03 -1.5318458430286200E-03
0
0.0
 -1.1407996218300525E+00 -2.3170985309886123E+00 3.8420614944644871E-01
 9.0246921211698979E-03 -5.8383238864978485E-03 -1.5884015504093834E-03
0
0.0
 -1.1407996218300525E+00 -2.3170985309886123E+00 3.8420614944644871E-01
 8.5902908481435732E-03 -6.0540612787356443E-03 -1.8719040128913141E-03
0
0.0
 -1.1407996218300525E+00 -2.3170985309886123E+00 3.8420614944644871E-01
 8.8800088968138003E-03 -5.7346638492668028E-03 -1.6108341842111006E-03
0
0.0
 -1.1407996218300525E+00 -2.3170985309886123E+00 3.8420614944644871E-01
 8.6824064864700640E-03 -5.6090091165123639E-03 -1.4974750349874271E-03
0
0.0
 -1.1407996218300525E+00 -2.3170985309886123E+00 3.8420614944644871E-01
 8.8194738297658701E-03 -5.9481133437400031E-03 -1.6066426235023204E-03
0
0.0
 -1.1407996218300525E+00 -2.3170985309886123E+00 3.8420614944644871E-01
 8.8463088832594801E-03 -5.8573888878727031E-03 -1.6057587121716993E-03
0
0.0
 -1.1407996218300525E+00 -2.3170985309886123E+00 3.8420614944644871E-01
 8.7436995286640957E-03 -5.8643414031115098E-03 -1.6818402217014996E-03
0
0.0
 -1.1407996218300525E+00 -2.3170985309886123E+00 3.8420614944644871E-01
 8.9401525516528725E-03 -6.0456702910500794E-03 -1.6162435564020946E-03
0
0.0
 -1.1407996218300525E+00 -2.3170985309886123E+00 3.8420614944644871E-01
 8.6650819684181216E-03 -5.7438117153303389E-03 -1.5402082627801259E-03
0
0.0
 -1.1407996218300525E+00 -2.3170985309886123E+00 3.8420614944644871E-01
 8.7791395539272808E-03 -6.0826733589883566E-03 -1.5564265458289891E-03
0
0.0
 -1.1407996218300525E+00 -2.3170985309886123E+00 3.8420614944644871E-01
 8.9486460877059460E-03 -5.8096903846737886E-03 -1.5952376246964617E-03
0
0.0
 -1.1407996218300525E+00 -2.3170985309886123E+00 3.8420614944644871E-01
 8.5697724301462934E-03 -5.8386258282994074E-03 -1.3983893979919834E-03
0
0.0
 -1.1407996218300525E+00 -2.3170985309886123E+00 3.8420614944644871E-01
 8.5754978459577046E-03 -5.8393833399533364E-03 -1.6823913630680358E-03
0
0.0
 -1.1407996218300525E+00 -2.3170985309886123E+00 3.8420614944644871E-01
 8.8820299161098855E-03 -5.7442053129618600E-03 -1.8580962171836600E-03
0
0.0
 -1.1407996218300525E+00 -2.3170985309886123E+00 3.8420614944644871E-01
 8.6646250835977958E-03 -5.9059199719572976E-03 -1.5106920731559471E-03
0
0.0
 -1.1407996218300525E+00 -2.3170985309886123E+00 3.8420614944644871E-01
 8.6959706450200312E-03 -6.1629890514862153E-03 -1.5728623521566697E-03
0
0.0
 -1.1407996218300525E+00 -2.3170985309886123E+00 3.8420614944644871E-01
 8.8612137178353569E-03 -5.9110272509453766E-03 -1.6806414254458689E-03
0
0.0
 -1.1407996218300525E+00 -2.3170985309886123E+00 3.8420614944644871E-01
 8.7209104835762347E-03 -6.0461818910624463E-03 -1.3548742015945382E-03
0
0.0
