20
 -1.1407996218300525E+00 -2.3170985309886123E+00 3.8420614944644871E-01
 8.7876093392627568E-03 -5.9029235615983989E-03 -1.6234880532945666E-03
0
0.0
 -1.1407996218300525E+00 -2.3170985309886123E+00 3.8420614944644871E-01
 8.4989230826184401E-03 -5.8026624620293619E-03 -1.6385389069932558E-03
0
0.0
 -1.1407996218300525E+00 -2.3170985309886123E+00 3.8420614944644871E-01
 8.8337866610600276E-03 -6.0053503031722352E-03 -1.5802519743892299E-03
0
0.0
 -1.1407996218300525E+00 -2.3170985309886123E+00 3.8420614944644871E-01
 8.9026573241839102E-03 -5.9444767960050446E-03 -1.5160322514159255E-03
0
0.0
 -1.1407996218300525E+00 -2.3170985309886123E+00 3.8420614944644871E-01
 8.7103270005515765E-03 -5.8756732342906187E-03 -1.6011519764766472E-03
0
0.0
 -1.1407996218300525E+00 -2.3170985309886123E+00 3.8420614944644871E-01
 8.6563217281240695E-03 -6.0347941965041953E-03 -1.5633239460336784E-03
0
0.0
 -1.1407996218300525E+00 -2.3170985309886123E+00 3.8420614944644871E-01
 8.8022608803367160E-03 -5.8634390887716279E-03 -1.6473986888679137E-03
0
0.0
 -1.1407996218300525E+00 -2.3170985309886123E+00 3.8420614944644871E-01
 8.6835417422513866E-03 -5.9540084043423376E-03 -1.6870432841603719E-03
0
0.0
 -1.1407996218300525E+00 -2.3170985309886123E+00 3.8420614944644871E-01
 8.7278561572024221E-03 -5.9892173057501715E-03 -1.3634380513819267E-03
0
0.0
 -1.1407996218300525E+00 -2.3170985309886123E+00 3.8420614944644871E-01
 8.7486430106156077E-03 -5.9654348997639165E-03 -1.6205981584520414E-03
0
0.0
 -1.1407996218300525E+00 -2.3170985309886123E+00 3.8420614944644871E-01
 8.8562510880134671E-03 -5.9827151910619315E-03 -1.6164832318644497E-03
0
0.0
 -1.1407996218300525E+00 -2.3170985309886123E+00 3.8420614944644871E-01
 8.8229418864477719E-03 -5.7416943533544276E-03 -1.8050135371014823E-03
0
0.0
 -1.1407996218300525E+00 -2.3170985309886123E+00 3.8420614944644871E-01
 8.7329211950531935E-03 -5.7134073620422002E-03 -1.9021936559611972E-03
0
0.0
 -1.1407996218300525E+00 -2.3170985309886123E+00 3.8420614944644871E-01
 9.1193821467067046E-03 -5.9571481503608529E-03 -1.5801946380091790E-03
0
0.0
 -1.1407996218300525E+00 -2.3170985309886123E+00 3.8420614944644871E-01
 8.8020798041729166E-03 -5.7684051246091128E-03 -1.8455483415005035E-03
0
0.0
 -1.1407996218300525E+00 -2.3170985309886123E+00 3.8420614944644871E-01
 8.6239723345129613E-03 -5.8847937145094110E-03 -1.6731151565080834E-03
0
0.0
 -1.1407996218300525E+00 -2.3170985309886123E+00 3.8420614944644871E-01
 8.6899881162257695E-03 -5.8580091424794431E-03 -1.6956263485817858E-03
0
0.0
 -1.1407996218300525E+00 -2.3170985309886123E+00 3.8420614944644871E-01
 8.8178572184563868E-03 -5.9129354602862009E-03 -1.6408471137106975E-03
0
0.0
 -1.1407996218300525E+00 -2.3170985309886123E+00 3.8420614944644871E-01
 8.6072936281049815E-03 -5.8554973084149042E-03 -1.8200049877836763E-03
0
0.0
 -1.1407996218300525E+00 -2.3170985309886123E+00 3.8420614944644871E-01
 8.9035355310966742E-03 -5.9619398969226805E-03 -1.8289777604708012E-03
0
0.0
