20
-1
1
 -0.66285565  -0.52158856   0.53718504  2.27505049e-04
 -0.76229491  -0.22085438   0.60838295  4.77092551e-04
  0.50544450  -0.86229345   0.03123895  6.81260130e-04
 -0.78074390  -0.57822294  -0.23684846  2.29838806e-04
  0.98561216   0.05160848   0.16095103  3.29033347e-04
  0.27155140  -0.66091919   0.69960393  1.57620672e-04
 -0.88142766  -0.09268368   0.46313607  1.47711212e-04
  0.81362900  -0.46177261  -0.35323350  1.56086589e-04
  0.99672324   0.06809459   0.04365666  2.12691664e-04
 -0.98174677  -0.09147171   0.16675193  2.28739910e-04
 -0.24776950  -0.13678938  -0.95911362  2.11524855e-04
 -0.73703673  -0.50374598   0.45057390  2.65902236e-04
 -0.40270048   0.50289941  -0.76480357  3.01769744e-04
 -0.73490982  -0.58398921   0.34476681  5.45473251e-04
 -0.56615139  -0.13846768   0.81258803  6.83273745e-04
  0.05065956   0.99722449   0.05456117  3.73652776e-04
 -0.81742841  -0.13102089  -0.56093166  4.08914292e-04
 -0.50984372   0.39341314   0.76503953  2.27012899e-04
 -0.87387582   0.02847023  -0.48531485  4.89328870e-04
  0.14911161  -0.03446282   0.98821963  4.38051857e-04
