20
 -1.1407996218300525E+00 -2.3170985309886123E+00 3.8420614944644871E-01
 8.6769447340499760E-03 -5.7993709293144759E-03 -1.5578407068172081E-03
0
0.0
 -1.1407996218300525E+00 -2.3170985309886123E+00 3.8420614944644871E-01
 8.8394397859264690E-03 -5.7269225095631510E-03 -1.6486245475988131E-03
0
0.0
 -1.1407996218300525E+00 -2.3170985309886123E+00 3.8420614944644871E-01
 8.7804185873347936E-03 -5.9055521607359225E-03 -1.6190910798480969E-03
0
0.0
 -1.1407996218300525E+00 -2.3170985309886123E+00 3.8420614944644871E-01
 8.7732450242558723E-03 -5.9806389098394086E-03 -1.6301380168892183E-03
0
0.0
 -1.1407996218300525E+00 -2.3170985309886123E+00 3.8420614944644871E-01
 8.8290882041722595E-03 -5.8320414116221665E-03 -1.5697175363472008E-03
0
0.0
 -1.1407996218300525E+00 -2.3170985309886123E+00 3.8420614944644871E-01
 8.6596565591390857E-03 -6.0241470414436893E-03 -1.5164185523480864E-03
0
0.0
 -1.1407996218300525E+00 -2.3170985309886123E+00 3.8420614944644871E-01
 8.9274723511240696E-03 -5.7541193525683411E-03 -1.6890158301633791E-03
0
0.0
 -1.1407996218300525E+00 -2.3170985309886123E+00 3.8420614944644871E-01
 8.7375217412679843E-03 -5.8527091304757051E-03 -1.5917127492357051E-03
0
0.0
 -1.1407996218300525E+00 -2.3170985309886123E+00 3.8420614944644871E-01
 8.6548759616473948E-03 -6.0676771124305983E-03 -1.5745721043503068E-03
0
0.0
 -1.1407996218300525E+00 -2.3170985309886123E+00 3.8420614944644871E-01
 9.0040792467123917E-03 -5.8280850671367061E-03 -1.6904914530504632E-03
0
0.0
 -1.1407996218300525E+00 -2.3170985309886123E+00 3.8420614944644871E-01
 9.0286565817308314E-03 -5.9783669683278863E-03 -1.6722735080740530E-03
0
0.0
 -1.1407996218300525E+00 -2.3170985309886123E+00 3.8420614944644871E-01
 8.9846782587871508E-03 -5.6287089489745592E-03 -1.6349395167161644E-03
0
0.0
 -1.1407996218300525E+00 -2.3170985309886123E+00 3.8420614944644871E-01
 8.8873716477019908E-03 -6.1464370676118192E-03 -1.6437714935686135E-03
0
0.0
 -1.1407996218300525E+00 -2.3170985309886123E+00 3.8420614944644871E-01
 9.0780057451892542E-03 -5.8886261585101010E-03 -1.6799927469348371E-03
0
0.0
 -1.1407996218300525E+00 -2.3170985309886123E+00 3.8420614944644871E-01
 8.9156917921465045E-03 -5.8598934749560794E-03 -1.4962569790519175E-03
0
0.0
 -1.1407996218300525E+00 -2.3170985309886123E+00 3.8420614944644871E-01
 8.8780180228821125E-03 -5.8143549705451207E-03 -1.5165959960740699E-03
0
0.0
 -1.1407996218300525E+00 -2.3170985309886123E+00 3.8420614944644871E-01
 8.7832387835191407E-03 -5.6249791553733318E-03 -1.5846340022128067E-03
0
0.0
 -1.1407996218300525E+00 -2.3170985309886123E+00 3.8420614944644871E-01
 9.0416338305465815E-03 -6.0323563769008898E-03 -1.5445097284081995E-03
0
0.0
 -1.1407996218300525E+00 -2.3170985309886123E+00 3.8420614944644871E-01
 8.7820295950851394E-03 -5.8949112537510385E-03 -1.5934235627292244E-03
0
0.0
 -1.1407996218300525E+00 -2.3170985309886123E+00 3.8420614944644871E-01
 8.6689934070155322E-03 -5.9340839425872606E-03 -1.4916995752999134E-03
0
0.0
