50
 -1.1407996218300525E+00 -2.3170985309886123E+00 3.8420614944644871E-01
 8.6749209286586873E-03 -5.9210207452694875E-03 -1.6086237245724532E-03
0
0.0
 -1.1407996218300525E+00 -2.3170985309886123E+00 3.8420614944644871E-01
 8.7981593334120079E-03 -5.9031631058415928E-03 -1.6914824322772927E-03
0
0.0
 -1.1407996218300525E+00 -2.3170985309886123E+00 3.8420614944644871E-01
 8.8290356050303911E-03 -5.8876190287573908E-03 -1.4288188959205121E-03
0
0.0
 -1.1407996218300525E+00 -2.3170985309886123E+00 3.8420614944644871E-01
 8.7343431278827655E-03 -5.8612211621273764E-03 -1.5923846224969319E-03
0
0.0
 -1.1407996218300525E+00 -2.3170985309886123E+00 3.8420614944644871E-01
 8.7628714055557836E-03 -6.0117643937267840E-03 -1.5681502692434241E-03
0
0.0
 -1.1407996218300525E+00 -2.3170985309886123E+00 3.8420614944644871E-01
 8.7542156664611580E-03 -6.1528024467460002E-03 -1.6749865115879984E-03
0
0.0
 -1.1407996218300525E+00 -2.3170985309886123E+00 3.8420614944644871E-01
 8.9053974796722644E-03 -5.8618333736427074E-03 -1.8866118378442847E-03
0
0.0
 -1.1407996218300525E+00 -2.3170985309886123E+00 3.8420614944644871E-01
 8.7003970674226182E-03 -6.0157309954118453E-03 -1.6123485559085111E-03
0
0.0
 -1.1407996218300525E+00 -2.3170985309886123E+00 3.8420614944644871E-01
 8.7040766217475838E-03 -5.9850854631376136E-03 -1.8373891846725820E-03
0
0.0
 -1.1407996218300525E+00 -2.3170985309886123E+00 3.8420614944644871E-01
 8.7167843733146361E-03 -5.7150545918645997E-03 -1.7529810667695110E-03
0
0.0
 -1.1407996218300525E+00 -2.3170985309886123E+00 3.8420614944644871E-01
 9.0730486062852514E-03 -5.8499391838134135E-03 -1.7467444554703144E-03
0
0.0
 -1.1407996218300525E+00 -2.3170985309886123E+00 3.8420614944644871E-01
 8.7531222094651712E-03 -5.8834047689816050E-03 -1.4821812294198622E-03
0
0.0
 -1.1407996218300525E+00 -2.3170985309886123E+00 3.8420614944644871E-01
 8.6943232291740793E-03 -5.9519684471205326E-03 -1.5756167513752372E-03
0
0.0
 -1.1407996218300525E+00 -2.3170985309886123E+00 3.8420614944644871E-01
 8.8304469676131203E-03 -5.9202275878093595E-03 -1.5811742890238230E-03
0
0.0
 -1.1407996218300525E+00 -2.3170985309886123E+00 3.8420614944644871E-01
 8.5549342896296347E-03 -5.8741170649905389E-03 -1.3717154242435662E-03
0
0.0
 -1.1407996218300525E+00 -2.3170985309886123E+00 3.8420614944644871E-01
 8.7347421720001036E-03 -6.0041996820767553E-03 -1.5753246120441685E-03
0
0.0
 -1.1407996218300525E+00 -2.3170985309886123E+00 3.8420614944644871E-01
 8.9375427173235041E-03 -5.7290734305672913E-03 -1.7739944654284784E-03
0
0.0
 -1.1407996218300525E+00 -2.3170985309886123E+00 3.8420614944644871E-01
 8.9661224518318566E-03 -5.8803604522804703E-03 -1.6999369432446484E-03
0
0.0
 -1.1407996218300525E+00 -2.3170985309886123E+00 3.8420614944644871E-01
 8.4860868762530184E-03 -5.9809214840224247E-03 -1.7306518138240957E-03
0
0.0
 -1.1407996218300525E+00 -2.3170985309886123E+00 3.8420614944644871E-01
 8.8351436573146942E-03 -5.8138030289025134E-03 -1.8394480964515408E-03
0
0.0
 -1.1407996218300525E+00 -2.3170985309886123E+00 3.8420614944644871E-01
 8.9327401929511496E-03 -6.0191550436852793E-03 -1.6992253616140173E-03
0
0.0
 -1.1407996218300525E+00 -2.3170985309886123E+00 3.8420614944644871E-01
 8.7876176119538445E-03 -6.0341913327729996E-03 -1.8653256433415390E-03
0
0.0
 -1.1407996218300525E+00 -2.3170985309886123E+00 3.8420614944644871E-01
 8.9272848024248702E-03 -5.7074104411201036E-03 -1.7231980499328140E-03
0
0.0
 -1.1407996218300525E+00 -2.3170985309886123E+00 3.8420614944644871E-01
 8.8227128601007631E-03 -5.7694129019645367E-03 -1.6620886416384756E-03
0
0.0
 -1.1407996218300525E+00 -2.3170985309886123E+00 3.8420614944644871E-01
 8.8225333283196775E-03 -5.9001707300977025E-03 -1.6766847270267547E-03
0
0.0
 -1.1407996218300525E+00 -2.3170985309886123E+00 3.8420614944644871E-01
 8.7310919306033234E-03 -5.9726475712626641E-03 -1.7325011953668666E-03
0
0.0
 -1.1407996218300525E+00 -2.3170985309886123E+00 3.8420614944644871E-01
 8.8989362732305802E-03 -5.7364463347521185E-03 -1.8357582571767192E-03
0
0.0
 -1.1407996218300525E+00 -2.3170985309886123E+00 3.8420614944644871E-01
 8.9332726350350583E-03 -5.7328148061921583E-03 -1.3916138283644834E-03
0
0.0
 -1.1407996218300525E+00 -2.3170985309886123E+00 3.8420614944644871E-01
 8.5067166255268674E-03 -5.9704559988637430E-03 -1.6614985304537165E-03
0
0.0
 -1.1407996218300525E+00 -2.3170985309886123E+00 3.8420614944644871E-01
 8.8554332597757784E-03 -5.7213116637604483E-03 -1.6188633741209719E-03
0
0.0
 -1.1407996218300525E+00 -2.3170985309886123E+00 3.8420614944644871E-01
 8.8499239216582141E-03 -5.9525883560123871E-03 -1.6206494197007150E-03
0
0.0
 -1.1407996218300525E+00 -2.3170985309886123E+00 3.8420614944644871E-01
 8.8828774020959234E-03 -6.0443980522139019E-03 -1.8085439118951706E-03
0
0.0
 -1.1407996218300525E+00 -2.3170985309886123E+00 3.8420614944644871E-01
 8.7655651935543439E-03 -5.9281400546022578E-03 -1.6215244327108429E-03
0
0.0
 -1.1407996218300525E+00 -2.3170985309886123E+00 3.8420614944644871E-01
 8.6965896468736217E-03 -6.0443027348893695E-03 -1.3609834863327970E-03
0
0.0
 -1.1407996218300525E+00 -2.3170985309886123E+00 3.8420614944644871E-01
 9.0302890971532008E-03 -5.8687900704841034E-03 -1.8507958435608229E-03
0
0.0
 -1.1407996218300525E+00 -2.3170985309886123E+00 3.8420614944644871E-01
 8.8135835431661837E-03 -5.9488918949059518E-03 -1.6725851563162398E-03
0
0.0
 -1.1407996218300525E+00 -2.3170985309886123E+00 3.8420614944644871E-01
 8.8843937571739511E-03 -5.9317763831264973E-03 -1.8437883878878692E-03
0
0.0
 -1.1407996218300525E+00 -2.3170985309886123E+00 3.8420614944644871E-01
 8.7793570596755889E-03 -5.9346797957971088E-03 -1.6141919251974638E-03
0
0.0
 -1.1407996218300525E+00 -2.3170985309886123E+00 3.8420614944644871E-01
 8.7865859725693128E-03 -6.0007942521194280E-03 -1.6639093746935499E-03
0
0.0
 -1.1407996218300525E+00 -2.3170985309886123E+00 3.8420614944644871E-01
 8.5824102449407573E-03 -6.0327336980598601E-03 -1.5959861647818006E-03
0
0.0
 -1.1407996218300525E+00 -2.3170985309886123E+00 3.8420614944644871E-01
 9.0640019069273287E-03 -5.8739043642373895E-03 -1.6671128195523790E-03
0
0.0
 -1.1407996218300525E+00 -2.3170985309886123E+00 3.8420614944644871E-01
 8.7903192279546582E-03 -5.7677368445354258E-03 -1.6285139440122645E-03
0
0.0
 -1.1407996218300525E+00 -2.3170985309886123E+00 3.8420614944644871E-01
 8.9315510589344053E-03 -5.8203428956344009E-03 -1.5877891020633090E-03
0
0.0
 -1.1407996218300525E+00 -2.3170985309886123E+00 3.8420614944644871E-01
 8.6086239781049644E-03 -5.9202892283051079E-03 -1.4745084568308596E-03
0
0.0
 -1.1407996218300525E+00 -2.3170985309886123E+00 3.8420614944644871E-01
 8.7742986342297033E-03 -5.9103993996016662E-03 -1.5780188083164550E-03
0
0.0
 -1.1407996218300525E+00 -2.3170985309886123E+00 3.8420614944644871E-01
 9.0008711003246988E-03 -6.0612168002999196E-03 -1.5647399122940104E-03
0
0.0
 -1.1407996218300525E+00 -2.3170985309886123E+00 3.8420614944644871E-01
 8.8048731471040767E-03 -5.9420600362012849E-03 -1.6402213313363142E-03
0
0.0
 -1.1407996218300525E+00 -2.3170985309886123E+00 3.8420614944644871E-01
 8.8061528611987541E-03 -5.7613779874578453E-03 -1.3263297283983280E-03
0
0.0
 -1.1407996218300525E+00 -2.3170985309886123E+00 3.8420614944644871E-01
 8.5749007687040517E-03 -5.9448725060986182E-03 -1.5330619508651679E-03
0
0.0
 -1.1407996218300525E+00 -2.3170985309886123E+00 3.8420614944644871E-01
 8.6660495291502136E-03 -5.8434431119574418E-03 -1.5710449180253133E-03
0
0.0
