50
-1
1
 -0.86339175  -0.06873439  -0.49983023  3.93384139e-04
 -0.37406847   0.74811486  -0.54808479  8.27029745e-04
 -0.53118372  -0.22170138   0.81773611  1.95693673e-04
 -0.39114813   0.91968356   0.03442816  1.56282268e-04
  0.74592073  -0.17554469   0.64248449  1.85783681e-04
 -0.57794886  -0.68466555  -0.44408130  3.68822383e-04
  0.79643081  -0.17916854   0.57757821  1.75178782e-04
 -0.51334466  -0.81960155   0.25442200  3.49547251e-04
  0.98612206   0.16516166   0.01687913  2.29101728e-04
 -0.97159543  -0.15734052   0.17676619  3.93209034e-04
 -0.07102980  -0.23894062   0.96843283  3.47832532e-04
  0.78367411  -0.61117637  -0.11098802  2.14375211e-04
  0.45026684  -0.01557153   0.89275825  6.34206797e-04
  0.60923161  -0.15306677   0.77807931  2.35847299e-04
 -0.48491280   0.87397064   0.03216988  1.54755778e-04
  0.30366512  -0.93413174  -0.18757766  2.22733360e-04
 -0.80361541  -0.59274258   0.05346495  1.83855717e-04
  0.50756869  -0.73468621   0.45012242  2.33466686e-04
  0.64393177   0.26142529   0.71903317  6.34677850e-04
 -0.74890663   0.24559403   0.61548552  2.70926123e-04
  0.60154255  -0.76882481  -0.21692159  3.48834447e-04
  0.47724815  -0.08380286   0.87476356  1.53295333e-04
 -0.67690627   0.15663328   0.71921062  4.66329774e-04
 -0.46540560   0.49327148   0.73490195  1.63296057e-04
 -0.04648149   0.73816055  -0.67302190  3.31421870e-04
  0.43046872   0.89356068   0.12745976  6.13919912e-04
  0.76560726   0.63928992  -0.07179083  4.25669130e-04
  0.06741082   0.66657886   0.74238023  1.72752538e-04
  0.83905845   0.44080696   0.31885755  2.03060575e-04
  0.45048376  -0.19896477  -0.87033177  3.35434926e-04
 -0.41980043  -0.43250449  -0.79793951  1.58213451e-04
 -0.13108024  -0.95433912  -0.26843030  2.92666980e-04
 -0.40844486  -0.83362785   0.37180291  1.72554815e-04
 -0.75757696  -0.41805552   0.50130502  1.79837454e-04
  0.99416155   0.10201333  -0.03515804  7.14013633e-04
 -0.82537951   0.28791362  -0.48564845  3.53335834e-04
 -0.80480431  -0.48408430   0.34344202  4.98740567e-04
 -0.01129940   0.93582104  -0.35229436  2.58476979e-04
  0.38429722   0.10306365   0.91743857  8.26065858e-04
 -0.37682196  -0.37744584  -0.84589589  1.62451897e-04
 -0.76135016   0.55020905   0.34295180  3.54817671e-04
 -0.97364792  -0.10955787   0.20001698  1.66928514e-04
  0.47922647  -0.59407165   0.64608116  7.89360880e-04
 -0.17801660   0.98131230   0.07304975  1.60869730e-04
 -0.52262729   0.80489483  -0.28107832  1.54911676e-04
 -0.72586572   0.03914847   0.68672146  1.79701389e-04
  0.68346672   0.41402954  -0.60120943  8.06251520e-04
 -0.33656555   0.22449531  -0.91450833  3.79676051e-04
  0.24842989   0.07623766   0.96564507  5.01987402e-04
 -0.21707721   0.25160580  -0.94317125  4.56875979e-04
