20
-1
1
 -0.63629527   0.77022245  -0.04342467  5.36160221e-04
  0.75545615  -0.09010597  -0.64897374  1.52812654e-04
  0.67748610  -0.72103929   0.14530979  3.11142216e-04
  0.12322041  -0.22454912   0.96664079  1.66569385e-04
 -0.19516646   0.72504340   0.66047114  1.60705684e-04
  0.33602132   0.58944078   0.73460822  2.61296638e-04
 -0.00425190  -0.57000895  -0.82162748  5.28593205e-04
  0.58598658  -0.73413966  -0.34301413  1.86159614e-04
 -0.65500760   0.06113117  -0.75314542  7.65336266e-04
  0.15344879  -0.34921117   0.92439441  1.50190968e-04
 -0.63630669   0.71865970   0.28043187  1.91670867e-04
  0.49164334   0.86901760  -0.05563483  1.50568934e-04
 -0.84776353  -0.46407440   0.25677217  3.22807227e-04
  0.79628616  -0.17803093  -0.57812917  4.25999718e-04
  0.46485664   0.20062366  -0.86235634  2.83091271e-04
  0.36211992  -0.42640906  -0.82888146  1.93101894e-04
  0.32579823  -0.87356209  -0.36158649  1.91268634e-04
 -0.58728085  -0.67818731   0.44177276  3.47243435e-04
  0.50089902  -0.30868910  -0.80858593  8.27159321e-04
 -0.66204478   0.10023586   0.74273110  2.70737859e-04
