50
-1
1
  0.26489275   0.93351717   0.24161442  1.81888960e-04
  0.93441903   0.05438824   0.35199857  2.15950859e-04
  0.68863148   0.33197168  -0.64465610  1.63536024e-04
  0.50746067  -0.24238410   0.82688187  2.00201067e-04
 -0.78910906  -0.33439809  -0.51525218  3.03134538e-04
  0.25788148  -0.16378596  -0.95219289  4.70395896e-04
  0.45878314   0.76545022  -0.45122499  2.75392455e-04
 -0.75329813   0.64467345  -0.13014630  2.78702036e-04
 -0.90841567   0.06950741  -0.41224955  1.59074488e-04
  0.71238776   0.44227529   0.54488186  1.78343646e-04
 -0.02391273  -0.84739341  -0.53042680  2.29496256e-04
  0.58062055  -0.51563422   0.63008026  1.85064330e-04
 -0.89606974   0.10634527  -0.43098689  1.59719328e-04
 -0.88804714   0.18117461  -0.42254944  2.52914407e-04
  0.49880055   0.81441047   0.29653600  2.45780933e-04
  0.46006097   0.40204112  -0.79164818  2.27663459e-04
 -0.94172175  -0.08768752   0.32476307  2.42003329e-04
 -0.39184355  -0.82026520   0.41668169  1.53429448e-04
  0.44918342   0.81744903  -0.36057084  1.76609971e-04
  0.65454446   0.15524200  -0.73991315  4.76175275e-04
  0.57714256   0.78972664   0.20793821  1.98821425e-04
  0.77117451   0.63655311  -0.00948765  2.70828222e-04
 -0.28530357  -0.15901835   0.94515345  5.59925786e-04
 -0.81302871   0.35327197  -0.46279934  5.43050713e-04
 -0.77693305   0.02597405  -0.62904720  3.50400409e-04
  0.56509386   0.49436627  -0.66050808  1.51479589e-04
  0.07080799   0.84221294   0.53447506  8.60739470e-04
  0.99497773   0.02853821   0.09594207  1.91063037e-04
  0.32756284   0.94298231  -0.05905038  2.74383044e-04
 -0.36382915  -0.87373294  -0.32282982  3.08742200e-04
 -0.81892528  -0.49622365  -0.28831143  1.85645991e-04
 -0.72188011   0.09350036   0.68567251  1.58065004e-04
 -0.08186876   0.85704612   0.50869387  4.74343615e-04
  0.31342687  -0.75431370  -0.57686605  2.23374167e-04
 -0.98098003  -0.19377447  -0.01138563  3.74984860e-04
 -0.78064285   0.33802864  -0.52567421  3.78060998e-04
 -0.48303998   0.87167318  -0.08281453  4.35221175e-04
 -0.49213236  -0.67534103  -0.54929066  2.13236414e-04
  0.86916481   0.41369489   0.27094109  1.90212398e-04
  0.11010119   0.95168369   0.28666337  1.51870410e-04
  0.15028349   0.41665684   0.89655560  4.43979709e-04
  0.43544363   0.08733269   0.89596978  2.33210458e-04
 -0.30957672  -0.60958888   0.72976959  6.79373262e-04
 -0.73454716   0.67632817   0.05496069  2.34496792e-04
 -0.76835453   0.24328693  -0.59198209  1.75730987e-04
  0.42083606  -0.86616258   0.26955407  3.55128727e-04
 -0.93820140   0.14772409  -0.31297881  7.49212142e-04
 -0.73988045  -0.54616218   0.39278976  1.93771817e-04
  0.93006204   0.35534616   0.09334730  2.69948785e-04
  0.36959948  -0.89166293  -0.26140668  6.27857088e-04
