50
 -1.1407996218300525E+00 -2.3170985309886123E+00 3.8420614944644871E-01
 8.7480564058973493E-03 -6.0354525970497371E-03 -1.7995749903936045E-03
0
0.0
 -1.1407996218300525E+00 -2.3170985309886123E+00 3.8420614944644871E-01
 8.5496232014192781E-03 -5.9922134004835410E-03 -1.6336498756653727E-03
0
0.0
 -1.1407996218300525E+00 -2.3170985309886123E+00 3.8420614944644871E-01
 8.8315491501951577E-03 -5.9424359393905734E-03 -1.9302340259540181E-03
0
0.0
 -1.1407996218300525E+00 -2.3170985309886123E+00 3.8420614944644871E-01
 8.9652256059742225E-03 -5.9796352458031093E-03 -1.8334778490336923E-03
0
0.0
 -1.1407996218300525E+00 -2.3170985309886123E+00 3.8420614944644871E-01
 8.6995506863026921E-03 -5.8996704543382737E-03 -1.6795304446142719E-03
0
0.0
 -1.1407996218300525E+00 -2.3170985309886123E+00 3.8420614944644871E-01
 8.7183286637887922E-03 -5.8225231255172498E-03 -1.7612908625081237E-03
0
0.0
 -1.1407996218300525E+00 -2.3170985309886123E+00 3.8420614944644871E-01
 8.6426375554359280E-03 -5.9340990883543420E-03 -1.6272159904564092E-03
0
0.0
 -1.1407996218300525E+00 -2.3170985309886123E+00 3.8420614944644871E-01
 8.8166335650050678E-03 -5.9633601937102623E-03 -1.6508909274698938E-03
0
0.0
 -1.1407996218300525E+00 -2.3170985309886123E+00 3.8420614944644871E-01
 8.7361385384386488E-03 -6.2256006881500981E-03 -1.5384314351414676E-03
0
0.0
 -1.1407996218300525E+00 -2.3170985309886123E+00 3.8420614944644871E-01
 8.8067612697195138E-03 -5.6360151670324160E-03 -1.6984018522850182E-03
0
0.0
 -1.1407996218300525E+00 -2.3170985309886123E+00 3.8420614944644871E-01
 8.7305699533158695E-03 -6.0003309247278272E-03 -1.3990860346056963E-03
0
0.0
 -1.1407996218300525E+00 -2.3170985309886123E+00 3.8420614944644871E-01
 8.6635686736168671E-03 -5.7693636791967089E-03 -1.7980134777812432E-03
0
0.0
 -1.1407996218300525E+00 -2.3170985309886123E+00 3.8420614944644871E-01
 8.8068163417818653E-03 -5.9160454115878298E-03 -1.6443458783872054E-03
0
0.0
 -1.1407996218300525E+00 -2.3170985309886123E+00 3.8420614944644871E-01
 8.7266807219865718E-03 -5.9507861421343742E-03 -1.4803251229795384E-03
0
0.0
 -1.1407996218300525E+00 -2.3170985309886123E+00 3.8420614944644871E-01
 9.0362027471691028E-03 -6.0538652843134064E-03 -1.7112416617410620E-03
0
0.0
 -1.1407996218300525E+00 -2.3170985309886123E+00 3.8420614944644871E-01
 8.8733636785177927E-03 -5.9276337819015573E-03 -1.5914462566074066E-03
0
0.0
 -1.1407996218300525E+00 -2.3170985309886123E+00 3.8420614944644871E-01
 8.8839283948618786E-03 -5.9333662654849281E-03 -1.6491750095290198E-03
0
0.0
 -1.1407996218300525E+00 -2.3170985309886123E+00 3.8420614944644871E-01
 8.7883909149641930E-03 -5.7071452623160615E-03 -1.6680682433387278E-03
0
0.0
 -1.1407996218300525E+00 -2.3170985309886123E+00 3.8420614944644871E-01
 8.8634108780620315E-03 -5.9693860560936854E-03 -1.3235114413620117E-03
0
0.0
 -1.1407996218300525E+00 -2.3170985309886123E+00 3.8420614944644871E-01
 8.7569685630114729E-03 -5.8362197821719237E-03 -1.8526362577704221E-03
0
0.0
 -1.1407996218300525E+00 -2.3170985309886123E+00 3.8420614944644871E-01
 8.6040535230943287E-03 -5.6964324033154119E-03 -1.4946886102420291E-03
0
0.0
 -1.1407996218300525E+00 -2.3170985309886123E+00 3.8420614944644871E-01
 8.8525730418693785E-03 -5.9341286586683823E-03 -1.7377047403847592E-03
0
0.0
 -1.1407996218300525E+00 -2.3170985309886123E+00 3.8420614944644871E-01
 8.5268152828746908E-03 -5.7346017454747043E-03 -1.5820613013900729E-03
0
0.0
 -1.1407996218300525E+00 -2.3170985309886123E+00 3.8420614944644871E-01
 8.7602928175204500E-03 -5.8354635998827606E-03 -1.8094562464292749E-03
0
0.0
 -1.1407996218300525E+00 -2.3170985309886123E+00 3.8420614944644871E-01
 8.8602663180517068E-03 -5.7979059520128660E-03 -1.7119465821058071E-03
0
0.0
 -1.1407996218300525E+00 -2.3170985309886123E+00 3.8420614944644871E-01
 8.7873402746614926E-03 -6.0186200184884952E-03 -1.5969647756798680E-03
0
0.0
 -1.1407996218300525E+00 -2.3170985309886123E+00 3.8420614944644871E-01
 8.7630919712150517E-03 -5.9765907748895687E-03 -1.3337678597947081E-03
0
0.0
 -1.1407996218300525E+00 -2.3170985309886123E+00 3.8420614944644871E-01
 8.5490274496436095E-03 -5.7775874594004654E-03 -1.6024374621256413E-03
0
0.0
 -1.1407996218300525E+00 -2.3170985309886123E+00 3.8420614944644871E-01
 8.5632905474935760E-03 -5.9956634748850506E-03 -1.8037140069878232E-03
0
0.0
 -1.1407996218300525E+00 -2.3170985309886123E+00 3.8420614944644871E-01
 8.8902704927047681E-03 -6.0600098746031849E-03 -1.3428978205273149E-03
0
0.0
 -1.1407996218300525E+00 -2.3170985309886123E+00 3.8420614944644871E-01
 8.8779650917953281E-03 -5.9732205304615068E-03 -1.7185605884379512E-03
0
0.0
 -1.1407996218300525E+00 -2.3170985309886123E+00 3.8420614944644871E-01
 8.6050235921626434E-03 -6.0651724312933922E-03 -1.6427888374741012E-03
0
0.0
 -1.1407996218300525E+00 -2.3170985309886123E+00 3.8420614944644871E-01
 8.8174494481765495E-03 -5.8742582582221679E-03 -1.6614782525419807E-03
0
0.0
 -1.1407996218300525E+00 -2.3170985309886123E+00 3.8420614944644871E-01
 8.7472168230722357E-03 -5.9299604560373170E-03 -1.5782485179584556E-03
0
0.0
 -1.1407996218300525E+00 -2.3170985309886123E+00 3.8420614944644871E-01
 8.5691095121980636E-03 -5.8358570373452257E-03 -1.5591829244737234E-03
0
0.0
 -1.1407996218300525E+00 -2.3170985309886123E+00 3.8420614944644871E-01
 8.7686694816080882E-03 -5.8086489476259504E-03 -1.6531056846373622E-03
0
0.0
 -1.1407996218300525E+00 -2.3170985309886123E+00 3.8420614944644871E-01
 8.5740018839086021E-03 -5.9401175937745998E-03 -1.5123573454840415E-03
0
0.0
 -1.1407996218300525E+00 -2.3170985309886123E+00 3.8420614944644871E-01
 8.5937205092141873E-03 -6.0756017219013303E-03 -1.4865468267809328E-03
0
0.0
 -1.1407996218300525E+00 -2.3170985309886123E+00 3.8420614944644871E-01
 8.8966848265279782E-03 -5.8407146302690291E-03 -1.6115878690499156E-03
0
0.0
 -1.1407996218300525E+00 -2.3170985309886123E+00 3.8420614944644871E-01
 8.7531220893548485E-03 -5.9658411069621990E-03 -1.7602923042086055E-03
0
0.0
 -1.1407996218300525E+00 -2.3170985309886123E+00 3.8420614944644871E-01
 9.0240579898337950E-03 -5.8138012201263741E-03 -1.8339915679733698E-03
0
0.0
 -1.1407996218300525E+00 -2.3170985309886123E+00 3.8420614944644871E-01
 8.7790477524627604E-03 -5.9508951239147477E-03 -1.6331216260763626E-03
0
0.0
 -1.1407996218300525E+00 -2.3170985309886123E+00 3.8420614944644871E-01
 8.5851357929316845E-03 -6.0973669343396550E-03 -1.6027483760142657E-03
0
0.0
 -1.1407996218300525E+00 -2.3170985309886123E+00 3.8420614944644871E-01
 8.8439684800760976E-03 -5.8315839277228833E-03 -1.7010611390122137E-03
0
0.0
 -1.1407996218300525E+00 -2.3170985309886123E+00 3.8420614944644871E-01
 8.7841899716212916E-03 -6.0722692671057142E-03 -1.4106413480190951E-03
0
0.0
 -1.1407996218300525E+00 -2.3170985309886123E+00 3.8420614944644871E-01
 9.0340296556152798E-03 -5.8369346199237532E-03 -1.7090028616352560E-03
0
0.0
 -1.1407996218300525E+00 -2.3170985309886123E+00 3.8420614944644871E-01
 8.8869046297199508E-03 -5.9874252966540210E-03 -1.4653365445354172E-03
0
0.0
 -1.1407996218300525E+00 -2.3170985309886123E+00 3.8420614944644871E-01
 8.8435341569168529E-03 -5.9914352420914552E-03 -1.6019415855817647E-03
0
0.0
 -1.1407996218300525E+00 -2.3170985309886123E+00 3.8420614944644871E-01
 8.6877423341937630E-03 -6.1289973227647981E-03 -1.5902572243053504E-03
0
0.0
 -1.1407996218300525E+00 -2.3170985309886123E+00 3.8420614944644871E-01
 9.0276359271176006E-03 -6.0829416412998740E-03 -1.7769618359995394E-03
0
0.0
