20
-1
1
 -0.67441986   0.45942524   0.57800199  1.53680972e-04
 -0.72139757  -0.65364109   0.22877692  2.14174411e-04
 -0.83662263  -0.34659745  -0.42418485  3.83614400e-04
 -0.64853935  -0.49481068   0.57841085  2.15739295e-04
 -0.84640395  -0.15274702   0.51016537  2.08167126e-04
  0.43809020   0.56829875  -0.69650090  2.83003310e-04
 -0.24054694   0.95320876   0.18311260  1.57690347e-04
  0.31849992  -0.37392397  -0.87105606  1.91133092e-04
 -0.15430898  -0.77348078   0.61474891  2.80908429e-04
 -0.29939195   0.78229220   0.54624479  4.06222833e-04
  0.14025020  -0.83003113  -0.53979460  3.65465215e-04
  0.10337931  -0.59703622  -0.79552528  7.93884468e-04
 -0.49627923  -0.86451759   0.07947489  4.54062433e-04
  0.85720250   0.05582304   0.51194499  1.70396382e-04
  0.85560986   0.23360290   0.46191065  5.62820394e-04
 -0.60124014  -0.68284424  -0.41501088  2.47355941e-04
  0.05937846   0.95327104   0.29622378  5.16239392e-04
 -0.20840300  -0.79606465   0.56819826  5.21747337e-04
  0.64421333  -0.76264142  -0.05802801  4.57763703e-04
 -0.97514183   0.04356562  -0.21725665  2.18239172e-04
