20
 -1.1407996218300525E+00 -2.3170985309886123E+00 3.8420614944644871E-01
 8.9260233863333108E-03 -5.8986126472068499E-03 -1.7248236973499086E-03
0
0.0
 -1.1407996218300525E+00 -2.3170985309886123E+00 3.8420614944644871E-01
 8.6831428725102494E-03 -6.0501891113661803E-03 -1.4879594752719920E-03
0
0.0
 -1.1407996218300525E+00 -2.3170985309886123E+00 3.8420614944644871E-01
 8.7975376553595455E-03 -6.0485279512817770E-03 -1.5647342549040479E-03
0
0.0
 -1.1407996218300525E+00 -2.3170985309886123E+00 3.8420614944644871E-01
 8.7413285440711905E-03 -5.9861208873528389E-03 -1.6039692556452977E-03
0
0.0
 -1.1407996218300525E+00 -2.3170985309886123E+00 3.8420614944644871E-01
 8.7656849730301124E-03 -5.8681962743672130E-03 -1.7025207380829317E-03
0
0.0
 -1.1407996218300525E+00 -2.3170985309886123E+00 3.8420614944644871E-01
 8.6714880791270849E-03 -6.0979376908888716E-03 -1.6402980251762759E-03
0
0.0
 -1.1407996218300525E+00 -2.3170985309886123E+00 3.8420614944644871E-01
 8.7506421740510716E-03 -5.7659532546893676E-03 -1.6534149693313524E-03
0
0.0
 -1.1407996218300525E+00 -2.3170985309886123E+00 3.8420614944644871E-01
 8.7301907447634459E-03 -5.9521324298369045E-03 -1.5908463522922617E-03
0
0.0
 -1.1407996218300525E+00 -2.3170985309886123E+00 3.8420614944644871E-01
 8.8010090067839244E-03 -5.7911575850312274E-03 -1.3627413920506946E-03
0
0.0
 -1.1407996218300525E+00 -2.3170985309886123E+00 3.8420614944644871E-01
 8.9712538257495991E-03 -5.9306550216578439E-03 -1.4254821157696131E-03
0
0.0
 -1.1407996218300525E+00 -2.3170985309886123E+00 3.8420614944644871E-01
 8.6554204290984846E-03 -5.9807285097082663E-03 -1.6093810216844791E-03
0
0.0
 -1.1407996218300525E+00 -2.3170985309886123E+00 3.8420614944644871E-01
 8.7212182942696063E-03 -5.8895350998128104E-03 -1.5946400132916916E-03
0
0.0
 -1.1407996218300525E+00 -2.3170985309886123E+00 3.8420614944644871E-01
 8.7767871420370708E-03 -5.9135496868087415E-03 -1.5879005932832608E-03
0
0.0
 -1.1407996218300525E+00 -2.3170985309886123E+00 3.8420614944644871E-01
 8.7625461937199823E-03 -5.8880381811942922E-03 -1.5315504005729769E-03
0
0.0
 -1.1407996218300525E+00 -2.3170985309886123E+00 3.8420614944644871E-01
 8.7097897523993086E-03 -5.8714492733750396E-03 -1.6241472659421906E-03
0
0.0
 -1.1407996218300525E+00 -2.3170985309886123E+00 3.8420614944644871E-01
 8.7334185375866642E-03 -5.8965693744718979E-03 -1.5576290777368810E-03
0
0.0
 -1.1407996218300525E+00 -2.3170985309886123E+00 3.8420614944644871E-01
 8.8117623316620042E-03 -5.9446140270641443E-03 -1.6266080673912407E-03
0
0.0
 -1.1407996218300525E+00 -2.3170985309886123E+00 3.8420614944644871E-01
 8.9717321858872896E-03 -5.8671065445909292E-03 -1.7635165374810630E-03
0
0.0
 -1.1407996218300525E+00 -2.3170985309886123E+00 3.8420614944644871E-01
 8.4671249082407998E-03 -5.8053736622887481E-03 -1.6249347012795986E-03
0
0.0
 -1.1407996218300525E+00 -2.3170985309886123E+00 3.8420614944644871E-01
 8.8850978809675799E-03 -5.7838011455047375E-03 -1.5822844190612033E-03
0
0.0
