20
-1
1
  0.58598296  -0.30193118   0.75197177  2.04849869e-04
 -0.11506325  -0.36177188  -0.92513867  1.47067490e-04
  0.62236392  -0.59677166  -0.50648469  4.34842069e-04
 -0.05647238   0.42929037   0.90139927  1.78119667e-04
  0.00811175   0.05165836   0.99863187  5.27995832e-04
 -0.20097829  -0.87561983   0.43920113  1.60494120e-04
  0.72158836  -0.63779863  -0.26930123  1.62746507e-04
  0.64273021   0.50024299   0.58021963  1.87056167e-04
  0.57424226  -0.67742248   0.45972233  1.50988645e-04
 -0.89667708  -0.43624045   0.07526275  1.60126731e-04
 -0.51239418   0.47174013   0.71757470  1.45545971e-04
  0.89021133  -0.35572668  -0.28457392  4.89613513e-04
  0.62758381  -0.74763391  -0.21721443  1.69211568e-04
  0.79569327  -0.53005336   0.29311373  4.07470644e-04
 -0.27930164   0.91457249   0.29248547  3.74711549e-04
  0.34259298   0.89935059  -0.27165892  1.62523667e-04
  0.27295911  -0.23281547   0.93342931  1.82130361e-04
  0.28034595  -0.80956050   0.51576927  2.56026403e-04
 -0.52621627   0.76140180  -0.37863405  1.88211452e-04
  0.06601969  -0.10138370   0.99265439  6.75102634e-04
