20
 -1.1407996218300525E+00 -2.3170985309886123E+00 3.8420614944644871E-01
 8.6878505200775578E-03 -5.7692861253221669E-03 -1.6678081403800956E-03
0
0.0
 -1.1407996218300525E+00 -2.3170985309886123E+00 3.8420614944644871E-01
 8.7413061439002744E-03 -5.9472485684335004E-03 -1.6614152779899510E-03
0
0.0
 -1.1407996218300525E+00 -2.3170985309886123E+00 3.8420614944644871E-01
 8.6450667492796156E-03 -5.8678146381079214E-03 -1.3345946076062801E-03
0
0.0
 -1.1407996218300525E+00 -2.3170985309886123E+00 3.8420614944644871E-01
 8.7638244085627530E-03 -5.9013754126851616E-03 -1.5400885563673231E-03
0
0.0
 -1.1407996218300525E+00 -2.3170985309886123E+00 3.8420614944644871E-01
 8.8042002175936652E-03 -5.9402500393642014E-03 -1.5641526207370005E-03
0
0.0
 -1.1407996218300525E+00 -2.3170985309886123E+00 3.8420614944644871E-01
 8.7869879677026867E-03 -5.8904182673732448E-03 -1.6297218284314554E-03
0
0.0
 -1.1407996218300525E+00 -2.3170985309886123E+00 3.8420614944644871E-01
 8.8953853921488295E-03 -5.8230493354454460E-03 -1.4173984532769729E-03
0
0.0
 -1.1407996218300525E+00 -2.3170985309886123E+00 3.8420614944644871E-01
 8.7543226293641321E-03 -5.7759530214784140E-03 -1.6750126775893087E-03
0
0.0
 -1.1407996218300525E+00 -2.3170985309886123E+00 3.8420614944644871E-01
 8.6980905717543040E-03 -6.0822029399199102E-03 -1.7942899898842493E-03
0
0.0
 -1.1407996218300525E+00 -2.3170985309886123E+00 3.8420614944644871E-01
 8.7143214993140299E-03 -5.8837996004343683E-03 -1.6472737954244788E-03
0
0.0
 -1.1407996218300525E+00 -2.3170985309886123E+00 3.8420614944644871E-01
 8.8231873451004913E-03 -5.8324759842297621E-03 -1.7997967202000597E-03
0
0.0
 -1.1407996218300525E+00 -2.3170985309886123E+00 3.8420614944644871E-01
 8.7125542749933987E-03 -5.8692438531526463E-03 -1.4752575990353485E-03
0
0.0
 -1.1407996218300525E+00 -2.3170985309886123E+00 3.8420614944644871E-01
 8.8531450077604518E-03 -5.7830704996787823E-03 -1.9021791642389557E-03
0
0.0
 -1.1407996218300525E+00 -2.3170985309886123E+00 3.8420614944644871E-01
 8.6332974372970404E-03 -6.0627989050693861E-03 -1.8155626190586624E-03
0
0.0
 -1.1407996218300525E+00 -2.3170985309886123E+00 3.8420614944644871E-01
 8.8320535004702966E-03 -6.1061919575652601E-03 -1.7178630719592118E-03
0
0.0
 -1.1407996218300525E+00 -2.3170985309886123E+00 3.8420614944644871E-01
 8.6889439578882299E-03 -5.8926565265167959E-03 -1.6534388118332167E-03
0
0.0
 -1.1407996218300525E+00 -2.3170985309886123E+00 3.8420614944644871E-01
 8.6588130144404623E-03 -5.6395161187420282E-03 -1.6618692390043648E-03
0
0.0
 -1.1407996218300525E+00 -2.3170985309886123E+00 3.8420614944644871E-01
 8.8229636069298324E-03 -5.7183859229628766E-03 -1.3390378934290024E-03
0
0.0
 -1.1407996218300525E+00 -2.3170985309886123E+00 3.8420614944644871E-01
 8.8536496176722310E-03 -5.9300324466623625E-03 -1.8178455304106579E-03
0
0.0
 -1.1407996218300525E+00 -2.3170985309886123E+00 3.8420614944644871E-01
 8.7989646977322481E-03 -5.8367845473832969E-03 -1.8873152420645254E-03
0
0.0
