50
-1
1
 -0.29617346   0.50344162   0.81168209  2.07079966e-04
 -0.38828385   0.88320526   0.26302875  7.85235428e-04
 -0.83590114  -0.18386806  -0.51716711  2.00275755e-04
 -0.00511508  -0.57876752  -0.81547655  3.19133587e-04
  0.22407188   0.97119866  -0.08102441  7.14396350e-04
 -0.43393257  -0.66981344   0.60253836  1.64923970e-04
 -0.59486574  -0.73350193   0.32880033  1.53428038e-04
  0.69202401   0.04655734  -0.72037156  1.81057424e-04
 -0.26414998   0.94188119  -0.20756833  1.76544618e-04
  0.26579967  -0.18578873  -0.94595617  3.09340858e-04
  0.62561262   0.57405842   0.52826677  3.84327733e-04
  0.84002722   0.12711322   0.52744337  2.91090991e-04
 -0.35983806   0.92576176  -0.11611085  2.78271997e-04
  0.82885869   0.29158418   0.47746407  1.58445611e-04
  0.58353547   0.01165524   0.81200401  3.21017706e-04
  0.51032624   0.62101982  -0.59489622  1.47792211e-04
 -0.09766785  -0.77771810   0.62097951  3.20776564e-04
 -0.64660052   0.36982100   0.66718828  3.84170430e-04
 -0.14847397  -0.84042538  -0.52119159  4.11233567e-04
  0.52213182   0.46619759   0.71416957  2.24855688e-04
  0.96179271   0.27377627   0.00115682  1.67593174e-04
  0.03574659  -0.87775136  -0.47778106  2.16141233e-04
  0.56528713   0.38154012   0.73135327  4.22228540e-04
  0.98435732   0.08772245   0.15279213  1.97835280e-04
  0.80773383   0.27582311  -0.52104479  1.54122326e-04
 -0.27485176   0.74987231  -0.60178736  3.91270245e-04
  0.12709595   0.22037172  -0.96710027  4.27482507e-04
 -0.67622733   0.36504793   0.63988796  3.22499624e-04
  0.73198957  -0.13505996   0.66779494  2.95368175e-04
  0.63304151  -0.29832876  -0.71432374  2.21717280e-04
 -0.23132743  -0.97231706   0.03297194  2.87141661e-04
  0.33823410   0.71548427  -0.61129367  1.84932289e-04
 -0.17164411  -0.78652623  -0.59322406  2.64884334e-04
  0.73850208  -0.02211474   0.67388843  4.01934834e-04
  0.27476927  -0.21385251  -0.93742677  3.84966473e-04
  0.19247017  -0.87483313  -0.44454722  3.51579164e-04
  0.45796645  -0.61316278  -0.64365995  2.55310993e-04
  0.36033307   0.92914009   0.08281772  1.82165808e-04
 -0.50859480   0.73922772   0.44144502  1.54867796e-04
 -0.42233551  -0.49970773   0.75625717  1.78115169e-04
  0.07414469  -0.69037591  -0.71964134  1.47838587e-04
 -0.78228488   0.60204229   0.15992324  1.98118442e-04
 -0.73640155   0.41251987   0.53622768  2.86582046e-04
 -0.01614981  -0.28651324  -0.95794016  1.53704811e-04
  0.04360361   0.61172675  -0.78986651  1.50530651e-04
  0.36699535   0.89104974  -0.26710444  1.48807186e-04
  0.35201082  -0.61094805  -0.70910568  2.76544913e-04
  0.36847373   0.87580461  -0.31175855  2.00548803e-04
 -0.72418138   0.63844393  -0.26067352  2.90415045e-04
  0.42021688   0.01710486   0.90726247  1.63184586e-04
