50
 -1.1407996218300525E+00 -2.3170985309886123E+00 3.8420614944644871E-01
 8.7747798189319048E-03 -5.9245025378279904E-03 -1.6726065064432785E-03
0
0.0
 -1.1407996218300525E+00 -2.3170985309886123E+00 3.8420614944644871E-01
 8.8978652435461845E-03 -6.0087903286638131E-03 -1.6495138850827890E-03
0
0.0
 -1.1407996218300525E+00 -2.3170985309886123E+00 3.8420614944644871E-01
 8.6690316091946190E-03 -5.7517213934428464E-03 -1.7753212705246433E-03
0
0.0
 -1.1407996218300525E+00 -2.3170985309886123E+00 3.8420614944644871E-01
 8.7520957335508551E-03 -5.9366709828148163E-03 -1.4244568644525527E-03
0
0.0
 -1.1407996218300525E+00 -2.3170985309886123E+00 3.8420614944644871E-01
 8.7502413183758593E-03 -5.9617330877123559E-03 -1.7185706370141959E-03
0
0.0
 -1.1407996218300525E+00 -2.3170985309886123E+00 3.8420614944644871E-01
 9.1120398161322128E-03 -5.8203926124416319E-03 -1.5906506657346238E-03
0
0.0
 -1.1407996218300525E+00 -2.3170985309886123E+00 3.8420614944644871E-01
 8.8495032983566865E-03 -5.6761534178300706E-03 -1.7401260737366748E-03
0
0.0
 -1.1407996218300525E+00 -2.3170985309886123E+00 3.8420614944644871E-01
 8.6744932649485875E-03 -5.8080775583340370E-03 -1.8766760546245500E-03
0
0.0
 -1.1407996218300525E+00 -2.3170985309886123E+00 3.8420614944644871E-01
 8.7812812281008335E-03 -5.9842402974491270E-03 -1.6481688578344009E-03
0
0.0
 -1.1407996218300525E+00 -2.3170985309886123E+00 3.8420614944644871E-01
 8.5552514965893563E-03 -6.0334910323290329E-03 -1.3978659280517592E-03
0
0.0
 -1.1407996218300525E+00 -2.3170985309886123E+00 3.8420614944644871E-01
 8.9446036033537547E-03 -6.0280172157415740E-03 -1.8845289407346381E-03
0
0.0
 -1.1407996218300525E+00 -2.3170985309886123E+00 3.8420614944644871E-01
 8.7749854171476488E-03 -5.9062187144219421E-03 -1.5122378042040857E-03
0
0.0
 -1.1407996218300525E+00 -2.3170985309886123E+00 3.8420614944644871E-01
 8.8477517988910358E-03 -6.0548692269406564E-03 -1.5464437331502289E-03
0
0.0
 -1.1407996218300525E+00 -2.3170985309886123E+00 3.8420614944644871E-01
 8.6959836511579149E-03 -5.8725629679902249E-03 -1.5979833721581529E-03
0
0.0
 -1.1407996218300525E+00 -2.3170985309886123E+00 3.8420614944644871E-01
 8.9289526260462378E-03 -5.9854186423905073E-03 -1.5141074667949872E-03
0
0.0
 -1.1407996218300525E+00 -2.3170985309886123E+00 3.8420614944644871E-01
 8.8061581814022696E-03 -5.9421638333046764E-03 -1.6370929361879706E-03
0
0.0
 -1.1407996218300525E+00 -2.3170985309886123E+00 3.8420614944644871E-01
 8.6415942849263870E-03 -5.7929418093958743E-03 -1.5912680411938136E-03
0
0.0
 -1.1407996218300525E+00 -2.3170985309886123E+00 3.8420614944644871E-01
 8.6583690106714975E-03 -6.1073932416020604E-03 -1.5758817338440555E-03
0
0.0
 -1.1407996218300525E+00 -2.3170985309886123E+00 3.8420614944644871E-01
 8.8216685260080491E-03 -5.9797594971427526E-03 -1.7508365882994751E-03
0
0.0
 -1.1407996218300525E+00 -2.3170985309886123E+00 3.8420614944644871E-01
 8.8409549132322327E-03 -5.8754343113112629E-03 -1.6600849656741427E-03
0
0.0
 -1.1407996218300525E+00 -2.3170985309886123E+00 3.8420614944644871E-01
 8.9023348046489113E-03 -5.7300156968990799E-03 -1.5017820061309704E-03
0
0.0
 -1.1407996218300525E+00 -2.3170985309886123E+00 3.8420614944644871E-01
 8.4598717787195462E-03 -5.8945807323431080E-03 -1.5530332493819969E-03
0
0.0
 -1.1407996218300525E+00 -2.3170985309886123E+00 3.8420614944644871E-01
 8.7451944579660258E-03 -5.9904421038116749E-03 -1.6801604648157093E-03
0
0.0
 -1.1407996218300525E+00 -2.3170985309886123E+00 3.8420614944644871E-01
 8.7134391248306388E-03 -5.8561783259342770E-03 -1.5878549015204218E-03
0
0.0
 -1.1407996218300525E+00 -2.3170985309886123E+00 3.8420614944644871E-01
 8.9379983847016238E-03 -6.0695345876888608E-03 -1.7280061690654516E-03
0
0.0
 -1.1407996218300525E+00 -2.3170985309886123E+00 3.8420614944644871E-01
 8.8672792512034821E-03 -5.9117056368452126E-03 -1.5773029022993820E-03
0
0.0
 -1.1407996218300525E+00 -2.3170985309886123E+00 3.8420614944644871E-01
 8.5571662108752319E-03 -5.6935136044748572E-03 -1.6429220722042320E-03
0
0.0
 -1.1407996218300525E+00 -2.3170985309886123E+00 3.8420614944644871E-01
 8.6768990963886281E-03 -5.9000308767214998E-03 -1.7041513464475687E-03
0
0.0
 -1.1407996218300525E+00 -2.3170985309886123E+00 3.8420614944644871E-01
 8.6911197735299421E-03 -5.7624204718687800E-03 -1.7059256509894341E-03
0
0.0
 -1.1407996218300525E+00 -2.3170985309886123E+00 3.8420614944644871E-01
 8.5608254832730546E-03 -5.9826029912922419E-03 -1.7104108322567369E-03
0
0.0
 -1.1407996218300525E+00 -2.3170985309886123E+00 3.8420614944644871E-01
 8.6665163992464718E-03 -5.9379799447381388E-03 -1.6251747953179624E-03
0
0.0
 -1.1407996218300525E+00 -2.3170985309886123E+00 3.8420614944644871E-01
 8.8202069931939530E-03 -5.8515761561346311E-03 -1.5673888155720494E-03
0
0.0
 -1.1407996218300525E+00 -2.3170985309886123E+00 3.8420614944644871E-01
 8.6579993182189837E-03 -5.8128527310051309E-03 -1.5515018610760326E-03
0
0.0
 -1.1407996218300525E+00 -2.3170985309886123E+00 3.8420614944644871E-01
 8.6675944084740400E-03 -6.1227106884087839E-03 -1.7339810136711565E-03
0
0.0
 -1.1407996218300525E+00 -2.3170985309886123E+00 3.8420614944644871E-01
 8.6900214562888444E-03 -5.9667265986159783E-03 -1.5858139644215757E-03
0
0.0
 -1.1407996218300525E+00 -2.3170985309886123E+00 3.8420614944644871E-01
 8.8110744848070438E-03 -6.1616977408559303E-03 -1.4791629059624223E-03
0
0.0
 -1.1407996218300525E+00 -2.3170985309886123E+00 3.8420614944644871E-01
 8.9093941125784840E-03 -5.8226494644852680E-03 -1.5999549438017095E-03
0
0.0
 -1.1407996218300525E+00 -2.3170985309886123E+00 3.8420614944644871E-01
 8.7861648521351081E-03 -5.6759289465533273E-03 -1.6859291789268719E-03
0
0.0
 -1.1407996218300525E+00 -2.3170985309886123E+00 3.8420614944644871E-01
 8.9006293588860634E-03 -5.7175009863446626E-03 -1.6238761356590894E-03
0
0.0
 -1.1407996218300525E+00 -2.3170985309886123E+00 3.8420614944644871E-01
 8.8051249906859318E-03 -5.8985460360627571E-03 -1.5364193777577246E-03
0
0.0
 -1.1407996218300525E+00 -2.3170985309886123E+00 3.8420614944644871E-01
 8.7226529189421559E-03 -5.8034855638948186E-03 -1.4265407480610435E-03
0
0.0
 -1.1407996218300525E+00 -2.3170985309886123E+00 3.8420614944644871E-01
 8.7844233750473261E-03 -5.9423776272736787E-03 -1.8170268953067834E-03
0
0.0
 -1.1407996218300525E+00 -2.3170985309886123E+00 3.8420614944644871E-01
 8.7737493282276265E-03 -5.9012962750302931E-03 -1.6321203590015905E-03
0
0.0
 -1.1407996218300525E+00 -2.3170985309886123E+00 3.8420614944644871E-01
 8.9650205541421842E-03 -6.1072136098171389E-03 -1.7830421163177613E-03
0
0.0
 -1.1407996218300525E+00 -2.3170985309886123E+00 3.8420614944644871E-01
 8.7765777230494144E-03 -5.7017519951439617E-03 -1.4685798008482705E-03
0
0.0
 -1.1407996218300525E+00 -2.3170985309886123E+00 3.8420614944644871E-01
 8.7334909941560856E-03 -6.0397147688526524E-03 -1.4416075582676931E-03
0
0.0
 -1.1407996218300525E+00 -2.3170985309886123E+00 3.8420614944644871E-01
 8.9594067566258345E-03 -5.7934169845679090E-03 -1.6485463098392264E-03
0
0.0
 -1.1407996218300525E+00 -2.3170985309886123E+00 3.8420614944644871E-01
 8.8192355444571477E-03 -6.0457082399584892E-03 -1.6608078203228633E-03
0
0.0
 -1.1407996218300525E+00 -2.3170985309886123E+00 3.8420614944644871E-01
 8.8792774077672727E-03 -5.9620261519428642E-03 -1.4397791954704920E-03
0
0.0
 -1.1407996218300525E+00 -2.3170985309886123E+00 3.8420614944644871E-01
 8.8056833427619819E-03 -5.9742865321986078E-03 -1.4206686649691955E-03
0
0.0
