20
 -1.1407996218300525E+00 -2.3170985309886123E+00 3.8420614944644871E-01
 8.6421654037761100E-03 -6.1784551701076487E-03 -1.5490166168407903E-03
0
0.0
 -1.1407996218300525E+00 -2.3170985309886123E+00 3.8420614944644871E-01
 8.8639077499957659E-03 -5.7543880657838315E-03 -1.5168726744110507E-03
0
0.0
 -1.1407996218300525E+00 -2.3170985309886123E+00 3.8420614944644871E-01
 8.7279556437845369E-03 -5.7078034353793619E-03 -1.6607338559897549E-03
0
0.0
 -1.1407996218300525E+00 -2.3170985309886123E+00 3.8420614944644871E-01
 8.7288240499224894E-03 -5.7603340381530586E-03 -1.3236042919799217E-03
0
0.0
 -1.1407996218300525E+00 -2.3170985309886123E+00 3.8420614944644871E-01
 8.6157610387016682E-03 -5.9357220000135942E-03 -1.4734181473902593E-03
0
0.0
 -1.1407996218300525E+00 -2.3170985309886123E+00 3.8420614944644871E-01
 8.7565702956107442E-03 -6.0903380775940682E-03 -1.5176633155485498E-03
0
0.0
 -1.1407996218300525E+00 -2.3170985309886123E+00 3.8420614944644871E-01
 8.6442491550793275E-03 -5.8062952894434982E-03 -1.7862149334892153E-03
0
0.0
 -1.1407996218300525E+00 -2.3170985309886123E+00 3.8420614944644871E-01
 8.8583221438114784E-03 -5.7574867303510080E-03 -1.5795608063739679E-03
0
0.0
 -1.1407996218300525E+00 -2.3170985309886123E+00 3.8420614944644871E-01
 8.8080744598045078E-03 -5.6017548895024721E-03 -1.5119095507817786E-03
0
0.0
 -1.1407996218300525E+00 -2.3170985309886123E+00 3.8420614944644871E-01
 8.8441379256607514E-03 -5.8355586745735535E-03 -1.6576410304883873E-03
0
0.0
 -1.1407996218300525E+00 -2.3170985309886123E+00 3.8420614944644871E-01
 8.8041609207634292E-03 -6.1420686399677790E-03 -1.6008233897702910E-03
0
0.0
 -1.1407996218300525E+00 -2.3170985309886123E+00 3.8420614944644871E-01
 8.6842446762666267E-03 -5.8329102877941515E-03 -1.3859585850792724E-03
0
0.0
 -1.1407996218300525E+00 -2.3170985309886123E+00 3.8420614944644871E-01
 8.6954649005258448E-03 -5.6536589547317561E-03 -1.6684378263857134E-03
0
0.0
 -1.1407996218300525E+00 -2.3170985309886123E+00 3.8420614944644871E-01
 8.7155177965858761E-03 -5.8426472158241757E-03 -1.7808940157637285E-03
0
0.0
 -1.1407996218300525E+00 -2.3170985309886123E+00 3.8420614944644871E-01
 8.8538352648917656E-03 -5.8583178145134134E-03 -1.7586923465525935E-03
0
0.0
 -1.1407996218300525E+00 -2.3170985309886123E+00 3.8420614944644871E-01
 8.7114262403650174E-03 -5.8179396209646732E-03 -1.6725623641257235E-03
0
0.0
 -1.1407996218300525E+00 -2.3170985309886123E+00 3.8420614944644871E-01
 8.8850498406829095E-03 -5.9722856921672739E-03 -1.6966248499429022E-03
0
0.0
 -1.1407996218300525E+00 -2.3170985309886123E+00 3.8420614944644871E-01
 9.0320067340089651E-03 -5.8341449141552293E-03 -1.5524298302380711E-03
0
0.0
 -1.1407996218300525E+00 -2.3170985309886123E+00 3.8420614944644871E-01
 8.7922779154316223E-03 -5.9295432509329990E-03 -1.5687990672067073E-03
0
0.0
 -1.1407996218300525E+00 -2.3170985309886123E+00 3.8420614944644871E-01
 8.7255214423838275E-03 -5.8337129641414312E-03 -1.6918938659885221E-03
0
0.0
