50
-1
1
  0.12844445   0.98726002  -0.09391314  7.22217184e-04
  0.75430417   0.65082407  -0.08633221  1.89509279e-04
 -0.58653423   0.03010947   0.80936458  1.92680893e-04
  0.12953167  -0.98721230  -0.09291625  1.91387623e-04
  0.74933801  -0.03577297   0.66122072  1.81906240e-04
  0.52441285  -0.84894164  -0.06549239  1.77427315e-04
  0.05547728  -0.90011153   0.43211283  8.55980570e-04
 -0.14715917   0.83863191   0.52444323  2.91055758e-04
 -0.74483840  -0.18430684  -0.64128523  2.13204914e-04
  0.32489479   0.75721002   0.56663600  4.15222420e-04
  0.54845440  -0.69510758  -0.46478299  2.21634072e-04
 -0.65114201   0.01146252  -0.75886935  3.02317154e-04
 -0.63478828  -0.47510836   0.60935694  2.55487865e-04
 -0.30317350  -0.81995794  -0.48554589  4.00847477e-04
  0.13970384   0.21939642   0.96558171  2.71761731e-04
 -0.37797224  -0.91216888   0.15838220  3.61804519e-04
  0.36621966  -0.88106275   0.29935195  2.20797000e-04
 -0.38863243   0.82596858  -0.40833901  4.01629705e-04
  0.03953848   0.83380163  -0.55064648  3.98679976e-04
 -0.34158167   0.86648746   0.36403494  1.50386183e-04
  0.63041813   0.77622272  -0.00716030  3.20134799e-04
  0.53803474   0.49438832   0.68271429  5.52837599e-04
  0.74754504  -0.65678634  -0.09903596  7.94912222e-04
  0.56574619   0.81303032   0.13752435  2.63015452e-04
  0.18730944  -0.95197020  -0.24221459  4.10318268e-04
  0.26500397  -0.12682094  -0.95587099  5.14954567e-04
  0.10894776  -0.91769619  -0.38205247  1.70581479e-04
 -0.63002880  -0.73864792   0.23971431  1.47753447e-04
 -0.83022898   0.43635880  -0.34685852  1.69296509e-04
  0.53268158   0.23385791  -0.81336389  2.73980925e-04
  0.26719673   0.02238735  -0.96338192  5.80676793e-04
 -0.47337400   0.55748095   0.68200591  1.85606465e-04
  0.99787661   0.05326346   0.03748713  1.59988655e-04
 -0.11801272   0.92141468   0.37022693  4.72592424e-04
 -0.33417065  -0.35170534   0.87443315  1.53098501e-04
  0.24251296  -0.64344635  -0.72606078  5.83832652e-04
  0.55383820   0.03142163   0.83203121  7.28320853e-04
  0.09325415   0.14031285   0.98570582  4.10911093e-04
  0.39901823   0.21096372  -0.89234453  2.29894556e-04
 -0.02670465  -0.33443767   0.94203944  3.03620620e-04
 -0.51251206  -0.28806794   0.80891795  2.19879333e-04
  0.79874257   0.57396224   0.18049282  3.92171108e-04
  0.80896886  -0.58742292  -0.02244309  5.05840619e-04
 -0.03201241   0.09473026  -0.99498813  4.15459032e-04
 -0.30139620  -0.87745955   0.37312875  2.08809012e-04
  0.22439962  -0.89933648   0.37528483  5.26060527e-04
 -0.22298721  -0.85110038  -0.47529448  2.07216345e-04
 -0.39410595   0.77207228  -0.49858288  3.76101338e-04
 -0.50453747  -0.69960730  -0.50595610  1.54696723e-04
  0.46057683   0.50878849  -0.72732610  4.47354540e-04
