50
 -1.1407996218300525E+00 -2.3170985309886123E+00 3.8420614944644871E-01
 9.0572963740149608E-03 -5.8960036534596496E-03 -1.7069990965111353E-03
0
0.0
 -1.1407996218300525E+00 -2.3170985309886123E+00 3.8420614944644871E-01
 8.6396197651448826E-03 -6.0068117715935876E-03 -1.5511349732466255E-03
0
0.0
 -1.1407996218300525E+00 -2.3170985309886123E+00 3.8420614944644871E-01
 8.7145128984483945E-03 -5.9084568989207940E-03 -1.6601300566834269E-03
0
0.0
 -1.1407996218300525E+00 -2.3170985309886123E+00 3.8420614944644871E-01
 8.9526924744420273E-03 -5.8655454897475383E-03 -1.7965819221640237E-03
0
0.0
 -1.1407996218300525E+00 -2.3170985309886123E+00 3.8420614944644871E-01
 8.6242245372953850E-03 -5.9985729413362093E-03 -1.4959911365177809E-03
0
0.0
 -1.1407996218300525E+00 -2.3170985309886123E+00 3.8420614944644871E-01
 9.0143291591435193E-03 -5.8397049682173859E-03 -1.6778795874144521E-03
0
0.0
 -1.1407996218300525E+00 -2.3170985309886123E+00 3.8420614944644871E-01
 9.0734243692538376E-03 -5.8343588284693543E-03 -1.5071898329511817E-03
0
0.0
 -1.1407996218300525E+00 -2.3170985309886123E+00 3.8420614944644871E-01
 8.6435336810492501E-03 -5.6628017237855058E-03 -1.5174103062638986E-03
0
0.0
 -1.1407996218300525E+00 -2.3170985309886123E+00 3.8420614944644871E-01
 8.8679570906068979E-03 -5.6485985394486675E-03 -1.5810369061983892E-03
0
0.0
 -1.1407996218300525E+00 -2.3170985309886123E+00 3.8420614944644871E-01
 8.7660728419299457E-03 -5.9538262116468482E-03 -1.7050077388793884E-03
0
0.0
 -1.1407996218300525E+00 -2.3170985309886123E+00 3.8420614944644871E-01
 9.0696025039142137E-03 -5.7885757694542362E-03 -1.4880888242581472E-03
0
0.0
 -1.1407996218300525E+00 -2.3170985309886123E+00 3.8420614944644871E-01
 8.8688340656057577E-03 -6.0775268029115304E-03 -1.6978821722592344E-03
0
0.0
 -1.1407996218300525E+00 -2.3170985309886123E+00 3.8420614944644871E-01
 8.7825310144038510E-03 -6.1388113172641109E-03 -1.6171951424906470E-03
0
0.0
 -1.1407996218300525E+00 -2.3170985309886123E+00 3.8420614944644871E-01
 8.8021759790256789E-03 -5.8639964269828941E-03 -1.5889141995682845E-03
0
0.0
 -1.1407996218300525E+00 -2.3170985309886123E+00 3.8420614944644871E-01
 8.7894960915646716E-03 -6.0272182523602750E-03 -1.6105652169903799E-03
0
0.0
 -1.1407996218300525E+00 -2.3170985309886123E+00 3.8420614944644871E-01
 8.9822979396629327E-03 -6.1001361657964936E-03 -1.5287445954445963E-03
0
0.0
 -1.1407996218300525E+00 -2.3170985309886123E+00 3.8420614944644871E-01
 8.8319543232119740E-03 -5.8255727476328222E-03 -1.6625388971811263E-03
0
0.0
 -1.1407996218300525E+00 -2.3170985309886123E+00 3.8420614944644871E-01
 8.8588506665199674E-03 -5.9284127270092628E-03 -1.5753747792213578E-03
0
0.0
 -1.1407996218300525E+00 -2.3170985309886123E+00 3.8420614944644871E-01
 8.7376477116900605E-03 -5.9744919832807235E-03 -1.6908697229378821E-03
0
0.0
 -1.1407996218300525E+00 -2.3170985309886123E+00 3.8420614944644871E-01
 8.9746362599096297E-03 -5.9224327610534824E-03 -1.7615736610758583E-03
0
0.0
 -1.1407996218300525E+00 -2.3170985309886123E+00 3.8420614944644871E-01
 8.9304683315178449E-03 -6.0580755089828259E-03 -1.5131041362272237E-03
0
0.0
 -1.1407996218300525E+00 -2.3170985309886123E+00 3.8420614944644871E-01
 8.7023578431153093E-03 -5.8385453295544260E-03 -1.6220332510705150E-03
0
0.0
 -1.1407996218300525E+00 -2.3170985309886123E+00 3.8420614944644871E-01
 8.7189901320646884E-03 -5.8952375107681572E-03 -1.5921512833273410E-03
0
0.0
 -1.1407996218300525E+00 -2.3170985309886123E+00 3.8420614944644871E-01
 8.9667963049519309E-03 -5.6960315365504983E-03 -1.5313085422612245E-03
0
0.0
 -1.1407996218300525E+00 -2.3170985309886123E+00 3.8420614944644871E-01
 8.7884734572210976E-03 -5.9053923660504683E-03 -1.6371658634277998E-03
0
0.0
 -1.1407996218300525E+00 -2.3170985309886123E+00 3.8420614944644871E-01
 8.8041030523681382E-03 -6.0619004758875076E-03 -1.4008463395560216E-03
0
0.0
 -1.1407996218300525E+00 -2.3170985309886123E+00 3.8420614944644871E-01
 8.7405103988483761E-03 -6.0204843885584176E-03 -1.8051138569686695E-03
0
0.0
 -1.1407996218300525E+00 -2.3170985309886123E+00 3.8420614944644871E-01
 8.9498192008243566E-03 -5.9488518665786905E-03 -1.7342073922730940E-03
0
0.0
 -1.1407996218300525E+00 -2.3170985309886123E+00 3.8420614944644871E-01
 8.7258458732016961E-03 -5.9343817247647090E-03 -1.5902662140977414E-03
0
0.0
 -1.1407996218300525E+00 -2.3170985309886123E+00 3.8420614944644871E-01
 8.7027215369183310E-03 -5.8037395376099692E-03 -1.6954588571005517E-03
0
0.0
 -1.1407996218300525E+00 -2.3170985309886123E+00 3.8420614944644871E-01
 8.6712129812179569E-03 -5.8849839102468032E-03 -1.8382366170404351E-03
0
0.0
 -1.1407996218300525E+00 -2.3170985309886123E+00 3.8420614944644871E-01
 8.6661702988680405E-03 -6.0522094086950962E-03 -1.5648513193948239E-03
0
0.0
 -1.1407996218300525E+00 -2.3170985309886123E+00 3.8420614944644871E-01
 8.8872594339941408E-03 -5.8896828926656647E-03 -1.6446352479363286E-03
0
0.0
 -1.1407996218300525E+00 -2.3170985309886123E+00 3.8420614944644871E-01
 8.5363129901007487E-03 -5.8204387479512615E-03 -1.8413711760380074E-03
0
0.0
 -1.1407996218300525E+00 -2.3170985309886123E+00 3.8420614944644871E-01
 9.0209725492246436E-03 -5.8874720481505022E-03 -1.5599681502694988E-03
0
0.0
 -1.1407996218300525E+00 -2.3170985309886123E+00 3.8420614944644871E-01
 8.9777642178849593E-03 -5.9379297960811843E-03 -1.5194442152428832E-03
0
0.0
 -1.1407996218300525E+00 -2.3170985309886123E+00 3.8420614944644871E-01
 8.8724808037755325E-03 -5.9652770562750729E-03 -1.5682004896282881E-03
0
0.0
 -1.1407996218300525E+00 -2.3170985309886123E+00 3.8420614944644871E-01
 8.9645378370398973E-03 -6.0433192310240923E-03 -1.6390451384141835E-03
0
0.0
 -1.1407996218300525E+00 -2.3170985309886123E+00 3.8420614944644871E-01
 8.7153159933830941E-03 -5.6777647849449260E-03 -1.8610272184325630E-03
0
0.0
 -1.1407996218300525E+00 -2.3170985309886123E+00 3.8420614944644871E-01
 8.8270472720574870E-03 -5.9361000234139163E-03 -1.3290843347163201E-03
0
0.0
 -1.1407996218300525E+00 -2.3170985309886123E+00 3.8420614944644871E-01
 8.8925100532887373E-03 -5.9079611529287996E-03 -1.6149978889689889E-03
0
0.0
 -1.1407996218300525E+00 -2.3170985309886123E+00 3.8420614944644871E-01
 8.7575353947149243E-03 -5.8833740806544478E-03 -1.6127077592600506E-03
0
0.0
 -1.1407996218300525E+00 -2.3170985309886123E+00 3.8420614944644871E-01
 8.7398993280571411E-03 -6.2030743097303666E-03 -1.7370619019561454E-03
0
0.0
 -1.1407996218300525E+00 -2.3170985309886123E+00 3.8420614944644871E-01
 8.7720258221318965E-03 -5.9756638514567679E-03 -1.6802949214432289E-03
0
0.0
 -1.1407996218300525E+00 -2.3170985309886123E+00 3.8420614944644871E-01
 8.6437175883603088E-03 -5.9409756646560665E-03 -1.6300405186534825E-03
0
0.0
 -1.1407996218300525E+00 -2.3170985309886123E+00 3.8420614944644871E-01
 8.9683385740224175E-03 -6.0818315197456452E-03 -1.6196943677573023E-03
0
0.0
 -1.1407996218300525E+00 -2.3170985309886123E+00 3.8420614944644871E-01
 8.8306246888726382E-03 -6.0781220497469158E-03 -1.7589182254812074E-03
0
0.0
 -1.1407996218300525E+00 -2.3170985309886123E+00 3.8420614944644871E-01
 8.9183232489098395E-03 -5.9366555863622945E-03 -1.7634580669048719E-03
0
0.0
 -1.1407996218300525E+00 -2.3170985309886123E+00 3.8420614944644871E-01
 8.6615551580350638E-03 -5.8922046813722501E-03 -1.5394122370289550E-03
0
0.0
 -1.1407996218300525E+00 -2.3170985309886123E+00 3.8420614944644871E-01
 8.7843772097084688E-03 -6.1315551222756179E-03 -1.4594515967265059E-03
0
0.0
