20
-1
1
 -0.85637372  -0.24243081  -0.45590717  3.18849417e-04
  0.36720634  -0.07278912   0.92728703  1.96479487e-04
  0.55458677  -0.75606909   0.34755294  1.69308806e-04
 -0.85946005  -0.09297446  -0.50267701  3.70953932e-04
 -0.25627756   0.88787333   0.38210307  2.17523504e-04
  0.68941055  -0.49083451  -0.53272373  3.37664474e-04
 -0.84328503   0.46156820  -0.27536369  2.17412680e-04
  0.53624200   0.82800760  -0.16385339  2.37575705e-04
 -0.59062860   0.78210707  -0.19866150  4.31200538e-04
 -0.04582875  -0.97994937   0.19390450  6.51837494e-04
  0.41301221   0.59741586  -0.68739741  1.46118608e-04
 -0.76072237  -0.26368263   0.59310449  4.85061296e-04
 -0.00350207  -0.14548280  -0.98935458  3.86430751e-04
 -0.08699782  -0.70512677   0.70372411  4.36114792e-04
 -0.58583026  -0.64013762   0.49701783  1.47802592e-04
 -0.44264972   0.52925579   0.72384359  2.12121261e-04
  0.07904043  -0.49772635  -0.86372513  1.75648849e-04
  0.54244797  -0.19477379  -0.81719849  6.34804569e-04
  0.73034877   0.29976813  -0.61378314  2.77004103e-04
  0.97334054   0.02673507   0.22780130  4.93070757e-04
