20
 -1.1407996218300525E+00 -2.3170985309886123E+00 3.8420614944644871E-01
 8.8816605350940728E-03 -5.8063292058929440E-03 -1.6335740178669280E-03
0
0.0
 -1.1407996218300525E+00 -2.3170985309886123E+00 3.8420614944644871E-01
 8.7901282295068210E-03 -5.9936337222929415E-03 -1.7001154923665020E-03
0
0.0
 -1.1407996218300525E+00 -2.3170985309886123E+00 3.8420614944644871E-01
 8.8139346775102153E-03 -5.8069971062306063E-03 -1.5447658634204313E-03
0
0.0
 -1.1407996218300525E+00 -2.3170985309886123E+00 3.8420614944644871E-01
 8.8574891039068359E-03 -5.9306369311422228E-03 -1.7785892820508919E-03
0
0.0
 -1.1407996218300525E+00 -2.3170985309886123E+00 3.8420614944644871E-01
 8.8208894443436263E-03 -5.9276466191376673E-03 -1.4949105169303454E-03
0
0.0
 -1.1407996218300525E+00 -2.3170985309886123E+00 3.8420614944644871E-01
 8.5642928323473085E-03 -5.8828867233063475E-03 -1.4849185253602692E-03
0
0.0
 -1.1407996218300525E+00 -2.3170985309886123E+00 3.8420614944644871E-01
 8.6512031924217084E-03 -5.6174438736683050E-03 -1.5332027767561217E-03
0
0.0
 -1.1407996218300525E+00 -2.3170985309886123E+00 3.8420614944644871E-01
 8.8659551224556533E-03 -5.8948064923461906E-03 -1.6112326026535661E-03
0
0.0
 -1.1407996218300525E+00 -2.3170985309886123E+00 3.8420614944644871E-01
 8.9320536001476856E-03 -5.8209082750084323E-03 -1.4553708080772617E-03
0
0.0
 -1.1407996218300525E+00 -2.3170985309886123E+00 3.8420614944644871E-01
 8.6256346031972526E-03 -5.6979115172368349E-03 -1.8078072235082241E-03
0
0.0
 -1.1407996218300525E+00 -2.3170985309886123E+00 3.8420614944644871E-01
 8.7054282591026554E-03 -5.7457269985268537E-03 -1.4519490874435304E-03
0
0.0
 -1.1407996218300525E+00 -2.3170985309886123E+00 3.8420614944644871E-01
 8.7695631698638480E-03 -5.9976991427389964E-03 -1.6561506154562573E-03
0
0.0
 -1.1407996218300525E+00 -2.3170985309886123E+00 3.8420614944644871E-01
 8.8852451450568588E-03 -5.8971508590458131E-03 -1.5094827497078044E-03
0
0.0
 -1.1407996218300525E+00 -2.3170985309886123E+00 3.8420614944644871E-01
 8.7471122334766005E-03 -5.8276232335874823E-03 -1.3353014467323988E-03
0
0.0
 -1.1407996218300525E+00 -2.3170985309886123E+00 3.8420614944644871E-01
 8.8454146223035605E-03 -5.7586391012499853E-03 -1.6366013168790309E-03
0
0.0
 -1.1407996218300525E+00 -2.3170985309886123E+00 3.8420614944644871E-01
 8.7945199482399403E-03 -5.6704746385181221E-03 -1.4752607338597936E-03
0
0.0
 -1.1407996218300525E+00 -2.3170985309886123E+00 3.8420614944644871E-01
 8.7307273585802408E-03 -5.6536026998631637E-03 -1.5246336391988948E-03
0
0.0
 -1.1407996218300525E+00 -2.3170985309886123E+00 3.8420614944644871E-01
 8.7139562266474371E-03 -5.8163823485693020E-03 -1.6901886753051014E-03
0
0.0
 -1.1407996218300525E+00 -2.3170985309886123E+00 3.8420614944644871E-01
 8.7500531143154692E-03 -5.8255735698388086E-03 -1.5119099274649662E-03
0
0.0
 -1.1407996218300525E+00 -2.3170985309886123E+00 3.8420614944644871E-01
 8.9686394584539853E-03 -5.7139532964214437E-03 -1.5421058674281879E-03
0
0.0
