50
-1
1
 -0.77483693  -0.60900781   0.16952058  3.70030471e-04
 -0.92540653  -0.06680359  -0.37304159  1.85541281e-04
 -0.38292922   0.82790418  -0.40980468  1.69168092e-04
  0.06020726   0.82396492  -0.56343313  4.34750608e-04
 -0.99981148  -0.00614640  -0.01841801  4.38727182e-04
  0.03604345  -0.72951977  -0.68300936  1.54655077e-04
 -0.83164794  -0.54461224  -0.10843990  1.48146305e-04
  0.56826281   0.27655794  -0.77497941  2.73507218e-04
  0.85581045  -0.46754106  -0.22134551  1.73611636e-04
  0.06732645  -0.43948461  -0.89572341  1.79147392e-04
 -0.94730744   0.23341495   0.21937655  2.51116103e-04
 -0.32372035   0.76583909  -0.55560384  1.93512401e-04
  0.98759206   0.06615028   0.14242913  1.49812695e-04
 -0.19909458   0.83895793   0.50646909  1.46121031e-04
  0.38032808  -0.35038838  -0.85590802  3.77127071e-04
 -0.46935622  -0.87742124  -0.09918015  6.85890347e-04
  0.04813683   0.49352616   0.86839782  6.81344360e-04
 -0.10786951   0.33358399  -0.93652864  3.55743311e-04
 -0.68512522   0.71854724  -0.11955457  1.56267982e-04
 -0.34850742   0.93612095   0.04711846  2.69423761e-04
 -0.18032532   0.22597507   0.95729726  5.59714385e-04
 -0.73568047   0.32863652   0.59226032  5.03583042e-04
  0.60383118  -0.15322011  -0.78224773  2.12823461e-04
  0.00001948   0.00573558   0.99998355  1.62980968e-04
 -0.66107926  -0.56604274   0.49251378  3.68231423e-04
 -0.22974098   0.20862978  -0.95062753  2.03413275e-04
  0.43667022  -0.58949480   0.67956972  2.76332709e-04
 -0.35469127  -0.90709640  -0.22665001  1.56965218e-04
 -0.84062384  -0.10717236   0.53091020  1.76307707e-04
  0.65430377   0.75610769  -0.01370184  3.78498330e-04
 -0.52294833   0.04730156   0.85105089  2.63104285e-04
 -0.12413726  -0.68942851   0.71363736  3.60495403e-04
 -0.28554406  -0.60820125   0.74064555  1.60480067e-04
 -0.65809305  -0.74589767   0.10271419  1.57151329e-04
 -0.63816502   0.71653380   0.28164644  1.73027974e-04
 -0.37655810   0.87214052  -0.31236984  2.65104069e-04
 -0.33355211   0.94067924   0.06217365  4.03933390e-04
 -0.29709391   0.95166199   0.07794016  2.52201097e-04
  0.76041971  -0.58825154   0.27517630  3.46398072e-04
 -0.51161067   0.85828356  -0.04004822  7.44835884e-04
  0.52028807   0.47222638  -0.71154942  2.42925231e-04
  0.55644535   0.53220600   0.63806374  1.68898136e-04
 -0.57467306   0.65348232  -0.49265782  1.63371369e-04
  0.65910313   0.69374630  -0.29034315  4.04569322e-04
 -0.56376320   0.45219858   0.69114940  1.53705276e-04
 -0.26862852  -0.94090549  -0.20624156  5.22002725e-04
  0.29514722  -0.73044887   0.61589980  3.06075502e-04
 -0.45040294  -0.13893260  -0.88194950  3.36962855e-04
 -0.26811133   0.82537950   0.49685511  1.50735458e-04
 -0.18065146   0.92750290   0.32726659  3.67640609e-04
