50
 -1.1407996218300525E+00 -2.3170985309886123E+00 3.8420614944644871E-01
 8.6959422337253376E-03 -5.9466491965536024E-03 -1.7911884793409172E-03
0
0.0
 -1.1407996218300525E+00 -2.3170985309886123E+00 3.8420614944644871E-01
 8.9961451567371394E-03 -5.9022029362604325E-03 -1.5497238949612974E-03
0
0.0
 -1.1407996218300525E+00 -2.3170985309886123E+00 3.8420614944644871E-01
 8.8195843243467544E-03 -5.9734063851803439E-03 -1.7134716579281649E-03
0
0.0
 -1.1407996218300525E+00 -2.3170985309886123E+00 3.8420614944644871E-01
 8.8998678897202043E-03 -5.6102372863897172E-03 -1.5241691022853667E-03
0
0.0
 -1.1407996218300525E+00 -2.3170985309886123E+00 3.8420614944644871E-01
 8.7986555692630090E-03 -5.9725489144969637E-03 -1.6211278616716195E-03
0
0.0
 -1.1407996218300525E+00 -2.3170985309886123E+00 3.8420614944644871E-01
 8.9423601321654608E-03 -5.6472736332497829E-03 -1.7692440961595351E-03
0
0.0
 -1.1407996218300525E+00 -2.3170985309886123E+00 3.8420614944644871E-01
 8.8761488595873392E-03 -5.8963415062668343E-03 -1.5585444352253196E-03
0
0.0
 -1.1407996218300525E+00 -2.3170985309886123E+00 3.8420614944644871E-01
 8.5658136792912589E-03 -5.7603234683385003E-03 -1.5914298432517088E-03
0
0.0
 -1.1407996218300525E+00 -2.3170985309886123E+00 3.8420614944644871E-01
 8.6318829351321770E-03 -5.9145581821207294E-03 -1.5441946343048446E-03
0
0.0
 -1.1407996218300525E+00 -2.3170985309886123E+00 3.8420614944644871E-01
 8.7894471932912707E-03 -5.8642351916425211E-03 -1.9009074864984553E-03
0
0.0
 -1.1407996218300525E+00 -2.3170985309886123E+00 3.8420614944644871E-01
 8.8955457917048331E-03 -5.8811235549390047E-03 -1.4813682189645495E-03
0
0.0
 -1.1407996218300525E+00 -2.3170985309886123E+00 3.8420614944644871E-01
 8.8229227098608077E-03 -5.7756790772916615E-03 -1.7821216200056196E-03
0
0.0
 -1.1407996218300525E+00 -2.3170985309886123E+00 3.8420614944644871E-01
 8.8139439679824731E-03 -5.9878877926810821E-03 -1.7190396724469240E-03
0
0.0
 -1.1407996218300525E+00 -2.3170985309886123E+00 3.8420614944644871E-01
 8.8435825183690257E-03 -5.8336535728740211E-03 -1.5488760133700080E-03
0
0.0
 -1.1407996218300525E+00 -2.3170985309886123E+00 3.8420614944644871E-01
 8.7442286289564838E-03 -5.9045131324206050E-03 -1.8325659002565962E-03
0
0.0
 -1.1407996218300525E+00 -2.3170985309886123E+00 3.8420614944644871E-01
 8.7465509798975369E-03 -5.9005990419335463E-03 -1.4969636858103001E-03
0
0.0
 -1.1407996218300525E+00 -2.3170985309886123E+00 3.8420614944644871E-01
 8.6051287446574278E-03 -5.8210284445035006E-03 -1.7645130461080220E-03
0
0.0
 -1.1407996218300525E+00 -2.3170985309886123E+00 3.8420614944644871E-01
 8.8097426006194125E-03 -5.9720690621435186E-03 -1.6075885289210893E-03
0
0.0
 -1.1407996218300525E+00 -2.3170985309886123E+00 3.8420614944644871E-01
 8.5433320863308147E-03 -5.9214716881623780E-03 -1.8199484144664632E-03
0
0.0
 -1.1407996218300525E+00 -2.3170985309886123E+00 3.8420614944644871E-01
 8.7253467216464493E-03 -5.8363752645391124E-03 -1.6103494691134962E-03
0
0.0
 -1.1407996218300525E+00 -2.3170985309886123E+00 3.8420614944644871E-01
 8.7261080122543831E-03 -6.1087151989819054E-03 -1.6495908767700138E-03
0
0.0
 -1.1407996218300525E+00 -2.3170985309886123E+00 3.8420614944644871E-01
 8.6826511356571622E-03 -6.0943629077529230E-03 -1.6112654520167194E-03
0
0.0
 -1.1407996218300525E+00 -2.3170985309886123E+00 3.8420614944644871E-01
 8.7642000531251985E-03 -5.9043190543204213E-03 -1.5694993024543593E-03
0
0.0
 -1.1407996218300525E+00 -2.3170985309886123E+00 3.8420614944644871E-01
 8.8794902878416015E-03 -5.9370425735884667E-03 -1.8184215136605782E-03
0
0.0
 -1.1407996218300525E+00 -2.3170985309886123E+00 3.8420614944644871E-01
 8.7317158747126089E-03 -5.8860075431852290E-03 -1.8233131971077470E-03
0
0.0
 -1.1407996218300525E+00 -2.3170985309886123E+00 3.8420614944644871E-01
 8.8543317598207064E-03 -5.8358417610309297E-03 -1.4856945186879108E-03
0
0.0
 -1.1407996218300525E+00 -2.3170985309886123E+00 3.8420614944644871E-01
 8.8005066959312046E-03 -5.8254512453060790E-03 -1.6729997169064258E-03
0
0.0
 -1.1407996218300525E+00 -2.3170985309886123E+00 3.8420614944644871E-01
 8.8295125705588999E-03 -5.9467560816613037E-03 -1.6612454166061634E-03
0
0.0
 -1.1407996218300525E+00 -2.3170985309886123E+00 3.8420614944644871E-01
 8.7772946024610252E-03 -5.8181077983921496E-03 -1.3438579632449440E-03
0
0.0
 -1.1407996218300525E+00 -2.3170985309886123E+00 3.8420614944644871E-01
 8.7076231799796209E-03 -6.0639941019849835E-03 -1.7193104899903694E-03
0
0.0
 -1.1407996218300525E+00 -2.3170985309886123E+00 3.8420614944644871E-01
 8.7581112615609091E-03 -6.0317473535407519E-03 -1.4519196803478769E-03
0
0.0
 -1.1407996218300525E+00 -2.3170985309886123E+00 3.8420614944644871E-01
 8.8206914246089594E-03 -5.8522168414156684E-03 -1.5544111641420523E-03
0
0.0
 -1.1407996218300525E+00 -2.3170985309886123E+00 3.8420614944644871E-01
 8.7950570049224481E-03 -5.9404141450705439E-03 -1.6433631900948044E-03
0
0.0
 -1.1407996218300525E+00 -2.3170985309886123E+00 3.8420614944644871E-01
 8.6972016691925502E-03 -5.9310455441061579E-03 -1.6122617353426050E-03
0
0.0
 -1.1407996218300525E+00 -2.3170985309886123E+00 3.8420614944644871E-01
 8.7488590893282422E-03 -5.8332960256114504E-03 -1.4992092739839862E-03
0
0.0
 -1.1407996218300525E+00 -2.3170985309886123E+00 3.8420614944644871E-01
 9.0181086383697272E-03 -6.0974034798295315E-03 -1.6609455102512903E-03
0
0.0
 -1.1407996218300525E+00 -2.3170985309886123E+00 3.8420614944644871E-01
 8.7757215577306813E-03 -5.9351029318823285E-03 -1.5719340938230271E-03
0
0.0
 -1.1407996218300525E+00 -2.3170985309886123E+00 3.8420614944644871E-01
 8.9259154928882506E-03 -6.0074254854798927E-03 -1.6784903956831767E-03
0
0.0
 -1.1407996218300525E+00 -2.3170985309886123E+00 3.8420614944644871E-01
 8.8532800695515258E-03 -5.8603735104035765E-03 -1.6628692047274691E-03
0
0.0
 -1.1407996218300525E+00 -2.3170985309886123E+00 3.8420614944644871E-01
 8.8258456606141091E-03 -6.1868346086786279E-03 -1.5861706278712054E-03
0
0.0
 -1.1407996218300525E+00 -2.3170985309886123E+00 3.8420614944644871E-01
 8.6621851074438847E-03 -5.6882021930105622E-03 -1.7752286788824639E-03
0
0.0
 -1.1407996218300525E+00 -2.3170985309886123E+00 3.8420614944644871E-01
 8.8293643553903362E-03 -6.1175057063603258E-03 -1.6512351849356218E-03
0
0.0
 -1.1407996218300525E+00 -2.3170985309886123E+00 3.8420614944644871E-01
 8.7004353044120991E-03 -6.0305831978772683E-03 -1.6188058165633526E-03
0
0.0
 -1.1407996218300525E+00 -2.3170985309886123E+00 3.8420614944644871E-01
 8.4623592658547870E-03 -5.8895032472932084E-03 -1.5062793493314025E-03
0
0.0
 -1.1407996218300525E+00 -2.3170985309886123E+00 3.8420614944644871E-01
 8.5875810108559745E-03 -5.8303892255453134E-03 -1.6889755392246377E-03
0
0.0
 -1.1407996218300525E+00 -2.3170985309886123E+00 3.8420614944644871E-01
 8.7658372943471546E-03 -5.9286080914480984E-03 -1.8847877107161953E-03
0
0.0
 -1.1407996218300525E+00 -2.3170985309886123E+00 3.8420614944644871E-01
 8.6828139302213298E-03 -6.0670869143618477E-03 -1.5172392013655372E-03
0
0.0
 -1.1407996218300525E+00 -2.3170985309886123E+00 3.8420614944644871E-01
 8.6393022409444603E-03 -5.9002044325047994E-03 -1.8637601284733176E-03
0
0.0
 -1.1407996218300525E+00 -2.3170985309886123E+00 3.8420614944644871E-01
 8.8380761408824830E-03 -5.8606913136613507E-03 -1.5344638988677105E-03
0
0.0
 -1.1407996218300525E+00 -2.3170985309886123E+00 3.8420614944644871E-01
 8.7890863055375586E-03 -5.8738616792447847E-03 -1.8429208871060202E-03
0
0.0
