50
-1
1
 -0.41765083   0.75537200  -0.50495635  5.90323157e-04
  0.05790654  -0.95126213  -0.30289798  7.11272869e-04
 -0.43206412  -0.62710879  -0.64811662  2.57730013e-04
 -0.07751349   0.61463878  -0.78499097  5.98003962e-04
  0.86898235   0.49474600  -0.00980172  1.97230197e-04
  0.35399196   0.12179692  -0.92728378  5.45901737e-04
 -0.08946599   0.10486529  -0.99045399  1.51783462e-04
 -0.47701782   0.82846858  -0.29341745  1.76689346e-04
  0.80029429  -0.59149308   0.09831066  2.32404617e-04
  0.91774546  -0.05741851  -0.39299667  1.77032449e-04
 -0.09600365   0.93234827   0.34858286  7.33294535e-04
  0.49119984  -0.07893780  -0.86746270  4.50146885e-04
 -0.12036701  -0.74731852  -0.65347288  4.63758644e-04
  0.68667805  -0.53690176  -0.49011198  1.88093978e-04
 -0.18591493   0.94975992   0.25177716  2.92132185e-04
 -0.73186885   0.68105290   0.02312878  2.84010637e-04
 -0.66357319   0.70156836  -0.25975462  4.19440889e-04
  0.39153731  -0.91623754   0.08489579  1.70490080e-04
 -0.19475365   0.89709598   0.39659781  1.77157224e-04
 -0.79828587   0.24314208   0.55101869  3.34287638e-04
 -0.04470903   0.99881339   0.01931076  2.08067529e-04
  0.20199734   0.95815100  -0.20283921  2.49297247e-04
  0.55177255   0.71586791  -0.42787872  1.89902211e-04
  0.69943142   0.49725412  -0.51335565  6.14516675e-04
  0.67117812  -0.72250138   0.16586648  1.62886642e-04
 -0.84938703  -0.06025429   0.52431965  1.72523342e-04
  0.76995057  -0.59517545   0.23009197  2.93311205e-04
 -0.57005257  -0.55334607  -0.60732874  5.24023067e-04
  0.53226086   0.64531531  -0.54796581  1.58454118e-04
  0.73877491  -0.67075632  -0.06555608  4.08293234e-04
  0.21377442  -0.89232014  -0.39757424  1.76631404e-04
  0.25069985  -0.33905859  -0.90674630  2.41029428e-04
 -0.62136775  -0.60675883  -0.49572759  5.06387977e-04
 -0.32889565  -0.42387439   0.84389464  1.83062035e-04
  0.86515895   0.06827623   0.49682830  2.66474983e-04
  0.01614174  -0.52650957  -0.85001595  6.72479626e-04
 -0.35736772  -0.83571181  -0.41698211  4.38937119e-04
 -0.42403542  -0.81719775  -0.39036112  5.83891061e-04
 -0.84700382   0.44328063   0.29340554  2.12716234e-04
 -0.05291811   0.10575712  -0.99298293  2.06552669e-04
 -0.56449983   0.68890113   0.45470340  5.29451845e-04
  0.58544906  -0.73427745  -0.34363646  1.47622471e-04
 -0.21828500  -0.95524088   0.19966602  2.89508636e-04
 -0.24425724  -0.46389158   0.85155329  4.03082886e-04
  0.53679201  -0.82142278  -0.19266281  1.76370276e-04
 -0.93298267   0.28213835  -0.22347549  8.45670956e-04
  0.47751607   0.34747034  -0.80699614  1.55275128e-04
  0.56944959   0.74586586   0.34555939  2.63971670e-04
 -0.66176904  -0.49948033   0.55908957  3.76709329e-04
  0.07522915   0.99705587  -0.01483833  2.85143981e-04
