50
 -1.1407996218300525E+00 -2.3170985309886123E+00 3.8420614944644871E-01
 8.7486366106727057E-03 -5.9074442267021375E-03 -1.4828790425518074E-03
0
0.0
 -1.1407996218300525E+00 -2.3170985309886123E+00 3.8420614944644871E-01
 8.7530073906271922E-03 -5.8699293234250743E-03 -1.6215657157021995E-03
0
0.0
 -1.1407996218300525E+00 -2.3170985309886123E+00 3.8420614944644871E-01
 8.9938221099277755E-03 -6.0254573940198434E-03 -1.3924289613647810E-03
0
0.0
 -1.1407996218300525E+00 -2.3170985309886123E+00 3.8420614944644871E-01
 8.8399997107737327E-03 -5.8923088186920115E-03 -1.6014690926174318E-03
0
0.0
 -1.1407996218300525E+00 -2.3170985309886123E+00 3.8420614944644871E-01
 8.7818397127042442E-03 -5.9169501803596680E-03 -1.5975302523151289E-03
0
0.0
 -1.1407996218300525E+00 -2.3170985309886123E+00 3.8420614944644871E-01
 8.6740073507938237E-03 -5.9447085654725524E-03 -1.5745448754678826E-03
0
0.0
 -1.1407996218300525E+00 -2.3170985309886123E+00 3.8420614944644871E-01
 8.6347777349757883E-03 -5.9547110019053011E-03 -1.4145192526402923E-03
0
0.0
 -1.1407996218300525E+00 -2.3170985309886123E+00 3.8420614944644871E-01
 8.6137052555649365E-03 -5.7539695261054043E-03 -1.4538901828228033E-03
0
0.0
 -1.1407996218300525E+00 -2.3170985309886123E+00 3.8420614944644871E-01
 8.9701912556664747E-03 -5.7243138934743561E-03 -1.5378459292891501E-03
0
0.0
 -1.1407996218300525E+00 -2.3170985309886123E+00 3.8420614944644871E-01
 8.8723629085746426E-03 -5.7480400380728151E-03 -1.5340492195832207E-03
0
0.0
 -1.1407996218300525E+00 -2.3170985309886123E+00 3.8420614944644871E-01
 8.8484262352317052E-03 -6.2379370131100736E-03 -1.6526264256577553E-03
0
0.0
 -1.1407996218300525E+00 -2.3170985309886123E+00 3.8420614944644871E-01
 8.9579902006936846E-03 -5.8022291867021736E-03 -1.5807104010759914E-03
0
0.0
 -1.1407996218300525E+00 -2.3170985309886123E+00 3.8420614944644871E-01
 8.8414469716896187E-03 -5.8548398013348957E-03 -1.8465818976734730E-03
0
0.0
 -1.1407996218300525E+00 -2.3170985309886123E+00 3.8420614944644871E-01
 8.7302147960515008E-03 -5.9329445771961449E-03 -1.4964060306531879E-03
0
0.0
 -1.1407996218300525E+00 -2.3170985309886123E+00 3.8420614944644871E-01
 8.9888366519252742E-03 -5.7718662729876625E-03 -1.5542705606410594E-03
0
0.0
 -1.1407996218300525E+00 -2.3170985309886123E+00 3.8420614944644871E-01
 9.0402568660698825E-03 -5.9031901911230011E-03 -1.6135394134139688E-03
0
0.0
 -1.1407996218300525E+00 -2.3170985309886123E+00 3.8420614944644871E-01
 8.7317134380738553E-03 -5.9627247252703776E-03 -1.6515538640726457E-03
0
0.0
 -1.1407996218300525E+00 -2.3170985309886123E+00 3.8420614944644871E-01
 8.7286610582778725E-03 -5.8536899089288380E-03 -1.7605338988186249E-03
0
0.0
 -1.1407996218300525E+00 -2.3170985309886123E+00 3.8420614944644871E-01
 8.5012514235059036E-03 -5.9364522188362582E-03 -1.5965878634323510E-03
0
0.0
 -1.1407996218300525E+00 -2.3170985309886123E+00 3.8420614944644871E-01
 8.8426853844178633E-03 -6.0954618382945518E-03 -1.5490604561946978E-03
0
0.0
 -1.1407996218300525E+00 -2.3170985309886123E+00 3.8420614944644871E-01
 8.7781748883190604E-03 -5.9760355919607835E-03 -1.5981129702700545E-03
0
0.0
 -1.1407996218300525E+00 -2.3170985309886123E+00 3.8420614944644871E-01
 8.7844497075784782E-03 -5.9068580863657905E-03 -1.5882117976132048E-03
0
0.0
 -1.1407996218300525E+00 -2.3170985309886123E+00 3.8420614944644871E-01
 8.6401504995450937E-03 -5.7496104388334093E-03 -1.7054774056553634E-03
0
0.0
 -1.1407996218300525E+00 -2.3170985309886123E+00 3.8420614944644871E-01
 8.9157991156566738E-03 -5.8231328241957706E-03 -1.7226990748722714E-03
0
0.0
 -1.1407996218300525E+00 -2.3170985309886123E+00 3.8420614944644871E-01
 8.7064742399574277E-03 -6.1670153185956486E-03 -1.5133103013480207E-03
0
0.0
 -1.1407996218300525E+00 -2.3170985309886123E+00 3.8420614944644871E-01
 8.6525776674568691E-03 -5.6918296636514877E-03 -1.4851488002671598E-03
0
0.0
 -1.1407996218300525E+00 -2.3170985309886123E+00 3.8420614944644871E-01
 8.5580468029624133E-03 -5.9541225047157450E-03 -1.7147063362446713E-03
0
0.0
 -1.1407996218300525E+00 -2.3170985309886123E+00 3.8420614944644871E-01
 8.9671650315394941E-03 -5.8840778558446848E-03 -1.8372626119624680E-03
0
0.0
 -1.1407996218300525E+00 -2.3170985309886123E+00 3.8420614944644871E-01
 8.6856241355774359E-03 -5.9413288230161171E-03 -1.4421342671990754E-03
0
0.0
 -1.1407996218300525E+00 -2.3170985309886123E+00 3.8420614944644871E-01
 8.7493674793883564E-03 -5.9794101480322333E-03 -1.5484973662714878E-03
0
0.0
 -1.1407996218300525E+00 -2.3170985309886123E+00 3.8420614944644871E-01
 8.7548828037161477E-03 -5.8766803092430708E-03 -1.4919880490641589E-03
0
0.0
 -1.1407996218300525E+00 -2.3170985309886123E+00 3.8420614944644871E-01
 8.5773844576605227E-03 -6.0061767295269148E-03 -1.7291472520917484E-03
0
0.0
 -1.1407996218300525E+00 -2.3170985309886123E+00 3.8420614944644871E-01
 8.8025804047062554E-03 -5.8213314091417586E-03 -1.3875284918421569E-03
0
0.0
 -1.1407996218300525E+00 -2.3170985309886123E+00 3.8420614944644871E-01
 8.7019817714860601E-03 -5.7435166462586219E-03 -1.6930803802791927E-03
0
0.0
 -1.1407996218300525E+00 -2.3170985309886123E+00 3.8420614944644871E-01
 8.7276379550812310E-03 -6.1922234695415300E-03 -1.6124646941986186E-03
0
0.0
 -1.1407996218300525E+00 -2.3170985309886123E+00 3.8420614944644871E-01
 8.7372241477651873E-03 -5.8388595516535450E-03 -1.5357322821250104E-03
0
0.0
 -1.1407996218300525E+00 -2.3170985309886123E+00 3.8420614944644871E-01
 8.7700269463682600E-03 -5.9979005345909891E-03 -1.5668059558659065E-03
0
0.0
 -1.1407996218300525E+00 -2.3170985309886123E+00 3.8420614944644871E-01
 8.7840963003951895E-03 -5.9600834631477967E-03 -1.7433456418283414E-03
0
0.0
 -1.1407996218300525E+00 -2.3170985309886123E+00 3.8420614944644871E-01
 8.6972219055241294E-03 -6.2343379842816305E-03 -1.6266582966823235E-03
0
0.0
 -1.1407996218300525E+00 -2.3170985309886123E+00 3.8420614944644871E-01
 8.7475299563227922E-03 -6.0296657010561854E-03 -1.5530557689503930E-03
0
0.0
 -1.1407996218300525E+00 -2.3170985309886123E+00 3.8420614944644871E-01
 8.7956123416146146E-03 -5.8815186411265109E-03 -1.5800040706256816E-03
0
0.0
 -1.1407996218300525E+00 -2.3170985309886123E+00 3.8420614944644871E-01
 8.8153408455889613E-03 -5.8229389485499952E-03 -1.5359393637144818E-03
0
0.0
 -1.1407996218300525E+00 -2.3170985309886123E+00 3.8420614944644871E-01
 8.7113161628455948E-03 -5.7749160560581995E-03 -1.7534415517950655E-03
0
0.0
 -1.1407996218300525E+00 -2.3170985309886123E+00 3.8420614944644871E-01
 8.7535646963390196E-03 -6.2450100999377903E-03 -1.6902446887113874E-03
0
0.0
 -1.1407996218300525E+00 -2.3170985309886123E+00 3.8420614944644871E-01
 8.9055663915964100E-03 -5.7590092348680250E-03 -1.6820297554329001E-03
0
0.0
 -1.1407996218300525E+00 -2.3170985309886123E+00 3.8420614944644871E-01
 8.6912741139743444E-03 -5.9142955655828115E-03 -1.7876703320924676E-03
0
0.0
 -1.1407996218300525E+00 -2.3170985309886123E+00 3.8420614944644871E-01
 8.7683930647545552E-03 -5.6995806187126966E-03 -1.7608546047340832E-03
0
0.0
 -1.1407996218300525E+00 -2.3170985309886123E+00 3.8420614944644871E-01
 8.9144619709769467E-03 -5.9063988550291206E-03 -1.8266976819961240E-03
0
0.0
 -1.1407996218300525E+00 -2.3170985309886123E+00 3.8420614944644871E-01
 8.8103658821598475E-03 -5.7820308808532121E-03 -1.7421867726784650E-03
0
0.0
 -1.1407996218300525E+00 -2.3170985309886123E+00 3.8420614944644871E-01
 8.7473224633351099E-03 -6.0488917741361760E-03 -1.7259815753394175E-03
0
0.0
