20
 -1.1407996218300525E+00 -2.3170985309886123E+00 3.8420614944644871E-01
 8.6768714864279700E-03 -6.0003876448940880E-03 -1.4703534183033197E-03
0
0.0
 -1.1407996218300525E+00 -2.3170985309886123E+00 3.8420614944644871E-01
 8.8482896825791552E-03 -5.9922240121960506E-03 -1.4300113583347593E-03
0
0.0
 -1.1407996218300525E+00 -2.3170985309886123E+00 3.8420614944644871E-01
 8.9305919863701504E-03 -6.1274941143987308E-03 -1.5595474526831955E-03
0
0.0
 -1.1407996218300525E+00 -2.3170985309886123E+00 3.8420614944644871E-01
 8.8976834232767140E-03 -5.8219301152876348E-03 -1.4998812776301849E-03
0
0.0
 -1.1407996218300525E+00 -2.3170985309886123E+00 3.8420614944644871E-01
 8.7924781729656950E-03 -5.9612908413009197E-03 -1.3921723241259055E-03
0
0.0
 -1.1407996218300525E+00 -2.3170985309886123E+00 3.8420614944644871E-01
 8.5252320990208338E-03 -6.0993590391443166E-03 -1.5327513687789353E-03
0
0.0
 -1.1407996218300525E+00 -2.3170985309886123E+00 3.8420614944644871E-01
 8.7671593817091973E-03 -5.8653772085881803E-03 -1.7664321985961927E-03
0
0.0
 -1.1407996218300525E+00 -2.3170985309886123E+00 3.8420614944644871E-01
 8.8338902134796320E-03 -5.8600553893408489E-03 -1.4305352368911542E-03
0
0.0
 -1.1407996218300525E+00 -2.3170985309886123E+00 3.8420614944644871E-01
 8.7631968135186873E-03 -5.6582649146121227E-03 -1.6053853988190390E-03
0
0.0
 -1.1407996218300525E+00 -2.3170985309886123E+00 3.8420614944644871E-01
 8.8935979001870877E-03 -5.8733562141848614E-03 -1.6744417769327152E-03
0
0.0
 -1.1407996218300525E+00 -2.3170985309886123E+00 3.8420614944644871E-01
 8.9016429656316974E-03 -6.0801822640472866E-03 -1.6522956667946512E-03
0
0.0
 -1.1407996218300525E+00 -2.3170985309886123E+00 3.8420614944644871E-01
 8.8199252178965664E-03 -6.0071368223862482E-03 -1.7834691940536431E-03
0
0.0
 -1.1407996218300525E+00 -2.3170985309886123E+00 3.8420614944644871E-01
 8.7748232097300972E-03 -6.0129500212946028E-03 -1.5666346922655859E-03
0
0.0
 -1.1407996218300525E+00 -2.3170985309886123E+00 3.8420614944644871E-01
 8.8271038876362191E-03 -5.9153575314583378E-03 -1.6704429097650754E-03
0
0.0
 -1.1407996218300525E+00 -2.3170985309886123E+00 3.8420614944644871E-01
 8.7223886718119856E-03 -5.9376738495805163E-03 -1.6039481998394005E-03
0
0.0
 -1.1407996218300525E+00 -2.3170985309886123E+00 3.8420614944644871E-01
 8.7630304934316408E-03 -6.0234427479192417E-03 -1.6684646264401824E-03
0
0.0
 -1.1407996218300525E+00 -2.3170985309886123E+00 3.8420614944644871E-01
 8.7421973664216276E-03 -5.9076639623700609E-03 -1.6045009472799526E-03
0
0.0
 -1.1407996218300525E+00 -2.3170985309886123E+00 3.8420614944644871E-01
 8.7998307614611925E-03 -5.6875469887943605E-03 -1.4923977174242339E-03
0
0.0
 -1.1407996218300525E+00 -2.3170985309886123E+00 3.8420614944644871E-01
 9.0045092922222750E-03 -5.8086503496946598E-03 -1.5675255907626471E-03
0
0.0
 -1.1407996218300525E+00 -2.3170985309886123E+00 3.8420614944644871E-01
 8.9080274023326193E-03 -5.8585078792751395E-03 -1.4628259786097168E-03
0
0.0
