20
-1
1
 -0.68303002  -0.57462639  -0.45085975  1.55767379e-04
  0.87963407   0.23171415  -0.41539434  1.73203317e-04
 -0.66122398  -0.53441740  -0.52647971  4.43819343e-04
 -0.06122934   0.99776722  -0.02667465  1.46189972e-04
 -0.04115164  -0.05488193  -0.99764448  2.65030484e-04
 -0.57355734  -0.79403533  -0.20134517  2.11441193e-04
 -0.90635924  -0.13412497   0.40065375  1.61360151e-04
 -0.83239298   0.33264044   0.44325192  6.07869377e-04
  0.57655418   0.79626990  -0.18313802  1.54292224e-04
  0.93198285   0.15150968  -0.32932171  3.97546965e-04
  0.89998746  -0.36669161   0.23571134  2.46296020e-04
  0.25919135   0.83147397   0.49139688  2.33238214e-04
 -0.83999994   0.47813628   0.25648741  2.96164486e-04
 -0.11503822  -0.99138078  -0.06269252  2.24265055e-04
 -0.35830858  -0.41817667   0.83471147  1.85560901e-04
  0.05843491  -0.09144290   0.99409434  1.76616459e-04
  0.44861943  -0.12772159  -0.88454949  3.44397533e-04
 -0.65073237   0.72245496   0.23367975  1.57208484e-04
  0.67149353   0.65157208  -0.35291679  2.17178533e-04
  0.18817780  -0.88245053  -0.43112665  7.46341134e-04
