20
 -1.1407996218300525E+00 -2.3170985309886123E+00 3.8420614944644871E-01
 8.9439118039998742E-03 -5.9451388537400769E-03 -1.5069442688269801E-03
0
0.0
 -1.1407996218300525E+00 -2.3170985309886123E+00 3.8420614944644871E-01
 8.5412977411886241E-03 -5.8433621840666894E-03 -1.4999806125098301E-03
0
0.0
 -1.1407996218300525E+00 -2.3170985309886123E+00 3.8420614944644871E-01
 8.9948743022149474E-03 -5.9430089706272032E-03 -1.6656282587668148E-03
0
0.0
 -1.1407996218300525E+00 -2.3170985309886123E+00 3.8420614944644871E-01
 8.8731406108096770E-03 -5.9029833493966658E-03 -1.6482554547213963E-03
0
0.0
 -1.1407996218300525E+00 -2.3170985309886123E+00 3.8420614944644871E-01
 8.8694809866309929E-03 -5.8433470508037818E-03 -1.6637143672433550E-03
0
0.0
 -1.1407996218300525E+00 -2.3170985309886123E+00 3.8420614944644871E-01
 8.8274377434337057E-03 -5.8437920773908676E-03 -1.4381331744241512E-03
0
0.0
 -1.1407996218300525E+00 -2.3170985309886123E+00 3.8420614944644871E-01
 8.6123243732103907E-03 -5.8073523053500282E-03 -1.4227903166219628E-03
0
0.0
 -1.1407996218300525E+00 -2.3170985309886123E+00 3.8420614944644871E-01
 8.5887251974998066E-03 -5.6903645929971929E-03 -1.7131384397135695E-03
0
0.0
 -1.1407996218300525E+00 -2.3170985309886123E+00 3.8420614944644871E-01
 8.8055137640340349E-03 -5.7161489745065248E-03 -1.7645768287479070E-03
0
0.0
 -1.1407996218300525E+00 -2.3170985309886123E+00 3.8420614944644871E-01
 8.6497429148283643E-03 -6.0734437607901743E-03 -1.6100070071760539E-03
0
0.0
 -1.1407996218300525E+00 -2.3170985309886123E+00 3.8420614944644871E-01
 8.8934635027805263E-03 -5.9094372904416248E-03 -1.6763333866564964E-03
0
0.0
 -1.1407996218300525E+00 -2.3170985309886123E+00 3.8420614944644871E-01
 8.5752101300615481E-03 -5.8778637770158211E-03 -1.7034204818361009E-03
0
0.0
 -1.1407996218300525E+00 -2.3170985309886123E+00 3.8420614944644871E-01
 8.8853418455756682E-03 -5.8449877575417579E-03 -1.3724986654121789E-03
0
0.0
 -1.1407996218300525E+00 -2.3170985309886123E+00 3.8420614944644871E-01
 8.7612600045236314E-03 -5.7892738101795573E-03 -1.7649690260543123E-03
0
0.0
 -1.1407996218300525E+00 -2.3170985309886123E+00 3.8420614944644871E-01
 8.8604961245804126E-03 -5.8466242303426225E-03 -1.5927947506870299E-03
0
0.0
 -1.1407996218300525E+00 -2.3170985309886123E+00 3.8420614944644871E-01
 8.9726964409503115E-03 -5.8977842663023609E-03 -1.8315055016968648E-03
0
0.0
 -1.1407996218300525E+00 -2.3170985309886123E+00 3.8420614944644871E-01
 8.9102061915043024E-03 -5.8945417549430704E-03 -1.8124094817674209E-03
0
0.0
 -1.1407996218300525E+00 -2.3170985309886123E+00 3.8420614944644871E-01
 8.4743303451308444E-03 -5.8851108292761623E-03 -1.5777368250496811E-03
0
0.0
 -1.1407996218300525E+00 -2.3170985309886123E+00 3.8420614944644871E-01
 8.9265052752852351E-03 -6.0831462875651525E-03 -1.7417051379218921E-03
0
0.0
 -1.1407996218300525E+00 -2.3170985309886123E+00 3.8420614944644871E-01
 8.9105023572817275E-03 -5.6797474398541303E-03 -1.6389072393557086E-03
0
0.0
