20
 -1.1407996218300525E+00 -2.3170985309886123E+00 3.8420614944644871E-01
 8.7611684059828235E-03 -5.9325091749571398E-03 -1.6249019908265558E-03
0
0.0
 -1.1407996218300525E+00 -2.3170985309886123E+00 3.8420614944644871E-01
 8.9457734586170928E-03 -5.8020928228062563E-03 -1.8219649254990586E-03
0
0.0
 -1.1407996218300525E+00 -2.3170985309886123E+00 3.8420614944644871E-01
 8.8387474384637229E-03 -5.9744902935244849E-03 -1.7306582726006221E-03
0
0.0
 -1.1407996218300525E+00 -2.3170985309886123E+00 3.8420614944644871E-01
 8.8415674779251472E-03 -5.9867358282382965E-03 -1.4844630675871732E-03
0
0.0
 -1.1407996218300525E+00 -2.3170985309886123E+00 3.8420614944644871E-01
 8.6363161705940283E-03 -6.0723817185275916E-03 -1.4106400931003370E-03
0
0.0
 -1.1407996218300525E+00 -2.3170985309886123E+00 3.8420614944644871E-01
 8.9097821631946364E-03 -5.8697998073796703E-03 -1.6360987801534920E-03
0
0.0
 -1.1407996218300525E+00 -2.3170985309886123E+00 3.8420614944644871E-01
 8.6374252172099347E-03 -5.8256415147914728E-03 -1.7019654343903309E-03
0
0.0
 -1.1407996218300525E+00 -2.3170985309886123E+00 3.8420614944644871E-01
 8.7291719587355970E-03 -6.0522806261417914E-03 -1.4689179387041803E-03
0
0.0
 -1.1407996218300525E+00 -2.3170985309886123E+00 3.8420614944644871E-01
 8.8079626190429253E-03 -5.9044672187031043E-03 -1.5810176171075399E-03
0
0.0
 -1.1407996218300525E+00 -2.3170985309886123E+00 3.8420614944644871E-01
 8.8886915716450965E-03 -6.0086204277791438E-03 -1.8052595481739128E-03
0
0.0
 -1.1407996218300525E+00 -2.3170985309886123E+00 3.8420614944644871E-01
 8.7772668933400848E-03 -5.7031184462692378E-03 -1.7843722272729184E-03
0
0.0
 -1.1407996218300525E+00 -2.3170985309886123E+00 3.8420614944644871E-01
 8.8627305013620206E-03 -5.9360830554175421E-03 -1.6155664682440439E-03
0
0.0
 -1.1407996218300525E+00 -2.3170985309886123E+00 3.8420614944644871E-01
 8.9077078571100903E-03 -5.6642516208877643E-03 -1.5945924656661453E-03
0
0.0
 -1.1407996218300525E+00 -2.3170985309886123E+00 3.8420614944644871E-01
 8.4833596654911476E-03 -5.7865108210713090E-03 -1.5667962698991762E-03
0
0.0
 -1.1407996218300525E+00 -2.3170985309886123E+00 3.8420614944644871E-01
 8.7687204258245742E-03 -5.8876202888416560E-03 -1.6347779838203770E-03
0
0.0
 -1.1407996218300525E+00 -2.3170985309886123E+00 3.8420614944644871E-01
 8.6684500356190401E-03 -5.8473122624094999E-03 -1.3384308269659970E-03
0
0.0
 -1.1407996218300525E+00 -2.3170985309886123E+00 3.8420614944644871E-01
 8.7164908514535209E-03 -5.7654734458010420E-03 -1.8271772419175673E-03
0
0.0
 -1.1407996218300525E+00 -2.3170985309886123E+00 3.8420614944644871E-01
 8.8162996382959401E-03 -5.8876464707143120E-03 -1.6062090213222293E-03
0
0.0
 -1.1407996218300525E+00 -2.3170985309886123E+00 3.8420614944644871E-01
 8.9283385795625950E-03 -6.1254998982650608E-03 -1.6180388240378493E-03
0
0.0
 -1.1407996218300525E+00 -2.3170985309886123E+00 3.8420614944644871E-01
 8.8660301306756461E-03 -5.7905738418689385E-03 -1.5349506024247906E-03
0
0.0
