20
-1
1
  0.25545485  -0.94471121   0.20558100  4.27688326e-04
 -0.73973468  -0.45234221  -0.49817580  4.20025836e-04
  0.58558909   0.10980172  -0.80313697  1.90245847e-04
  0.27069164   0.77920572   0.56530035  1.91612451e-04
 -0.32804761  -0.39073339  -0.86006522  2.56202070e-04
  0.58197894  -0.81235410  -0.03716635  3.96250103e-04
 -0.10840496   0.70989975  -0.69590999  3.32694014e-04
 -0.44160711   0.12828230   0.88799032  2.40332837e-04
 -0.16883710   0.76952574  -0.61589299  7.13035605e-04
  0.10534415   0.23734434   0.96569678  2.02671366e-04
 -0.30533803  -0.93879228   0.15949214  3.82142518e-04
 -0.65663357   0.69873420  -0.28390647  6.53838078e-04
  0.74068871  -0.62405195   0.24887629  3.09351715e-04
  0.40450706  -0.65615448   0.63705207  4.71514113e-04
 -0.88516181  -0.04576813   0.46302684  3.08565895e-04
 -0.03474614   0.95359412  -0.29908353  2.43950920e-04
  0.69322504   0.13437321  -0.70808396  4.16385762e-04
 -0.78054430   0.27225719  -0.56269585  7.36491547e-04
 -0.13230845  -0.10892718  -0.98520523  1.78570080e-04
  0.41152719   0.84915926   0.33101951  1.89191530e-04
