20
 -1.1407996218300525E+00 -2.3170985309886123E+00 3.8420614944644871E-01
 8.6322122858052512E-03 -6.0509831452785481E-03 -1.5884459964369030E-03
0
0.0
 -1.1407996218300525E+00 -2.3170985309886123E+00 3.8420614944644871E-01
 8.7424876233319192E-03 -5.8577075592555908E-03 -1.6334669018372027E-03
0
0.0
 -1.1407996218300525E+00 -2.3170985309886123E+00 3.8420614944644871E-01
 9.0234006874978113E-03 -5.8167315467440002E-03 -1.7221872215650723E-03
0
0.0
 -1.1407996218300525E+00 -2.3170985309886123E+00 3.8420614944644871E-01
 8.9950069570717932E-03 -5.7098367123131280E-03 -1.7414625568443829E-03
0
0.0
 -1.1407996218300525E+00 -2.3170985309886123E+00 3.8420614944644871E-01
 8.8598574087344444E-03 -5.8426658067658455E-03 -1.8189681589893402E-03
0
0.0
 -1.1407996218300525E+00 -2.3170985309886123E+00 3.8420614944644871E-01
 8.8430224858635931E-03 -5.8334122651569819E-03 -1.7482435256800145E-03
0
0.0
 -1.1407996218300525E+00 -2.3170985309886123E+00 3.8420614944644871E-01
 8.7305366339188294E-03 -5.8149488982110033E-03 -1.3744190638609144E-03
0
0.0
 -1.1407996218300525E+00 -2.3170985309886123E+00 3.8420614944644871E-01
 8.9423074887499399E-03 -6.1560582326795898E-03 -1.7718775723396046E-03
0
0.0
 -1.1407996218300525E+00 -2.3170985309886123E+00 3.8420614944644871E-01
 8.7122481963560171E-03 -5.7350403323130012E-03 -1.5220742948311755E-03
0
0.0
 -1.1407996218300525E+00 -2.3170985309886123E+00 3.8420614944644871E-01
 8.6725046819696727E-03 -6.0017290709803144E-03 -1.8402515862500008E-03
0
0.0
 -1.1407996218300525E+00 -2.3170985309886123E+00 3.8420614944644871E-01
 8.9921492618953262E-03 -6.1634478907738391E-03 -1.5279381060011620E-03
0
0.0
 -1.1407996218300525E+00 -2.3170985309886123E+00 3.8420614944644871E-01
 8.7157748977643879E-03 -5.9937253104266801E-03 -1.5671340119116982E-03
0
0.0
 -1.1407996218300525E+00 -2.3170985309886123E+00 3.8420614944644871E-01
 8.6995168844642978E-03 -5.8334547787976662E-03 -1.6743385222715180E-03
0
0.0
 -1.1407996218300525E+00 -2.3170985309886123E+00 3.8420614944644871E-01
 8.6797051113931024E-03 -5.9637289024378664E-03 -1.6049177940512614E-03
0
0.0
 -1.1407996218300525E+00 -2.3170985309886123E+00 3.8420614944644871E-01
 8.5745167610463864E-03 -5.8425918001483237E-03 -1.7922402757759338E-03
0
0.0
 -1.1407996218300525E+00 -2.3170985309886123E+00 3.8420614944644871E-01
 9.0893394726603190E-03 -5.9509608171909208E-03 -1.6024145925088063E-03
0
0.0
 -1.1407996218300525E+00 -2.3170985309886123E+00 3.8420614944644871E-01
 8.8800032651041253E-03 -5.8185896588088355E-03 -1.6046991462091975E-03
0
0.0
 -1.1407996218300525E+00 -2.3170985309886123E+00 3.8420614944644871E-01
 8.7529720994555284E-03 -5.8551384797251131E-03 -1.6586997998776715E-03
0
0.0
 -1.1407996218300525E+00 -2.3170985309886123E+00 3.8420614944644871E-01
 8.7323683068423058E-03 -5.9613251887888664E-03 -1.5805344812140462E-03
0
0.0
 -1.1407996218300525E+00 -2.3170985309886123E+00 3.8420614944644871E-01
 8.8108888086615936E-03 -5.8903288924124844E-03 -1.8189004571115882E-03
0
0.0
