20
 -1.1407996218300525E+00 -2.3170985309886123E+00 3.8420614944644871E-01
 8.6991559954117913E-03 -5.9947873055044244E-03 -1.6703040696314560E-03
0
0.0
 -1.1407996218300525E+00 -2.3170985309886123E+00 3.8420614944644871E-01
 8.9758305473303934E-03 -6.1101465747741114E-03 -1.6318769851743587E-03
0
0.0
 -1.1407996218300525E+00 -2.3170985309886123E+00 3.8420614944644871E-01
 8.7070710098284872E-03 -5.9693125033463473E-03 -1.4819254540998461E-03
0
0.0
 -1.1407996218300525E+00 -2.3170985309886123E+00 3.8420614944644871E-01
 8.8164608698823015E-03 -6.0585562561516508E-03 -1.5524509695141952E-03
0
0.0
 -1.1407996218300525E+00 -2.3170985309886123E+00 3.8420614944644871E-01
 8.6976749742019663E-03 -5.9181270487219341E-03 -1.6864659837509367E-03
0
0.0
 -1.1407996218300525E+00 -2.3170985309886123E+00 3.8420614944644871E-01
 8.7999685983979475E-03 -5.9576840523086665E-03 -1.6016301748811382E-03
0
0.0
 -1.1407996218300525E+00 -2.3170985309886123E+00 3.8420614944644871E-01
 8.8306736167359685E-03 -5.8622788243329910E-03 -1.6774070374813883E-03
0
0.0
 -1.1407996218300525E+00 -2.3170985309886123E+00 3.8420614944644871E-01
 8.7854329120710100E-03 -5.9606290248265274E-03 -1.6647286066448224E-03
0
0.0
 -1.1407996218300525E+00 -2.3170985309886123E+00 3.8420614944644871E-01
 9.0097593500253186E-03 -5.9410881540628473E-03 -1.7636077542614477E-03
0
0.0
 -1.1407996218300525E+00 -2.3170985309886123E+00 3.8420614944644871E-01
 8.8740188631049148E-03 -5.9462985855466598E-03 -1.6334939870880610E-03
0
0.0
 -1.1407996218300525E+00 -2.3170985309886123E+00 3.8420614944644871E-01
 8.7224970084126031E-03 -5.8159566464176709E-03 -1.6149957308417271E-03
0
0.0
 -1.1407996218300525E+00 -2.3170985309886123E+00 3.8420614944644871E-01
 8.9552174783793688E-03 -5.7037361477175180E-03 -1.6170899941974140E-03
0
0.0
 -1.1407996218300525E+00 -2.3170985309886123E+00 3.8420614944644871E-01
 8.5100707956098538E-03 -5.8579183258619600E-03 -1.5304838935596347E-03
0
0.0
 -1.1407996218300525E+00 -2.3170985309886123E+00 3.8420614944644871E-01
 8.7339410857074813E-03 -5.9332107654337342E-03 -1.4824093078931060E-03
0
0.0
 -1.1407996218300525E+00 -2.3170985309886123E+00 3.8420614944644871E-01
 8.6220999880367074E-03 -5.7905958888477089E-03 -1.6481923584418376E-03
0
0.0
 -1.1407996218300525E+00 -2.3170985309886123E+00 3.8420614944644871E-01
 8.8641919653489314E-03 -5.9580927570556099E-03 -1.4023115257657222E-03
0
0.0
 -1.1407996218300525E+00 -2.3170985309886123E+00 3.8420614944644871E-01
 8.8578493653663336E-03 -5.9733973891851573E-03 -1.5711801348401002E-03
0
0.0
 -1.1407996218300525E+00 -2.3170985309886123E+00 3.8420614944644871E-01
 8.8014125333359099E-03 -5.7724548895613775E-03 -1.9052821733638926E-03
0
0.0
 -1.1407996218300525E+00 -2.3170985309886123E+00 3.8420614944644871E-01
 8.9516851151539602E-03 -5.9842235995243385E-03 -1.4949189515187668E-03
0
0.0
 -1.1407996218300525E+00 -2.3170985309886123E+00 3.8420614944644871E-01
 8.8678214077607970E-03 -5.9715556001171261E-03 -1.7041609413401104E-03
0
0.0
