20
-1
1
  0.62561262   0.57405842   0.52826677  3.84327733e-04
  0.84002722   0.12711322   0.52744337  2.91090991e-04
 -0.35983806   0.92576176  -0.11611085  2.78271997e-04
  0.82885869   0.29158418   0.47746407  1.58445611e-04
  0.58353547   0.01165524   0.81200401  3.21017706e-04
  0.51032624   0.62101982  -0.59489622  1.47792211e-04
 -0.09766785  -0.77771810   0.62097951  3.20776564e-04
 -0.64660052   0.36982100   0.66718828  3.84170430e-04
 -0.14847397  -0.84042538  -0.52119159  4.11233567e-04
  0.52213182   0.46619759   0.71416957  2.24855688e-04
  0.96179271   0.27377627   0.00115682  1.67593174e-04
  0.03574659  -0.87775136  -0.47778106  2.16141233e-04
  0.56528713   0.38154012   0.73135327  4.22228540e-04
  0.98435732   0.08772245   0.15279213  1.97835280e-04
  0.80773383   0.27582311  -0.52104479  1.54122326e-04
 -0.27485176   0.74987231  -0.60178736  3.91270245e-04
  0.12709595   0.22037172  -0.96710027  4.27482507e-04
 -0.67622733   0.36504793   0.63988796  3.22499624e-04
  0.73198957  -0.13505996   0.66779494  2.95368175e-04
  0.63304151  -0.29832876  -0.71432374  2.21717280e-04
