5
 0.2959139791414997E-03
 0.0000000000000000E+00 0.0000000000000000E+00 0.0000000000000000E+00
 0.0000000000000000E+00 0.0000000000000000E+00 0.0000000000000000E+00
 0.2825345909524226E-06
 -.4716972182483322E+01 -.2656168734606999E+01 -.3098910846026473E-01
 0.3725605367122463E-02 -.6213641827762643E-02 0.9928893182068984E-06
 0.8459715185680659E-07
 -.3888135368726620E+01 0.8267813521392590E+01 0.2317286519156335E-01
 -.5340103908678587E-02 -.2299683887908876E-02 0.9379267254973267E-04
 0.1292024916781969E-07
 0.1627644854673696E+02 -.1175944526821087E+02 0.1780791416074816E+00
 0.2221445562480198E-02 0.3016128081295135E-02 0.5887997236101059E-04
 0.1524358900784276E-07
 0.1518906560435838E+02 -.2593204444096423E+02 0.3181631546840931E+00
 0.2698083416467539E-02 0.1604576123765787E-02 -.2202473548451853E-04
