400
-1
1
  0.60160214  -0.76308261   0.23617745  2.04113368e-04
 -0.41922419  -0.28686468  -0.86137085  3.95076700e-04
 -0.87197558  -0.48912431  -0.02039613  2.02106761e-04
 -0.27554914  -0.55486065   0.78498556  1.59113424e-04
 -0.03213873   0.52075776  -0.85309933  7.35551205e-04
  0.83682580  -0.45542578  -0.30382551  1.72893968e-04
  0.68080451   0.58651141  -0.43875914  1.68349994e-04
 -0.79384349  -0.45894673  -0.39897421  5.81087988e-04
  0.80249397   0.56001066  -0.20589193  4.85194622e-04
 -0.87332556   0.48645941  -0.02568498  1.93395783e-04
 -0.68125350  -0.72714998  -0.08453744  6.44489202e-04
  0.17507025   0.84820640   0.49989630  4.32989849e-04
 -0.14924679   0.98297955  -0.10712888  1.67692504e-04
 -0.79558953  -0.58351822  -0.16292267  4.74632972e-04
 -0.04775240  -0.16123586   0.98575996  2.01218966e-04
  0.29022423  -0.50252931  -0.81439191  2.37407921e-04
  0.63404877   0.77052770   0.06533927  8.61893753e-04
 -0.95793308  -0.27226921   0.09073966  1.48819868e-04
 -0.62292241  -0.31780130   0.71482166  1.93185019e-04
 -0.43335823   0.00565968  -0.90120398  2.83729172e-04
  0.09077036  -0.42255740  -0.90177934  1.74579786e-04
  0.79906882  -0.54113314  -0.26203808  1.66982619e-04
  0.28936138  -0.95087266  -0.11005079  3.25602164e-04
  0.33019255  -0.83682528   0.43668791  3.57628805e-04
  0.16933723  -0.64815397   0.74244281  1.81924254e-04
 -0.84713069   0.50242777  -0.17302003  1.74025146e-04
  0.17037881  -0.68446902   0.70885346  2.94290849e-04
  0.61581591   0.78272594  -0.09006034  3.06302416e-04
 -0.72504941   0.18349288   0.66380247  2.77046974e-04
  0.57079240   0.27806570   0.77257719  1.51155318e-04
 -0.09994906  -0.85764483  -0.50443585  7.87972704e-04
  0.03705805  -0.95828728  -0.28339405  2.01749716e-04
 -0.94809846  -0.02918343  -0.31663485  1.93475733e-04
 -0.63233142   0.69929631  -0.33337914  4.31829732e-04
 -0.24321805  -0.84631122  -0.47392225  1.71604846e-04
 -0.22974559  -0.90020037   0.36994089  1.50956681e-04
  0.52989341  -0.35258604  -0.77129505  1.82495683e-04
 -0.23526530   0.35653159  -0.90417668  1.77725902e-04
 -0.17115619   0.75381646   0.63440232  8.38453873e-04
  0.10571523  -0.30966548  -0.94495057  5.08486264e-04
  0.16893001  -0.96456535  -0.20267300  1.74329240e-04
  0.00252895   0.01886706   0.99981880  3.57315968e-04
  0.16090741  -0.50828027  -0.84602599  1.94410011e-04
 -0.79205134  -0.44629816  -0.41650044  2.68568658e-04
 -0.38888424  -0.51450920  -0.76423120  1.72030394e-04
 -0.85154357   0.04550340   0.52230546  1.99027485e-04
  0.27071600   0.50277152  -0.82093462  3.42323167e-04
  0.54905885  -0.60015312   0.58167912  1.72621296e-04
 -0.24810207  -0.46879959   0.84774542  1.53494221e-04
 -0.52070463   0.78855530  -0.32718074  2.25982905e-04
 -0.80997338   0.36990415   0.45509784  2.69061886e-04
 -0.28327128  -0.76736683   0.57524388  2.89964824e-04
  0.87673902  -0.26594703  -0.40075038  6.42864655e-04
  0.21645720   0.20827636  -0.95381719  4.51546603e-04
  0.85585466  -0.19032324   0.48092605  2.44348629e-04
  0.35848351   0.63722210  -0.68222985  5.49542242e-04
  0.24031745   0.84153035  -0.48381215  2.52523467e-04
  0.47091463  -0.15978429   0.86758768  1.92053167e-04
 -0.24254430  -0.50812461   0.82642704  4.86736147e-04
 -0.34774621  -0.60565697   0.71571797  2.04177990e-04
 -0.25064518   0.84925560  -0.46469552  1.63602551e-04
  0.16936960  -0.60982097  -0.77423014  8.68974246e-04
 -0.84757402  -0.10164203   0.52085236  1.50659927e-04
  0.23660844   0.95059632   0.20095540  2.03773024e-04
 -0.65097072   0.15545408   0.74301491  7.47501046e-04
 -0.76768655   0.45637888  -0.44986184  1.65938675e-04
  0.99231787  -0.12253465  -0.01704440  1.74109073e-04
  0.54962414   0.44608795   0.70634187  3.33247148e-04
 -0.55498653   0.41754988   0.71947345  2.19404442e-04
 -0.50285018   0.86067481   0.07987847  5.73089902e-04
  0.56629777  -0.79512774   0.21697629  2.45527350e-04
  0.90223670  -0.37219141   0.21781297  6.53563000e-04
 -0.30326546   0.92336525  -0.23542872  4.15422369e-04
 -0.81439724  -0.15717182  -0.55861808  2.43628519e-04
 -0.17996741   0.51449195  -0.83839714  4.73169270e-04
 -0.59914442   0.49486522  -0.62939207  5.40072110e-04
  0.87840145   0.09570927  -0.46824207  1.70860819e-04
  0.73845670   0.14639210   0.65821809  2.22543488e-04
  0.55712409  -0.77276426   0.30405288  1.54513869e-04
  0.04540032   0.99888622   0.01285060  1.59612414e-04
 -0.50756011   0.82205757  -0.25807767  2.43929107e-04
  0.28180302   0.72076477  -0.63331289  1.65153668e-04
 -0.39955667   0.31581815   0.86058896  5.19323673e-04
 -0.73613973  -0.49681083   0.45964910  1.49387487e-04
 -0.80237566  -0.57249138  -0.16866216  2.81314775e-04
  0.09610873  -0.09129340  -0.99117538  8.39475877e-04
  0.42588135  -0.48366832  -0.76465027  7.43298771e-04
 -0.67580129  -0.36077080   0.64275737  2.64583512e-04
 -0.68088275  -0.70838207  -0.18599333  3.96272303e-04
  0.49497888   0.56430186   0.66072636  2.02053982e-04
 -0.63481674  -0.06161238   0.77020233  2.50447636e-04
 -0.85879918  -0.34773747   0.37622149  5.17812865e-04
  0.49840013   0.86686414   0.01199476  3.77459234e-04
 -0.48524322  -0.41262797  -0.77089375  2.62922858e-04
 -0.87741574  -0.46267128  -0.12679469  1.66148168e-04
  0.39994379  -0.83631316   0.37500035  3.90648669e-04
  0.86895674  -0.33991111  -0.35968684  2.01072988e-04
  0.49348446  -0.73145406   0.47058267  3.85204599e-04
  0.23480538  -0.81142323  -0.53521844  1.47206671e-04
  0.84851507   0.28892093   0.44333608  1.64574159e-04
  0.80162302   0.59518313  -0.05619234  3.08676385e-04
 -0.26310637  -0.37532215   0.88876787  1.69376665e-04
 -0.55489627  -0.38315077  -0.73843458  3.97621744e-04
 -0.52955091  -0.52739873  -0.66439929  1.51401895e-04
  0.03930205   0.85699959  -0.51381616  2.53358343e-04
  0.54276226   0.24345415  -0.80382785  2.38833703e-04
  0.03154435  -0.96707506   0.25252879  5.96291799e-04
  0.59551016  -0.39463368   0.69973703  2.33730655e-04
 -0.17087621  -0.93007729   0.32520388  6.51148667e-04
 -0.72204158   0.38717546  -0.57336822  1.53722341e-04
 -0.20160168  -0.23035948   0.95199332  2.65921613e-04
 -0.44242205   0.50887630   0.73844948  2.63361157e-04
  0.61073079  -0.35179036   0.70940218  1.51277631e-04
  0.02152421  -0.81826493  -0.57443817  2.53561488e-04
 -0.80243968   0.56820064   0.18231455  1.60652740e-04
  0.63616423  -0.56436606  -0.52610458  2.51229939e-04
  0.13860867  -0.33518768  -0.93189959  3.17766542e-04
 -0.88817206   0.00867468  -0.45942915  3.51229371e-04
 -0.34242026   0.17417357  -0.92326158  1.47397461e-04
 -0.65108934   0.14149436   0.74569566  1.53815117e-04
 -0.14935932  -0.42054394   0.89489362  1.48665735e-04
  0.80949175   0.39867632   0.43102239  4.94154127e-04
 -0.89162881  -0.25903921   0.37134452  1.45504881e-04
  0.96092095   0.06996564  -0.26783530  1.87030861e-04
 -0.40981710  -0.90881122   0.07817997  4.74877522e-04
 -0.61816316   0.58321565   0.52700457  5.72018881e-04
  0.38728181  -0.51092287   0.76744421  4.32149964e-04
 -0.25161448   0.46812365   0.84708347  1.73048830e-04
  0.52814049  -0.65701300  -0.53796054  3.34540358e-04
 -0.91225249   0.21975793  -0.34569039  1.47687331e-04
 -0.67636870   0.13713961  -0.72368370  2.26699141e-04
  0.16623507   0.64005608   0.75012940  5.80813527e-04
  0.02967511   0.57289275   0.81909297  6.72884180e-04
  0.49466335  -0.85520951   0.15467665  3.28319759e-04
  0.78753667   0.59989587  -0.14110612  1.90773378e-04
  0.31522038  -0.51310414   0.79834845  2.43132609e-04
 -0.01780299  -0.92618523   0.37664834  4.90654153e-04
  0.88418847  -0.38268163   0.26789089  1.56338453e-04
 -0.73098376  -0.02610173  -0.68189547  1.60582798e-04
  0.00874212  -0.77749052   0.62883389  1.46841581e-04
  0.65034956  -0.19473714  -0.73424989  7.08799357e-04
 -0.02286648   0.90541656   0.42390799  1.56168630e-04
 -0.10575572   0.58655301   0.80297652  5.95883197e-04
  0.76005082  -0.64397636  -0.08727662  2.44778806e-04
  0.86181005  -0.45845241   0.21703645  1.52150121e-04
 -0.18965205  -0.64427178  -0.74090888  5.26517443e-04
  0.66241664  -0.74256765  -0.09898218  1.89609134e-04
  0.63178584   0.36112174  -0.68588464  1.74949857e-04
  0.68013969   0.70794733   0.19031704  1.68315619e-04
  0.33804550  -0.27290403   0.90069342  1.84443514e-04
 -0.04385048  -0.75191064  -0.65780508  1.66486125e-04
  0.80316502  -0.09846316   0.58756358  1.65251199e-04
 -0.52667007   0.55108440  -0.64724387  2.43855406e-04
  0.36032500  -0.93198623  -0.03959246  2.96279949e-04
  0.74953449   0.21372673  -0.62651331  5.96544037e-04
  0.22540474   0.14421230  -0.96353283  3.93542196e-04
 -0.08322952   0.91989321   0.38323535  8.62408028e-04
 -0.36843999   0.82523829  -0.42805810  3.53942440e-04
 -0.23885942   0.29404935   0.92546267  2.45648906e-04
  0.25358031  -0.45168274   0.85538280  3.39586976e-04
  0.01117619  -0.30899826   0.95099694  2.91791923e-04
  0.95617985   0.03826730  -0.29026835  1.46725813e-04
  0.59356563  -0.77913054  -0.20158235  6.99925174e-04
  0.92068819   0.36003380  -0.15069476  2.48305557e-04
  0.95380043   0.24653313   0.17171535  4.32742646e-04
 -0.44285665   0.59849913   0.66759028  1.74307443e-04
 -0.68198110   0.06739157  -0.72825831  2.09796546e-04
 -0.97433419   0.22503864   0.00552304  1.50727396e-04
  0.36847665   0.88657246  -0.27966808  1.75103873e-04
 -0.44614658  -0.81520818   0.36930861  2.23899361e-04
 -0.47514685  -0.82995486   0.29225059  1.49666159e-04
  0.64545871   0.46453786  -0.60629005  5.10990526e-04
 -0.73330762   0.66336545   0.14901750  3.01044316e-04
 -0.63225013   0.73485961   0.24544070  3.01477429e-04
  0.93094181  -0.36432728  -0.02475827  1.92185144e-04
  0.38608000  -0.86898895  -0.30951647  4.04762536e-04
  0.40800124  -0.13562331  -0.90285176  4.53647559e-04
 -0.53455132  -0.19099796  -0.82327071  1.76870901e-04
  0.16194152   0.82598112  -0.53993531  1.61840356e-04
  0.59841249  -0.61849019  -0.50928615  6.67274514e-04
 -0.16605625  -0.90735025   0.38618758  5.32066326e-04
 -0.64767684  -0.32207397  -0.69049480  2.93547333e-04
 -0.18542600   0.52702902  -0.82937182  6.30130869e-04
 -0.88795992  -0.41996122   0.18750933  2.70236688e-04
  0.96244009   0.26484346   0.05972453  1.53648139e-04
  0.95066106  -0.27431263  -0.14490040  2.13584791e-04
  0.08039597   0.55599482  -0.82728850  1.52666146e-04
  0.99331054  -0.08680908   0.07614689  5.48047652e-04
  0.33726483  -0.63898687   0.69133799  3.89504070e-04
 -0.93256342  -0.26594302  -0.24413066  7.00791678e-04
  0.53063724   0.64468088   0.55028236  1.58876714e-04
  0.08515338   0.31669394  -0.94469776  1.72891380e-04
 -0.75390800  -0.15629796   0.63811729  6.92423002e-04
  0.08043437   0.50589455   0.85883701  2.12075535e-04
  0.72126539   0.64366843  -0.25586556  5.10404721e-04
 -0.50686417  -0.82684000   0.24377104  1.50432442e-04
  0.25478230  -0.01465160   0.96688743  4.75692118e-04
  0.76081673   0.26718650   0.59141295  5.12642928e-04
  0.30791908  -0.66769781   0.67776505  3.51501949e-04
  0.60375063   0.29838675  -0.73922292  5.03302175e-04
  0.08253956  -0.56896501   0.81820904  1.66676443e-04
  0.84119117   0.44746247  -0.30360296  4.11058056e-04
  0.11035604  -0.49866379  -0.85974181  5.20194170e-04
 -0.46219748   0.56283183  -0.68526916  5.71706446e-04
 -0.52443565  -0.78567215   0.32815624  5.16895929e-04
 -0.38637088  -0.60186563  -0.69891008  4.32592303e-04
 -0.31123009   0.20233002  -0.92854639  4.47759681e-04
  0.87035404  -0.47992937  -0.11023445  3.15603069e-04
 -0.60574405   0.75780720  -0.24249206  2.02548791e-04
 -0.43310847   0.27344034  -0.85886404  3.24059588e-04
 -0.33919264   0.32970148  -0.88104783  6.33151949e-04
 -0.38576635  -0.92098016   0.05458812  1.57795406e-04
 -0.22279597   0.90360385  -0.36587161  1.67450239e-04
 -0.91402813  -0.40563875  -0.00312932  1.75171818e-04
 -0.36504043  -0.41498360  -0.83338712  1.54678109e-04
  0.41685642  -0.53972400   0.73138822  1.51095276e-04
  0.54793891  -0.78086618  -0.30001828  1.66212053e-04
 -0.87831735   0.28981578   0.38021763  3.66030062e-04
  0.76344066  -0.53382484  -0.36357860  1.83463153e-04
 -0.99581986   0.01746328  -0.08965395  5.88218440e-04
  0.23510979  -0.88679686  -0.39788782  1.56091226e-04
 -0.46620676   0.30050611  -0.83207412  2.08877449e-04
 -0.10912938  -0.07931288  -0.99085834  4.87392024e-04
 -0.47993894   0.87729700  -0.00293217  2.09849661e-04
 -0.02161380  -0.15256730  -0.98805671  1.51059068e-04
 -0.93448142   0.03620534  -0.35416613  1.88933491e-04
  0.23432199  -0.92495624  -0.29924766  1.78337563e-04
 -0.66681180   0.68103989  -0.30256684  1.52911149e-04
 -0.49599888  -0.19771773  -0.84551334  2.06668795e-04
  0.38945075  -0.91120906   0.13426156  3.04691150e-04
  0.95125999  -0.23561014  -0.19897811  5.12246941e-04
 -0.97559130   0.15070027   0.15972178  1.64848387e-04
  0.31458821   0.94894216   0.02330308  3.51087522e-04
 -0.56739883  -0.82047377  -0.06986679  7.67811069e-04
  0.38610032   0.43830063   0.81167672  2.73524712e-04
 -0.89427256  -0.43824675  -0.09064424  7.21953357e-04
 -0.78873653  -0.23786260   0.56684748  1.93365858e-04
 -0.46455265  -0.15935872   0.87108877  2.18761363e-04
  0.36349188  -0.39516578  -0.84363361  5.66158094e-04
  0.91452215  -0.32751455   0.23745200  1.76679491e-04
 -0.01980938   0.38572903  -0.92239943  5.85203384e-04
 -0.16771380  -0.54489805   0.82155839  1.47603997e-04
 -0.40595984  -0.90714810  -0.11081032  2.38089595e-04
  0.73414260   0.16603313  -0.65838259  1.71333949e-04
  0.23720316   0.42770853   0.87223854  1.74833909e-04
 -0.70849907  -0.12277437  -0.69495001  7.07723506e-04
  0.10228337   0.30097719  -0.94813018  1.51547720e-04
 -0.99500611  -0.09439334  -0.03244587  2.14524662e-04
  0.94118903  -0.29987972   0.15567709  2.52082044e-04
 -0.70016254  -0.61035636  -0.37045584  1.49058194e-04
  0.37584366  -0.76821534  -0.51825355  2.36537615e-04
  0.77984433  -0.59685972  -0.18868307  2.31044743e-04
  0.58371921  -0.61557744  -0.52946795  1.60946125e-04
  0.35459984   0.71798632  -0.59896126  1.54063259e-04
  0.79087378  -0.28827680   0.53982882  5.12667233e-04
  0.47096295  -0.81006405  -0.34927087  1.54623019e-04
 -0.14550026   0.07263271   0.98668848  3.39666078e-04
 -0.78898762  -0.20292489  -0.57993105  7.02937016e-04
  0.77229955   0.63032420   0.07902412  1.60794951e-04
  0.98193943   0.01499051   0.18860076  7.75036697e-04
 -0.12832316   0.91765198   0.37609575  2.00616841e-04
 -0.31648842   0.87245472  -0.37236789  1.55750085e-04
 -0.97312456  -0.10193952   0.20648708  3.15026447e-04
  0.62941923   0.77705874  -0.00333791  3.50412106e-04
 -0.18083966   0.42511235  -0.88689149  1.54256972e-04
  0.15055039   0.96403342   0.21903000  7.73400676e-04
 -0.10840794  -0.46477781  -0.87876579  2.00102463e-04
 -0.46065923  -0.04225381   0.88657075  4.40416552e-04
 -0.10054832  -0.23935830  -0.96571095  1.75821922e-04
  0.88402269  -0.37752589  -0.27564124  2.12109408e-04
 -0.41312971   0.80887488   0.41838413  4.30930889e-04
  0.33847047  -0.93933738   0.05552499  1.97882239e-04
  0.59780267  -0.28601567  -0.74888384  1.84286553e-04
 -0.94955656   0.23804106  -0.20415385  1.78269841e-04
  0.52452880   0.73072892   0.43692652  2.50754656e-04
  0.35622928  -0.85568102   0.37538073  4.57898575e-04
 -0.96270976   0.26549238  -0.05199725  1.46003522e-04
  0.00060083   0.98992416  -0.14159732  4.27310168e-04
 -0.36200731  -0.51485144  -0.77709633  2.15373964e-04
 -0.11005009   0.20006419  -0.97358271  2.43568671e-04
 -0.50104809  -0.35517234   0.78917895  2.30261237e-04
  0.36032329   0.93006646  -0.07171821  4.26839014e-04
 -0.08623512  -0.57902218   0.81073844  2.87079773e-04
 -0.73894629  -0.09169865  -0.66749512  2.75700852e-04
  0.88730878   0.22772256   0.40103063  1.84605853e-04
 -0.85490797  -0.48887801   0.17358183  1.67311594e-04
  0.87795016  -0.27678146  -0.39063480  1.51371809e-04
  0.29379263   0.67306324   0.67872805  2.58812780e-04
 -0.13113482  -0.12573485   0.98335874  3.80225218e-04
 -0.98097941  -0.17056339  -0.09266894  3.12990665e-04
  0.08840181   0.96079623  -0.26278455  3.08264994e-04
  0.42250511   0.26698238   0.86614655  1.99031123e-04
  0.15977113  -0.95434313  -0.25239331  1.65935500e-04
  0.80735457   0.09551135   0.58228530  4.52687901e-04
  0.20895007  -0.32156948  -0.92354369  2.10065003e-04
 -0.45405091  -0.89078829   0.01827555  1.94315256e-04
  0.04499044  -0.98858612   0.14378225  2.38590023e-04
  0.38230149  -0.59236851  -0.70918623  1.70966974e-04
  0.36878358  -0.26889740   0.88977124  4.73945554e-04
  0.47812931  -0.55809436   0.67817627  4.42989305e-04
 -0.66285565  -0.52158856   0.53718504  2.27505049e-04
 -0.76229491  -0.22085438   0.60838295  4.77092551e-04
  0.50544450  -0.86229345   0.03123895  6.81260130e-04
 -0.78074390  -0.57822294  -0.23684846  2.29838806e-04
  0.98561216   0.05160848   0.16095103  3.29033347e-04
  0.27155140  -0.66091919   0.69960393  1.57620672e-04
 -0.88142766  -0.09268368   0.46313607  1.47711212e-04
  0.81362900  -0.46177261  -0.35323350  1.56086589e-04
  0.99672324   0.06809459   0.04365666  2.12691664e-04
 -0.98174677  -0.09147171   0.16675193  2.28739910e-04
 -0.24776950  -0.13678938  -0.95911362  2.11524855e-04
 -0.73703673  -0.50374598   0.45057390  2.65902236e-04
 -0.40270048   0.50289941  -0.76480357  3.01769744e-04
 -0.73490982  -0.58398921   0.34476681  5.45473251e-04
 -0.56615139  -0.13846768   0.81258803  6.83273745e-04
  0.05065956   0.99722449   0.05456117  3.73652776e-04
 -0.81742841  -0.13102089  -0.56093166  4.08914292e-04
 -0.50984372   0.39341314   0.76503953  2.27012899e-04
 -0.87387582   0.02847023  -0.48531485  4.89328870e-04
  0.14911161  -0.03446282   0.98821963  4.38051857e-04
 -0.78292132   0.31364468  -0.53727202  2.07540423e-04
 -0.70584313   0.66681385   0.23904971  1.81586162e-04
  0.35935140   0.36627062   0.85831952  1.48249089e-04
 -0.00508829  -0.98621562   0.16538702  2.95978053e-04
 -0.32732501  -0.03391862  -0.94430285  1.60612372e-04
  0.58516914  -0.50846051  -0.63170007  2.26194870e-04
 -0.60567197   0.79570013  -0.00477126  2.13582444e-04
 -0.03518245   0.94536072   0.32412235  1.77004627e-04
  0.41932956  -0.64257276   0.64129788  3.40200151e-04
  0.76372004   0.59433531   0.25198658  7.77194610e-04
  0.39848131   0.16235950  -0.90269155  1.66816720e-04
  0.15998087   0.01170501  -0.98705071  1.46148696e-04
  0.41508626  -0.83928505   0.35114669  1.48719053e-04
  0.00672616  -0.96762426   0.25230546  1.64746195e-04
  0.74439043  -0.62254226  -0.24150368  5.40039348e-04
  0.87389303   0.47536288  -0.10169119  1.48513943e-04
 -0.17940437  -0.94197757  -0.28371169  2.75761157e-04
 -0.49501970  -0.78144382   0.37986979  2.69194464e-04
  0.45145599  -0.56522212   0.69044293  1.91369237e-04
 -0.37981581   0.69355832   0.61214117  3.57294529e-04
 -0.59542277   0.63050154  -0.49793527  3.91450807e-04
 -0.57844952   0.21929243   0.78568886  1.52014393e-04
 -0.83429028   0.46496028   0.29626284  2.46623063e-04
  0.60319320  -0.60169410  -0.52356677  3.09436549e-04
  0.04161426   0.98336951  -0.17678420  3.46149807e-04
  0.75405226  -0.59102456  -0.28652254  5.96537169e-04
 -0.27592410  -0.27921739  -0.91973015  3.02155115e-04
 -0.95267435   0.27823889   0.12245289  3.91416330e-04
 -0.56975004   0.79848175   0.19445252  1.46730478e-04
 -0.18767777  -0.98206755   0.01789948  5.79761753e-04
 -0.29617346   0.50344162   0.81168209  2.07079966e-04
 -0.38828385   0.88320526   0.26302875  7.85235428e-04
 -0.83590114  -0.18386806  -0.51716711  2.00275755e-04
 -0.00511508  -0.57876752  -0.81547655  3.19133587e-04
  0.22407188   0.97119866  -0.08102441  7.14396350e-04
 -0.43393257  -0.66981344   0.60253836  1.64923970e-04
 -0.59486574  -0.73350193   0.32880033  1.53428038e-04
  0.69202401   0.04655734  -0.72037156  1.81057424e-04
 -0.26414998   0.94188119  -0.20756833  1.76544618e-04
  0.26579967  -0.18578873  -0.94595617  3.09340858e-04
  0.62561262   0.57405842   0.52826677  3.84327733e-04
  0.84002722   0.12711322   0.52744337  2.91090991e-04
 -0.35983806   0.92576176  -0.11611085  2.78271997e-04
  0.82885869   0.29158418   0.47746407  1.58445611e-04
  0.58353547   0.01165524   0.81200401  3.21017706e-04
  0.51032624   0.62101982  -0.59489622  1.47792211e-04
 -0.09766785  -0.77771810   0.62097951  3.20776564e-04
 -0.64660052   0.36982100   0.66718828  3.84170430e-04
 -0.14847397  -0.84042538  -0.52119159  4.11233567e-04
  0.52213182   0.46619759   0.71416957  2.24855688e-04
  0.96179271   0.27377627   0.00115682  1.67593174e-04
  0.03574659  -0.87775136  -0.47778106  2.16141233e-04
  0.56528713   0.38154012   0.73135327  4.22228540e-04
  0.98435732   0.08772245   0.15279213  1.97835280e-04
  0.80773383   0.27582311  -0.52104479  1.54122326e-04
 -0.27485176   0.74987231  -0.60178736  3.91270245e-04
  0.12709595   0.22037172  -0.96710027  4.27482507e-04
 -0.67622733   0.36504793   0.63988796  3.22499624e-04
  0.73198957  -0.13505996   0.66779494  2.95368175e-04
  0.63304151  -0.29832876  -0.71432374  2.21717280e-04
 -0.23132743  -0.97231706   0.03297194  2.87141661e-04
  0.33823410   0.71548427  -0.61129367  1.84932289e-04
 -0.17164411  -0.78652623  -0.59322406  2.64884334e-04
  0.73850208  -0.02211474   0.67388843  4.01934834e-04
  0.27476927  -0.21385251  -0.93742677  3.84966473e-04
  0.19247017  -0.87483313  -0.44454722  3.51579164e-04
  0.45796645  -0.61316278  -0.64365995  2.55310993e-04
  0.36033307   0.92914009   0.08281772  1.82165808e-04
 -0.50859480   0.73922772   0.44144502  1.54867796e-04
 -0.42233551  -0.49970773   0.75625717  1.78115169e-04
  0.07414469  -0.69037591  -0.71964134  1.47838587e-04
 -0.78228488   0.60204229   0.15992324  1.98118442e-04
 -0.73640155   0.41251987   0.53622768  2.86582046e-04
 -0.01614981  -0.28651324  -0.95794016  1.53704811e-04
  0.04360361   0.61172675  -0.78986651  1.50530651e-04
  0.36699535   0.89104974  -0.26710444  1.48807186e-04
  0.35201082  -0.61094805  -0.70910568  2.76544913e-04
  0.36847373   0.87580461  -0.31175855  2.00548803e-04
 -0.72418138   0.63844393  -0.26067352  2.90415045e-04
  0.42021688   0.01710486   0.90726247  1.63184586e-04
