400
 -1.1407996218300525E+00 -2.3170985309886123E+00 3.8420614944644871E-01
 8.8473662590100415E-03 -5.8553255512790430E-03 -1.4494045779566618E-03
0
0.0
 -1.1407996218300525E+00 -2.3170985309886123E+00 3.8420614944644871E-01
 8.8509249438070356E-03 -5.8783687212607700E-03 -1.4632311740249322E-03
0
0.0
 -1.1407996218300525E+00 -2.3170985309886123E+00 3.8420614944644871E-01
 8.8286863949668323E-03 -5.7785300704929618E-03 -1.6812054085749428E-03
0
0.0
 -1.1407996218300525E+00 -2.3170985309886123E+00 3.8420614944644871E-01
 8.8552291919061221E-03 -5.9588608485797480E-03 -1.8135497040503619E-03
0
0.0
 -1.1407996218300525E+00 -2.3170985309886123E+00 3.8420614944644871E-01
 8.5807198856967058E-03 -5.7994419965478891E-03 -1.8269854558558383E-03
0
0.0
 -1.1407996218300525E+00 -2.3170985309886123E+00 3.8420614944644871E-01
 8.7184017370520173E-03 -5.7632793336630239E-03 -1.5301558624710491E-03
0
0.0
 -1.1407996218300525E+00 -2.3170985309886123E+00 3.8420614944644871E-01
 8.6117099418659138E-03 -5.9394842530837823E-03 -1.7853816209504512E-03
0
0.0
 -1.1407996218300525E+00 -2.3170985309886123E+00 3.8420614944644871E-01
 8.9875557092132605E-03 -6.0839281201643079E-03 -1.4905762764749022E-03
0
0.0
 -1.1407996218300525E+00 -2.3170985309886123E+00 3.8420614944644871E-01
 8.6843287033453002E-03 -5.9647112732206988E-03 -1.7121542253717898E-03
0
0.0
 -1.1407996218300525E+00 -2.3170985309886123E+00 3.8420614944644871E-01
 8.7253300954457848E-03 -6.0260514601722763E-03 -1.6613619774512320E-03
0
0.0
 -1.1407996218300525E+00 -2.3170985309886123E+00 3.8420614944644871E-01
 8.9313586309238586E-03 -5.7918516587383900E-03 -1.6298227045866969E-03
0
0.0
 -1.1407996218300525E+00 -2.3170985309886123E+00 3.8420614944644871E-01
 8.8433557768472539E-03 -5.9057380568926883E-03 -1.5686315688745915E-03
0
0.0
 -1.1407996218300525E+00 -2.3170985309886123E+00 3.8420614944644871E-01
 8.9134920469627812E-03 -5.7744047256894325E-03 -1.8949575275489948E-03
0
0.0
 -1.1407996218300525E+00 -2.3170985309886123E+00 3.8420614944644871E-01
 8.7523999996046258E-03 -6.0051443260282890E-03 -1.6681328438995038E-03
0
0.0
 -1.1407996218300525E+00 -2.3170985309886123E+00 3.8420614944644871E-01
 8.8722133961354598E-03 -5.8406435709895200E-03 -1.6051106622844932E-03
0
0.0
 -1.1407996218300525E+00 -2.3170985309886123E+00 3.8420614944644871E-01
 8.8011206435158560E-03 -6.0002182701907854E-03 -1.5392204740695139E-03
0
0.0
 -1.1407996218300525E+00 -2.3170985309886123E+00 3.8420614944644871E-01
 8.8912602854289754E-03 -6.0939531712631417E-03 -1.6598526904488006E-03
0
0.0
 -1.1407996218300525E+00 -2.3170985309886123E+00 3.8420614944644871E-01
 8.6865660522813613E-03 -5.8231357911752149E-03 -1.7594997229310751E-03
0
0.0
 -1.1407996218300525E+00 -2.3170985309886123E+00 3.8420614944644871E-01
 9.0296457022367785E-03 -5.9291688186297372E-03 -1.6891651803664519E-03
0
0.0
 -1.1407996218300525E+00 -2.3170985309886123E+00 3.8420614944644871E-01
 8.6621558740537785E-03 -6.0561769424711228E-03 -1.8257137457190461E-03
0
0.0
 -1.1407996218300525E+00 -2.3170985309886123E+00 3.8420614944644871E-01
 8.9530849095992102E-03 -5.9105766370412234E-03 -1.4779796479966339E-03
0
0.0
 -1.1407996218300525E+00 -2.3170985309886123E+00 3.8420614944644871E-01
 8.5121685463396962E-03 -5.8838510431219954E-03 -1.7216441225159523E-03
0
0.0
 -1.1407996218300525E+00 -2.3170985309886123E+00 3.8420614944644871E-01
 8.6371642635773814E-03 -6.0372237471809130E-03 -1.7224491186273929E-03
0
0.0
 -1.1407996218300525E+00 -2.3170985309886123E+00 3.8420614944644871E-01
 8.9142292570278704E-03 -6.1181200941454357E-03 -1.6537508074573675E-03
0
0.0
 -1.1407996218300525E+00 -2.3170985309886123E+00 3.8420614944644871E-01
 9.0918124256681738E-03 -5.8914721100435958E-03 -1.5431484174352264E-03
0
0.0
 -1.1407996218300525E+00 -2.3170985309886123E+00 3.8420614944644871E-01
 8.9481894823601592E-03 -6.0255921628721149E-03 -1.6107649065353262E-03
0
0.0
 -1.1407996218300525E+00 -2.3170985309886123E+00 3.8420614944644871E-01
 8.8406060311027393E-03 -5.9242945104100433E-03 -1.6976442416666256E-03
0
0.0
 -1.1407996218300525E+00 -2.3170985309886123E+00 3.8420614944644871E-01
 8.7941002416840417E-03 -5.8704024869742797E-03 -1.8304451733941959E-03
0
0.0
 -1.1407996218300525E+00 -2.3170985309886123E+00 3.8420614944644871E-01
 8.7793737361209576E-03 -5.7037331675162516E-03 -1.4769464673291832E-03
0
0.0
 -1.1407996218300525E+00 -2.3170985309886123E+00 3.8420614944644871E-01
 8.6537072048238368E-03 -5.9733728592744045E-03 -1.6020122385221555E-03
0
0.0
 -1.1407996218300525E+00 -2.3170985309886123E+00 3.8420614944644871E-01
 8.7609691623524583E-03 -5.8781076038752498E-03 -1.4518115280881701E-03
0
0.0
 -1.1407996218300525E+00 -2.3170985309886123E+00 3.8420614944644871E-01
 8.8487609351254083E-03 -5.8927770321027320E-03 -1.6600321782760971E-03
0
0.0
 -1.1407996218300525E+00 -2.3170985309886123E+00 3.8420614944644871E-01
 8.7530608223817599E-03 -5.7252339945025659E-03 -1.5857293005383680E-03
0
0.0
 -1.1407996218300525E+00 -2.3170985309886123E+00 3.8420614944644871E-01
 8.9063228109550960E-03 -5.8654203684006751E-03 -1.5995933496602078E-03
0
0.0
 -1.1407996218300525E+00 -2.3170985309886123E+00 3.8420614944644871E-01
 8.7838733024956581E-03 -5.9343372700766889E-03 -1.5910510609318577E-03
0
0.0
 -1.1407996218300525E+00 -2.3170985309886123E+00 3.8420614944644871E-01
 8.5464176043629284E-03 -5.8074799488442774E-03 -1.6178466029686486E-03
0
0.0
 -1.1407996218300525E+00 -2.3170985309886123E+00 3.8420614944644871E-01
 8.7974105933194650E-03 -5.8769383824482137E-03 -1.5203448070697778E-03
0
0.0
 -1.1407996218300525E+00 -2.3170985309886123E+00 3.8420614944644871E-01
 8.8782476515464944E-03 -5.8515650539028461E-03 -1.4977799361217627E-03
0
0.0
 -1.1407996218300525E+00 -2.3170985309886123E+00 3.8420614944644871E-01
 8.7132372556831990E-03 -6.0229523980846631E-03 -1.6150135913953233E-03
0
0.0
 -1.1407996218300525E+00 -2.3170985309886123E+00 3.8420614944644871E-01
 8.6539704616171356E-03 -5.8775566617779692E-03 -1.5914923205584835E-03
0
0.0
 -1.1407996218300525E+00 -2.3170985309886123E+00 3.8420614944644871E-01
 8.5235815248890980E-03 -6.0492806069641471E-03 -1.7520601730017244E-03
0
0.0
 -1.1407996218300525E+00 -2.3170985309886123E+00 3.8420614944644871E-01
 8.8511767703698101E-03 -5.8970391704387323E-03 -1.6348465493467241E-03
0
0.0
 -1.1407996218300525E+00 -2.3170985309886123E+00 3.8420614944644871E-01
 8.8218039038221504E-03 -5.8505162915318994E-03 -1.6521608678004953E-03
0
0.0
 -1.1407996218300525E+00 -2.3170985309886123E+00 3.8420614944644871E-01
 8.6892493552321055E-03 -5.9325453414177925E-03 -1.7445964142191002E-03
0
0.0
 -1.1407996218300525E+00 -2.3170985309886123E+00 3.8420614944644871E-01
 8.8579260614929968E-03 -6.1269198522877115E-03 -1.8423210386083449E-03
0
0.0
 -1.1407996218300525E+00 -2.3170985309886123E+00 3.8420614944644871E-01
 8.9253819544619275E-03 -5.9338128005435959E-03 -1.6722609268745667E-03
0
0.0
 -1.1407996218300525E+00 -2.3170985309886123E+00 3.8420614944644871E-01
 8.5944547097307148E-03 -5.7678486952580741E-03 -1.6241293325520371E-03
0
0.0
 -1.1407996218300525E+00 -2.3170985309886123E+00 3.8420614944644871E-01
 8.9314538367658639E-03 -5.9477483288620384E-03 -1.5458370494323319E-03
0
0.0
 -1.1407996218300525E+00 -2.3170985309886123E+00 3.8420614944644871E-01
 8.8828615262796177E-03 -5.9839320439803367E-03 -1.6777347585094249E-03
0
0.0
 -1.1407996218300525E+00 -2.3170985309886123E+00 3.8420614944644871E-01
 8.8052782954987554E-03 -6.0648649664476950E-03 -1.4852272404506353E-03
0
0.0
 -1.1407996218300525E+00 -2.3170985309886123E+00 3.8420614944644871E-01
 8.9525451129015901E-03 -5.8386362766855125E-03 -1.5399950602013827E-03
0
0.0
 -1.1407996218300525E+00 -2.3170985309886123E+00 3.8420614944644871E-01
 9.0127191840567254E-03 -5.8229984181152102E-03 -1.7214815183785000E-03
0
0.0
 -1.1407996218300525E+00 -2.3170985309886123E+00 3.8420614944644871E-01
 8.7014613206644713E-03 -6.0382156443984751E-03 -1.3240512686454691E-03
0
0.0
 -1.1407996218300525E+00 -2.3170985309886123E+00 3.8420614944644871E-01
 8.6999712638336415E-03 -5.8816315900682746E-03 -1.6549054514856305E-03
0
0.0
 -1.1407996218300525E+00 -2.3170985309886123E+00 3.8420614944644871E-01
 8.6512306978215013E-03 -5.6751871358347583E-03 -1.7603682466856834E-03
0
0.0
 -1.1407996218300525E+00 -2.3170985309886123E+00 3.8420614944644871E-01
 8.7103213081129883E-03 -5.8642008173670568E-03 -1.5740832235729967E-03
0
0.0
 -1.1407996218300525E+00 -2.3170985309886123E+00 3.8420614944644871E-01
 8.9042368946667845E-03 -5.8599833247852335E-03 -1.6469686461268371E-03
0
0.0
 -1.1407996218300525E+00 -2.3170985309886123E+00 3.8420614944644871E-01
 8.7619886035147070E-03 -5.8810693135920994E-03 -1.7940956352934150E-03
0
0.0
 -1.1407996218300525E+00 -2.3170985309886123E+00 3.8420614944644871E-01
 8.7402108656357870E-03 -5.8051969084024499E-03 -1.7224990640475428E-03
0
0.0
 -1.1407996218300525E+00 -2.3170985309886123E+00 3.8420614944644871E-01
 8.7824922251659287E-03 -5.7198788833290621E-03 -1.6398226106680255E-03
0
0.0
 -1.1407996218300525E+00 -2.3170985309886123E+00 3.8420614944644871E-01
 8.7103149436721181E-03 -6.0863034922410755E-03 -1.5869219161788960E-03
0
0.0
 -1.1407996218300525E+00 -2.3170985309886123E+00 3.8420614944644871E-01
 8.8793860402880277E-03 -5.7682323426759734E-03 -1.4390916897245073E-03
0
0.0
 -1.1407996218300525E+00 -2.3170985309886123E+00 3.8420614944644871E-01
 8.7117925209019911E-03 -5.9663038383769816E-03 -1.4979263157995771E-03
0
0.0
 -1.1407996218300525E+00 -2.3170985309886123E+00 3.8420614944644871E-01
 8.5140976371903248E-03 -6.0073389589374382E-03 -1.5397622944871524E-03
0
0.0
 -1.1407996218300525E+00 -2.3170985309886123E+00 3.8420614944644871E-01
 8.7627176012372542E-03 -6.0155971687815774E-03 -1.6010563498864926E-03
0
0.0
 -1.1407996218300525E+00 -2.3170985309886123E+00 3.8420614944644871E-01
 8.8515472321046822E-03 -5.9285603837002515E-03 -1.7002941162263569E-03
0
0.0
 -1.1407996218300525E+00 -2.3170985309886123E+00 3.8420614944644871E-01
 8.9337423887783148E-03 -5.8208866185795972E-03 -1.5946186480334792E-03
0
0.0
 -1.1407996218300525E+00 -2.3170985309886123E+00 3.8420614944644871E-01
 8.6341454868360361E-03 -6.0828318622335341E-03 -1.4412270275714599E-03
0
0.0
 -1.1407996218300525E+00 -2.3170985309886123E+00 3.8420614944644871E-01
 8.7141928624588916E-03 -5.9899969095933711E-03 -1.7267636908870755E-03
0
0.0
 -1.1407996218300525E+00 -2.3170985309886123E+00 3.8420614944644871E-01
 8.4861008410703417E-03 -5.9769262144495411E-03 -1.7650418782963482E-03
0
0.0
 -1.1407996218300525E+00 -2.3170985309886123E+00 3.8420614944644871E-01
 8.8537254773676678E-03 -5.8004629526123112E-03 -1.3365605443014935E-03
0
0.0
 -1.1407996218300525E+00 -2.3170985309886123E+00 3.8420614944644871E-01
 8.8781300228904930E-03 -5.9053015123599990E-03 -1.4574870908931514E-03
0
0.0
 -1.1407996218300525E+00 -2.3170985309886123E+00 3.8420614944644871E-01
 8.7414846887474487E-03 -5.8019234018892394E-03 -1.7727538420241101E-03
0
0.0
 -1.1407996218300525E+00 -2.3170985309886123E+00 3.8420614944644871E-01
 8.7903509026250794E-03 -5.9033362972127469E-03 -1.6790300673767357E-03
0
0.0
 -1.1407996218300525E+00 -2.3170985309886123E+00 3.8420614944644871E-01
 8.7556469757803009E-03 -6.0115306254762309E-03 -1.5122039420901504E-03
0
0.0
 -1.1407996218300525E+00 -2.3170985309886123E+00 3.8420614944644871E-01
 8.7963868433492964E-03 -5.8429142875675534E-03 -1.6607896091008286E-03
0
0.0
 -1.1407996218300525E+00 -2.3170985309886123E+00 3.8420614944644871E-01
 8.6661005760443506E-03 -6.0171873193588460E-03 -1.7190401753896249E-03
0
0.0
 -1.1407996218300525E+00 -2.3170985309886123E+00 3.8420614944644871E-01
 8.8803168979423776E-03 -5.7408770625095766E-03 -1.6128125530408162E-03
0
0.0
 -1.1407996218300525E+00 -2.3170985309886123E+00 3.8420614944644871E-01
 8.5675605026002757E-03 -5.6811297669320309E-03 -1.6545845582366580E-03
0
0.0
 -1.1407996218300525E+00 -2.3170985309886123E+00 3.8420614944644871E-01
 8.7999570425663434E-03 -5.9252722634687734E-03 -1.6081142061605241E-03
0
0.0
 -1.1407996218300525E+00 -2.3170985309886123E+00 3.8420614944644871E-01
 8.9616018650763105E-03 -5.7181817681958369E-03 -1.8142355376969560E-03
0
0.0
 -1.1407996218300525E+00 -2.3170985309886123E+00 3.8420614944644871E-01
 8.8270702058838215E-03 -5.8008949164424020E-03 -1.6137798340525480E-03
0
0.0
 -1.1407996218300525E+00 -2.3170985309886123E+00 3.8420614944644871E-01
 8.8049996986274762E-03 -5.8465780224077916E-03 -1.5775512717622773E-03
0
0.0
 -1.1407996218300525E+00 -2.3170985309886123E+00 3.8420614944644871E-01
 8.8430044866089734E-03 -5.8120310307858310E-03 -1.5412663874120607E-03
0
0.0
 -1.1407996218300525E+00 -2.3170985309886123E+00 3.8420614944644871E-01
 8.7808245905953777E-03 -5.8239033154905990E-03 -1.7806532599361981E-03
0
0.0
 -1.1407996218300525E+00 -2.3170985309886123E+00 3.8420614944644871E-01
 8.5263816394472985E-03 -6.0546398028354133E-03 -1.5044668375092383E-03
0
0.0
 -1.1407996218300525E+00 -2.3170985309886123E+00 3.8420614944644871E-01
 9.0173884855205139E-03 -5.7624092011551746E-03 -1.5237079453935657E-03
0
0.0
 -1.1407996218300525E+00 -2.3170985309886123E+00 3.8420614944644871E-01
 8.7940329160396801E-03 -5.8892762512939090E-03 -1.6225386669264643E-03
0
0.0
 -1.1407996218300525E+00 -2.3170985309886123E+00 3.8420614944644871E-01
 8.5061021149354966E-03 -5.9320999531999735E-03 -1.7477913813647061E-03
0
0.0
 -1.1407996218300525E+00 -2.3170985309886123E+00 3.8420614944644871E-01
 8.8905835267460657E-03 -5.8366397904030375E-03 -1.6659913186803819E-03
0
0.0
 -1.1407996218300525E+00 -2.3170985309886123E+00 3.8420614944644871E-01
 8.8597719201133993E-03 -6.0186086978220666E-03 -1.5479956149081881E-03
0
0.0
 -1.1407996218300525E+00 -2.3170985309886123E+00 3.8420614944644871E-01
 8.7711043071425857E-03 -5.9650104052536524E-03 -1.6625970252654840E-03
0
0.0
 -1.1407996218300525E+00 -2.3170985309886123E+00 3.8420614944644871E-01
 8.7985072363624666E-03 -5.8368398817145390E-03 -1.6609534448532145E-03
0
0.0
 -1.1407996218300525E+00 -2.3170985309886123E+00 3.8420614944644871E-01
 8.7944252429488848E-03 -5.9970022948596553E-03 -1.8699721556910574E-03
0
0.0
 -1.1407996218300525E+00 -2.3170985309886123E+00 3.8420614944644871E-01
 8.7722023751199089E-03 -5.9222635485351319E-03 -1.7194397539158337E-03
0
0.0
 -1.1407996218300525E+00 -2.3170985309886123E+00 3.8420614944644871E-01
 8.9557567442201461E-03 -5.9241383906917817E-03 -1.6470566085169662E-03
0
0.0
 -1.1407996218300525E+00 -2.3170985309886123E+00 3.8420614944644871E-01
 8.5833501437373675E-03 -5.8379509494270445E-03 -1.6007523463252619E-03
0
0.0
 -1.1407996218300525E+00 -2.3170985309886123E+00 3.8420614944644871E-01
 8.7813091527705802E-03 -5.8885629668045947E-03 -1.6714857206398858E-03
0
0.0
 -1.1407996218300525E+00 -2.3170985309886123E+00 3.8420614944644871E-01
 8.6794654923616800E-03 -5.7591674347829674E-03 -1.5381987594173298E-03
0
0.0
 -1.1407996218300525E+00 -2.3170985309886123E+00 3.8420614944644871E-01
 8.8267418231450737E-03 -6.0650008110825025E-03 -1.5650935803313770E-03
0
0.0
 -1.1407996218300525E+00 -2.3170985309886123E+00 3.8420614944644871E-01
 8.8033614583119847E-03 -5.9527478949915049E-03 -1.3311794368376193E-03
0
0.0
 -1.1407996218300525E+00 -2.3170985309886123E+00 3.8420614944644871E-01
 8.8916161607106633E-03 -5.9964870740697937E-03 -1.7246413848138469E-03
0
0.0
 -1.1407996218300525E+00 -2.3170985309886123E+00 3.8420614944644871E-01
 8.7320128739056015E-03 -5.7369195524850968E-03 -1.4165162709664451E-03
0
0.0
 -1.1407996218300525E+00 -2.3170985309886123E+00 3.8420614944644871E-01
 8.9738727472813175E-03 -6.0127435164559562E-03 -1.5391833273324738E-03
0
0.0
 -1.1407996218300525E+00 -2.3170985309886123E+00 3.8420614944644871E-01
 8.7668338668257188E-03 -5.5815697641986182E-03 -1.5647321142316492E-03
0
0.0
 -1.1407996218300525E+00 -2.3170985309886123E+00 3.8420614944644871E-01
 8.9134482113217266E-03 -5.8310999652059587E-03 -1.7717108178490000E-03
0
0.0
 -1.1407996218300525E+00 -2.3170985309886123E+00 3.8420614944644871E-01
 8.8610067719709935E-03 -5.8536792885588076E-03 -1.6462766648651188E-03
0
0.0
 -1.1407996218300525E+00 -2.3170985309886123E+00 3.8420614944644871E-01
 8.7735425836880775E-03 -5.7898561323613661E-03 -1.7611905328890412E-03
0
0.0
 -1.1407996218300525E+00 -2.3170985309886123E+00 3.8420614944644871E-01
 8.9112977870119178E-03 -5.8818504688095477E-03 -1.6112725543449935E-03
0
0.0
 -1.1407996218300525E+00 -2.3170985309886123E+00 3.8420614944644871E-01
 8.7363113530371950E-03 -5.8148153053640744E-03 -1.6955097182987243E-03
0
0.0
 -1.1407996218300525E+00 -2.3170985309886123E+00 3.8420614944644871E-01
 8.6094931313561683E-03 -6.0131398652047583E-03 -1.4465543282935929E-03
0
0.0
 -1.1407996218300525E+00 -2.3170985309886123E+00 3.8420614944644871E-01
 8.8352676289589101E-03 -5.8585909785088108E-03 -1.5984193582300071E-03
0
0.0
 -1.1407996218300525E+00 -2.3170985309886123E+00 3.8420614944644871E-01
 8.8852032787597995E-03 -5.5968130689922355E-03 -1.5370720892164493E-03
0
0.0
 -1.1407996218300525E+00 -2.3170985309886123E+00 3.8420614944644871E-01
 8.6590001736189231E-03 -6.1125371560674293E-03 -1.5424755591232331E-03
0
0.0
 -1.1407996218300525E+00 -2.3170985309886123E+00 3.8420614944644871E-01
 8.6592229829208153E-03 -5.8806213857096222E-03 -1.7410427714272835E-03
0
0.0
 -1.1407996218300525E+00 -2.3170985309886123E+00 3.8420614944644871E-01
 8.9585262900679953E-03 -5.9390055622852139E-03 -1.6462762738148028E-03
0
0.0
 -1.1407996218300525E+00 -2.3170985309886123E+00 3.8420614944644871E-01
 8.8012886238979342E-03 -5.8599178222111170E-03 -1.6319011392224114E-03
0
0.0
 -1.1407996218300525E+00 -2.3170985309886123E+00 3.8420614944644871E-01
 8.6846338024660075E-03 -5.8839695099818850E-03 -1.7921294190060620E-03
0
0.0
 -1.1407996218300525E+00 -2.3170985309886123E+00 3.8420614944644871E-01
 8.8328720657190780E-03 -6.1106755559485601E-03 -1.8113405229703374E-03
0
0.0
 -1.1407996218300525E+00 -2.3170985309886123E+00 3.8420614944644871E-01
 8.9504660518174746E-03 -5.9443593461547869E-03 -1.5386014847845284E-03
0
0.0
 -1.1407996218300525E+00 -2.3170985309886123E+00 3.8420614944644871E-01
 8.8681627510988122E-03 -5.9885754457101046E-03 -1.5816266553486851E-03
0
0.0
 -1.1407996218300525E+00 -2.3170985309886123E+00 3.8420614944644871E-01
 8.7461518846642348E-03 -5.9073106272894685E-03 -1.5822327709547820E-03
0
0.0
 -1.1407996218300525E+00 -2.3170985309886123E+00 3.8420614944644871E-01
 8.8129008416251604E-03 -5.9604825618750591E-03 -1.6507829508393853E-03
0
0.0
 -1.1407996218300525E+00 -2.3170985309886123E+00 3.8420614944644871E-01
 8.7534089317941703E-03 -5.7604160810907122E-03 -1.4434652781664262E-03
0
0.0
 -1.1407996218300525E+00 -2.3170985309886123E+00 3.8420614944644871E-01
 8.9226272063776153E-03 -5.9501543694643298E-03 -1.6663719924204362E-03
0
0.0
 -1.1407996218300525E+00 -2.3170985309886123E+00 3.8420614944644871E-01
 8.7974975825734578E-03 -6.0402426815354066E-03 -1.4621922439998943E-03
0
0.0
 -1.1407996218300525E+00 -2.3170985309886123E+00 3.8420614944644871E-01
 8.8471772729730221E-03 -5.9563078389375402E-03 -1.3178408362161324E-03
0
0.0
 -1.1407996218300525E+00 -2.3170985309886123E+00 3.8420614944644871E-01
 8.6841711505731504E-03 -5.7304973029020951E-03 -1.7405462153417615E-03
0
0.0
 -1.1407996218300525E+00 -2.3170985309886123E+00 3.8420614944644871E-01
 8.7742840547511119E-03 -6.0663979216627967E-03 -1.6149700738291163E-03
0
0.0
 -1.1407996218300525E+00 -2.3170985309886123E+00 3.8420614944644871E-01
 8.6947477819585613E-03 -5.8506104508758046E-03 -1.6967154238241595E-03
0
0.0
 -1.1407996218300525E+00 -2.3170985309886123E+00 3.8420614944644871E-01
 8.8166801188355355E-03 -6.1221796772076174E-03 -1.7787838314342870E-03
0
0.0
 -1.1407996218300525E+00 -2.3170985309886123E+00 3.8420614944644871E-01
 8.6766997727876632E-03 -5.8243261260523069E-03 -1.5506116670906322E-03
0
0.0
 -1.1407996218300525E+00 -2.3170985309886123E+00 3.8420614944644871E-01
 8.5105614975763792E-03 -5.7782575040644987E-03 -1.6878395108887363E-03
0
0.0
 -1.1407996218300525E+00 -2.3170985309886123E+00 3.8420614944644871E-01
 8.5310374478139283E-03 -5.7937388894868293E-03 -1.5082860117626169E-03
0
0.0
 -1.1407996218300525E+00 -2.3170985309886123E+00 3.8420614944644871E-01
 8.7984828404827093E-03 -6.1367440887830031E-03 -1.6313731173733207E-03
0
0.0
 -1.1407996218300525E+00 -2.3170985309886123E+00 3.8420614944644871E-01
 8.7867356336380851E-03 -5.9143026945431432E-03 -1.6230331022727877E-03
0
0.0
 -1.1407996218300525E+00 -2.3170985309886123E+00 3.8420614944644871E-01
 8.9293760119344597E-03 -6.0551167539469207E-03 -1.7512932547742027E-03
0
0.0
 -1.1407996218300525E+00 -2.3170985309886123E+00 3.8420614944644871E-01
 8.8760860444811220E-03 -6.0771901857924644E-03 -1.8361680812701757E-03
0
0.0
 -1.1407996218300525E+00 -2.3170985309886123E+00 3.8420614944644871E-01
 8.9555014589646782E-03 -5.7318015043963640E-03 -1.5872497413045917E-03
0
0.0
 -1.1407996218300525E+00 -2.3170985309886123E+00 3.8420614944644871E-01
 8.7656363283987078E-03 -6.0172681259863239E-03 -1.7262325633636941E-03
0
0.0
 -1.1407996218300525E+00 -2.3170985309886123E+00 3.8420614944644871E-01
 8.9348964696805977E-03 -5.8401251973725140E-03 -1.6191061483642117E-03
0
0.0
 -1.1407996218300525E+00 -2.3170985309886123E+00 3.8420614944644871E-01
 8.9826023549976330E-03 -5.7965545987129349E-03 -1.4597558424750039E-03
0
0.0
 -1.1407996218300525E+00 -2.3170985309886123E+00 3.8420614944644871E-01
 8.8871335973964675E-03 -6.1695190968728891E-03 -1.5315136668116679E-03
0
0.0
 -1.1407996218300525E+00 -2.3170985309886123E+00 3.8420614944644871E-01
 8.8790892829899472E-03 -5.9116847159364130E-03 -1.6912660196686986E-03
0
0.0
 -1.1407996218300525E+00 -2.3170985309886123E+00 3.8420614944644871E-01
 8.7873252105084114E-03 -5.9132798370671938E-03 -1.7780566821371129E-03
0
0.0
 -1.1407996218300525E+00 -2.3170985309886123E+00 3.8420614944644871E-01
 8.8033091526972147E-03 -5.8097518274480269E-03 -1.6482747435707474E-03
0
0.0
 -1.1407996218300525E+00 -2.3170985309886123E+00 3.8420614944644871E-01
 8.9469517333215023E-03 -5.8729325285823393E-03 -1.6128974370090644E-03
0
0.0
 -1.1407996218300525E+00 -2.3170985309886123E+00 3.8420614944644871E-01
 8.9774916972151942E-03 -5.8783098111435559E-03 -1.5622045375181988E-03
0
0.0
 -1.1407996218300525E+00 -2.3170985309886123E+00 3.8420614944644871E-01
 8.8297792774622332E-03 -5.8225002192467089E-03 -1.5553186198154446E-03
0
0.0
 -1.1407996218300525E+00 -2.3170985309886123E+00 3.8420614944644871E-01
 8.7617820113125629E-03 -5.8557873158077041E-03 -1.6094178498550224E-03
0
0.0
 -1.1407996218300525E+00 -2.3170985309886123E+00 3.8420614944644871E-01
 8.7080756971050742E-03 -5.6550057985128204E-03 -1.6646409873429672E-03
0
0.0
 -1.1407996218300525E+00 -2.3170985309886123E+00 3.8420614944644871E-01
 8.8106632407361444E-03 -5.6426980477234370E-03 -1.6771185124893424E-03
0
0.0
 -1.1407996218300525E+00 -2.3170985309886123E+00 3.8420614944644871E-01
 8.7146731025079770E-03 -5.7772765549698171E-03 -1.3809246600604557E-03
0
0.0
 -1.1407996218300525E+00 -2.3170985309886123E+00 3.8420614944644871E-01
 8.7997407751878969E-03 -5.7343249692825742E-03 -1.7459653319088098E-03
0
0.0
 -1.1407996218300525E+00 -2.3170985309886123E+00 3.8420614944644871E-01
 8.8663539263797754E-03 -5.9287788270513250E-03 -1.4748969214150366E-03
0
0.0
 -1.1407996218300525E+00 -2.3170985309886123E+00 3.8420614944644871E-01
 8.6502787631451087E-03 -5.8576119693741074E-03 -1.5701415887657618E-03
0
0.0
 -1.1407996218300525E+00 -2.3170985309886123E+00 3.8420614944644871E-01
 8.7174552498830108E-03 -5.5916556030281457E-03 -1.6886912598608978E-03
0
0.0
 -1.1407996218300525E+00 -2.3170985309886123E+00 3.8420614944644871E-01
 9.0358827722484426E-03 -5.8970035787253945E-03 -1.5845001495403035E-03
0
0.0
 -1.1407996218300525E+00 -2.3170985309886123E+00 3.8420614944644871E-01
 8.7634358624202255E-03 -5.9004027198837350E-03 -1.6208636648968001E-03
0
0.0
 -1.1407996218300525E+00 -2.3170985309886123E+00 3.8420614944644871E-01
 8.6593990082216004E-03 -5.6157902688000680E-03 -1.5861539240042291E-03
0
0.0
 -1.1407996218300525E+00 -2.3170985309886123E+00 3.8420614944644871E-01
 8.7400433585941434E-03 -5.9150862207056100E-03 -1.6274512715868023E-03
0
0.0
 -1.1407996218300525E+00 -2.3170985309886123E+00 3.8420614944644871E-01
 8.8194438435553225E-03 -5.9171680128712731E-03 -1.7613820831115915E-03
0
0.0
 -1.1407996218300525E+00 -2.3170985309886123E+00 3.8420614944644871E-01
 8.7011427030883257E-03 -5.7501342263971108E-03 -1.6715913778572241E-03
0
0.0
 -1.1407996218300525E+00 -2.3170985309886123E+00 3.8420614944644871E-01
 8.9297272425937126E-03 -5.6830866599066592E-03 -1.6632052712901209E-03
0
0.0
 -1.1407996218300525E+00 -2.3170985309886123E+00 3.8420614944644871E-01
 8.8525291357770871E-03 -6.0258100626795919E-03 -1.5503097638468700E-03
0
0.0
 -1.1407996218300525E+00 -2.3170985309886123E+00 3.8420614944644871E-01
 8.8624246891237726E-03 -5.9746203813633037E-03 -1.5115959242246728E-03
0
0.0
 -1.1407996218300525E+00 -2.3170985309886123E+00 3.8420614944644871E-01
 8.6000238288236556E-03 -5.9169131649339209E-03 -1.5279124541926776E-03
0
0.0
 -1.1407996218300525E+00 -2.3170985309886123E+00 3.8420614944644871E-01
 8.8688319464800269E-03 -5.8650860067563709E-03 -1.7191066789256295E-03
0
0.0
 -1.1407996218300525E+00 -2.3170985309886123E+00 3.8420614944644871E-01
 8.8504149202143535E-03 -5.8474565822249393E-03 -1.6034030095912473E-03
0
0.0
 -1.1407996218300525E+00 -2.3170985309886123E+00 3.8420614944644871E-01
 8.7518946187091808E-03 -5.9388615537443274E-03 -1.6432523764166992E-03
0
0.0
 -1.1407996218300525E+00 -2.3170985309886123E+00 3.8420614944644871E-01
 8.8527059993018554E-03 -5.9732976690145927E-03 -1.7047038966811160E-03
0
0.0
 -1.1407996218300525E+00 -2.3170985309886123E+00 3.8420614944644871E-01
 8.4921009681651442E-03 -5.8145153519457609E-03 -1.6133013824385181E-03
0
0.0
 -1.1407996218300525E+00 -2.3170985309886123E+00 3.8420614944644871E-01
 8.7762005245777090E-03 -5.7811410386023401E-03 -1.6925325305600823E-03
0
0.0
 -1.1407996218300525E+00 -2.3170985309886123E+00 3.8420614944644871E-01
 8.7448260712201242E-03 -5.9191399825524434E-03 -1.5824286724950972E-03
0
0.0
 -1.1407996218300525E+00 -2.3170985309886123E+00 3.8420614944644871E-01
 8.8439901902998275E-03 -5.8843964089985304E-03 -1.6891894602117075E-03
0
0.0
 -1.1407996218300525E+00 -2.3170985309886123E+00 3.8420614944644871E-01
 8.8118045421099831E-03 -5.6718571816397646E-03 -1.5659178328898818E-03
0
0.0
 -1.1407996218300525E+00 -2.3170985309886123E+00 3.8420614944644871E-01
 8.8693965401346331E-03 -6.0557498603273129E-03 -1.7316770896665138E-03
0
0.0
 -1.1407996218300525E+00 -2.3170985309886123E+00 3.8420614944644871E-01
 8.8235321664020643E-03 -5.9545888634386116E-03 -1.5920085513711610E-03
0
0.0
 -1.1407996218300525E+00 -2.3170985309886123E+00 3.8420614944644871E-01
 8.7933875099607470E-03 -5.5774173478707039E-03 -1.6806081227374830E-03
0
0.0
 -1.1407996218300525E+00 -2.3170985309886123E+00 3.8420614944644871E-01
 8.8100848347990694E-03 -5.9671029189315890E-03 -1.5413014923240330E-03
0
0.0
 -1.1407996218300525E+00 -2.3170985309886123E+00 3.8420614944644871E-01
 8.7832987554880143E-03 -5.9052198902911088E-03 -1.6911794596422723E-03
0
0.0
 -1.1407996218300525E+00 -2.3170985309886123E+00 3.8420614944644871E-01
 8.7122414141653191E-03 -6.0673470221267482E-03 -1.8087430299934433E-03
0
0.0
 -1.1407996218300525E+00 -2.3170985309886123E+00 3.8420614944644871E-01
 8.8802891081298310E-03 -5.9566083032547368E-03 -1.5629009847147699E-03
0
0.0
 -1.1407996218300525E+00 -2.3170985309886123E+00 3.8420614944644871E-01
 8.7315698246553178E-03 -6.2223018120732224E-03 -1.5281772991984734E-03
0
0.0
 -1.1407996218300525E+00 -2.3170985309886123E+00 3.8420614944644871E-01
 8.7051000706265137E-03 -5.8289635190385946E-03 -1.7234218584056670E-03
0
0.0
 -1.1407996218300525E+00 -2.3170985309886123E+00 3.8420614944644871E-01
 8.9715585571146887E-03 -5.7474561103904179E-03 -1.8251959268714404E-03
0
0.0
 -1.1407996218300525E+00 -2.3170985309886123E+00 3.8420614944644871E-01
 8.7792201695078842E-03 -5.8909455751899346E-03 -1.8172844104740408E-03
0
0.0
 -1.1407996218300525E+00 -2.3170985309886123E+00 3.8420614944644871E-01
 8.8285193985002640E-03 -5.6034045442662538E-03 -1.6658451726304776E-03
0
0.0
 -1.1407996218300525E+00 -2.3170985309886123E+00 3.8420614944644871E-01
 8.9751373647609066E-03 -5.9349109434912988E-03 -1.8283990975355077E-03
0
0.0
 -1.1407996218300525E+00 -2.3170985309886123E+00 3.8420614944644871E-01
 8.7396797160098783E-03 -5.8726782445749628E-03 -1.5735204520044284E-03
0
0.0
 -1.1407996218300525E+00 -2.3170985309886123E+00 3.8420614944644871E-01
 9.0314564233284090E-03 -5.9253153774612502E-03 -1.7850612140360338E-03
0
0.0
 -1.1407996218300525E+00 -2.3170985309886123E+00 3.8420614944644871E-01
 8.9279912373455075E-03 -6.0137556804535962E-03 -1.5343664186346433E-03
0
0.0
 -1.1407996218300525E+00 -2.3170985309886123E+00 3.8420614944644871E-01
 8.8365426401522205E-03 -5.7864532243456918E-03 -1.7572161043487597E-03
0
0.0
 -1.1407996218300525E+00 -2.3170985309886123E+00 3.8420614944644871E-01
 8.8706292368083174E-03 -5.9230357713207470E-03 -1.5953397858384328E-03
0
0.0
 -1.1407996218300525E+00 -2.3170985309886123E+00 3.8420614944644871E-01
 8.9603959442289393E-03 -6.0737300627518127E-03 -1.8709912956317949E-03
0
0.0
 -1.1407996218300525E+00 -2.3170985309886123E+00 3.8420614944644871E-01
 8.5006095170465906E-03 -5.8918333076072235E-03 -1.8125179962840915E-03
0
0.0
 -1.1407996218300525E+00 -2.3170985309886123E+00 3.8420614944644871E-01
 8.9072578211998720E-03 -5.8262549585320379E-03 -1.7535691523901343E-03
0
0.0
 -1.1407996218300525E+00 -2.3170985309886123E+00 3.8420614944644871E-01
 8.7134532684864530E-03 -6.0177507138842014E-03 -1.5900408611902882E-03
0
0.0
 -1.1407996218300525E+00 -2.3170985309886123E+00 3.8420614944644871E-01
 8.5836537911284233E-03 -5.9949541369072193E-03 -1.8069041837482415E-03
0
0.0
 -1.1407996218300525E+00 -2.3170985309886123E+00 3.8420614944644871E-01
 8.6047565447098587E-03 -5.8591374581241406E-03 -1.7261067767934610E-03
0
0.0
 -1.1407996218300525E+00 -2.3170985309886123E+00 3.8420614944644871E-01
 9.0170754362786376E-03 -5.9321490608181988E-03 -1.6912489773555897E-03
0
0.0
 -1.1407996218300525E+00 -2.3170985309886123E+00 3.8420614944644871E-01
 8.5864267942987477E-03 -5.7762164271265562E-03 -1.5828560201877960E-03
0
0.0
 -1.1407996218300525E+00 -2.3170985309886123E+00 3.8420614944644871E-01
 8.8824593462400892E-03 -5.8956955051175210E-03 -1.5222910738280863E-03
0
0.0
 -1.1407996218300525E+00 -2.3170985309886123E+00 3.8420614944644871E-01
 8.5610924403245643E-03 -6.0224460543679397E-03 -1.4091293702824209E-03
0
0.0
 -1.1407996218300525E+00 -2.3170985309886123E+00 3.8420614944644871E-01
 8.5693501801660191E-03 -6.0603940483610402E-03 -1.4547618993324778E-03
0
0.0
 -1.1407996218300525E+00 -2.3170985309886123E+00 3.8420614944644871E-01
 8.6700245714500836E-03 -5.7470840748756061E-03 -1.6062956667496060E-03
0
0.0
 -1.1407996218300525E+00 -2.3170985309886123E+00 3.8420614944644871E-01
 9.0206367036346057E-03 -6.0916219435396893E-03 -1.7597910737278473E-03
0
0.0
 -1.1407996218300525E+00 -2.3170985309886123E+00 3.8420614944644871E-01
 8.6718580367781718E-03 -6.1438829017114822E-03 -1.4455976376522529E-03
0
0.0
 -1.1407996218300525E+00 -2.3170985309886123E+00 3.8420614944644871E-01
 8.9094136187294806E-03 -5.9218511851865411E-03 -1.6774809044323791E-03
0
0.0
 -1.1407996218300525E+00 -2.3170985309886123E+00 3.8420614944644871E-01
 8.6879093519874571E-03 -6.0230585649271402E-03 -1.5159401357503495E-03
0
0.0
 -1.1407996218300525E+00 -2.3170985309886123E+00 3.8420614944644871E-01
 8.8370751750559730E-03 -6.1544238036174226E-03 -1.6522648695153953E-03
0
0.0
 -1.1407996218300525E+00 -2.3170985309886123E+00 3.8420614944644871E-01
 8.7347567142919882E-03 -5.9979308163189398E-03 -1.6343393977724758E-03
0
0.0
 -1.1407996218300525E+00 -2.3170985309886123E+00 3.8420614944644871E-01
 8.8859544583982410E-03 -5.6582100580297359E-03 -1.6784744304709160E-03
0
0.0
 -1.1407996218300525E+00 -2.3170985309886123E+00 3.8420614944644871E-01
 8.9432472707406882E-03 -5.9590965006995475E-03 -1.8335111577793797E-03
0
0.0
 -1.1407996218300525E+00 -2.3170985309886123E+00 3.8420614944644871E-01
 8.6241382270905061E-03 -6.0985859643864979E-03 -1.4975191543235603E-03
0
0.0
 -1.1407996218300525E+00 -2.3170985309886123E+00 3.8420614944644871E-01
 8.5809814556008657E-03 -5.8139306431692498E-03 -1.8654275655533381E-03
0
0.0
 -1.1407996218300525E+00 -2.3170985309886123E+00 3.8420614944644871E-01
 8.7622635953218449E-03 -5.8361614083327577E-03 -1.3964502958616260E-03
0
0.0
 -1.1407996218300525E+00 -2.3170985309886123E+00 3.8420614944644871E-01
 8.6197340796321277E-03 -6.1405604965772296E-03 -1.7085480878482572E-03
0
0.0
 -1.1407996218300525E+00 -2.3170985309886123E+00 3.8420614944644871E-01
 8.7165434897013613E-03 -6.1638769924336452E-03 -1.7790845808496802E-03
0
0.0
 -1.1407996218300525E+00 -2.3170985309886123E+00 3.8420614944644871E-01
 8.9510880253046259E-03 -5.9846593234452287E-03 -1.5548440119903901E-03
0
0.0
 -1.1407996218300525E+00 -2.3170985309886123E+00 3.8420614944644871E-01
 8.6778399907899862E-03 -5.8706138340839540E-03 -1.6056751883568631E-03
0
0.0
 -1.1407996218300525E+00 -2.3170985309886123E+00 3.8420614944644871E-01
 8.9711842282183766E-03 -5.7100505966885947E-03 -1.6571103008114843E-03
0
0.0
 -1.1407996218300525E+00 -2.3170985309886123E+00 3.8420614944644871E-01
 8.6556876100929419E-03 -5.8895700593861299E-03 -1.5583331299740784E-03
0
0.0
 -1.1407996218300525E+00 -2.3170985309886123E+00 3.8420614944644871E-01
 8.4853518649611447E-03 -5.9001259402441169E-03 -1.5352161282062658E-03
0
0.0
 -1.1407996218300525E+00 -2.3170985309886123E+00 3.8420614944644871E-01
 8.6413984673963384E-03 -5.9013881842271566E-03 -1.6515920366431426E-03
0
0.0
 -1.1407996218300525E+00 -2.3170985309886123E+00 3.8420614944644871E-01
 8.7586812997493997E-03 -6.1361024677581283E-03 -1.4817083936771748E-03
0
0.0
 -1.1407996218300525E+00 -2.3170985309886123E+00 3.8420614944644871E-01
 8.7676989023408296E-03 -5.9045700267340157E-03 -1.6043169644455446E-03
0
0.0
 -1.1407996218300525E+00 -2.3170985309886123E+00 3.8420614944644871E-01
 8.8464318809191762E-03 -5.8999624282965830E-03 -1.5124565332280606E-03
0
0.0
 -1.1407996218300525E+00 -2.3170985309886123E+00 3.8420614944644871E-01
 8.6525215760905883E-03 -5.9621977701388865E-03 -1.7624614366971781E-03
0
0.0
 -1.1407996218300525E+00 -2.3170985309886123E+00 3.8420614944644871E-01
 8.7739743482346932E-03 -5.9420544485678664E-03 -1.6054596888954475E-03
0
0.0
 -1.1407996218300525E+00 -2.3170985309886123E+00 3.8420614944644871E-01
 8.5905194361676745E-03 -5.9570413964604215E-03 -1.4935742941760010E-03
0
0.0
 -1.1407996218300525E+00 -2.3170985309886123E+00 3.8420614944644871E-01
 8.6763947896584658E-03 -6.0516856378970384E-03 -1.7285846721333414E-03
0
0.0
 -1.1407996218300525E+00 -2.3170985309886123E+00 3.8420614944644871E-01
 8.6879819193745374E-03 -6.0270420795626931E-03 -1.7521555956382809E-03
0
0.0
 -1.1407996218300525E+00 -2.3170985309886123E+00 3.8420614944644871E-01
 8.8640099161672644E-03 -5.9017960548843357E-03 -1.4460603988828715E-03
0
0.0
 -1.1407996218300525E+00 -2.3170985309886123E+00 3.8420614944644871E-01
 8.7974761734408297E-03 -6.0084809750595332E-03 -1.5420335502646879E-03
0
0.0
 -1.1407996218300525E+00 -2.3170985309886123E+00 3.8420614944644871E-01
 8.8913360371797433E-03 -6.0226849326490434E-03 -1.5866231415662155E-03
0
0.0
 -1.1407996218300525E+00 -2.3170985309886123E+00 3.8420614944644871E-01
 8.5186723789084720E-03 -5.9326283330693990E-03 -1.6447723969748855E-03
0
0.0
 -1.1407996218300525E+00 -2.3170985309886123E+00 3.8420614944644871E-01
 8.6961302721567397E-03 -5.8436999885779772E-03 -1.6915334809588256E-03
0
0.0
 -1.1407996218300525E+00 -2.3170985309886123E+00 3.8420614944644871E-01
 8.7724056232523513E-03 -5.5882671819391756E-03 -1.6843203152833717E-03
0
0.0
 -1.1407996218300525E+00 -2.3170985309886123E+00 3.8420614944644871E-01
 8.7956163244735149E-03 -6.0556595778595368E-03 -1.8689151798964713E-03
0
0.0
 -1.1407996218300525E+00 -2.3170985309886123E+00 3.8420614944644871E-01
 8.5517496728582925E-03 -5.7043660779478251E-03 -1.7113545554078861E-03
0
0.0
 -1.1407996218300525E+00 -2.3170985309886123E+00 3.8420614944644871E-01
 8.7485661513714546E-03 -5.8168276868247786E-03 -1.5889959978146215E-03
0
0.0
 -1.1407996218300525E+00 -2.3170985309886123E+00 3.8420614944644871E-01
 8.9641297395165360E-03 -5.9477378586028223E-03 -1.6322696229556784E-03
0
0.0
 -1.1407996218300525E+00 -2.3170985309886123E+00 3.8420614944644871E-01
 8.9022891389519340E-03 -5.8332836879568806E-03 -1.5800745379253623E-03
0
0.0
 -1.1407996218300525E+00 -2.3170985309886123E+00 3.8420614944644871E-01
 8.8136446594130665E-03 -5.8528223051035480E-03 -1.8467449307577124E-03
0
0.0
 -1.1407996218300525E+00 -2.3170985309886123E+00 3.8420614944644871E-01
 8.5877527180885180E-03 -5.6587094084228151E-03 -1.7555919955041866E-03
0
0.0
 -1.1407996218300525E+00 -2.3170985309886123E+00 3.8420614944644871E-01
 8.5812127713281571E-03 -5.9329601413145592E-03 -1.5917624875854115E-03
0
0.0
 -1.1407996218300525E+00 -2.3170985309886123E+00 3.8420614944644871E-01
 9.0672550303465445E-03 -5.8309867459430927E-03 -1.7467480041202025E-03
0
0.0
 -1.1407996218300525E+00 -2.3170985309886123E+00 3.8420614944644871E-01
 8.6638685258879685E-03 -6.0007834732206640E-03 -1.6112483849835310E-03
0
0.0
 -1.1407996218300525E+00 -2.3170985309886123E+00 3.8420614944644871E-01
 8.8182838138825617E-03 -5.8352123936865150E-03 -1.7938941783957455E-03
0
0.0
 -1.1407996218300525E+00 -2.3170985309886123E+00 3.8420614944644871E-01
 8.7607317283447221E-03 -5.9584345581839360E-03 -1.4732229913527707E-03
0
0.0
 -1.1407996218300525E+00 -2.3170985309886123E+00 3.8420614944644871E-01
 8.7603593072871164E-03 -6.1772196128729254E-03 -1.6044918229688474E-03
0
0.0
 -1.1407996218300525E+00 -2.3170985309886123E+00 3.8420614944644871E-01
 8.7433524492511114E-03 -6.0692090531964706E-03 -1.5480846286376291E-03
0
0.0
 -1.1407996218300525E+00 -2.3170985309886123E+00 3.8420614944644871E-01
 8.6760233474647008E-03 -5.8725829493263748E-03 -1.7223310324130366E-03
0
0.0
 -1.1407996218300525E+00 -2.3170985309886123E+00 3.8420614944644871E-01
 8.6556022984185244E-03 -5.7178527223076528E-03 -1.8482925931602146E-03
0
0.0
 -1.1407996218300525E+00 -2.3170985309886123E+00 3.8420614944644871E-01
 8.8490604431484612E-03 -5.8255700070958790E-03 -1.6029134850990721E-03
0
0.0
 -1.1407996218300525E+00 -2.3170985309886123E+00 3.8420614944644871E-01
 8.9764067234885010E-03 -5.8635196564921872E-03 -1.3901391089634026E-03
0
0.0
 -1.1407996218300525E+00 -2.3170985309886123E+00 3.8420614944644871E-01
 8.6792980506634840E-03 -5.7561722932663352E-03 -1.8289251384280315E-03
0
0.0
 -1.1407996218300525E+00 -2.3170985309886123E+00 3.8420614944644871E-01
 8.7499977048154706E-03 -5.8417011444159908E-03 -1.7207082100761128E-03
0
0.0
 -1.1407996218300525E+00 -2.3170985309886123E+00 3.8420614944644871E-01
 8.7449279330343906E-03 -5.9020119557249536E-03 -1.6818219398621807E-03
0
0.0
 -1.1407996218300525E+00 -2.3170985309886123E+00 3.8420614944644871E-01
 8.9469245037425617E-03 -5.8426978519993010E-03 -1.6658619149889154E-03
0
0.0
 -1.1407996218300525E+00 -2.3170985309886123E+00 3.8420614944644871E-01
 8.9730683956736404E-03 -5.8984310143344754E-03 -1.5095507643670403E-03
0
0.0
 -1.1407996218300525E+00 -2.3170985309886123E+00 3.8420614944644871E-01
 8.6498175411198683E-03 -5.7337689734540216E-03 -1.6587862392232766E-03
0
0.0
 -1.1407996218300525E+00 -2.3170985309886123E+00 3.8420614944644871E-01
 9.0718226888207628E-03 -6.0613301122299929E-03 -1.6225424993465255E-03
0
0.0
 -1.1407996218300525E+00 -2.3170985309886123E+00 3.8420614944644871E-01
 8.7683885957302327E-03 -5.8857281646480441E-03 -1.5247024966583305E-03
0
0.0
 -1.1407996218300525E+00 -2.3170985309886123E+00 3.8420614944644871E-01
 8.6054447346799682E-03 -5.6990227784551751E-03 -1.7810536135518984E-03
0
0.0
 -1.1407996218300525E+00 -2.3170985309886123E+00 3.8420614944644871E-01
 8.5097242272420392E-03 -6.0816011663110793E-03 -1.6159343628622867E-03
0
0.0
 -1.1407996218300525E+00 -2.3170985309886123E+00 3.8420614944644871E-01
 8.7661654750741443E-03 -5.8455009492266790E-03 -1.4475302157138270E-03
0
0.0
 -1.1407996218300525E+00 -2.3170985309886123E+00 3.8420614944644871E-01
 8.6905856155807624E-03 -5.8230560504571498E-03 -1.5889339899182080E-03
0
0.0
 -1.1407996218300525E+00 -2.3170985309886123E+00 3.8420614944644871E-01
 9.0387246445981246E-03 -5.9392036182328994E-03 -1.4854946292525047E-03
0
0.0
 -1.1407996218300525E+00 -2.3170985309886123E+00 3.8420614944644871E-01
 8.7732352535436087E-03 -6.0278226544710498E-03 -1.5695756716083264E-03
0
0.0
 -1.1407996218300525E+00 -2.3170985309886123E+00 3.8420614944644871E-01
 9.0285724404036080E-03 -6.1133995802174863E-03 -1.7085277828203696E-03
0
0.0
 -1.1407996218300525E+00 -2.3170985309886123E+00 3.8420614944644871E-01
 8.7272129943106874E-03 -6.0270096928830737E-03 -1.6112854072550791E-03
0
0.0
 -1.1407996218300525E+00 -2.3170985309886123E+00 3.8420614944644871E-01
 8.9466746026003637E-03 -5.9224984904131034E-03 -1.7128420278019565E-03
0
0.0
 -1.1407996218300525E+00 -2.3170985309886123E+00 3.8420614944644871E-01
 8.6356637961152484E-03 -6.1956890558165622E-03 -1.6789202027282929E-03
0
0.0
 -1.1407996218300525E+00 -2.3170985309886123E+00 3.8420614944644871E-01
 8.7289035754492782E-03 -5.8887035022225304E-03 -1.6887710956390853E-03
0
0.0
 -1.1407996218300525E+00 -2.3170985309886123E+00 3.8420614944644871E-01
 8.7250378180801311E-03 -5.9178351430234366E-03 -1.5792470718591928E-03
0
0.0
 -1.1407996218300525E+00 -2.3170985309886123E+00 3.8420614944644871E-01
 8.8219358614229360E-03 -5.7043907233839146E-03 -1.6569806777767197E-03
0
0.0
 -1.1407996218300525E+00 -2.3170985309886123E+00 3.8420614944644871E-01
 8.6692512593712235E-03 -5.7774918592899960E-03 -1.4627966349719328E-03
0
0.0
 -1.1407996218300525E+00 -2.3170985309886123E+00 3.8420614944644871E-01
 8.5410827876966407E-03 -5.9299992741381731E-03 -1.7115083385573352E-03
0
0.0
 -1.1407996218300525E+00 -2.3170985309886123E+00 3.8420614944644871E-01
 8.5348593056774839E-03 -5.8835851114202855E-03 -1.6299969784432148E-03
0
0.0
 -1.1407996218300525E+00 -2.3170985309886123E+00 3.8420614944644871E-01
 8.7757422314904202E-03 -5.8520252256642523E-03 -1.5556587765748623E-03
0
0.0
 -1.1407996218300525E+00 -2.3170985309886123E+00 3.8420614944644871E-01
 8.9560835840256110E-03 -5.6730170826404802E-03 -1.5751569230824209E-03
0
0.0
 -1.1407996218300525E+00 -2.3170985309886123E+00 3.8420614944644871E-01
 8.5148879993523479E-03 -5.9489695589770315E-03 -1.8156146873217170E-03
0
0.0
 -1.1407996218300525E+00 -2.3170985309886123E+00 3.8420614944644871E-01
 8.7887708775108431E-03 -5.9711106495050834E-03 -1.6814019200179265E-03
0
0.0
 -1.1407996218300525E+00 -2.3170985309886123E+00 3.8420614944644871E-01
 8.7889056171873200E-03 -5.9033984324880929E-03 -1.6782323445978342E-03
0
0.0
 -1.1407996218300525E+00 -2.3170985309886123E+00 3.8420614944644871E-01
 8.5809205203066508E-03 -5.7671544124853211E-03 -1.6889927569898198E-03
0
0.0
 -1.1407996218300525E+00 -2.3170985309886123E+00 3.8420614944644871E-01
 9.0740386906012372E-03 -5.7935192387232499E-03 -1.5008582300761089E-03
0
0.0
 -1.1407996218300525E+00 -2.3170985309886123E+00 3.8420614944644871E-01
 8.7470135879050195E-03 -6.0420481154997005E-03 -1.5932078732911778E-03
0
0.0
 -1.1407996218300525E+00 -2.3170985309886123E+00 3.8420614944644871E-01
 8.5376866846506080E-03 -5.7479069707976173E-03 -1.6113567540199201E-03
0
0.0
 -1.1407996218300525E+00 -2.3170985309886123E+00 3.8420614944644871E-01
 8.7952759749141737E-03 -5.9478468361764862E-03 -1.7011335640068708E-03
0
0.0
 -1.1407996218300525E+00 -2.3170985309886123E+00 3.8420614944644871E-01
 8.8216787610254782E-03 -5.8671950439176043E-03 -1.7642650762435955E-03
0
0.0
 -1.1407996218300525E+00 -2.3170985309886123E+00 3.8420614944644871E-01
 8.7771188945758721E-03 -5.7949821950059426E-03 -1.6349722970332571E-03
0
0.0
 -1.1407996218300525E+00 -2.3170985309886123E+00 3.8420614944644871E-01
 8.9210548456738932E-03 -5.8509035448556105E-03 -1.6756473358304754E-03
0
0.0
 -1.1407996218300525E+00 -2.3170985309886123E+00 3.8420614944644871E-01
 8.6606494603644509E-03 -5.8066650256507904E-03 -1.6734231798933416E-03
0
0.0
 -1.1407996218300525E+00 -2.3170985309886123E+00 3.8420614944644871E-01
 8.8994739076560265E-03 -5.9926441667830233E-03 -1.5865325393847351E-03
0
0.0
 -1.1407996218300525E+00 -2.3170985309886123E+00 3.8420614944644871E-01
 8.7526053111647035E-03 -5.9233695855664369E-03 -1.5762555369747745E-03
0
0.0
 -1.1407996218300525E+00 -2.3170985309886123E+00 3.8420614944644871E-01
 8.7696480575035693E-03 -5.8956451525586772E-03 -1.6257190351488370E-03
0
0.0
 -1.1407996218300525E+00 -2.3170985309886123E+00 3.8420614944644871E-01
 8.7030824550271731E-03 -6.0725726628633025E-03 -1.7526983479674043E-03
0
0.0
 -1.1407996218300525E+00 -2.3170985309886123E+00 3.8420614944644871E-01
 8.5813008401473094E-03 -5.6955604012913488E-03 -1.6551269443799877E-03
0
0.0
 -1.1407996218300525E+00 -2.3170985309886123E+00 3.8420614944644871E-01
 8.6769447340499760E-03 -5.7993709293144759E-03 -1.5578407068172081E-03
0
0.0
 -1.1407996218300525E+00 -2.3170985309886123E+00 3.8420614944644871E-01
 8.8394397859264690E-03 -5.7269225095631510E-03 -1.6486245475988131E-03
0
0.0
 -1.1407996218300525E+00 -2.3170985309886123E+00 3.8420614944644871E-01
 8.7804185873347936E-03 -5.9055521607359225E-03 -1.6190910798480969E-03
0
0.0
 -1.1407996218300525E+00 -2.3170985309886123E+00 3.8420614944644871E-01
 8.7732450242558723E-03 -5.9806389098394086E-03 -1.6301380168892183E-03
0
0.0
 -1.1407996218300525E+00 -2.3170985309886123E+00 3.8420614944644871E-01
 8.8290882041722595E-03 -5.8320414116221665E-03 -1.5697175363472008E-03
0
0.0
 -1.1407996218300525E+00 -2.3170985309886123E+00 3.8420614944644871E-01
 8.6596565591390857E-03 -6.0241470414436893E-03 -1.5164185523480864E-03
0
0.0
 -1.1407996218300525E+00 -2.3170985309886123E+00 3.8420614944644871E-01
 8.9274723511240696E-03 -5.7541193525683411E-03 -1.6890158301633791E-03
0
0.0
 -1.1407996218300525E+00 -2.3170985309886123E+00 3.8420614944644871E-01
 8.7375217412679843E-03 -5.8527091304757051E-03 -1.5917127492357051E-03
0
0.0
 -1.1407996218300525E+00 -2.3170985309886123E+00 3.8420614944644871E-01
 8.6548759616473948E-03 -6.0676771124305983E-03 -1.5745721043503068E-03
0
0.0
 -1.1407996218300525E+00 -2.3170985309886123E+00 3.8420614944644871E-01
 9.0040792467123917E-03 -5.8280850671367061E-03 -1.6904914530504632E-03
0
0.0
 -1.1407996218300525E+00 -2.3170985309886123E+00 3.8420614944644871E-01
 9.0286565817308314E-03 -5.9783669683278863E-03 -1.6722735080740530E-03
0
0.0
 -1.1407996218300525E+00 -2.3170985309886123E+00 3.8420614944644871E-01
 8.9846782587871508E-03 -5.6287089489745592E-03 -1.6349395167161644E-03
0
0.0
 -1.1407996218300525E+00 -2.3170985309886123E+00 3.8420614944644871E-01
 8.8873716477019908E-03 -6.1464370676118192E-03 -1.6437714935686135E-03
0
0.0
 -1.1407996218300525E+00 -2.3170985309886123E+00 3.8420614944644871E-01
 9.0780057451892542E-03 -5.8886261585101010E-03 -1.6799927469348371E-03
0
0.0
 -1.1407996218300525E+00 -2.3170985309886123E+00 3.8420614944644871E-01
 8.9156917921465045E-03 -5.8598934749560794E-03 -1.4962569790519175E-03
0
0.0
 -1.1407996218300525E+00 -2.3170985309886123E+00 3.8420614944644871E-01
 8.8780180228821125E-03 -5.8143549705451207E-03 -1.5165959960740699E-03
0
0.0
 -1.1407996218300525E+00 -2.3170985309886123E+00 3.8420614944644871E-01
 8.7832387835191407E-03 -5.6249791553733318E-03 -1.5846340022128067E-03
0
0.0
 -1.1407996218300525E+00 -2.3170985309886123E+00 3.8420614944644871E-01
 9.0416338305465815E-03 -6.0323563769008898E-03 -1.5445097284081995E-03
0
0.0
 -1.1407996218300525E+00 -2.3170985309886123E+00 3.8420614944644871E-01
 8.7820295950851394E-03 -5.8949112537510385E-03 -1.5934235627292244E-03
0
0.0
 -1.1407996218300525E+00 -2.3170985309886123E+00 3.8420614944644871E-01
 8.6689934070155322E-03 -5.9340839425872606E-03 -1.4916995752999134E-03
0
0.0
 -1.1407996218300525E+00 -2.3170985309886123E+00 3.8420614944644871E-01
 8.8251788343675138E-03 -5.8206936930551194E-03 -1.5349860376980878E-03
0
0.0
 -1.1407996218300525E+00 -2.3170985309886123E+00 3.8420614944644871E-01
 8.7614071736817171E-03 -6.0048661598176151E-03 -1.6498323740458626E-03
0
0.0
 -1.1407996218300525E+00 -2.3170985309886123E+00 3.8420614944644871E-01
 8.9417176074229904E-03 -5.7343205554693114E-03 -1.6469218501218750E-03
0
0.0
 -1.1407996218300525E+00 -2.3170985309886123E+00 3.8420614944644871E-01
 8.8285033568227186E-03 -5.6847308721354765E-03 -1.5946290413306513E-03
0
0.0
 -1.1407996218300525E+00 -2.3170985309886123E+00 3.8420614944644871E-01
 8.8148240300229049E-03 -5.9038336672473934E-03 -1.6118853109562119E-03
0
0.0
 -1.1407996218300525E+00 -2.3170985309886123E+00 3.8420614944644871E-01
 8.6893720283044099E-03 -6.0263016731663694E-03 -1.6788442288993249E-03
0
0.0
 -1.1407996218300525E+00 -2.3170985309886123E+00 3.8420614944644871E-01
 8.7531366042176602E-03 -5.9928450044753005E-03 -1.7097633317537406E-03
0
0.0
 -1.1407996218300525E+00 -2.3170985309886123E+00 3.8420614944644871E-01
 8.9804748039692180E-03 -5.7724534776392956E-03 -1.5834861264653586E-03
0
0.0
 -1.1407996218300525E+00 -2.3170985309886123E+00 3.8420614944644871E-01
 9.0973734384027609E-03 -5.9250951682644562E-03 -1.5650332487236339E-03
0
0.0
 -1.1407996218300525E+00 -2.3170985309886123E+00 3.8420614944644871E-01
 8.9287474797291634E-03 -5.9077685823427165E-03 -1.7614761465082833E-03
0
0.0
 -1.1407996218300525E+00 -2.3170985309886123E+00 3.8420614944644871E-01
 8.8132919075025323E-03 -5.8661304253479216E-03 -1.7181765046496676E-03
0
0.0
 -1.1407996218300525E+00 -2.3170985309886123E+00 3.8420614944644871E-01
 8.6489943783657937E-03 -6.1876390464448081E-03 -1.6369928512651765E-03
0
0.0
 -1.1407996218300525E+00 -2.3170985309886123E+00 3.8420614944644871E-01
 8.7967623463226004E-03 -5.9553043357363318E-03 -1.7607063749182405E-03
0
0.0
 -1.1407996218300525E+00 -2.3170985309886123E+00 3.8420614944644871E-01
 9.0814507608712666E-03 -5.8576772554139560E-03 -1.5359886344583876E-03
0
0.0
 -1.1407996218300525E+00 -2.3170985309886123E+00 3.8420614944644871E-01
 8.7664032281618894E-03 -6.0356893860524620E-03 -1.7789672154100472E-03
0
0.0
 -1.1407996218300525E+00 -2.3170985309886123E+00 3.8420614944644871E-01
 8.9099188649098444E-03 -6.2070327808059107E-03 -1.5128409150177349E-03
0
0.0
 -1.1407996218300525E+00 -2.3170985309886123E+00 3.8420614944644871E-01
 8.8786747788490630E-03 -5.9676012691708830E-03 -1.4527590183444023E-03
0
0.0
 -1.1407996218300525E+00 -2.3170985309886123E+00 3.8420614944644871E-01
 8.5334537426423815E-03 -5.9984382637421349E-03 -1.5710375698905290E-03
0
0.0
 -1.1407996218300525E+00 -2.3170985309886123E+00 3.8420614944644871E-01
 8.7860408076780028E-03 -5.8973216028663329E-03 -1.7393405409155851E-03
0
0.0
 -1.1407996218300525E+00 -2.3170985309886123E+00 3.8420614944644871E-01
 8.8751755943746596E-03 -5.9024897327361343E-03 -1.7856902590889577E-03
0
0.0
 -1.1407996218300525E+00 -2.3170985309886123E+00 3.8420614944644871E-01
 8.8750026751294384E-03 -5.9374886971029859E-03 -1.5015172412160180E-03
0
0.0
 -1.1407996218300525E+00 -2.3170985309886123E+00 3.8420614944644871E-01
 9.0217363983084546E-03 -5.8234872358821424E-03 -1.5740798314714303E-03
0
0.0
 -1.1407996218300525E+00 -2.3170985309886123E+00 3.8420614944644871E-01
 8.7050985324068336E-03 -6.0501177786345057E-03 -1.5874405246177423E-03
0
0.0
 -1.1407996218300525E+00 -2.3170985309886123E+00 3.8420614944644871E-01
 8.8163009342206305E-03 -5.8939729646580652E-03 -1.4781827689549021E-03
0
0.0
 -1.1407996218300525E+00 -2.3170985309886123E+00 3.8420614944644871E-01
 8.7876512876150642E-03 -5.8187470954548211E-03 -1.9443103478715498E-03
0
0.0
 -1.1407996218300525E+00 -2.3170985309886123E+00 3.8420614944644871E-01
 8.6497700941567234E-03 -5.9601528234263816E-03 -1.5631016999855347E-03
0
0.0
 -1.1407996218300525E+00 -2.3170985309886123E+00 3.8420614944644871E-01
 8.8123477794159501E-03 -5.6896576025552460E-03 -1.6921841331887207E-03
0
0.0
 -1.1407996218300525E+00 -2.3170985309886123E+00 3.8420614944644871E-01
 8.7266489418697645E-03 -5.8844317152630431E-03 -1.8008256576479992E-03
0
0.0
 -1.1407996218300525E+00 -2.3170985309886123E+00 3.8420614944644871E-01
 9.0519949237240546E-03 -5.8923790636185294E-03 -1.7653657721071407E-03
0
0.0
 -1.1407996218300525E+00 -2.3170985309886123E+00 3.8420614944644871E-01
 8.8198925274919904E-03 -5.9007523677602385E-03 -1.7638055294404579E-03
0
0.0
 -1.1407996218300525E+00 -2.3170985309886123E+00 3.8420614944644871E-01
 8.7747798189319048E-03 -5.9245025378279904E-03 -1.6726065064432785E-03
0
0.0
 -1.1407996218300525E+00 -2.3170985309886123E+00 3.8420614944644871E-01
 8.8978652435461845E-03 -6.0087903286638131E-03 -1.6495138850827890E-03
0
0.0
 -1.1407996218300525E+00 -2.3170985309886123E+00 3.8420614944644871E-01
 8.6690316091946190E-03 -5.7517213934428464E-03 -1.7753212705246433E-03
0
0.0
 -1.1407996218300525E+00 -2.3170985309886123E+00 3.8420614944644871E-01
 8.7520957335508551E-03 -5.9366709828148163E-03 -1.4244568644525527E-03
0
0.0
 -1.1407996218300525E+00 -2.3170985309886123E+00 3.8420614944644871E-01
 8.7502413183758593E-03 -5.9617330877123559E-03 -1.7185706370141959E-03
0
0.0
 -1.1407996218300525E+00 -2.3170985309886123E+00 3.8420614944644871E-01
 9.1120398161322128E-03 -5.8203926124416319E-03 -1.5906506657346238E-03
0
0.0
 -1.1407996218300525E+00 -2.3170985309886123E+00 3.8420614944644871E-01
 8.8495032983566865E-03 -5.6761534178300706E-03 -1.7401260737366748E-03
0
0.0
 -1.1407996218300525E+00 -2.3170985309886123E+00 3.8420614944644871E-01
 8.6744932649485875E-03 -5.8080775583340370E-03 -1.8766760546245500E-03
0
0.0
 -1.1407996218300525E+00 -2.3170985309886123E+00 3.8420614944644871E-01
 8.7812812281008335E-03 -5.9842402974491270E-03 -1.6481688578344009E-03
0
0.0
 -1.1407996218300525E+00 -2.3170985309886123E+00 3.8420614944644871E-01
 8.5552514965893563E-03 -6.0334910323290329E-03 -1.3978659280517592E-03
0
0.0
 -1.1407996218300525E+00 -2.3170985309886123E+00 3.8420614944644871E-01
 8.9446036033537547E-03 -6.0280172157415740E-03 -1.8845289407346381E-03
0
0.0
 -1.1407996218300525E+00 -2.3170985309886123E+00 3.8420614944644871E-01
 8.7749854171476488E-03 -5.9062187144219421E-03 -1.5122378042040857E-03
0
0.0
 -1.1407996218300525E+00 -2.3170985309886123E+00 3.8420614944644871E-01
 8.8477517988910358E-03 -6.0548692269406564E-03 -1.5464437331502289E-03
0
0.0
 -1.1407996218300525E+00 -2.3170985309886123E+00 3.8420614944644871E-01
 8.6959836511579149E-03 -5.8725629679902249E-03 -1.5979833721581529E-03
0
0.0
 -1.1407996218300525E+00 -2.3170985309886123E+00 3.8420614944644871E-01
 8.9289526260462378E-03 -5.9854186423905073E-03 -1.5141074667949872E-03
0
0.0
 -1.1407996218300525E+00 -2.3170985309886123E+00 3.8420614944644871E-01
 8.8061581814022696E-03 -5.9421638333046764E-03 -1.6370929361879706E-03
0
0.0
 -1.1407996218300525E+00 -2.3170985309886123E+00 3.8420614944644871E-01
 8.6415942849263870E-03 -5.7929418093958743E-03 -1.5912680411938136E-03
0
0.0
 -1.1407996218300525E+00 -2.3170985309886123E+00 3.8420614944644871E-01
 8.6583690106714975E-03 -6.1073932416020604E-03 -1.5758817338440555E-03
0
0.0
 -1.1407996218300525E+00 -2.3170985309886123E+00 3.8420614944644871E-01
 8.8216685260080491E-03 -5.9797594971427526E-03 -1.7508365882994751E-03
0
0.0
 -1.1407996218300525E+00 -2.3170985309886123E+00 3.8420614944644871E-01
 8.8409549132322327E-03 -5.8754343113112629E-03 -1.6600849656741427E-03
0
0.0
 -1.1407996218300525E+00 -2.3170985309886123E+00 3.8420614944644871E-01
 8.9023348046489113E-03 -5.7300156968990799E-03 -1.5017820061309704E-03
0
0.0
 -1.1407996218300525E+00 -2.3170985309886123E+00 3.8420614944644871E-01
 8.4598717787195462E-03 -5.8945807323431080E-03 -1.5530332493819969E-03
0
0.0
 -1.1407996218300525E+00 -2.3170985309886123E+00 3.8420614944644871E-01
 8.7451944579660258E-03 -5.9904421038116749E-03 -1.6801604648157093E-03
0
0.0
 -1.1407996218300525E+00 -2.3170985309886123E+00 3.8420614944644871E-01
 8.7134391248306388E-03 -5.8561783259342770E-03 -1.5878549015204218E-03
0
0.0
 -1.1407996218300525E+00 -2.3170985309886123E+00 3.8420614944644871E-01
 8.9379983847016238E-03 -6.0695345876888608E-03 -1.7280061690654516E-03
0
0.0
 -1.1407996218300525E+00 -2.3170985309886123E+00 3.8420614944644871E-01
 8.8672792512034821E-03 -5.9117056368452126E-03 -1.5773029022993820E-03
0
0.0
 -1.1407996218300525E+00 -2.3170985309886123E+00 3.8420614944644871E-01
 8.5571662108752319E-03 -5.6935136044748572E-03 -1.6429220722042320E-03
0
0.0
 -1.1407996218300525E+00 -2.3170985309886123E+00 3.8420614944644871E-01
 8.6768990963886281E-03 -5.9000308767214998E-03 -1.7041513464475687E-03
0
0.0
 -1.1407996218300525E+00 -2.3170985309886123E+00 3.8420614944644871E-01
 8.6911197735299421E-03 -5.7624204718687800E-03 -1.7059256509894341E-03
0
0.0
 -1.1407996218300525E+00 -2.3170985309886123E+00 3.8420614944644871E-01
 8.5608254832730546E-03 -5.9826029912922419E-03 -1.7104108322567369E-03
0
0.0
 -1.1407996218300525E+00 -2.3170985309886123E+00 3.8420614944644871E-01
 8.6665163992464718E-03 -5.9379799447381388E-03 -1.6251747953179624E-03
0
0.0
 -1.1407996218300525E+00 -2.3170985309886123E+00 3.8420614944644871E-01
 8.8202069931939530E-03 -5.8515761561346311E-03 -1.5673888155720494E-03
0
0.0
 -1.1407996218300525E+00 -2.3170985309886123E+00 3.8420614944644871E-01
 8.6579993182189837E-03 -5.8128527310051309E-03 -1.5515018610760326E-03
0
0.0
 -1.1407996218300525E+00 -2.3170985309886123E+00 3.8420614944644871E-01
 8.6675944084740400E-03 -6.1227106884087839E-03 -1.7339810136711565E-03
0
0.0
 -1.1407996218300525E+00 -2.3170985309886123E+00 3.8420614944644871E-01
 8.6900214562888444E-03 -5.9667265986159783E-03 -1.5858139644215757E-03
0
0.0
 -1.1407996218300525E+00 -2.3170985309886123E+00 3.8420614944644871E-01
 8.8110744848070438E-03 -6.1616977408559303E-03 -1.4791629059624223E-03
0
0.0
 -1.1407996218300525E+00 -2.3170985309886123E+00 3.8420614944644871E-01
 8.9093941125784840E-03 -5.8226494644852680E-03 -1.5999549438017095E-03
0
0.0
 -1.1407996218300525E+00 -2.3170985309886123E+00 3.8420614944644871E-01
 8.7861648521351081E-03 -5.6759289465533273E-03 -1.6859291789268719E-03
0
0.0
 -1.1407996218300525E+00 -2.3170985309886123E+00 3.8420614944644871E-01
 8.9006293588860634E-03 -5.7175009863446626E-03 -1.6238761356590894E-03
0
0.0
 -1.1407996218300525E+00 -2.3170985309886123E+00 3.8420614944644871E-01
 8.8051249906859318E-03 -5.8985460360627571E-03 -1.5364193777577246E-03
0
0.0
 -1.1407996218300525E+00 -2.3170985309886123E+00 3.8420614944644871E-01
 8.7226529189421559E-03 -5.8034855638948186E-03 -1.4265407480610435E-03
0
0.0
 -1.1407996218300525E+00 -2.3170985309886123E+00 3.8420614944644871E-01
 8.7844233750473261E-03 -5.9423776272736787E-03 -1.8170268953067834E-03
0
0.0
 -1.1407996218300525E+00 -2.3170985309886123E+00 3.8420614944644871E-01
 8.7737493282276265E-03 -5.9012962750302931E-03 -1.6321203590015905E-03
0
0.0
 -1.1407996218300525E+00 -2.3170985309886123E+00 3.8420614944644871E-01
 8.9650205541421842E-03 -6.1072136098171389E-03 -1.7830421163177613E-03
0
0.0
 -1.1407996218300525E+00 -2.3170985309886123E+00 3.8420614944644871E-01
 8.7765777230494144E-03 -5.7017519951439617E-03 -1.4685798008482705E-03
0
0.0
 -1.1407996218300525E+00 -2.3170985309886123E+00 3.8420614944644871E-01
 8.7334909941560856E-03 -6.0397147688526524E-03 -1.4416075582676931E-03
0
0.0
 -1.1407996218300525E+00 -2.3170985309886123E+00 3.8420614944644871E-01
 8.9594067566258345E-03 -5.7934169845679090E-03 -1.6485463098392264E-03
0
0.0
 -1.1407996218300525E+00 -2.3170985309886123E+00 3.8420614944644871E-01
 8.8192355444571477E-03 -6.0457082399584892E-03 -1.6608078203228633E-03
0
0.0
 -1.1407996218300525E+00 -2.3170985309886123E+00 3.8420614944644871E-01
 8.8792774077672727E-03 -5.9620261519428642E-03 -1.4397791954704920E-03
0
0.0
 -1.1407996218300525E+00 -2.3170985309886123E+00 3.8420614944644871E-01
 8.8056833427619819E-03 -5.9742865321986078E-03 -1.4206686649691955E-03
0
0.0
