20
 -1.1407996218300525E+00 -2.3170985309886123E+00 3.8420614944644871E-01
 8.7509361392469447E-03 -6.0412164186590001E-03 -1.5934347608669189E-03
0
0.0
 -1.1407996218300525E+00 -2.3170985309886123E+00 3.8420614944644871E-01
 8.7062505049832657E-03 -6.0932079824415975E-03 -1.4939897074916736E-03
0
0.0
 -1.1407996218300525E+00 -2.3170985309886123E+00 3.8420614944644871E-01
 8.7068303533978757E-03 -5.7299833219652072E-03 -1.5506999514811723E-03
0
0.0
 -1.1407996218300525E+00 -2.3170985309886123E+00 3.8420614944644871E-01
 8.9002342082021811E-03 -5.6880500620062214E-03 -1.7614904741890878E-03
0
0.0
 -1.1407996218300525E+00 -2.3170985309886123E+00 3.8420614944644871E-01
 8.7487985156502156E-03 -5.9041580731772460E-03 -1.6326463194847307E-03
0
0.0
 -1.1407996218300525E+00 -2.3170985309886123E+00 3.8420614944644871E-01
 8.9788962289338425E-03 -5.8846136125252878E-03 -1.6888422523445904E-03
0
0.0
 -1.1407996218300525E+00 -2.3170985309886123E+00 3.8420614944644871E-01
 9.0121368361132850E-03 -6.0174169170348086E-03 -1.7462300843648485E-03
0
0.0
 -1.1407996218300525E+00 -2.3170985309886123E+00 3.8420614944644871E-01
 8.7925585658330443E-03 -6.0579636433146745E-03 -1.6388040706702043E-03
0
0.0
 -1.1407996218300525E+00 -2.3170985309886123E+00 3.8420614944644871E-01
 8.7664102921640279E-03 -5.9700158212263503E-03 -1.6679667212140257E-03
0
0.0
 -1.1407996218300525E+00 -2.3170985309886123E+00 3.8420614944644871E-01
 8.7373671498607672E-03 -5.9380453813839794E-03 -1.5929403220884941E-03
0
0.0
 -1.1407996218300525E+00 -2.3170985309886123E+00 3.8420614944644871E-01
 8.7000935789340993E-03 -6.0847221789542957E-03 -1.6213662721133058E-03
0
0.0
 -1.1407996218300525E+00 -2.3170985309886123E+00 3.8420614944644871E-01
 8.5643006578662584E-03 -5.8385938374750108E-03 -1.5238004364253844E-03
0
0.0
 -1.1407996218300525E+00 -2.3170985309886123E+00 3.8420614944644871E-01
 8.7513780597756781E-03 -6.0004615692452155E-03 -1.8084679734837001E-03
0
0.0
 -1.1407996218300525E+00 -2.3170985309886123E+00 3.8420614944644871E-01
 8.8374957897848199E-03 -6.2069713874651593E-03 -1.6779145464365631E-03
0
0.0
 -1.1407996218300525E+00 -2.3170985309886123E+00 3.8420614944644871E-01
 8.8147018845759449E-03 -5.8925346706482319E-03 -1.6778738727667429E-03
0
0.0
 -1.1407996218300525E+00 -2.3170985309886123E+00 3.8420614944644871E-01
 8.7808776572584606E-03 -6.0458567756691232E-03 -1.6326584659492659E-03
0
0.0
 -1.1407996218300525E+00 -2.3170985309886123E+00 3.8420614944644871E-01
 8.6527447799052831E-03 -5.9484556815652375E-03 -1.5748098902738828E-03
0
0.0
 -1.1407996218300525E+00 -2.3170985309886123E+00 3.8420614944644871E-01
 8.7308693588622598E-03 -5.9508733830031533E-03 -1.8983516165818985E-03
0
0.0
 -1.1407996218300525E+00 -2.3170985309886123E+00 3.8420614944644871E-01
 8.6011089721287140E-03 -5.7829702944031123E-03 -1.6359853982933739E-03
0
0.0
 -1.1407996218300525E+00 -2.3170985309886123E+00 3.8420614944644871E-01
 8.8005326438255430E-03 -5.7827279989486422E-03 -1.3064485421375070E-03
0
0.0
