20
-1
1
 -0.18244745  -0.47075965   0.86319075  2.39036380e-04
 -0.64054139  -0.67434983  -0.36736772  2.24139206e-04
  0.87171699   0.14270966  -0.46876800  1.82631446e-04
  0.28590612   0.94567836  -0.15475828  1.46434340e-04
 -0.27592521   0.60279114  -0.74867091  3.52852002e-04
 -0.74273550   0.61631776   0.26171816  2.78154282e-04
 -0.68985423  -0.31338953  -0.65260106  5.12397819e-04
  0.75439734   0.49448999  -0.43169933  2.92825329e-04
  0.70487438   0.35530075  -0.61393280  2.00169176e-04
  0.04614474   0.77867345   0.62573022  2.06836495e-04
 -0.59006286   0.73206878  -0.34044254  2.63977509e-04
 -0.07411097  -0.95307436   0.29352483  2.98697995e-04
 -0.88813107   0.40439197   0.21838116  4.76373555e-04
  0.45172053   0.31992945  -0.83282274  1.82130072e-04
 -0.42265202  -0.90050695   0.10223749  3.82078516e-04
  0.11831048  -0.39667285   0.91030395  2.18108357e-04
  0.19010542  -0.18368080   0.96442796  2.44515125e-04
 -0.91350300  -0.27963738  -0.29549146  7.36145521e-04
  0.35197017  -0.47103067   0.80885543  8.09065682e-04
  0.35131864   0.92416655   0.14997131  3.85258772e-04
