20
 -1.1407996218300525E+00 -2.3170985309886123E+00 3.8420614944644871E-01
 8.8050421574999496E-03 -5.8374349652980948E-03 -1.5973924083644328E-03
0
0.0
 -1.1407996218300525E+00 -2.3170985309886123E+00 3.8420614944644871E-01
 8.6775040189576522E-03 -5.9675065260395357E-03 -1.6659249341998480E-03
0
0.0
 -1.1407996218300525E+00 -2.3170985309886123E+00 3.8420614944644871E-01
 8.7554391551727933E-03 -5.8348932268828223E-03 -1.6150563042470944E-03
0
0.0
 -1.1407996218300525E+00 -2.3170985309886123E+00 3.8420614944644871E-01
 8.6806249492230314E-03 -5.9876740378546848E-03 -1.6199719546127773E-03
0
0.0
 -1.1407996218300525E+00 -2.3170985309886123E+00 3.8420614944644871E-01
 8.7618504541314875E-03 -6.1481276698228393E-03 -1.5681288810052388E-03
0
0.0
 -1.1407996218300525E+00 -2.3170985309886123E+00 3.8420614944644871E-01
 8.6690925880830525E-03 -6.0007728249726437E-03 -1.8744795715811297E-03
0
0.0
 -1.1407996218300525E+00 -2.3170985309886123E+00 3.8420614944644871E-01
 8.6192971028448851E-03 -6.0663015505514652E-03 -1.6136828276431788E-03
0
0.0
 -1.1407996218300525E+00 -2.3170985309886123E+00 3.8420614944644871E-01
 9.0297075234809857E-03 -5.9678625728013142E-03 -1.8172155584853620E-03
0
0.0
 -1.1407996218300525E+00 -2.3170985309886123E+00 3.8420614944644871E-01
 8.7764021021707571E-03 -6.0185995238933344E-03 -1.7835920220581646E-03
0
0.0
 -1.1407996218300525E+00 -2.3170985309886123E+00 3.8420614944644871E-01
 8.8411792547739079E-03 -5.9350306197194485E-03 -1.4546422142822078E-03
0
0.0
 -1.1407996218300525E+00 -2.3170985309886123E+00 3.8420614944644871E-01
 8.9192013580490573E-03 -5.9778660939952388E-03 -1.8284554092247718E-03
0
0.0
 -1.1407996218300525E+00 -2.3170985309886123E+00 3.8420614944644871E-01
 8.7748099958921636E-03 -5.8675816364126667E-03 -1.5855795848915932E-03
0
0.0
 -1.1407996218300525E+00 -2.3170985309886123E+00 3.8420614944644871E-01
 8.7090690080245080E-03 -5.7654303517285658E-03 -1.4157752835311514E-03
0
0.0
 -1.1407996218300525E+00 -2.3170985309886123E+00 3.8420614944644871E-01
 8.5413051669397996E-03 -5.7930988668878245E-03 -1.8120577065684619E-03
0
0.0
 -1.1407996218300525E+00 -2.3170985309886123E+00 3.8420614944644871E-01
 8.8798866269214714E-03 -5.6824249843369316E-03 -1.6440330679647808E-03
0
0.0
 -1.1407996218300525E+00 -2.3170985309886123E+00 3.8420614944644871E-01
 8.6970776869664135E-03 -5.8017686878649262E-03 -1.5404172301585861E-03
0
0.0
 -1.1407996218300525E+00 -2.3170985309886123E+00 3.8420614944644871E-01
 8.6661683229337181E-03 -6.1605737342700995E-03 -1.5074736279342854E-03
0
0.0
 -1.1407996218300525E+00 -2.3170985309886123E+00 3.8420614944644871E-01
 8.6596641857113431E-03 -5.9095713283960991E-03 -1.8174206720738084E-03
0
0.0
 -1.1407996218300525E+00 -2.3170985309886123E+00 3.8420614944644871E-01
 8.8711150999900568E-03 -6.1523443468855374E-03 -1.8513214486167273E-03
0
0.0
 -1.1407996218300525E+00 -2.3170985309886123E+00 3.8420614944644871E-01
 8.6996835797456939E-03 -5.6112383696271702E-03 -1.5503916517146858E-03
0
0.0
