50
-1
1
 -0.34749084  -0.87286031  -0.34258574  1.80961064e-04
  0.38532345  -0.31468070   0.86746867  4.84191880e-04
  0.87495982   0.06038039   0.48041598  1.74578270e-04
 -0.51080251   0.83521163   0.20372119  5.73904094e-04
  0.45423219   0.61096986  -0.64837407  2.67006436e-04
  0.35378022   0.67620785   0.64620624  1.52155554e-04
  0.69070280   0.42015597  -0.58855637  1.51146455e-04
  0.16200674  -0.65535000  -0.73774670  2.31050480e-04
  0.39422958   0.54439708   0.74041533  2.07853166e-04
  0.91719921  -0.39839840   0.00493142  2.82350972e-04
  0.23015707   0.47108362   0.85153271  5.92635528e-04
  0.85474407  -0.51756322   0.03925418  1.74568120e-04
 -0.01944145   0.13439734   0.99073679  1.70698327e-04
  0.50891753  -0.58149955  -0.63471349  5.86976899e-04
  0.68341293   0.64847405  -0.33530312  2.18751501e-04
  0.94100105  -0.33784880  -0.01937017  1.50255052e-04
  0.16653165  -0.47319853  -0.86507246  3.83219036e-04
  0.85946068   0.51013618   0.03299130  8.41017881e-04
 -0.08071679  -0.92209337  -0.37845556  2.85401088e-04
  0.69304561  -0.45279293   0.56095129  3.96685493e-04
  0.32956264  -0.32508252   0.88640274  1.91535798e-04
 -0.08651501  -0.85359740   0.51369897  3.12459763e-04
 -0.55703776   0.39141927   0.73246153  2.05747197e-04
 -0.14678131   0.94455399  -0.29372268  1.51494310e-04
 -0.02489374   0.58902713   0.80772975  7.27631353e-04
 -0.44785355  -0.85239691   0.26990128  4.01869111e-04
 -0.43255778   0.23214222  -0.87120822  3.38300380e-04
  0.03245169  -0.82812128  -0.55960882  4.71889106e-04
 -0.26373957  -0.23724081   0.93496430  6.53643350e-04
 -0.45512629  -0.88332773  -0.11221488  2.98142819e-04
 -0.97048998   0.16632729   0.17459792  4.08696815e-04
 -0.66607720  -0.68327805   0.29911915  1.46786950e-04
 -0.34846616   0.65114491   0.67422670  3.93694618e-04
 -0.00153573   0.92857503  -0.37114155  3.49571008e-04
 -0.08753527   0.88060144  -0.46570235  2.36015473e-04
  0.95260610   0.25026910   0.17293642  8.14329018e-04
 -0.56113914  -0.37310511  -0.73886091  7.82056455e-04
  0.22142109  -0.65419416   0.72318926  1.80432680e-04
 -0.72390897  -0.02943378   0.68926734  2.68819828e-04
  0.79304031  -0.21690025  -0.56924630  7.43421971e-04
  0.08898069   0.87471352   0.47640182  7.88580259e-04
 -0.19114070  -0.14771755   0.97038382  2.15121950e-04
 -0.94135010   0.33693086  -0.01837352  2.79405479e-04
  0.59851859   0.38592598   0.70202325  5.32554508e-04
  0.32786965  -0.94432334   0.02747587  2.05482257e-04
 -0.77114291  -0.16665429  -0.61446315  1.63614270e-04
  0.16690334   0.03635866  -0.98530266  2.46787706e-04
 -0.55179510   0.48679324  -0.67716653  1.89695563e-04
 -0.83276833  -0.03854690   0.55227805  1.74946493e-04
  0.36049503  -0.22407552  -0.90544657  1.74346830e-04
