50
 -1.1407996218300525E+00 -2.3170985309886123E+00 3.8420614944644871E-01
 8.7627964577005786E-03 -5.8996875643322908E-03 -1.7010621899388801E-03
0
0.0
 -1.1407996218300525E+00 -2.3170985309886123E+00 3.8420614944644871E-01
 8.6931813970190525E-03 -5.8296219983352470E-03 -1.6887267146193940E-03
0
0.0
 -1.1407996218300525E+00 -2.3170985309886123E+00 3.8420614944644871E-01
 8.8933635076805257E-03 -5.9649686728803887E-03 -1.5280077003557886E-03
0
0.0
 -1.1407996218300525E+00 -2.3170985309886123E+00 3.8420614944644871E-01
 8.8353110132876906E-03 -5.8833305200705378E-03 -1.6879607914612297E-03
0
0.0
 -1.1407996218300525E+00 -2.3170985309886123E+00 3.8420614944644871E-01
 8.7568795627660893E-03 -5.9175303817444666E-03 -1.7087273520226412E-03
0
0.0
 -1.1407996218300525E+00 -2.3170985309886123E+00 3.8420614944644871E-01
 8.6984699919383079E-03 -5.9722924943760459E-03 -1.5361773634313975E-03
0
0.0
 -1.1407996218300525E+00 -2.3170985309886123E+00 3.8420614944644871E-01
 8.8535133982363037E-03 -5.9182044205782188E-03 -1.5464421109360384E-03
0
0.0
 -1.1407996218300525E+00 -2.3170985309886123E+00 3.8420614944644871E-01
 8.6618522367706095E-03 -5.8341236443777830E-03 -1.5989741397476628E-03
0
0.0
 -1.1407996218300525E+00 -2.3170985309886123E+00 3.8420614944644871E-01
 8.8482621741001587E-03 -5.9405606418044968E-03 -1.6419538988327780E-03
0
0.0
 -1.1407996218300525E+00 -2.3170985309886123E+00 3.8420614944644871E-01
 8.6064260114866644E-03 -5.6889029346004144E-03 -1.4546752999827020E-03
0
0.0
 -1.1407996218300525E+00 -2.3170985309886123E+00 3.8420614944644871E-01
 8.7963151316725816E-03 -5.7411627530207753E-03 -1.5482422104990399E-03
0
0.0
 -1.1407996218300525E+00 -2.3170985309886123E+00 3.8420614944644871E-01
 8.9370117489379203E-03 -5.9225631737273793E-03 -1.5604291522416192E-03
0
0.0
 -1.1407996218300525E+00 -2.3170985309886123E+00 3.8420614944644871E-01
 8.8909291403836809E-03 -5.8131959351159293E-03 -1.7864586335004781E-03
0
0.0
 -1.1407996218300525E+00 -2.3170985309886123E+00 3.8420614944644871E-01
 8.9402675261037647E-03 -5.7587003611890095E-03 -1.4211162058436664E-03
0
0.0
 -1.1407996218300525E+00 -2.3170985309886123E+00 3.8420614944644871E-01
 8.5617532862259111E-03 -5.9072835034628488E-03 -1.7683039819788870E-03
0
0.0
 -1.1407996218300525E+00 -2.3170985309886123E+00 3.8420614944644871E-01
 8.9948340157096004E-03 -6.0924988319266916E-03 -1.7785868001414899E-03
0
0.0
 -1.1407996218300525E+00 -2.3170985309886123E+00 3.8420614944644871E-01
 8.6044519337629705E-03 -5.9475473059307869E-03 -1.5787262586636510E-03
0
0.0
 -1.1407996218300525E+00 -2.3170985309886123E+00 3.8420614944644871E-01
 8.7485238358129373E-03 -5.9870219056163071E-03 -1.4302198216699137E-03
0
0.0
 -1.1407996218300525E+00 -2.3170985309886123E+00 3.8420614944644871E-01
 8.7036996887429746E-03 -5.9683781913122394E-03 -1.5927917893828253E-03
0
0.0
 -1.1407996218300525E+00 -2.3170985309886123E+00 3.8420614944644871E-01
 8.8824561554401542E-03 -5.8777018232741979E-03 -1.6611799404988661E-03
0
0.0
 -1.1407996218300525E+00 -2.3170985309886123E+00 3.8420614944644871E-01
 9.0301461624948155E-03 -5.8409321278581408E-03 -1.5256372969230322E-03
0
0.0
 -1.1407996218300525E+00 -2.3170985309886123E+00 3.8420614944644871E-01
 8.7186442589821354E-03 -5.7268127005240237E-03 -1.5787785588475328E-03
0
0.0
 -1.1407996218300525E+00 -2.3170985309886123E+00 3.8420614944644871E-01
 8.7939269133559470E-03 -5.9936737742151795E-03 -1.8021113121804092E-03
0
0.0
 -1.1407996218300525E+00 -2.3170985309886123E+00 3.8420614944644871E-01
 8.7085516827990692E-03 -5.9046982824491933E-03 -1.7056425995569209E-03
0
0.0
 -1.1407996218300525E+00 -2.3170985309886123E+00 3.8420614944644871E-01
 8.7601161924845058E-03 -5.7738716199524755E-03 -1.7879954942489544E-03
0
0.0
 -1.1407996218300525E+00 -2.3170985309886123E+00 3.8420614944644871E-01
 8.8271122030961317E-03 -5.9836481614888477E-03 -1.5948495361359776E-03
0
0.0
 -1.1407996218300525E+00 -2.3170985309886123E+00 3.8420614944644871E-01
 8.7929959103594992E-03 -5.9941448217930701E-03 -1.4237120360240782E-03
0
0.0
 -1.1407996218300525E+00 -2.3170985309886123E+00 3.8420614944644871E-01
 8.8494087697538176E-03 -5.8997903438309067E-03 -1.6650490544013264E-03
0
0.0
 -1.1407996218300525E+00 -2.3170985309886123E+00 3.8420614944644871E-01
 8.6948867753602332E-03 -5.8558803744471035E-03 -1.5642674360808421E-03
0
0.0
 -1.1407996218300525E+00 -2.3170985309886123E+00 3.8420614944644871E-01
 9.1088015765185531E-03 -5.8894435378455861E-03 -1.7072881831419506E-03
0
0.0
 -1.1407996218300525E+00 -2.3170985309886123E+00 3.8420614944644871E-01
 8.6423803828432812E-03 -6.0358492509615166E-03 -1.4254177980473810E-03
0
0.0
 -1.1407996218300525E+00 -2.3170985309886123E+00 3.8420614944644871E-01
 8.8608927871391113E-03 -5.7999398737364465E-03 -1.6638609430465214E-03
0
0.0
 -1.1407996218300525E+00 -2.3170985309886123E+00 3.8420614944644871E-01
 8.5767149163144991E-03 -5.7927866707027211E-03 -1.5498647377289007E-03
0
0.0
 -1.1407996218300525E+00 -2.3170985309886123E+00 3.8420614944644871E-01
 8.7693187766282408E-03 -5.9064768052005945E-03 -1.5104277961116577E-03
0
0.0
 -1.1407996218300525E+00 -2.3170985309886123E+00 3.8420614944644871E-01
 8.6540349884428672E-03 -6.0793311293403096E-03 -1.7563323309396823E-03
0
0.0
 -1.1407996218300525E+00 -2.3170985309886123E+00 3.8420614944644871E-01
 9.0676391945157184E-03 -5.9549782052124838E-03 -1.5597117852891838E-03
0
0.0
 -1.1407996218300525E+00 -2.3170985309886123E+00 3.8420614944644871E-01
 9.0387127186627187E-03 -5.8835614583799337E-03 -1.6188409904728800E-03
0
0.0
 -1.1407996218300525E+00 -2.3170985309886123E+00 3.8420614944644871E-01
 9.0781915029845162E-03 -5.8776537181302237E-03 -1.6013794605671530E-03
0
0.0
 -1.1407996218300525E+00 -2.3170985309886123E+00 3.8420614944644871E-01
 8.8251539912132023E-03 -5.9079123568915003E-03 -1.5301911392553052E-03
0
0.0
 -1.1407996218300525E+00 -2.3170985309886123E+00 3.8420614944644871E-01
 8.6547064329252337E-03 -5.8256094199803515E-03 -1.4819524526923521E-03
0
0.0
 -1.1407996218300525E+00 -2.3170985309886123E+00 3.8420614944644871E-01
 8.6646730157865157E-03 -6.0672411778044562E-03 -1.9001485693419789E-03
0
0.0
 -1.1407996218300525E+00 -2.3170985309886123E+00 3.8420614944644871E-01
 8.8929525283020193E-03 -6.0592855036000421E-03 -1.5318458430286200E-03
0
0.0
 -1.1407996218300525E+00 -2.3170985309886123E+00 3.8420614944644871E-01
 9.0246921211698979E-03 -5.8383238864978485E-03 -1.5884015504093834E-03
0
0.0
 -1.1407996218300525E+00 -2.3170985309886123E+00 3.8420614944644871E-01
 8.5902908481435732E-03 -6.0540612787356443E-03 -1.8719040128913141E-03
0
0.0
 -1.1407996218300525E+00 -2.3170985309886123E+00 3.8420614944644871E-01
 8.8800088968138003E-03 -5.7346638492668028E-03 -1.6108341842111006E-03
0
0.0
 -1.1407996218300525E+00 -2.3170985309886123E+00 3.8420614944644871E-01
 8.6824064864700640E-03 -5.6090091165123639E-03 -1.4974750349874271E-03
0
0.0
 -1.1407996218300525E+00 -2.3170985309886123E+00 3.8420614944644871E-01
 8.8194738297658701E-03 -5.9481133437400031E-03 -1.6066426235023204E-03
0
0.0
 -1.1407996218300525E+00 -2.3170985309886123E+00 3.8420614944644871E-01
 8.8463088832594801E-03 -5.8573888878727031E-03 -1.6057587121716993E-03
0
0.0
 -1.1407996218300525E+00 -2.3170985309886123E+00 3.8420614944644871E-01
 8.7436995286640957E-03 -5.8643414031115098E-03 -1.6818402217014996E-03
0
0.0
 -1.1407996218300525E+00 -2.3170985309886123E+00 3.8420614944644871E-01
 8.9401525516528725E-03 -6.0456702910500794E-03 -1.6162435564020946E-03
0
0.0
