20
 -1.1407996218300525E+00 -2.3170985309886123E+00 3.8420614944644871E-01
 8.7722398144509748E-03 -5.9087247052347419E-03 -1.6429863665154351E-03
0
0.0
 -1.1407996218300525E+00 -2.3170985309886123E+00 3.8420614944644871E-01
 8.7468362616734269E-03 -5.7772889629959167E-03 -1.4435665105255137E-03
0
0.0
 -1.1407996218300525E+00 -2.3170985309886123E+00 3.8420614944644871E-01
 8.8855067248478671E-03 -5.8772273267454116E-03 -1.4196623257798256E-03
0
0.0
 -1.1407996218300525E+00 -2.3170985309886123E+00 3.8420614944644871E-01
 9.1163303641891187E-03 -5.9044354372204330E-03 -1.6254204353342906E-03
0
0.0
 -1.1407996218300525E+00 -2.3170985309886123E+00 3.8420614944644871E-01
 8.9966170156030433E-03 -5.8619897325627134E-03 -1.6336070008959379E-03
0
0.0
 -1.1407996218300525E+00 -2.3170985309886123E+00 3.8420614944644871E-01
 8.8285193436676620E-03 -5.7892921094748889E-03 -1.5589917404099909E-03
0
0.0
 -1.1407996218300525E+00 -2.3170985309886123E+00 3.8420614944644871E-01
 8.7742974702061088E-03 -5.9297602230887212E-03 -1.7317461380697637E-03
0
0.0
 -1.1407996218300525E+00 -2.3170985309886123E+00 3.8420614944644871E-01
 8.7563686452095096E-03 -6.0407626879453681E-03 -1.7026646445812139E-03
0
0.0
 -1.1407996218300525E+00 -2.3170985309886123E+00 3.8420614944644871E-01
 8.7149992676298117E-03 -5.9752102284232221E-03 -1.7233722135925817E-03
0
0.0
 -1.1407996218300525E+00 -2.3170985309886123E+00 3.8420614944644871E-01
 8.7448022095035563E-03 -6.1814100223310051E-03 -1.7428432761110006E-03
0
0.0
 -1.1407996218300525E+00 -2.3170985309886123E+00 3.8420614944644871E-01
 8.6343264062000626E-03 -5.9126118380302250E-03 -1.5352938238602711E-03
0
0.0
 -1.1407996218300525E+00 -2.3170985309886123E+00 3.8420614944644871E-01
 8.7884607045759840E-03 -5.8027938050750211E-03 -1.8505220185000234E-03
0
0.0
 -1.1407996218300525E+00 -2.3170985309886123E+00 3.8420614944644871E-01
 8.8553266026115286E-03 -5.8896190600282320E-03 -1.3202834828317299E-03
0
0.0
 -1.1407996218300525E+00 -2.3170985309886123E+00 3.8420614944644871E-01
 8.7972797145755410E-03 -5.6614750062869701E-03 -1.6891634793735893E-03
0
0.0
 -1.1407996218300525E+00 -2.3170985309886123E+00 3.8420614944644871E-01
 8.8469006157636063E-03 -5.9716156370816708E-03 -1.6186720705676744E-03
0
0.0
 -1.1407996218300525E+00 -2.3170985309886123E+00 3.8420614944644871E-01
 8.6084340551623000E-03 -6.0229576978672924E-03 -1.4218038428703199E-03
0
0.0
 -1.1407996218300525E+00 -2.3170985309886123E+00 3.8420614944644871E-01
 8.9045588446552016E-03 -5.8927333220423796E-03 -1.6558321397339688E-03
0
0.0
 -1.1407996218300525E+00 -2.3170985309886123E+00 3.8420614944644871E-01
 8.8399592843024233E-03 -5.9367521704125972E-03 -1.6444823071810578E-03
0
0.0
 -1.1407996218300525E+00 -2.3170985309886123E+00 3.8420614944644871E-01
 8.7251351295141461E-03 -5.8037057898363085E-03 -1.6740339825250493E-03
0
0.0
 -1.1407996218300525E+00 -2.3170985309886123E+00 3.8420614944644871E-01
 8.7149257327916833E-03 -6.0921934312677915E-03 -1.4704416905125912E-03
0
0.0
