20
-1
1
  0.82856882  -0.45889422   0.32076441  1.55137796e-04
  0.74654614   0.59867577  -0.29026915  1.67453992e-04
 -0.25173880   0.77720494  -0.57669754  2.20503235e-04
 -0.83631629  -0.54501212  -0.05947152  2.11973778e-04
  0.19510239   0.41407996  -0.88908540  3.46135001e-04
 -0.38946021  -0.91981877  -0.04747808  1.47902412e-04
 -0.05706903   0.30969195  -0.94912276  1.66264931e-04
 -0.99616947  -0.02994606  -0.08215603  1.74872351e-04
  0.78226677   0.42437451   0.45603177  2.41669789e-04
 -0.86133082  -0.26147974   0.43558876  8.42935602e-04
  0.45704025   0.87360277  -0.16712994  1.49362603e-04
 -0.17596655  -0.65109063   0.73832023  2.34744432e-04
 -0.57099096   0.60140843  -0.55881770  1.67742978e-04
  0.71812984  -0.57099863   0.39780660  2.12754911e-04
 -0.15795452  -0.98117580  -0.11110548  7.86937669e-04
 -0.18551802  -0.74751778   0.63780893  1.48107697e-04
  0.85724736  -0.45278772   0.24517390  7.50945072e-04
  0.65318440   0.75539375   0.05225344  3.07109897e-04
  0.43894932  -0.00274596   0.89850763  1.53548783e-04
 -0.15507010   0.02956405  -0.98746100  1.90061568e-04
