50
-1
1
  0.65937159   0.73613831  -0.15273995  2.18134591e-04
  0.79023985  -0.27869548   0.54575619  8.63591051e-04
  0.12604774  -0.84643967   0.51735080  7.51583938e-04
 -0.46555109  -0.28718637  -0.83712972  3.20533035e-04
 -0.97785924   0.00840637   0.20909480  1.51998179e-04
  0.94491827   0.21252599  -0.24892200  1.47301913e-04
  0.53489544  -0.05204081   0.84331407  3.95884874e-04
 -0.74360612  -0.07510434   0.66438639  1.87479078e-04
 -0.68597946   0.42616344  -0.58976004  2.18504538e-04
  0.35602457  -0.05168046   0.93304643  1.75350902e-04
 -0.51383840   0.77841785   0.36060471  5.73660482e-04
 -0.54364603  -0.74144668   0.39332659  4.94376802e-04
  0.80066791   0.10726832  -0.58942718  4.17896805e-04
 -0.39933090   0.62776731   0.66816393  2.12726463e-04
  0.17431908  -0.84105544  -0.51209239  2.01887123e-04
  0.73970956  -0.00100186  -0.67292553  6.89514463e-04
  0.03940311   0.18622800   0.98171611  3.74415625e-04
 -0.52989607   0.83467443   0.15009578  1.57821420e-04
 -0.61862987   0.73431421  -0.27942750  3.06071789e-04
  0.41110206  -0.91142027  -0.01755534  1.79440344e-04
 -0.55566029   0.76724730  -0.32027054  6.15064568e-04
  0.18519938   0.58970906  -0.78609440  5.37882200e-04
  0.07591995   0.89120497  -0.44720225  2.45453951e-04
 -0.14003586   0.51425050  -0.84613024  2.72002954e-04
 -0.11452350   0.98182000   0.15137321  1.96894944e-04
  0.08988468  -0.48762004  -0.86841663  1.96257402e-04
 -0.13242343   0.86150402  -0.49017840  1.48981177e-04
 -0.86125767  -0.40718102  -0.30403757  3.96160842e-04
  0.15317088  -0.88157272  -0.44650669  6.16750377e-04
  0.78610534  -0.43708093   0.43703393  7.81880868e-04
 -0.46304908  -0.61866244  -0.63469862  1.51453493e-04
  0.53135896  -0.09787664  -0.84147360  8.65074907e-04
  0.10963928  -0.82270684   0.55779269  2.31609031e-04
  0.13801165  -0.96267169  -0.23284329  8.46370784e-04
 -0.44938879  -0.02832703   0.89288706  1.72127937e-04
  0.35424062   0.86170959   0.36327699  5.59456692e-04
  0.74092913   0.13504108  -0.65786619  2.26930531e-04
 -0.80534158   0.59035311  -0.05392721  1.73653538e-04
 -0.54564655   0.83801092   0.00274559  3.34867380e-04
  0.44511382  -0.05058841  -0.89404390  7.44300017e-04
  0.06710854   0.80668053  -0.58716519  1.53188299e-04
 -0.33218786   0.27595831   0.90194137  6.89186829e-04
  0.08753032  -0.38319890   0.91950913  1.47611062e-04
 -0.29475355   0.22698257   0.92822371  1.63312255e-04
  0.65025466   0.49386551  -0.57729173  1.81678569e-04
  0.95832101  -0.28066817  -0.05334992  2.70926540e-04
 -0.43861753   0.28686412  -0.85165935  3.08525565e-04
 -0.49869437   0.18335522  -0.84716279  1.66921833e-04
  0.91352847   0.22755683  -0.33717002  2.71493360e-04
 -0.08933942   0.77010564   0.63162946  1.58500687e-04
