50
 -1.1407996218300525E+00 -2.3170985309886123E+00 3.8420614944644871E-01
 8.7718225821843687E-03 -5.8995072291272077E-03 -1.5796063087671654E-03
0
0.0
 -1.1407996218300525E+00 -2.3170985309886123E+00 3.8420614944644871E-01
 8.6848932788184275E-03 -5.7663960953379624E-03 -1.6391809606664547E-03
0
0.0
 -1.1407996218300525E+00 -2.3170985309886123E+00 3.8420614944644871E-01
 8.9701850292367713E-03 -6.0334742181469871E-03 -1.4458027149008641E-03
0
0.0
 -1.1407996218300525E+00 -2.3170985309886123E+00 3.8420614944644871E-01
 8.8125555821293843E-03 -5.9753133494963289E-03 -1.7859810282979498E-03
0
0.0
 -1.1407996218300525E+00 -2.3170985309886123E+00 3.8420614944644871E-01
 8.7552370539252435E-03 -5.8239393121238842E-03 -1.5540640026020620E-03
0
0.0
 -1.1407996218300525E+00 -2.3170985309886123E+00 3.8420614944644871E-01
 8.6847161122972413E-03 -5.8029004073289862E-03 -1.7136882761227060E-03
0
0.0
 -1.1407996218300525E+00 -2.3170985309886123E+00 3.8420614944644871E-01
 8.6920754520399043E-03 -6.1290420473794419E-03 -1.8297165493580288E-03
0
0.0
 -1.1407996218300525E+00 -2.3170985309886123E+00 3.8420614944644871E-01
 8.9561615598622250E-03 -5.9936159380822177E-03 -1.5554487352062490E-03
0
0.0
 -1.1407996218300525E+00 -2.3170985309886123E+00 3.8420614944644871E-01
 8.8024098101437478E-03 -5.8828529164041063E-03 -1.5523635527898956E-03
0
0.0
 -1.1407996218300525E+00 -2.3170985309886123E+00 3.8420614944644871E-01
 8.9452151680749058E-03 -5.9847058068927357E-03 -1.5292672795370356E-03
0
0.0
 -1.1407996218300525E+00 -2.3170985309886123E+00 3.8420614944644871E-01
 8.6724882121001524E-03 -5.9461231610264623E-03 -1.6392537920133408E-03
0
0.0
 -1.1407996218300525E+00 -2.3170985309886123E+00 3.8420614944644871E-01
 8.7309712844922550E-03 -5.7050186027326980E-03 -1.6689156578317344E-03
0
0.0
 -1.1407996218300525E+00 -2.3170985309886123E+00 3.8420614944644871E-01
 8.7188592626503154E-03 -5.8192145612532171E-03 -1.5043489517334030E-03
0
0.0
 -1.1407996218300525E+00 -2.3170985309886123E+00 3.8420614944644871E-01
 8.9190018316994760E-03 -5.9870923316528973E-03 -1.5918208815021103E-03
0
0.0
 -1.1407996218300525E+00 -2.3170985309886123E+00 3.8420614944644871E-01
 8.8397791651938940E-03 -6.1303599678381743E-03 -1.6396872944019413E-03
0
0.0
 -1.1407996218300525E+00 -2.3170985309886123E+00 3.8420614944644871E-01
 8.6393766286642169E-03 -5.8467615662572718E-03 -1.5536654843389093E-03
0
0.0
 -1.1407996218300525E+00 -2.3170985309886123E+00 3.8420614944644871E-01
 8.4875462468894346E-03 -5.8794801793548091E-03 -1.7441023831239384E-03
0
0.0
 -1.1407996218300525E+00 -2.3170985309886123E+00 3.8420614944644871E-01
 9.0216526917726025E-03 -5.9686042956204697E-03 -1.4303665874791835E-03
0
0.0
 -1.1407996218300525E+00 -2.3170985309886123E+00 3.8420614944644871E-01
 8.7556563471016223E-03 -5.9854035052603919E-03 -1.5714652133972185E-03
0
0.0
 -1.1407996218300525E+00 -2.3170985309886123E+00 3.8420614944644871E-01
 8.8370831082064723E-03 -5.9359913769300747E-03 -1.7555234972930357E-03
0
0.0
 -1.1407996218300525E+00 -2.3170985309886123E+00 3.8420614944644871E-01
 8.6386143631681823E-03 -5.8655444933297567E-03 -1.6455973932065543E-03
0
0.0
 -1.1407996218300525E+00 -2.3170985309886123E+00 3.8420614944644871E-01
 8.5782903325565107E-03 -6.0075881054149826E-03 -1.6207999332715751E-03
0
0.0
 -1.1407996218300525E+00 -2.3170985309886123E+00 3.8420614944644871E-01
 8.7938776857326845E-03 -5.6778433689023793E-03 -1.8237033243053544E-03
0
0.0
 -1.1407996218300525E+00 -2.3170985309886123E+00 3.8420614944644871E-01
 8.8561386335265085E-03 -6.0427429064122216E-03 -1.6032385595895638E-03
0
0.0
 -1.1407996218300525E+00 -2.3170985309886123E+00 3.8420614944644871E-01
 8.7296880229650910E-03 -5.9178819485114281E-03 -1.6073529522156863E-03
0
0.0
 -1.1407996218300525E+00 -2.3170985309886123E+00 3.8420614944644871E-01
 8.6760955986887323E-03 -5.8723970215709687E-03 -1.6499647612602411E-03
0
0.0
 -1.1407996218300525E+00 -2.3170985309886123E+00 3.8420614944644871E-01
 8.8270509879154989E-03 -5.8894678922474970E-03 -1.5926215795699934E-03
0
0.0
 -1.1407996218300525E+00 -2.3170985309886123E+00 3.8420614944644871E-01
 8.5221263271033996E-03 -5.9771581764168141E-03 -1.4172381281312135E-03
0
0.0
 -1.1407996218300525E+00 -2.3170985309886123E+00 3.8420614944644871E-01
 8.8395155144169874E-03 -6.1558402107979009E-03 -1.3895090593747722E-03
0
0.0
 -1.1407996218300525E+00 -2.3170985309886123E+00 3.8420614944644871E-01
 8.8273265782566352E-03 -6.0139674598162895E-03 -1.4913184716297441E-03
0
0.0
 -1.1407996218300525E+00 -2.3170985309886123E+00 3.8420614944644871E-01
 8.6629377588972080E-03 -5.8093556028952220E-03 -1.5649850135354541E-03
0
0.0
 -1.1407996218300525E+00 -2.3170985309886123E+00 3.8420614944644871E-01
 8.6871065618262956E-03 -5.8839142235253862E-03 -1.5794373344943948E-03
0
0.0
 -1.1407996218300525E+00 -2.3170985309886123E+00 3.8420614944644871E-01
 8.6836724625080231E-03 -5.7274876021352946E-03 -1.5411835864288725E-03
0
0.0
 -1.1407996218300525E+00 -2.3170985309886123E+00 3.8420614944644871E-01
 9.0452679458366929E-03 -5.9058224487546331E-03 -1.6239638588809099E-03
0
0.0
 -1.1407996218300525E+00 -2.3170985309886123E+00 3.8420614944644871E-01
 8.9889547419688097E-03 -5.7924792070836008E-03 -1.6726643576871975E-03
0
0.0
 -1.1407996218300525E+00 -2.3170985309886123E+00 3.8420614944644871E-01
 8.7938063437533812E-03 -5.8477378719174727E-03 -1.5925151511185117E-03
0
0.0
 -1.1407996218300525E+00 -2.3170985309886123E+00 3.8420614944644871E-01
 8.9708028677381556E-03 -5.8398093472886263E-03 -1.6178093314741251E-03
0
0.0
 -1.1407996218300525E+00 -2.3170985309886123E+00 3.8420614944644871E-01
 8.5604527064208260E-03 -5.8836033756996219E-03 -1.5557029339096460E-03
0
0.0
 -1.1407996218300525E+00 -2.3170985309886123E+00 3.8420614944644871E-01
 8.7465680639932271E-03 -5.8923821709340627E-03 -1.6056744793494680E-03
0
0.0
 -1.1407996218300525E+00 -2.3170985309886123E+00 3.8420614944644871E-01
 8.7699338753756319E-03 -6.0532798435999164E-03 -1.7228350782639648E-03
0
0.0
 -1.1407996218300525E+00 -2.3170985309886123E+00 3.8420614944644871E-01
 8.8494764515064835E-03 -6.1111732097029357E-03 -1.8755342397374676E-03
0
0.0
 -1.1407996218300525E+00 -2.3170985309886123E+00 3.8420614944644871E-01
 8.7757633445344381E-03 -5.8565695187846522E-03 -1.6106469873206821E-03
0
0.0
 -1.1407996218300525E+00 -2.3170985309886123E+00 3.8420614944644871E-01
 8.9533352293472614E-03 -5.9141685433898592E-03 -1.3764632248687587E-03
0
0.0
 -1.1407996218300525E+00 -2.3170985309886123E+00 3.8420614944644871E-01
 8.7125669789759972E-03 -6.1844286302920846E-03 -1.5493571985313373E-03
0
0.0
 -1.1407996218300525E+00 -2.3170985309886123E+00 3.8420614944644871E-01
 8.7571525521965635E-03 -5.7584357869742602E-03 -1.8091973334298673E-03
0
0.0
 -1.1407996218300525E+00 -2.3170985309886123E+00 3.8420614944644871E-01
 8.8420271168479104E-03 -5.8880462688358772E-03 -1.7547164901614526E-03
0
0.0
 -1.1407996218300525E+00 -2.3170985309886123E+00 3.8420614944644871E-01
 8.9679801674901281E-03 -5.9418123625828044E-03 -1.8466669874891235E-03
0
0.0
 -1.1407996218300525E+00 -2.3170985309886123E+00 3.8420614944644871E-01
 8.6742124483774555E-03 -5.7721915697308245E-03 -1.6431443124532844E-03
0
0.0
 -1.1407996218300525E+00 -2.3170985309886123E+00 3.8420614944644871E-01
 8.8537878117871845E-03 -5.9114884588083632E-03 -1.5746197963615099E-03
0
0.0
 -1.1407996218300525E+00 -2.3170985309886123E+00 3.8420614944644871E-01
 8.7506199362757213E-03 -6.0456853299870241E-03 -1.4584105158013164E-03
0
0.0
