20
 -1.1407996218300525E+00 -2.3170985309886123E+00 3.8420614944644871E-01
 8.9616018650763105E-03 -5.7181817681958369E-03 -1.8142355376969560E-03
0
0.0
 -1.1407996218300525E+00 -2.3170985309886123E+00 3.8420614944644871E-01
 8.8270702058838215E-03 -5.8008949164424020E-03 -1.6137798340525480E-03
0
0.0
 -1.1407996218300525E+00 -2.3170985309886123E+00 3.8420614944644871E-01
 8.8049996986274762E-03 -5.8465780224077916E-03 -1.5775512717622773E-03
0
0.0
 -1.1407996218300525E+00 -2.3170985309886123E+00 3.8420614944644871E-01
 8.8430044866089734E-03 -5.8120310307858310E-03 -1.5412663874120607E-03
0
0.0
 -1.1407996218300525E+00 -2.3170985309886123E+00 3.8420614944644871E-01
 8.7808245905953777E-03 -5.8239033154905990E-03 -1.7806532599361981E-03
0
0.0
 -1.1407996218300525E+00 -2.3170985309886123E+00 3.8420614944644871E-01
 8.5263816394472985E-03 -6.0546398028354133E-03 -1.5044668375092383E-03
0
0.0
 -1.1407996218300525E+00 -2.3170985309886123E+00 3.8420614944644871E-01
 9.0173884855205139E-03 -5.7624092011551746E-03 -1.5237079453935657E-03
0
0.0
 -1.1407996218300525E+00 -2.3170985309886123E+00 3.8420614944644871E-01
 8.7940329160396801E-03 -5.8892762512939090E-03 -1.6225386669264643E-03
0
0.0
 -1.1407996218300525E+00 -2.3170985309886123E+00 3.8420614944644871E-01
 8.5061021149354966E-03 -5.9320999531999735E-03 -1.7477913813647061E-03
0
0.0
 -1.1407996218300525E+00 -2.3170985309886123E+00 3.8420614944644871E-01
 8.8905835267460657E-03 -5.8366397904030375E-03 -1.6659913186803819E-03
0
0.0
 -1.1407996218300525E+00 -2.3170985309886123E+00 3.8420614944644871E-01
 8.8597719201133993E-03 -6.0186086978220666E-03 -1.5479956149081881E-03
0
0.0
 -1.1407996218300525E+00 -2.3170985309886123E+00 3.8420614944644871E-01
 8.7711043071425857E-03 -5.9650104052536524E-03 -1.6625970252654840E-03
0
0.0
 -1.1407996218300525E+00 -2.3170985309886123E+00 3.8420614944644871E-01
 8.7985072363624666E-03 -5.8368398817145390E-03 -1.6609534448532145E-03
0
0.0
 -1.1407996218300525E+00 -2.3170985309886123E+00 3.8420614944644871E-01
 8.7944252429488848E-03 -5.9970022948596553E-03 -1.8699721556910574E-03
0
0.0
 -1.1407996218300525E+00 -2.3170985309886123E+00 3.8420614944644871E-01
 8.7722023751199089E-03 -5.9222635485351319E-03 -1.7194397539158337E-03
0
0.0
 -1.1407996218300525E+00 -2.3170985309886123E+00 3.8420614944644871E-01
 8.9557567442201461E-03 -5.9241383906917817E-03 -1.6470566085169662E-03
0
0.0
 -1.1407996218300525E+00 -2.3170985309886123E+00 3.8420614944644871E-01
 8.5833501437373675E-03 -5.8379509494270445E-03 -1.6007523463252619E-03
0
0.0
 -1.1407996218300525E+00 -2.3170985309886123E+00 3.8420614944644871E-01
 8.7813091527705802E-03 -5.8885629668045947E-03 -1.6714857206398858E-03
0
0.0
 -1.1407996218300525E+00 -2.3170985309886123E+00 3.8420614944644871E-01
 8.6794654923616800E-03 -5.7591674347829674E-03 -1.5381987594173298E-03
0
0.0
 -1.1407996218300525E+00 -2.3170985309886123E+00 3.8420614944644871E-01
 8.8267418231450737E-03 -6.0650008110825025E-03 -1.5650935803313770E-03
0
0.0
