         400
  1455210198
           1
  0.23090621726326191      -0.76122246406115246      -0.60598900106463782        7.5889049991605790E-004
  0.83345160794415052      -0.27591322833284354       0.47878001682355809        1.8306253371886582E-004
 -0.37757563735547373        8.0434420381610262E-006  0.92597875048060529        6.8897314622153299E-004
  0.50919064396583025      -0.47637656353888885      -0.71679164079480540        1.7405869244107076E-004
  0.64526322198213315      -0.27077258453561426       0.71436515582501248        6.0506403948615175E-004
 -0.19479641512192056      -0.75311889347991401       0.62838387454763600        2.5912333035146758E-004
   2.6040825519927637E-003 -0.78018908412138110       0.62553834184349055        3.0343145967283523E-004
  0.73202017429320432      -0.38730184501221232       0.56048527776370927        1.5249096887417631E-004
  0.27990030424878271      -0.88790174359697760      -0.36508398512689139        2.0054273997090435E-004
 -0.78137784965954793       0.10998796154991287       0.61428926931568129        1.7392851340158861E-004
  0.76040271553785199       0.37966532033437711       0.52691740913051777        8.3804464207815456E-004
  -2.0856348280843044E-002 -0.68033245601942660       0.73260682704683178        3.6535185392539619E-004
  0.72253411119053157       0.68603472320100745        8.5444772000108568E-002   2.2620643650105653E-004
 -0.50858568157235362      -0.84519859108601136       0.16425573156000048        2.4075437848263242E-004
  -2.5841457000610787E-002  0.98625461192843344      -0.16319947890768657        1.5564740322527380E-004
 -0.73193778759564887      -0.24479243216195290      -0.63588029127705858        1.5666146295587768E-004
  0.90965518284364510      -0.24466447924489398      -0.33565867558877038        2.1619723195853913E-004
 -0.80341012342924323      -0.59484820356885215        2.6225728822082468E-002   1.5390630656282679E-004
  0.75130284421576943      -0.46657807663852813      -0.46674290817801956        1.8986633457695486E-004
  0.19521520185804714      -0.80334544423125620       0.56260743594702922        6.2476733036770273E-004
 -0.70195142133499333       -5.5423181602631114E-002  0.71006511811844941        2.8801844650550192E-004
  0.67161936007030865      -0.70186843539140953       0.23729334786098180        7.2557681796661428E-004
  0.34444472513731905       0.12009268296127795       0.93109375037416453        3.8569866400901142E-004
 -0.54753051176781853       0.35049873831139089       0.75984273097159660        4.2226300277546153E-004
  0.55483102586283195       0.82579868455749617       0.10108941903907466        6.9678620368178836E-004
  0.18663314967572794      -0.33843662785681705       0.92229534892253173        5.7985014140937859E-004
 -0.63394558501464082      -0.69796324734220239      -0.33310703662956281        2.1674326465040598E-004
 -0.35720500059772642      -0.39145046400288147      -0.84803957737813918        7.7213026574271689E-004
  0.48143708545718855       0.57409352306110950      -0.66229521225106125        2.1981240528590293E-004
  0.65433688278091484       -9.4870587572809445E-002  0.75022850943846209        2.3905398144727152E-004
  0.52402823479968219       0.75775580119590658      -0.38884514996099884        5.1000773443085970E-004
  0.22257607980432212        2.6909540218299523E-002  0.97454387175831858        3.3237507379456658E-004
  0.60170355533351350       0.79701316417418100       -5.2180866621610110E-002   1.7928488149112319E-004
  0.83353704478953916      -0.45145242362701155      -0.31844418578135048        2.2123938683358063E-004
 -0.58810029238971739      -0.14772537659841586       0.79518252925186239        2.0338093296312523E-004
  -4.4615870490223482E-002  0.68332030700164759      -0.72875426663313303        3.8251124855492110E-004
 -0.27556963545785884      -0.43033851242560356       0.85957555468293267        2.0135711985167233E-004
 -0.44769021352694255      -0.75975095194531206       0.47154210873070823        1.8058528911815531E-004
 -0.16348594519817486       0.75969483509687674       0.62939343902941147        2.2799678044310544E-004
  0.95891620445747139      -0.13519374569371093      -0.24940400355075606        2.7892766053798623E-004
 -0.44593941753423483      -0.81471790394476351      -0.37063831828476912        1.7429572910055129E-004
  0.67234187405788037      -0.11182530024008308       0.73174552154244066        2.0075757412166205E-004
  0.24384056070652591       -5.4271329388027013E-002 -0.96829561785426288        2.2766127332454308E-004
 -0.38725182686380433      -0.91879794261252268       -7.6461433575159402E-002   1.8570401938996302E-004
  0.61142288383883037       0.42858155592965108      -0.66519163085845578        5.0542366188356387E-004
   7.8817640524490279E-002  0.43672478845666757      -0.89613572503549499        2.4161475178508475E-004
 -0.89481374279227177       -3.3552184842337011E-002  0.44517707066643636        1.4836410403148967E-004
 -0.59742621216005165      -0.38668247449828436      -0.70253724719228072        1.5013436224850936E-004
 -0.46274004723294432      -0.86979568473094837      -0.17125160886336341        4.3062972911708997E-004
 -0.23608736050752580       0.95115274957646623       0.19892514316154880        1.4701740347225419E-004
 -0.86262620475350171       0.40343009156971765       0.30515601248964014        1.5597570112423832E-004
 -0.11114343136251127      -0.22584316889386999       0.96780266118408598        1.4839577574387555E-004
  0.28571058641550090      -0.44714136442848834      -0.84760489265633943        3.7159262526278422E-004
  0.84357352676136699      -0.26300481591619707       0.46820098856619058        6.7114242397612863E-004
  0.30860446069616987       0.94758122171808234        8.2783521433746843E-002   1.8406084127737681E-004
  0.86742821179107921      -0.29496127293648466      -0.40070705059390965        1.7128168380549477E-004
  0.92847213504402970       0.29384490035481442       0.22714459142059457        5.7627886650117892E-004
  0.47856813617366611      -0.20298283989674740       0.85426606368530644        2.4023302916671878E-004
  0.48585178495966674      -0.85216518378488670       0.19432587949158164        3.8160455357406925E-004
 -0.78385292419749164        5.5283117763249609E-002 -0.61848069120868066        8.4336302786902986E-004
 -0.25239528693002211      -0.96683009105726525        3.9194231104366692E-002   1.9276175505467393E-004
  0.15434940581193360       0.23918762547439079       0.95862690229988656        2.4478411907355902E-004
   9.9289467860689040E-002  0.87934544276614091       0.46571793777975629        1.5442011203665312E-004
  0.50436784359105702       0.78498054157088037      -0.35974800030060250        1.9788669166547404E-004
  0.14965970835362191      -0.38783353922933234       0.90949827601273958        2.1207241422108020E-004
 -0.28985983115721603        5.3434071552919328E-002  0.95557630328653920        1.7789732662824888E-004
  0.16869861441578313       0.51284927945365044       0.84174009877203315        2.0398064512100393E-004
 -0.70033497134408784      -0.19023372740388880      -0.68799858719751184        2.2197131321141799E-004
  0.83857627039702853       0.54373174762580412       -3.3847126307869124E-002   1.4707659648578711E-004
 -0.69143019094958436       0.41681139184631133       0.59007843400672744        2.8954455263126885E-004
 -0.21518395223727160       0.62837680171368171      -0.74755498616021265        2.0923833678699450E-004
  0.96574712793798656       0.24867081439279196        7.4130381457049851E-002   4.2869744239742351E-004
  0.40227530515702642       0.85635291563084981       0.32378118158313696        1.5340131726253664E-004
  0.50017547219285718       0.80779037414073218      -0.31192820682118549        2.6389379392807358E-004
 -0.76840269372862302      -0.63651723345532085        6.6355941114486311E-002   2.2342492331430954E-004
  0.92217600796571075       0.37109222952193049      -0.10900445337060018        1.6247111904195649E-004
  0.39053861907152998      -0.54512525484880392      -0.74183424414909760        1.6450242000123392E-004
 -0.62409325246702785      -0.61516417913518240      -0.48174749900015024        1.5931250104932746E-004
  0.16194988202841945       0.63547833956901389       0.75494338751326340        3.8793816146769766E-004
  0.60960310681621088        9.7950146530059387E-002 -0.78663195128052810        1.6753358998845825E-004
  0.76901787628079943       0.57015600508412922      -0.28902187179664990        8.4630281629893280E-004
  0.26169209271702615       0.14117022051079348       0.95477129423060747        2.0815433776699878E-004
  0.50873386297714507       0.85238757914570873       0.12093494837215463        4.2847354745343579E-004
  0.13616660334491529       0.43552547949055015      -0.88981807465768703        2.7608306958215546E-004
   4.6843942826768119E-002 -0.98305546747970041       0.17722186548222854        3.1352660440470039E-004
  0.18728282605036767       0.27498244805807670      -0.94303223335892339        2.8948852109609414E-004
  0.12278836795503267       0.37014582896095388      -0.92082304931804304        1.8888565063523803E-004
 -0.87088116908510915      -0.37419958057673713      -0.31865445958889721        3.0702117676978049E-004
 -0.35800738701846618       0.92406989190229927      -0.13388632803164957        1.8356922314461305E-004
 -0.29887898984854616      -0.78696684761115576       0.53977267160771802        1.4846815202244931E-004
  0.68716797534355512      -0.60269047197587566       0.40566533252745068        2.0750520233878871E-004
   5.4008045182447006E-002  0.68520815655557399       0.72634214109955642        1.7978324580542884E-004
 -0.11713060854283265      -0.98420705257282326       0.13272864257282341        3.3817879195577430E-004
  0.97689257902734261       0.12669237285878565      -0.17213347042102739        2.2315287224443603E-004
 -0.95218741332620072       0.29045932900894927        9.4723347322136164E-002   2.0121179981049260E-004
 -0.13163686362216362       0.19993958135038412      -0.97092528284205781        3.0505439840806118E-004
  0.12026629885024255       0.12606427853661809       0.98470494091366767        4.9891623306192823E-004
  0.57497010794769132      -0.52777896105454891       0.62518695863168594        1.5204171743789691E-004
  0.99251692436478767       -8.1392820533270363E-002   9.1023941309043149E-002   1.4828298265914957E-004
  0.45274975574482135       0.43934196346231136       0.77588420516398393        1.5895178445605158E-004
  0.34042840964224186        3.5979011001813305E-002  0.93958182765329112        7.5424469486579538E-004
 -0.99199347133248295       0.12432691469920071        2.2176018856913105E-002   1.8588051987069559E-004
 -0.89073596891845908      -0.32323578385480128       0.31954352570139660        4.5534085792419700E-004
  -1.1594832936586679E-002  0.99411286891509565       0.10772727968456718        6.1130256854668194E-004
 -0.85553579397398516       0.14888935769554695       0.49587343711320947        1.9088658836216875E-004
  0.23391458382751615       0.83167415014037260       0.50358919029379834        6.3217269415729324E-004
  0.13790687190345630       0.37272821648894888       0.91763575425986710        2.5214132262754615E-004
 -0.19852262088892347       0.51236893391601990       0.83550395049674586        1.7348330477520975E-004
 -0.81043614790468910       0.54673096606384353      -0.21042457269997714        2.9607034562622372E-004
 -0.22930303530729604       0.58180832469400989      -0.78033274390041596        7.1691700572681818E-004
 -0.42125141069385613       0.90460975780096697        6.5026468899278142E-002   4.1017240531993315E-004
 -0.46005475179747929      -0.77930149342869481      -0.42548655322442608        6.3150705991143921E-004
 -0.23599447246866373       0.65352667882597493       0.71917278020145314        2.6255421855960983E-004
  0.98626432348854576       -2.1165164314090046E-002 -0.16381304880430950        7.1093798756538562E-004
 -0.31207558673368035      -0.94850940889128410       -5.4210015888283940E-002   1.9679487571717870E-004
  0.34088740846115895      -0.30453098612963930      -0.88941365063546995        1.7972088893545459E-004
 -0.26363146329517856      -0.81484108290834323      -0.51626781701982005        2.0696271718575185E-004
 -0.90298124000435964       0.40800444651066575      -0.13474885427923164        3.1958607279050530E-004
  0.29722065525269542      -0.87906345730938018       0.37270271800101318        2.7312323858700135E-004
 -0.78014017626196042      -0.51982778345957026       0.34808099344737975        1.7618351538919682E-004
 -0.56487872213826906       0.82268014299345238        6.4104645572565996E-002   1.7773674788584205E-004
 -0.70579856077428693      -0.53173600961408884      -0.46808675084237039        2.9241770324722879E-004
  0.36651652012405683      -0.73421991402010078      -0.57147769528394388        1.7000697677868390E-004
 -0.83456602790342915       0.54584694797982936        7.4502668562940508E-002   1.7498029007910679E-004
 -0.76344039653517592       0.36208882861782565       0.53483683946020344        1.6264502495587645E-004
  0.33836883669921619      -0.93362352808627413       0.11770151945092318        7.5694542015451120E-004
 -0.44276509894114474      -0.32219754907185416       0.83674835644756795        1.8290861475421096E-004
  0.21849668486352486       0.38516224684363065      -0.89660986278557842        2.3080053626752821E-004
 -0.10635059377189580       0.83808743725212687      -0.53506916178607855        1.4731632633834178E-004
  -9.2912079434611869E-002  0.86621089986008371       0.49096438396406050        2.2597122025656325E-004
  0.97781381964338954       0.20706604035848741       -3.1682742956184312E-002   2.0759985701513707E-004
  0.86675634039824945       -8.2103349494169059E-002 -0.49192731692183689        2.1046791268627770E-004
  0.63769911166710036       0.57073785888490880       0.51729889044238153        3.3406242284257117E-004
  0.83125983719715058       0.38458229367982760       0.40137705978891225        8.1497879169841955E-004
 -0.59347119696386463      -0.23597191088750424       0.76948631795956213        1.5386217701444165E-004
   3.6017454763597904E-002  0.99257836768431928       0.11615041533043667        1.8464953150423299E-004
  0.75238590589677479      -0.33129734571896874      -0.56934832978100913        3.7791027939668593E-004
  0.27224100986131367      -0.95243600589381361      -0.13693239340183047        2.3992731466890996E-004
 -0.22450401530807435       0.97302640328083501       -5.3080777675092054E-002   3.3363676148145016E-004
   1.5607214499272725E-002  0.61043261333264720      -0.79191441890308489        2.2080619674603622E-004
 -0.55529995984085645      -0.82301088910717257       0.11956183725953469        3.1120635297106109E-004
 -0.66287326747413267       0.33060602686846241       0.67178767713571286        2.3421530804845796E-004
  0.43563278603441952       0.36616467068304565       0.82228189600180135        2.2331614867657459E-004
  0.13460718711269667       0.80048909556661063       0.58403604603650450        1.8411551387880916E-004
  0.76893922979228335      -0.63916204974740043        1.4294664377288021E-002   2.9695396951787904E-004
  -5.5589338154763843E-002 -0.83334159040797728       0.54995602531253229        4.9217675537425499E-004
  0.99212039719387424       -4.2149393577204104E-002  0.11798537210594702        4.5055838851263492E-004
   1.8018917280608431E-002 -0.91142913353145327      -0.41106233956089799        2.0972738404519578E-004
  0.42775809025018457      -0.51373331027835423      -0.74370767017678807        3.7691477661181739E-004
  0.62763971724323575       -6.3912209869598446E-002 -0.77587603404553274        2.4031218024022694E-004
  0.64422208898842048       -3.3280974816302569E-003 -0.76483124095210819        4.0427508034073900E-004
  0.71357335069012429       0.53834601294281292      -0.44832648509290496        1.6202490405482656E-004
  0.29729952783697611      -0.57354626136394848       0.76332016764742872        6.7921016053953379E-004
 -0.36478358735239197       0.31629684732019175       0.87572212227440938        2.5173895377202630E-004
 -0.69958400378320440       -8.1876388026804442E-002  0.70984398842615948        3.1602736782244511E-004
 -0.70999508668290690       0.69069671809151023      -0.13727717896647057        5.1293267751253134E-004
 -0.50846735164794898      -0.12973769555443176      -0.85125148522188065        6.5046620860836695E-004
  0.18996770248543340       -8.2158033081013798E-002  0.97834672862848038        3.1171757207269741E-004
 -0.96646884100870101       0.10173589512661846       0.23577063780794297        1.5392290702277857E-004
   2.6890301185831585E-002   7.4470411850689019E-002  0.99686060418667033        1.5551745203526063E-004
  0.62088356629057828      -0.34405117322008555       0.70436665718082891        2.0349970924507196E-004
 -0.91701878458420938      -0.37358306323026885       0.13968624486701020        2.1481093060246757E-004
 -0.64306662375647283       0.55945914836238375       0.52294433249668670        2.0013801248923061E-004
 -0.37921973045934099      -0.92524105445365634        1.1017541693930008E-002   1.6570816197941361E-004
 -0.98436945199900772        4.1528029709448265E-002 -0.17114967022154401        5.7500092357045697E-004
 -0.39938865821277475      -0.42888836579432327      -0.81027369689424433        3.7641447342742757E-004
  -8.0791100456970619E-002 -0.87038005174950817      -0.48570708400995061        1.5644732407867412E-004
 -0.51371889084146760       0.29498781196620100      -0.80565196859910870        1.4631401850508473E-004
   6.2978363926579531E-002  0.98645467343580961       0.15146256303466119        3.9062202159826699E-004
  0.55974166964676786      -0.65347702407490604       0.50956554144522426        1.8522136897169880E-004
  0.39833559984404104       0.75026549937543097      -0.52766507156699727        8.5545907774023041E-004
   1.7795387660993117E-002  -7.1248154002397007E-002  0.99729986317355679        2.1314472852263492E-004
  0.85339873325579718       -3.7728832157476427E-003  0.52124502068601797        7.9552991942937335E-004
  0.85072823214982174       0.28549684521409041      -0.44130831382224434        2.9449952481920186E-004
  0.21894098611673718       -8.1952353509619130E-002  0.97229042012009692        3.0832958588270030E-004
 -0.86830374815625722       -4.1220190938906463E-002 -0.49431719196434903        6.4290005267005068E-004
  0.65648975869599269      -0.65185909088818483      -0.37960626836511907        5.6229514199182215E-004
  0.95197938481090005       0.14053726433776628       0.27200097796917233        1.7630178960725520E-004
 -0.58720565126815771       0.75348386410673085      -0.29572215341633634        7.6574218004263729E-004
   4.7548141063365008E-003 -0.61050469615543723       0.79199836158762427        2.0918918402024531E-004
  0.11176621116656958      -0.77921029627249849       0.61671681197749706        1.6232151661621982E-004
   5.6229916430757372E-002 -0.89012259448265008       0.45223883268842263        2.8912828947993036E-004
 -0.42414272979624884       0.89768134500820107       0.11946190274384585        1.5155000951896889E-004
 -0.97481205622881062       0.21007149292766658       -7.4909383198366375E-002   1.6672398175294505E-004
 -0.27913871555840980      -0.86502309531545274       0.41691320370914581        5.2638349522513028E-004
 -0.98827534434281816       0.13338946295616694       -7.4290626871089685E-002   5.9641382856538488E-004
   1.7763802677498223E-002  0.46167895485075244      -0.88686921196172885        2.2122044943979528E-004
  0.90019989202583195      -0.13236132285265209      -0.41487422686648817        1.5146815164718885E-004
 -0.59398266513241482      -0.63821296792616800      -0.48976402411342546        4.9925766180995246E-004
 -0.36516806528827739       0.77945829817793666       0.50901576065804643        3.2822837978430813E-004
  0.24093467862995230      -0.58175660940613738       0.77685888209865783        2.2425188532542177E-004
  0.73546010598545519      -0.15240651298810498      -0.66020503209518799        3.3464738141172792E-004
 -0.97860373525620536       -3.7218547580739496E-002 -0.20235986473219431        6.9288810849260369E-004
  0.42271253521907731       0.54947240197132163      -0.72069007548213304        2.1536624169136192E-004
 -0.59863074862906007       0.71556749789576202       0.36000607602097179        2.4839579525725496E-004
  0.54759808350077732      -0.46458876486942297      -0.69591208156289097        4.2256904820858282E-004
  0.20599381575670450      -0.26655691171775192      -0.94154870650565747        1.7255636656685641E-004
  0.95999028413912446      -0.26048923979751720       0.10278136332257171        1.8130025178075306E-004
  0.11515682604471146      -0.60094333814065259       0.79095260223445263        4.5062826451708251E-004
  0.75354948113089137        5.9705913572062383E-002 -0.65467425989427919        3.9160351958998760E-004
  0.96050740159625891        1.6159463985413253E-002  0.27778481875957028        5.9716984393549401E-004
  0.29468211415833478      -0.89320639816938174       0.33962446415452374        1.8136225522325449E-004
  0.59317115635513662      -0.63293652006728596      -0.49753325368678158        1.7018195503830957E-004
 -0.43466108261000058       0.33944800526338487      -0.83417312353287032        7.9142810797019089E-004
 -0.20258547747578901        9.5801661855070816E-002 -0.97456716519758002        7.0802811886479992E-004
  -5.8806593614440586E-002   9.5839767586293367E-002 -0.99365815605945162        2.4877968364822990E-004
  0.91127175822965734      -0.41076991309019711        2.9186626979477971E-002   2.7169856936905121E-004
  0.79511973191853702       0.32902366447362391      -0.50943894317469873        1.8904685905631516E-004
  0.45831504492727515       0.88819084252804681       -3.2624308923768559E-002   1.8530225042576333E-004
 -0.18258504933724232       0.32463513827774926      -0.92804888065603497        1.9621659704952284E-004
 -0.38637461753981983      -0.11497293481129084       0.91514800534081120        2.8881128221794360E-004
  0.60804421181439339      -0.77017162572450271      -0.19266007125755347        3.3995182965644198E-004
 -0.36083580402937521       0.89622444544959456       0.25802956806880384        5.5240725962225467E-004
  0.35877035361548287       0.90184070681481987       0.24076370318602158        3.3320551065198407E-004
  0.53005235169625564       0.51671182137797822      -0.67234917172059616        5.9747755193892947E-004
  0.24994302966959075      -0.71442397366940447      -0.65354943827349554        2.1347954802973911E-004
  0.17325751963855487       0.49768152577417818      -0.84987936110313700        1.9028451094447299E-004
  0.98239994966630695       0.18675368682426513       -3.6597949325016602E-003   1.9416119524415509E-004
 -0.55553609943434401      -0.54090895468595024      -0.63150387290240440        1.8652803940059838E-004
 -0.87383877291933953      -0.46120146238174753       0.15394481176553837        2.7989578835978257E-004
  0.39231419332529449      -0.74447636898234404       0.54022635286576959        7.5221391907947415E-004
  0.18374103587924337       0.97929070067403268       -8.5023259839932003E-002   1.4832359910672637E-004
  0.95628228865882647       0.15558305092996266      -0.24762492465099875        3.4116943301107871E-004
  0.17639850886868544      -0.88158068937712819       0.43783449800991814        2.0816144866477710E-004
 -0.63712280931638032      -0.16457971827527251      -0.75298607947053942        2.1997869391811751E-004
  0.43736342173757425      -0.81887514924470395      -0.37169438810406757        3.9100512682791513E-004
  0.96729012146417015      -0.21956855807915168      -0.12704123758461919        2.8496309756618468E-004
  0.41178562363463594       0.90542551691709894      -0.10313698125345183        1.5558500281450597E-004
  0.75524564178317943      -0.64673483536325793       0.10648042423819491        7.0120325765052750E-004
 -0.28421792128552720       -1.1361271825314267E-002  0.95869238467716933        1.6043377006423831E-004
  0.38324032322734475       0.78129742061425633       0.49264713207413041        1.4703982331528049E-004
  -2.9645445268734166E-002  0.97061380647117423      -0.23880950486411995        3.0175950446740824E-004
 -0.47408920661021109      -0.25596576413059363       0.84244938037494477        3.4692052737775553E-004
  0.82650609277623266      -0.50763678264918599       0.24329524634492813        3.6613589934003768E-004
 -0.60993836939577506      -0.17937701515620963       0.77188022471603746        2.3024752018779317E-004
 -0.43894508538602794      -0.77344371489094299      -0.45728770257018642        2.5160276705688233E-004
  0.62174562607967854      -0.61873752555824102      -0.48020438270724608        1.5759879016723704E-004
 -0.37832658990039719       0.47025366150413767       0.79732708552621911        7.1851667487458622E-004
 -0.49725441191090064      -0.47893723417175105       0.72343429967084938        5.1305064537563100E-004
 -0.16233238728010191       -2.2963686602893066E-002 -0.98646888219875972        1.4661211684689925E-004
   6.1014270983184377E-002  0.54009352062205862       0.83939040129975662        1.6593454996079678E-004
  0.41003791885556806       0.19708399061167622      -0.89052052912609192        5.9288116726598824E-004
 -0.78246854027384372      -0.59155031934560098       0.19445101936479231        3.9027805304047412E-004
 -0.87520040988808068       0.45232800804384538       0.17153312622749950        5.1342227160523757E-004
  0.74320849785471710      -0.46830552995586106      -0.47783999263139371        1.9919682021866023E-004
  0.33340494514373231       0.65229906706257046      -0.68069601603722940        8.5698813187680531E-004
 -0.61233378420382112      -0.52179260948221140       0.59395269117709948        2.4607560550760700E-004
  0.68606637265252834      -0.47115120564384322      -0.55437304261899067        3.6412387354190705E-004
 -0.39665443653287452       0.84318185457901418       0.36291821547274122        1.9646202583505293E-004
  -2.6916720649455755E-002 -0.94271013003786841       0.33252535032934022        1.5015459415616350E-004
  0.77675885172379155       0.59097647525912123      -0.21769816093746866        1.4915468760833158E-004
 -0.41587150337672713      -0.78573059743616458      -0.45790645711949812        1.5210708065571067E-004
  0.46499624432948827       0.20563208320959367       0.86110042008043997        3.5581558846461720E-004
  0.64593088644919749       0.61693248273291834      -0.44963051644241220        5.6270210881130057E-004
  0.86430490714378472       0.29693549842690631       0.40596348141599370        8.7113834448501542E-004
 -0.58340724275956768       0.65265244758577123      -0.48340538038844227        4.0359229311883555E-004
   9.7006844509785681E-002  0.95923622491340876       0.26543462464036094        2.2341442088049524E-004
   1.4810944576558124E-003 -0.93322079272710090       0.35930037386832414        1.8120303408071192E-004
 -0.27268883393872340      -0.47675142888057942       0.83567270355031542        3.2681994009687042E-004
 -0.43674134178817969       0.89400770944028496      -0.10003608541028040        6.7161311131249486E-004
 -0.63819233098786066      -0.75215317366798062      -0.16424415441914722        1.5345875235660541E-004
  0.86286794855156268      -0.50181195943837598       -6.0362671125041449E-002   4.1258709040737490E-004
  0.69622178774469679      -0.47532733671361221       0.53790253576179614        6.3901933341890371E-004
 -0.14105737064508397      -0.92237979912893220       0.35960857994490780        2.5958847262415958E-004
  0.82934627503507774      -0.16443125662301988      -0.53399169001504243        2.7434381866276472E-004
 -0.11907271184679191       0.94646571670013391       0.30004054453723533        3.5470987098655939E-004
 -0.13189710136095650      -0.85192359763055825      -0.50678331822074141        2.3579426111235564E-004
  0.68581684072803351      -0.52963281277443752       0.49914361211133640        1.5338981418763447E-004
  0.20321550094652441       0.26979963287488912       0.94122877807895566        2.9345883230720820E-004
  0.89334984388795546      -0.44272820665418045        7.6927139488564333E-002   3.4218998449034684E-004
  0.29303399404138819      -0.86043279485015556       0.41687705232022543        4.3279128560251117E-004
  0.77067830329586995      -0.62836330557911912       0.10589858156213192        1.8222981668741312E-004
  0.20783370524274616      -0.37891657162303122      -0.90179121317545385        2.3064973584202743E-004
  0.44996854853595258       0.75558286604180991       0.47604918919096945        8.2653906276698545E-004
 -0.37658097883148234      -0.61548251567563972      -0.69236409492504281        2.1971211300537204E-004
 -0.24856675109205759      -0.63255101084863397       0.73354876219125353        1.5796301723665815E-004
 -0.11484336238382614       0.64368164343246737      -0.75662734725058045        6.9927346957035085E-004
  -4.3210756360650915E-002  0.68650437549870069       0.72584059652427269        5.0364219559483937E-004
 -0.80340335678101227       0.42131997065925014       0.42075232692720332        1.7463754339725750E-004
  0.56663870426089880       0.75994761199914784      -0.31843397724822992        2.0785045452979597E-004
 -0.41377893641495395      -0.68923182898132151       0.59476590328299039        1.4978029747851851E-004
 -0.92056903252533417       0.21376193156724183       0.32689216294776574        2.4221710903975515E-004
 -0.66660222437141847      -0.63530630469301053       0.38990686817180564        1.7344886546366187E-004
  0.38116534322182294       0.43179149916560250       0.81747727044054097        1.8427701774822330E-004
 -0.58061973226324026      -0.77914843400183065      -0.23623809542139423        3.2079213652143367E-004
 -0.71862657720946344      -0.33882320160932611      -0.60726821232478367        2.8312879325494047E-004
 -0.62381252953825239      -0.77304490109632873       0.11514991883313408        1.5261972736956274E-004
  0.18762857508639583       0.93214174612092582       0.30968901162679829        3.0349417372213327E-004
  0.37781351355781306      -0.78089420391717568      -0.49745471339869318        5.9323749416646246E-004
  0.84975067563649309       0.13328287233718222      -0.51005829750892318        1.5970230596082350E-004
  -7.0846573027151583E-002 -0.53852421537856421      -0.83962636779833610        2.7688418556946846E-004
  0.61929911086162015      -0.62715800839177782      -0.47237849420632788        2.5131693779895938E-004
   6.8259315649643812E-002 -0.39056505002935354       0.91804118114154454        1.7034129688900252E-004
 -0.40229634116746682      -0.90429814999081515       0.14283736925841389        1.7268024330103620E-004
  0.87641949976702793      -0.36216882951529694       0.31736825548109227        1.6986561158302936E-004
 -0.86927591416973515       0.11180636952279426      -0.48151710198997483        2.1029007138666833E-004
 -0.78136606439336875      -0.59644372104358445      -0.18363538531750281        2.7405370280583562E-004
 -0.48078670356989134      -0.83521661137771119      -0.26694074170279281        3.8342682864738977E-004
  0.72195318198510439      -0.50806113330468061      -0.46974193745620729        1.8299830066898526E-004
 -0.10660237878468758      -0.70255547273430363      -0.70359913319240852        2.7579279850287338E-004
 -0.77262110846613818      -0.58857829445094112      -0.23797522673181956        1.6293411474922279E-004
  0.89832796279899141      -0.23369172367557792       0.37201484714909488        3.2557422984121672E-004
 -0.52705680706438984       0.31687127017025091      -0.78854532651177223        1.4684361138187770E-004
 -0.94152200524461105       0.26723233685561926       0.20523935240100008        1.7726289676345288E-004
 -0.28403810005496355       0.51143187484797470       0.81102391556554876        2.5709853526178627E-004
  0.49904790266401416      -0.82912748524630908      -0.25198967567712743        6.0022639135972537E-004
 -0.50927762439738222       0.78229787621212477      -0.35867302440886378        4.8371627585766367E-004
 -0.98168439297203913       0.15500161907316359       0.11077112908996534        7.0983275634119570E-004
 -0.81455487579053387        4.9140466946029091E-003  0.58006568638587674        1.6330255273823256E-004
  0.60775700695850532      -0.74889162214625893       0.26418318233344468        1.7890606525510614E-004
  0.80340544751210785       0.57764504107359282       0.14445031179752810        2.5947215540709411E-004
  0.55282402450248325       0.82558664156470873       0.11310301943263933        1.5461662033514406E-004
 -0.69530771892588195       0.30890450435174249       0.64894158903493693        3.8837717950561889E-004
 -0.54597864717220157       0.54574838362219569      -0.63566187676102048        2.2714271906976733E-004
  0.98766419114358461       -1.3167634709128979E-002  0.15603221979785570        4.7483859361905175E-004
 -0.61359289503656200       0.44608191159828159       0.65154791865883255        6.3237761503598172E-004
  0.59127430772027945       0.35560530382145639       0.72383669300293241        2.2069649353773245E-004
 -0.51822891801386350      -0.62529936601434011       0.58347193162659061        1.5691960349876747E-004
  0.15150847861005146       0.71429026552771435      -0.68325294960483118        2.0845521486495040E-004
  0.63476427103280708       0.70014184903264076       0.32691849659277683        4.4563788259011615E-004
 -0.14874517648581570      -0.68172606040240824       0.71632705679832054        2.5068938098140486E-004
  0.54607350021595213       0.47544510158421477       0.68975045878634611        3.2888451460419367E-004
 -0.62504563340789565       0.58699266881933798       0.51454596860293478        1.5901548156873124E-004
 -0.35078864152260059      -0.59925727346987878      -0.71960965088815954        2.8419374265696709E-004
 -0.16483555970830205       0.98557417017527127        3.8376981113848199E-002   3.5011355763933395E-004
   8.2029305740375189E-002  0.74454190764444006      -0.66251682054497785        3.5258092597754010E-004
 -0.97365382282934032        9.9903928890014926E-002  0.20498153682167103        1.5853361956523251E-004
 -0.28467803454196994      -0.94045132586300195      -0.18576790117586167        3.5002180270500387E-004
  0.87540120039045188      -0.26097375834243453      -0.40689733251876997        2.5233206378046840E-004
 -0.23174759394691172      -0.91809663974875455      -0.32154564919554390        3.5531047028305004E-004
 -0.14419733783807323       0.82904631739175816      -0.54026783577165161        2.0236084063496689E-004
  0.61869700987174348      -0.78381925123608698        5.3304665852063289E-002   1.8471150174264111E-004
  0.99863853771203825       -4.8857642918530710E-002   1.8275467867023193E-002   3.4698521476481109E-004
 -0.10185643952453187       0.83549723183229829      -0.53997189051750516        4.0996490151409582E-004
  0.13461669788038264       0.94447393464762208       0.29974545482445175        1.7211184458328348E-004
  0.46965467609780470        7.0068780912455400E-002 -0.88006525665305113        3.4824374262856469E-004
 -0.35155826451148442      -0.85221460875950295      -0.38747521415663916        2.5783969490614212E-004
 -0.18413240859207963       0.81860946856041772      -0.54403473486047493        3.4379838756319679E-004
 -0.18334660531861510      -0.12304846227042597       0.97531691801098075        5.4440193543215255E-004
  0.13593741464375261      -0.98819265154997826        7.0684593938565077E-002   2.5004282849152301E-004
   8.4025213668415588E-002 -0.96404261289634219      -0.25211428008133263        1.7756108754983881E-004
   2.3739248982986502E-002 -0.68671207802735168       0.72654178892274801        1.8031666045452980E-004
  0.11539498951431926       0.96257240684921674      -0.24523123076625022        2.7965547478201770E-004
 -0.43377777306840343       0.88977250287342435      -0.14192159577603292        2.1867472773379938E-004
  0.40161401082826487      -0.91382684707946504       -6.0221837870726790E-002   1.7543407235471361E-004
   6.4625668675685963E-002  0.89163240290821710       0.44812407665125470        1.5369671752618410E-004
  -7.3312905665686129E-002 -0.98282134326608417       0.16937363149478504        2.3124102434271960E-004
 -0.52721093565643373      -0.26675505233813035       0.80677777838134779        5.7381137726010805E-004
 -0.56407275767386567      -0.30208485280121378      -0.76848335532546108        2.0885829025193994E-004
 -0.58162622502897576       -3.8226820030706876E-002 -0.81255746974285936        2.3682240517870374E-004
  0.55537265071984410      -0.24878459836386937       0.79351587700169690        4.9537974984660712E-004
  -4.4903591453029877E-002 -0.99890879718015491        1.2840806336270454E-002   2.1263246549584327E-004
  0.61039622279060024      -0.12867088863531320      -0.78157549728814191        1.9777877251041324E-004
 -0.20199111041239104      -0.71974145736474548       0.66420766745993998        3.4879144878198129E-004
   2.4491299758660302E-002  0.77806154737104316      -0.62771044662564124        7.5873629341758654E-004
  -9.3937065082352663E-003 -0.15016533949148386      -0.98861626923715218        3.6492235817138882E-004
  0.11507205629222859      -0.89789193101982612       0.42490998387182122        2.8617994964676261E-004
  0.13878611554591927      -0.76817196680608435      -0.62502020484979937        2.4307647749027716E-004
 -0.71970545005526954      -0.43537245081021991      -0.54080948072720669        2.9417071037866644E-004
 -0.58129982195825181      -0.44785326710364859      -0.67935113357624211        2.2832299786284001E-004
  0.39302549433135009      -0.85541195700937789      -0.33734455988314177        1.5350449260067021E-004
 -0.23817996508485548      -0.69348989860611032       0.67995740159180107        2.2963780304368093E-004
 -0.35465826023156238       0.44605930023574020      -0.82173512970452534        1.6086306996219551E-004
 -0.83839863855691965      -0.45194504450422074       0.30468573933700605        2.3272820083506169E-004
 -0.62181263988421465       -2.2296064770145063E-002  0.78284859697472942        2.6215627631839583E-004
 -0.73444076433076011      -0.40981938980070803       0.54096657927787395        4.6729924136973508E-004
 -0.74505946744489759       0.64848518239747477       0.15605565472813343        2.4483990569601965E-004
 -0.89276422104764608      -0.40636286371534602       0.19452832922044255        1.7881474638404556E-004
 -0.81714545225205526       0.41024622941769934      -0.40493374919288405        1.6604102863166243E-004
  0.22195187645432962      -0.96704730557574969       0.12472719498317339        3.0315601499112055E-004
  -8.4716800347528196E-002  0.64752748477815736      -0.75731843861140102        3.5927653520116096E-004
  0.41879942493732142       0.73215065939928814       0.53718009265926303        2.2869411580064931E-004
 -0.28329529104659473      -0.86986301920007958      -0.40383425353114294        1.9700345872921830E-004
 -0.41650049415943891      -0.15528366043990130       0.89577582178099491        7.1825296885432723E-004
 -0.19093044277352994       0.96609116848902377      -0.17382004878479018        2.2193045135068993E-004
 -0.29077374420211399       0.93103522366862523      -0.22050860407403583        1.7248208238743081E-004
  0.59087767123173685        8.0993238313798982E-002  0.80268528070931833        1.6147258850852876E-004
  0.94388828397383751      -0.11381327059709856      -0.31003459894151941        4.7005040941358015E-004
 -0.91345054124838798       -3.2482129227400520E-002 -0.40565134395702296        2.7627749048177852E-004
  0.69237054712880641      -0.47871863456043284      -0.53986247802836429        1.9522515279338725E-004
 -0.26675417326167111       0.80064363962431417       0.53648109908857577        1.5357874533817358E-004
  0.71743432067610347      -0.61135599668373430       0.33396384680964769        1.9124596656427712E-004
  0.30829766472335696       0.82054924939888985       0.48130185857679691        3.9839964937489123E-004
 -0.44357225998873590       0.73491420020060205      -0.51297638193444262        2.8580606196993515E-004
 -0.85801571792333298      -0.47582305625842219       0.19339451999462653        2.0424663780214492E-004
  0.71150399074028603        3.0830764502907091E-002 -0.70200536393156687        1.5881068536387021E-004
 -0.91397573069826143      -0.40553796630313865       -1.3686838931214281E-002   1.6778292836365421E-004
  0.61416604478270242       0.75084953745508232       0.24295071907041596        7.3475470097728816E-004
  0.70070144481361329       0.64707856708668088       0.30051093098925952        3.4432888400809305E-004
 -0.41059853757849885      -0.91051240914300624        4.8744082483652640E-002   1.6370952426543388E-004
  0.31127040374103093      -0.35812478515087831       0.88025982873069497        1.7489311252976019E-004
 -0.96262695592817005       0.12227684601454049      -0.24165620583154407        2.0702823261628696E-004
 -0.36131466152565228      -0.60566846721187761       0.70895516498446931        1.7680284549564498E-004
  0.63718378804757936       0.41038569547628762       0.65236524229899218        2.2034887351244070E-004
 -0.60096100585376333       0.52156168040994511      -0.60565607452954473        1.6446721044467434E-004
 -0.97493479416189643       -3.6524151150200170E-002 -0.21947238044359207        2.3864723745987187E-004
  -4.4120070673582458E-002  0.91438176538469895       0.40244180611622105        7.0631122978936348E-004
  0.71784013999999996       0.51291346999999998       0.47077096000000002        1.4751134509113662E-004
 -0.27125336383060294       0.96170876079164180        3.9215648656927310E-002   1.9437572299815984E-004
 -0.71592851964644655       0.62496687411923835       0.31122782564043150        2.0850405190675841E-004
