400
-1
1
  0.23090622  -0.76122248  -0.60598898  7.58890501e-04
  0.83361724  -0.27596435   0.47846209  1.83052118e-04
 -0.37758432   0.00000929   0.92597521  6.88974827e-04
  0.50991135  -0.47713254  -0.71577577  1.74079752e-04
  0.64585714  -0.27095958   0.71375728  6.05223953e-04
 -0.19488691  -0.75352037   0.62787431  2.59185597e-04
  0.00261338  -0.78077468   0.62480723  3.03470265e-04
  0.73211999  -0.38734756   0.56032329  1.52489879e-04
  0.27991287  -0.88795562  -0.36494329  2.00538599e-04
 -0.78406232   0.11038932   0.61078677  1.73982665e-04
  0.76042143   0.37967548   0.52688308  8.38041068e-04
 -0.02085459  -0.68058186   0.73237519  3.65369832e-04
  0.72254227   0.68603896   0.08534170  2.26267240e-04
 -0.50860545  -0.84523084   0.16402842  2.40817982e-04
 -0.02584577   0.98637828  -0.16244967  1.55738470e-04
 -0.73482809  -0.24576530  -0.63216066  1.56690483e-04
  0.90966313  -0.24466700  -0.33563530  2.16196548e-04
 -0.80341448  -0.59484983   0.02605482  1.53878276e-04
  0.75079184  -0.46625017  -0.46789144  1.90046965e-04
  0.19522150  -0.80336742   0.56257387  6.24769358e-04
 -0.70196441  -0.05542392   0.71005222  2.87993125e-04
  0.67162996  -0.70187755   0.23723638  7.25548195e-04
  0.34607512   0.12075488   0.93040328  3.86352280e-04
 -0.54753590   0.35050255   0.75983709  4.22262250e-04
  0.55483153   0.82579903   0.10108383  6.96776939e-04
  0.18664305  -0.33845471   0.92228671  5.79843047e-04
 -0.63395295  -0.69797115  -0.33307646  2.16746049e-04
 -0.35721520  -0.39146145  -0.84803021  7.72129507e-04
  0.48216411   0.57497742  -0.66099828  2.19846420e-04
  0.65564323  -0.09499628   0.74907120  2.39105560e-04
  0.52403433   0.75776483  -0.38881934  5.09998995e-04
  0.22275527   0.02693123   0.97450233  3.32443444e-04
  0.60170863   0.79701469  -0.05209898  1.79341981e-04
  0.83370631  -0.45154490  -0.31786945  2.21238515e-04
 -0.58914801  -0.14798574   0.79435813  2.03370184e-04
 -0.04466226   0.68371750  -0.72837879  3.82370979e-04
 -0.27610427  -0.43121082   0.85896662  2.01448400e-04
 -0.44880886  -0.76170710   0.46730386  1.80503850e-04
 -0.16349368   0.75975911   0.62931384  2.27999683e-04
  0.95898278  -0.13520346  -0.24914262  2.79207221e-04
 -0.44600653  -0.81482276  -0.37032693  1.74290560e-04
  0.67584128  -0.11224924   0.72844950  2.01332518e-04
  0.24385357  -0.05427582  -0.96829209  2.27670646e-04
 -0.38725582  -0.91878739  -0.07656794  1.85707518e-04
  0.61183162   0.42886139  -0.66463522  5.05524296e-04
  0.07883609   0.43687283  -0.89606194  2.41612203e-04
 -0.89523276  -0.03356692   0.44433273  1.48311727e-04
 -0.59751201  -0.38673947  -0.70243290  1.50143718e-04
 -0.46274286  -0.86979810  -0.17123174  4.30638815e-04
 -0.23608791   0.95115619   0.19890804  1.47166538e-04
 -0.86287187   0.40354940   0.30430251  1.56007507e-04
 -0.11115982  -0.22588130   0.96779188  1.48381457e-04
  0.28575315  -0.44721605  -0.84755114  3.71583574e-04
  0.84361404  -0.26301460   0.46812249  6.71127981e-04
  0.30862526   0.94759167   0.08258615  1.83718844e-04
  0.86832379  -0.29527337  -0.39853159  1.71165161e-04
  0.92851493   0.29385960   0.22695056  5.76532988e-04
  0.47858953  -0.20299146   0.85425203  2.40227171e-04
  0.48585246  -0.85216611   0.19432013  3.81605824e-04
 -0.78398892   0.05528170  -0.61830842  8.43358420e-04
 -0.25240408  -0.96683893   0.03891860  1.92849756e-04
  0.15440138   0.23926329   0.95859965  2.44744176e-04
  0.09929406   0.87936751   0.46567529  1.54420247e-04
  0.50437258   0.78498786  -0.35972539  1.97943505e-04
  0.14975623  -0.38805155   0.90938939  2.12100052e-04
 -0.29005334   0.05348115   0.95551495  1.77835289e-04
  0.17002079   0.51617701   0.83943685  2.04059005e-04
 -0.70098342  -0.19045099  -0.68727772  2.21985531e-04
  0.83858309   0.54373362  -0.03364750  1.46907695e-04
 -0.69147183   0.41684031   0.59000921  2.89546322e-04
 -0.21523966   0.62854626  -0.74739647  2.09211604e-04
  0.96574853   0.24867710   0.07409102  4.28587357e-04
  0.40268911   0.85710871   0.32125711  1.53076185e-04
  0.50044307   0.80822870  -0.31035963  2.63632010e-04
 -0.76840636  -0.63652055   0.06628163  2.23645962e-04
  0.92217692   0.37109259  -0.10899551  1.62466338e-04
  0.39037936  -0.54488853  -0.74209194  1.64416085e-04
 -0.62460844  -0.61567271  -0.48042837  1.59358999e-04
  0.16203864   0.63576732   0.75468099  3.87974287e-04
  0.60975430   0.09797263  -0.78651196  1.67451944e-04
  0.76904905   0.57017852  -0.28889448  8.46241191e-04
  0.26189848   0.14128414   0.95469785  2.08229020e-04
  0.50873966   0.85239141   0.12088355  4.28508353e-04
  0.13632969   0.43611975  -0.88950198  2.75908940e-04
  0.04684862  -0.98309563   0.17699770  3.13921856e-04
  0.18761510   0.27550727  -0.94281298  2.89446633e-04
  0.12293205   0.37065641  -0.92059847  1.88756377e-04
 -0.87090039  -0.37420780  -0.31859227  3.07130274e-04
 -0.35803245   0.92411318  -0.13352003  1.83411054e-04
 -0.29905891  -0.78744732   0.53897170  1.48458482e-04
  0.68770446  -0.60302086   0.40426280  2.07417881e-04
  0.05401274   0.68523999   0.72631176  1.79785086e-04
 -0.11712949  -0.98420040   0.13277895  3.38405615e-04
  0.97696950   0.12670455  -0.17168737  2.23157933e-04
 -0.95228954   0.29047483   0.09364299  2.00582594e-04
 -0.13164231   0.19994543  -0.97092334  3.05040509e-04
  0.12045468   0.12626162   0.98465663  4.99071751e-04
  0.57489276  -0.52771834   0.62530925  1.51892030e-04
  0.99250423  -0.08139745   0.09115812  1.49099166e-04
  0.45273864   0.43933114   0.77589682  1.58933134e-04
  0.34044823   0.03598126   0.93957456  7.54218861e-04
 -0.99199403   0.12432629   0.02215452  1.85876519e-04
 -0.89074598  -0.32323939   0.31951197  4.55345446e-04
 -0.01159319   0.99411530   0.10770502  6.11286713e-04
 -0.85716869   0.14928722   0.49292511  1.90800276e-04
  0.23399177   0.83189139   0.50319436  6.32142701e-04
  0.13807045   0.37310180   0.91745932  2.51822867e-04
 -0.19900708   0.51394887   0.83441761  1.73588315e-04
 -0.81044476   0.54673503  -0.21038084  2.96106674e-04
 -0.22931299   0.58183351  -0.78031104  7.16923762e-04
 -0.42124823   0.90461492   0.06497524  4.10323703e-04
 -0.46010835  -0.77938279  -0.42527964  6.31496973e-04
 -0.23600714   0.65356239   0.71913617  2.62558312e-04
  0.98626530  -0.02116516  -0.16380717  7.10936144e-04
 -0.31208674  -0.94850842  -0.05416309  1.96700908e-04
  0.34152652  -0.30522284  -0.88893118  1.79787401e-04
 -0.26386022  -0.81568964  -0.51480889  2.06943789e-04
 -0.90298562   0.40800512  -0.13471746  3.19560297e-04
  0.29725057  -0.87913120   0.37251903  2.73094932e-04
 -0.78017778  -0.51985288   0.34795921  1.76175290e-04
 -0.56488054   0.82268268   0.06405605  1.77721511e-04
 -0.70587957  -0.53179523  -0.46789728  2.92485418e-04
  0.36663168  -0.73452611  -0.57101016  1.69996084e-04
 -0.83456695   0.54584745   0.07448866  1.74977196e-04
 -0.76421842   0.36252563   0.53342795  1.62734683e-04
  0.33836886  -0.93362357   0.11770112  7.56945480e-04
 -0.44373735  -0.32291107   0.83595790  1.83017753e-04
  0.21856876   0.38529699  -0.89653440  2.30820244e-04
 -0.10635616   0.83812005  -0.53501697  1.47316968e-04
 -0.09291773   0.86625092   0.49089270  2.25984232e-04
  0.97781354   0.20706603  -0.03169144  2.07664057e-04
  0.86733532  -0.08216489  -0.49089548  2.10434646e-04
  0.63784885   0.57086880   0.51696969  3.34045317e-04
  0.83142842   0.38466468   0.40094871  8.14957312e-04
 -0.59371289  -0.23606852   0.76927021  1.53898072e-04
  0.03602704   0.99259539   0.11600188  1.84928435e-04
  0.75239117  -0.33130029  -0.56933966  3.77907893e-04
  0.27224037  -0.95243496  -0.13694094  2.40017922e-04
 -0.22450342   0.97302788  -0.05305622  3.33608365e-04
  0.01559685   0.61117648  -0.79134067  2.20900804e-04
 -0.55530122  -0.82301272   0.11954338  3.11256576e-04
 -0.66429458   0.33151014   0.66993562  2.34257142e-04
  0.43803770   0.36811477   0.82013078  2.23685124e-04
  0.13462250   0.80055577   0.58394112  1.84113217e-04
  0.76894366  -0.63915804   0.01423552  2.97100383e-04
 -0.05559550  -0.83374172   0.54934861  4.92223829e-04
  0.99213174  -0.04214778   0.11789053  4.50603039e-04
  0.01800578  -0.91152033  -0.41086065  2.09756449e-04
  0.42796867  -0.51397959  -0.74341630  3.76875668e-04
  0.62829543  -0.06399563  -0.77533826  2.40314067e-04
  0.64446541  -0.00334505  -0.76462615  4.04231616e-04
  0.71430098   0.53889237  -0.44650769  1.62000373e-04
  0.29847939  -0.57552542   0.76136755  6.80644734e-04
 -0.36490584   0.31642040   0.87562655  2.51758720e-04
 -0.69973022  -0.08189204   0.70969805  3.16001150e-04
 -0.71000863   0.69070294  -0.13717579  5.12773483e-04
 -0.50893020  -0.12985608  -0.85095679  6.50659194e-04
  0.19012086  -0.08223239   0.97831073  3.11639438e-04
 -0.96691953   0.10180824   0.23388397  1.53720962e-04
  0.02699041   0.07463713   0.99684543  1.55460655e-04
  0.62091653  -0.34406458   0.70433105  2.03503555e-04
 -0.91703820  -0.37359085   0.13953788  2.14806722e-04
 -0.64308168   0.55947325   0.52291073  2.00137646e-04
 -0.37923582  -0.92523782   0.01073165  1.65494196e-04
 -0.98437576   0.04152760  -0.17111349  5.75063540e-04
 -0.39972092  -0.42923311  -0.80992723  3.76291250e-04
 -0.08080122  -0.87043225  -0.48561185  1.56451093e-04
 -0.51430894   0.29529205  -0.80516391  1.46298510e-04
  0.06297947   0.98650006   0.15116621  3.90544196e-04
  0.56004795  -0.65375177   0.50887613  1.85223556e-04
  0.39837055   0.75033298  -0.52754272  8.55440868e-04
  0.01780090  -0.07125368   0.99729937  2.13141322e-04
  0.85343866  -0.00376953   0.52117967  7.95529499e-04
  0.85063381   0.28546769  -0.44150914  2.94535858e-04
  0.21910807  -0.08200194   0.97224860  3.08380311e-04
 -0.86813064  -0.04120345  -0.49462254  6.43209130e-04
  0.65656245  -0.65193367  -0.37935239  5.62360333e-04
  0.95219240   0.14057014   0.27123730  1.76427491e-04
 -0.58722934   0.75350548  -0.29562002  7.66184989e-04
  0.00476460  -0.61064635   0.79188909  2.09189191e-04
  0.11183668  -0.77961668   0.61619022  1.62313326e-04
  0.05623507  -0.89024812   0.45199104  2.89145611e-04
 -0.42414491   0.89768881   0.11939805  1.51562175e-04
 -0.97477304   0.21010861  -0.07531192  1.68162193e-04
 -0.27925711  -0.86540241   0.41604583  5.26413821e-04
 -0.98828171   0.13338693  -0.07421045  5.95932475e-04
  0.01776312   0.46172109  -0.88684729  2.21217845e-04
  0.90035221  -0.13238633  -0.41453558  1.51453377e-04
 -0.59399336  -0.63822821  -0.48973119  4.99270298e-04
 -0.36522390   0.77956817   0.50880740  3.28231496e-04
  0.24118010  -0.58240411   0.77629737  2.24292135e-04
  0.73580969  -0.15249105  -0.65979586  3.34676361e-04
 -0.97862413  -0.03722562  -0.20225991  6.92889580e-04
  0.42272519   0.54948901  -0.72066999  2.15363394e-04
 -0.59864853   0.71559394   0.35992394  2.48405157e-04
  0.54755706  -0.46454589  -0.69597298  4.22533751e-04
  0.20634299  -0.26706318  -0.94132876  1.72720812e-04
  0.95998647  -0.26049091   0.10281275  1.81467254e-04
  0.11545502  -0.60218008   0.78996791  4.50854594e-04
  0.75369168   0.05971752  -0.65450949  3.91626330e-04
  0.96053449   0.01616010   0.27769110  5.97217675e-04
  0.29496043  -0.89383061   0.33773537  1.81313692e-04
  0.59341759  -0.63324444  -0.49684710  1.70342965e-04
 -0.43472156   0.33949417  -0.83412282  7.91465862e-04
 -0.20260015   0.09580741  -0.97456355  7.08024206e-04
 -0.05881256   0.09584747  -0.99365706  2.48714556e-04
  0.91127179  -0.41076989   0.02918596  2.71702283e-04
  0.79520919   0.32906001  -0.50927581  1.89042343e-04
  0.45831360   0.88818949  -0.03268138  1.85527963e-04
 -0.18194976   0.32375012  -0.92848271  1.95613467e-04
 -0.38641218  -0.11498261   0.91513093  2.88601901e-04
  0.60804662  -0.77017459  -0.19264062  3.40002265e-04
 -0.36083706   0.89622951   0.25801022  5.52575635e-04
  0.35882553   0.90194284   0.24029844  3.33050766e-04
  0.53006457   0.51672383  -0.67233031  5.97477012e-04
  0.24996724  -0.71450439  -0.65345226  2.13456221e-04
  0.17348797   0.49841925  -0.84939989  1.90221891e-04
  0.98239728   0.18676945  -0.00357093  1.94031329e-04
 -0.55744515  -0.54275370  -0.62823031  1.86426616e-04
 -0.87384451  -0.46120445   0.15390329  2.79893258e-04
  0.39251149  -0.74479111   0.53964890  7.52222045e-04
  0.18375611   0.97932074  -0.08464384  1.48210121e-04
  0.95629495   0.15558503  -0.24757478  3.41180425e-04
  0.17641184  -0.88162748   0.43773490  2.08170386e-04
 -0.63714526  -0.16458792  -0.75296529  2.19927775e-04
  0.43740995  -0.81897452  -0.37142060  3.91048089e-04
  0.96735241  -0.21957627  -0.12655269  2.84906002e-04
  0.41178586   0.90542588  -0.10313285  1.55583954e-04
  0.75524620  -0.64673547   0.10647261  7.01182527e-04
 -0.28446398  -0.01137078   0.95861929  1.60060978e-04
  0.38379418   0.78244703   0.49038625  1.46952324e-04
 -0.02964851   0.97066731  -0.23859156  3.02267045e-04
 -0.47443494  -0.25615310   0.84219777  3.47041692e-04
  0.82661436  -0.50770514   0.24278425  3.66246586e-04
 -0.61029669  -0.17947775   0.77157352  2.30216124e-04
 -0.43895981  -0.77346690  -0.45723435  2.51637208e-04
  0.62211085  -0.61916178  -0.47918345  1.57574604e-04
 -0.37839355   0.47035573   0.79723510  7.18575215e-04
 -0.49745889  -0.47913741   0.72316112  5.13106634e-04
 -0.16251389  -0.02300648  -0.98643800  1.46523069e-04
  0.06100012   0.54002981   0.83943242  1.65774775e-04
  0.41050374   0.19730659  -0.89025659  5.92706409e-04
 -0.78247476  -0.59155495   0.19441190  3.90285968e-04
 -0.87520605   0.45233093   0.17149664  5.13420004e-04
  0.74330370  -0.46838210  -0.47761681  1.99195770e-04
  0.33344245   0.65237043  -0.68060925  8.56964547e-04
 -0.61239851  -0.52184838   0.59383695  2.46049601e-04
  0.68614683  -0.47120516  -0.55422759  3.64121089e-04
 -0.39666377   0.84320501   0.36285421  1.96460611e-04
 -0.02691616  -0.94272484   0.33248369  1.50156616e-04
  0.77680880   0.59101419  -0.21741737  1.49069254e-04
 -0.41588432  -0.78575285  -0.45785663  1.52161997e-04
  0.46517659   0.20571848   0.86098237  3.55732520e-04
  0.64606554   0.61705987  -0.44926210  5.62729797e-04
  0.86436831   0.29695728   0.40581253  8.71098406e-04
 -0.58359533   0.65283845  -0.48292695  4.03577532e-04
  0.09701378   0.95926711   0.26532045  2.23513578e-04
  0.00155971  -0.93437200   0.35629557  1.81063413e-04
 -0.27268949  -0.47675269   0.83567177  3.26817068e-04
 -0.43674482   0.89401249  -0.09997816  6.71500431e-04
 -0.63835948  -0.75229182  -0.16295454  1.53231017e-04
  0.86287142  -0.50181281  -0.06030595  4.12644173e-04
  0.69625446  -0.47534918   0.53784094  6.39017833e-04
 -0.14106180  -0.92242564   0.35948924  2.59626783e-04
  0.82918188  -0.16439066  -0.53425942  2.74320685e-04
 -0.11907336   0.94650026   0.29993130  3.54797146e-04
 -0.13198053  -0.85229036  -0.50614452  2.35783785e-04
  0.68618406  -0.52990126   0.49835338  1.53385659e-04
  0.20359235   0.27027431   0.94101113  2.93441403e-04
  0.89335052  -0.44272789   0.07692111  3.42197755e-04
  0.29343798  -0.86131951   0.41475637  4.32582673e-04
  0.77067799  -0.62836323   0.10590131  1.82238914e-04
  0.20798414  -0.37923531  -0.90162253  2.30694590e-04
  0.45000849   0.75564992   0.47590498  8.26605738e-04
 -0.37699560  -0.61611238  -0.69157780  2.19692177e-04
 -0.24910761  -0.63389759   0.73220164  1.58077996e-04
 -0.11492388   0.64429651  -0.75609160  6.99143932e-04
 -0.04320974   0.68654256   0.72580454  5.03640489e-04
 -0.80358724   0.42142500   0.42029574  1.74624441e-04
  0.56663897   0.75994797  -0.31843265  2.07852013e-04
 -0.41408639  -0.68976830   0.59392942  1.49794537e-04
 -0.92085949   0.21384084   0.32602130  2.42141868e-04
 -0.66679521  -0.63549179   0.38927410  1.73435174e-04
  0.38104174   0.43163892   0.81761546  1.83877088e-04
 -0.58062277  -0.77915179  -0.23621956  3.20810131e-04
 -0.71863484  -0.33882717  -0.60725622  2.83128616e-04
 -0.62381545  -0.77304829   0.11511134  1.52613491e-04
  0.18763033   0.93214839   0.30966795  3.03508297e-04
  0.37782407  -0.78091805  -0.49740926  5.93263114e-04
  0.85113684   0.13350428  -0.50768365  1.59688972e-04
 -0.07123802  -0.54034434  -0.83842301  2.77038761e-04
  0.61971192  -0.62759837  -0.47125091  2.51275889e-04
  0.06828468  -0.39072150   0.91797272  1.70220856e-04
 -0.40233298  -0.90437465   0.14224862  1.72603710e-04
  0.87654683  -0.36219240   0.31698948  1.69850394e-04
 -0.86950129   0.11181536  -0.48110792  2.10367994e-04
 -0.78138702  -0.59645788  -0.18350018  2.74088326e-04
 -0.48066179  -0.83505187  -0.26768007  3.84490400e-04
  0.72196409  -0.50806941  -0.46971622  1.82997496e-04
 -0.10673726  -0.70343181  -0.70270253  2.75867756e-04
 -0.77261539  -0.58857411  -0.23800414  1.62952580e-04
  0.89833307  -0.23369259   0.37200197  3.25573717e-04
 -0.52848040   0.31749385  -0.78734118  1.46810583e-04
 -0.94184733   0.26733067   0.20361218  1.76813210e-04
 -0.28405014   0.51145864   0.81100282  2.57102662e-04
  0.49904924  -0.82912994  -0.25197895  6.00221493e-04
 -0.50930431   0.78234462  -0.35853315  4.83752398e-04
 -0.98168436   0.15500162   0.11077142  7.09843937e-04
 -0.81489359   0.00493455   0.57958958  1.63304468e-04
  0.60805548  -0.74919355   0.26263578  1.78787067e-04
  0.80340800   0.57764692   0.14442860  2.59465929e-04
  0.55283362   0.82559570   0.11298994  1.54624027e-04
 -0.69530777   0.30890611   0.64894077  3.88305904e-04
 -0.54614557   0.54589187  -0.63539522  2.27055761e-04
  0.98767006  -0.01316439   0.15599534  4.74856704e-04
 -0.61365648   0.44613161   0.65145400  6.32370280e-04
  0.59163901   0.35582185   0.72343216  2.20728233e-04
 -0.51862414  -0.62578833   0.58259589  1.56926306e-04
  0.15190503   0.71618733  -0.68117587  2.08642642e-04
  0.63479827   0.70017642   0.32677841  4.45661242e-04
 -0.14887817  -0.68249619   0.71556568  2.50711218e-04
  0.54614446   0.47550481   0.68965311  3.28872793e-04
 -0.62505613   0.58700308   0.51452134  1.59016075e-04
 -0.35077300  -0.59923295  -0.71963753  2.84180979e-04
 -0.16483528   0.98557440   0.03837228  3.50105794e-04
  0.08204797   0.74481057  -0.66221246  3.52600799e-04
 -0.97398699   0.09993413   0.20337774  1.58025605e-04
 -0.28468288  -0.94045805  -0.18572643  3.50001147e-04
  0.87547211  -0.26099703  -0.40672981  2.52334253e-04
 -0.23184951  -0.91836127  -0.32071541  3.55088332e-04
 -0.14454575   0.83069547  -0.53763516  2.02206130e-04
  0.61870986  -0.78382309   0.05309867  1.84820865e-04
  0.99863953  -0.04885160   0.01823736  3.47190587e-04
 -0.10186392   0.83554606  -0.53989492  4.09967496e-04
  0.13468460   0.94473969   0.29887620  1.72015890e-04
  0.47138825   0.07032256  -0.87911766  3.48645981e-04
 -0.35156010  -0.85221805  -0.38746598  2.57840703e-04
 -0.18422860   0.81896336  -0.54346926  3.43791832e-04
 -0.18335901  -0.12305707   0.97531350  5.44434874e-04
  0.13593734  -0.98820429   0.07052184  2.50020033e-04
  0.08400874  -0.96415454  -0.25169140  1.77551092e-04
  0.02379615  -0.68731908   0.72596572  1.80297387e-04
  0.11540179   0.96264714  -0.24493450  2.79659277e-04
 -0.43377892   0.88977516  -0.14190143  2.18659487e-04
  0.40161680  -0.91383352  -0.06010186  1.75338492e-04
  0.06465096   0.89181772   0.44775151  1.53723775e-04
 -0.07331971  -0.98298265   0.16843198  2.31185264e-04
 -0.52801459  -0.26715971   0.80611804  5.74113282e-04
 -0.56738465  -0.30388424  -0.76532936  2.09029014e-04
 -0.58213316  -0.03828516  -0.81219162  2.36339347e-04
  0.55520376  -0.24871305   0.79365648  4.95216083e-04
 -0.04490384  -0.99890893   0.01282960  2.12640371e-04
  0.61070736  -0.12875651  -0.78131830  1.97811900e-04
 -0.20224418  -0.72072142   0.66306706  3.48885520e-04
  0.02448940   0.77820007  -0.62753878  7.58703014e-04
 -0.00957631  -0.15103663  -0.98848178  3.65431397e-04
  0.11536567  -0.89980821   0.42075639  2.85277742e-04
  0.13888801  -0.76888234  -0.62412345  2.43141323e-04
 -0.71971565  -0.43537898  -0.54079065  2.94170372e-04
 -0.58196721  -0.44846329  -0.67837662  2.28417259e-04
  0.39305429  -0.85548019  -0.33713792  1.53530620e-04
 -0.23845607  -0.69435606   0.67897597  2.29668896e-04
 -0.35467794   0.44608184  -0.82171440  1.60863775e-04
 -0.83828965  -0.45188671   0.30507190  2.33034793e-04
 -0.62184778  -0.02229691   0.78282066  2.62160644e-04
 -0.73497031  -0.41011265   0.54002432  4.67234470e-04
 -0.74508465   0.64850704   0.15584445  2.44936613e-04
 -0.89280064  -0.40637936   0.19432662  1.78802214e-04
 -0.81717827   0.41026173  -0.40485181  1.66037675e-04
  0.22195279  -0.96705625   0.12465620  3.03178797e-04
 -0.08476076   0.64779054  -0.75708852  3.59292640e-04
  0.41881666   0.73218108   0.53712519  2.28720017e-04
 -0.28351581  -0.87040634  -0.40250663  1.97077275e-04
 -0.41676350  -0.15536570   0.89563926  7.17894177e-04
 -0.19094511   0.96614765  -0.17348969  2.21820391e-04
 -0.29081355   0.93113552  -0.22003210  1.72581905e-04
  0.59096129   0.08100830   0.80262220  1.61461214e-04
  0.94400318  -0.11383306  -0.30967731  4.69922603e-04
 -0.91368698  -0.03251877  -0.40511557  2.76257978e-04
  0.69287175  -0.47909455  -0.53888510  1.95210025e-04
 -0.26658338   0.80001759   0.53749898  1.53625078e-04
  0.71765155  -0.61150800   0.33321799  1.91299103e-04
  0.30831713   0.82059537   0.48121075  3.98383973e-04
 -0.44358942   0.73493854  -0.51292667  2.85804993e-04
 -0.85806403  -0.47584973   0.19311434  2.04246396e-04
  0.71179452   0.03083763  -0.70171048  1.58826775e-04
 -0.91397566  -0.40553824  -0.01368345  1.67764446e-04
  0.61417425   0.75085754   0.24290524  7.34750923e-04
  0.70079355   0.64716169   0.30011690  3.44311389e-04
 -0.41059892  -0.91051274   0.04873468  1.63707138e-04
  0.31154453  -0.35836728   0.88006414  1.74966374e-04
 -0.96269686   0.12226513  -0.24138351  2.07076652e-04
 -0.36208487  -0.60703268   0.70739372  1.76877022e-04
  0.63795219   0.41087956   0.65130254  2.20422426e-04
 -0.60108455   0.52165159  -0.60545601  1.64470232e-04
 -0.97494612  -0.03652471  -0.21942197  2.38777062e-04
 -0.04410220   0.91459940   0.40194892  7.06310882e-04
  0.71784014   0.51291347   0.47077096  1.47553281e-04
 -0.27121132   0.96172639   0.03907385  1.93588565e-04
 -0.71599842   0.62503619   0.31092768  2.08474459e-04
