400
 -1.1407996218300525E+00 -2.3170985309886123E+00 3.8420614944644871E-01
 8.6480387747495929E-03 -5.7842010787771047E-03 -1.8867693388500755E-03
0
0.0
 -1.1407996218300525E+00 -2.3170985309886123E+00 3.8420614944644871E-01
 9.0182555771022976E-03 -5.8216689871197535E-03 -1.6128508230073939E-03
0
0.0
 -1.1407996218300525E+00 -2.3170985309886123E+00 3.8420614944644871E-01
 8.6300853452307216E-03 -5.6878362580983083E-03 -1.7665684622547319E-03
0
0.0
 -1.1407996218300525E+00 -2.3170985309886123E+00 3.8420614944644871E-01
 8.7544986975864672E-03 -5.8837026912096834E-03 -1.5419187248718984E-03
0
0.0
 -1.1407996218300525E+00 -2.3170985309886123E+00 3.8420614944644871E-01
 8.8685424915418230E-03 -5.6380643583317010E-03 -1.7473183794584372E-03
0
0.0
 -1.1407996218300525E+00 -2.3170985309886123E+00 3.8420614944644871E-01
 8.7347116570626378E-03 -5.9157939538214540E-03 -1.5539397944640337E-03
0
0.0
 -1.1407996218300525E+00 -2.3170985309886123E+00 3.8420614944644871E-01
 8.7539617411286075E-03 -6.1413067128662895E-03 -1.6596540959047477E-03
0
0.0
 -1.1407996218300525E+00 -2.3170985309886123E+00 3.8420614944644871E-01
 8.7406911808800471E-03 -5.9647507661917207E-03 -1.4731937257870900E-03
0
0.0
 -1.1407996218300525E+00 -2.3170985309886123E+00 3.8420614944644871E-01
 8.7360116974981583E-03 -6.0090764764741574E-03 -1.6376754984608567E-03
0
0.0
 -1.1407996218300525E+00 -2.3170985309886123E+00 3.8420614944644871E-01
 8.8397060816835567E-03 -5.9793888597911961E-03 -1.5853644545767347E-03
0
0.0
 -1.1407996218300525E+00 -2.3170985309886123E+00 3.8420614944644871E-01
 8.6605296190183888E-03 -5.8470026866272945E-03 -1.6822287194187674E-03
0
0.0
 -1.1407996218300525E+00 -2.3170985309886123E+00 3.8420614944644871E-01
 8.8923200948394492E-03 -5.7796359170398113E-03 -1.6453618298520817E-03
0
0.0
 -1.1407996218300525E+00 -2.3170985309886123E+00 3.8420614944644871E-01
 8.7007845887495140E-03 -5.9672538655452939E-03 -1.5224566850288957E-03
0
0.0
 -1.1407996218300525E+00 -2.3170985309886123E+00 3.8420614944644871E-01
 8.7835482312975926E-03 -5.7375170108112132E-03 -1.5626154084170817E-03
0
0.0
 -1.1407996218300525E+00 -2.3170985309886123E+00 3.8420614944644871E-01
 8.6151127175711373E-03 -5.9910947652517896E-03 -1.3682023591533622E-03
0
0.0
 -1.1407996218300525E+00 -2.3170985309886123E+00 3.8420614944644871E-01
 8.7289684411789355E-03 -6.0633035948115992E-03 -1.6846443811928322E-03
0
0.0
 -1.1407996218300525E+00 -2.3170985309886123E+00 3.8420614944644871E-01
 8.6170653937204921E-03 -5.9903332054096715E-03 -1.4536204708682225E-03
0
0.0
 -1.1407996218300525E+00 -2.3170985309886123E+00 3.8420614944644871E-01
 8.7151152061691276E-03 -5.9177343227201119E-03 -1.5993501429530791E-03
0
0.0
 -1.1407996218300525E+00 -2.3170985309886123E+00 3.8420614944644871E-01
 8.6989143652477733E-03 -6.1357076017379284E-03 -1.4842195531034510E-03
0
0.0
 -1.1407996218300525E+00 -2.3170985309886123E+00 3.8420614944644871E-01
 8.9475867274039882E-03 -5.8002472422345854E-03 -1.6794518339928589E-03
0
0.0
 -1.1407996218300525E+00 -2.3170985309886123E+00 3.8420614944644871E-01
 8.7660233562334416E-03 -5.8732523858512553E-03 -1.7611950611815651E-03
0
0.0
 -1.1407996218300525E+00 -2.3170985309886123E+00 3.8420614944644871E-01
 8.8785428230820033E-03 -5.9053359919983821E-03 -1.5666573408122952E-03
0
0.0
 -1.1407996218300525E+00 -2.3170985309886123E+00 3.8420614944644871E-01
 8.7788854002178954E-03 -5.7249327093068072E-03 -1.5725069914580205E-03
0
0.0
 -1.1407996218300525E+00 -2.3170985309886123E+00 3.8420614944644871E-01
 8.7737933426484099E-03 -5.9157376629767229E-03 -1.2772948809327634E-03
0
0.0
 -1.1407996218300525E+00 -2.3170985309886123E+00 3.8420614944644871E-01
 8.9119167118243622E-03 -5.8258596687133634E-03 -1.6955874581770214E-03
0
0.0
 -1.1407996218300525E+00 -2.3170985309886123E+00 3.8420614944644871E-01
 8.8405865768811185E-03 -6.1239979490926412E-03 -1.8636149419974488E-03
0
0.0
 -1.1407996218300525E+00 -2.3170985309886123E+00 3.8420614944644871E-01
 8.9093331781897375E-03 -5.9874735547628287E-03 -1.3868882180276914E-03
0
0.0
 -1.1407996218300525E+00 -2.3170985309886123E+00 3.8420614944644871E-01
 8.8465088627720789E-03 -6.0747544238280550E-03 -1.7654595175848739E-03
0
0.0
 -1.1407996218300525E+00 -2.3170985309886123E+00 3.8420614944644871E-01
 8.7821536771346496E-03 -5.8531159976008057E-03 -1.5477347521334558E-03
0
0.0
 -1.1407996218300525E+00 -2.3170985309886123E+00 3.8420614944644871E-01
 8.7528983269569358E-03 -5.9225323926512434E-03 -1.6535740655783855E-03
0
0.0
 -1.1407996218300525E+00 -2.3170985309886123E+00 3.8420614944644871E-01
 8.7905414689632526E-03 -5.9448278482476906E-03 -1.6613181442283623E-03
0
0.0
 -1.1407996218300525E+00 -2.3170985309886123E+00 3.8420614944644871E-01
 8.8220264499356375E-03 -6.0559340791480941E-03 -1.6723604424595149E-03
0
0.0
 -1.1407996218300525E+00 -2.3170985309886123E+00 3.8420614944644871E-01
 8.8700123149416492E-03 -5.9486823058878570E-03 -1.4926961167300535E-03
0
0.0
 -1.1407996218300525E+00 -2.3170985309886123E+00 3.8420614944644871E-01
 8.8973725044688423E-03 -5.9819978762880380E-03 -1.4803092906942308E-03
0
0.0
 -1.1407996218300525E+00 -2.3170985309886123E+00 3.8420614944644871E-01
 8.8561326571587641E-03 -5.9802111132100638E-03 -1.4824768735015841E-03
0
0.0
 -1.1407996218300525E+00 -2.3170985309886123E+00 3.8420614944644871E-01
 8.6019327036647684E-03 -6.0786450330259810E-03 -1.7076671869486382E-03
0
0.0
 -1.1407996218300525E+00 -2.3170985309886123E+00 3.8420614944644871E-01
 8.7762916976521031E-03 -5.8200722304190614E-03 -1.5141959552071029E-03
0
0.0
 -1.1407996218300525E+00 -2.3170985309886123E+00 3.8420614944644871E-01
 8.8819612535360158E-03 -5.9396606774384025E-03 -1.6988002502641530E-03
0
0.0
 -1.1407996218300525E+00 -2.3170985309886123E+00 3.8420614944644871E-01
 8.6789592695329047E-03 -5.8145544831648861E-03 -1.6379454297460042E-03
0
0.0
 -1.1407996218300525E+00 -2.3170985309886123E+00 3.8420614944644871E-01
 8.9710556908375091E-03 -5.7076912307244994E-03 -1.5730857153247527E-03
0
0.0
 -1.1407996218300525E+00 -2.3170985309886123E+00 3.8420614944644871E-01
 8.6849485673776428E-03 -5.8083517170666966E-03 -1.5253964237125404E-03
0
0.0
 -1.1407996218300525E+00 -2.3170985309886123E+00 3.8420614944644871E-01
 8.7687351321062059E-03 -5.9297502000837353E-03 -1.6430666304858223E-03
0
0.0
 -1.1407996218300525E+00 -2.3170985309886123E+00 3.8420614944644871E-01
 8.8392779160057933E-03 -5.7765751314376350E-03 -1.5759997033264596E-03
0
0.0
 -1.1407996218300525E+00 -2.3170985309886123E+00 3.8420614944644871E-01
 8.5255948863149876E-03 -5.7613168514750865E-03 -1.5967902770224296E-03
0
0.0
 -1.1407996218300525E+00 -2.3170985309886123E+00 3.8420614944644871E-01
 9.0143545480423481E-03 -6.0561353315942042E-03 -1.4594573902865767E-03
0
0.0
 -1.1407996218300525E+00 -2.3170985309886123E+00 3.8420614944644871E-01
 8.7239824729204492E-03 -5.9374725596402422E-03 -1.6031617973322611E-03
0
0.0
 -1.1407996218300525E+00 -2.3170985309886123E+00 3.8420614944644871E-01
 8.8864127160761096E-03 -5.9794558535511289E-03 -1.5531400413026637E-03
0
0.0
 -1.1407996218300525E+00 -2.3170985309886123E+00 3.8420614944644871E-01
 8.8555143140504593E-03 -6.1974017902757528E-03 -1.5395762213409288E-03
0
0.0
 -1.1407996218300525E+00 -2.3170985309886123E+00 3.8420614944644871E-01
 8.7118947911514269E-03 -5.9308133243307446E-03 -1.8806351425803866E-03
0
0.0
 -1.1407996218300525E+00 -2.3170985309886123E+00 3.8420614944644871E-01
 8.6169129180675152E-03 -5.6639875010394353E-03 -1.6304027565673131E-03
0
0.0
 -1.1407996218300525E+00 -2.3170985309886123E+00 3.8420614944644871E-01
 8.8075687230348785E-03 -6.0046206009210686E-03 -1.5722668450191780E-03
0
0.0
 -1.1407996218300525E+00 -2.3170985309886123E+00 3.8420614944644871E-01
 8.6493940962358070E-03 -6.1809534768648700E-03 -1.7855384140551935E-03
0
0.0
 -1.1407996218300525E+00 -2.3170985309886123E+00 3.8420614944644871E-01
 8.8330161856397683E-03 -5.8866210827700294E-03 -1.4168506737352658E-03
0
0.0
 -1.1407996218300525E+00 -2.3170985309886123E+00 3.8420614944644871E-01
 8.8548677864124202E-03 -5.8531701787584902E-03 -1.7575119946019783E-03
0
0.0
 -1.1407996218300525E+00 -2.3170985309886123E+00 3.8420614944644871E-01
 8.6500699742705790E-03 -5.9506127910527963E-03 -1.4216868226208626E-03
0
0.0
 -1.1407996218300525E+00 -2.3170985309886123E+00 3.8420614944644871E-01
 8.8444494502536060E-03 -5.9814532972719140E-03 -1.8409900355671660E-03
0
0.0
 -1.1407996218300525E+00 -2.3170985309886123E+00 3.8420614944644871E-01
 8.9882828671031013E-03 -5.7501384390666451E-03 -1.8246247479801023E-03
0
0.0
 -1.1407996218300525E+00 -2.3170985309886123E+00 3.8420614944644871E-01
 8.9741684241523359E-03 -5.8615713990808468E-03 -1.6625176175940600E-03
0
0.0
 -1.1407996218300525E+00 -2.3170985309886123E+00 3.8420614944644871E-01
 8.8225121954116671E-03 -5.9635853932088357E-03 -1.6626354991004823E-03
0
0.0
 -1.1407996218300525E+00 -2.3170985309886123E+00 3.8420614944644871E-01
 8.7917368268987002E-03 -5.7221616801786798E-03 -1.4730924445367469E-03
0
0.0
 -1.1407996218300525E+00 -2.3170985309886123E+00 3.8420614944644871E-01
 8.7853587566595354E-03 -5.9036357000590914E-03 -1.5766929768666045E-03
0
0.0
 -1.1407996218300525E+00 -2.3170985309886123E+00 3.8420614944644871E-01
 8.7596546851824962E-03 -6.1018515241891324E-03 -1.7662132703170378E-03
0
0.0
 -1.1407996218300525E+00 -2.3170985309886123E+00 3.8420614944644871E-01
 8.5985042017489265E-03 -6.0488107643320603E-03 -1.7648872889443924E-03
0
0.0
 -1.1407996218300525E+00 -2.3170985309886123E+00 3.8420614944644871E-01
 8.8774869574194618E-03 -6.0328522515447599E-03 -1.5548054682731534E-03
0
0.0
 -1.1407996218300525E+00 -2.3170985309886123E+00 3.8420614944644871E-01
 8.8529057110177424E-03 -5.9322771153990754E-03 -1.6050116730081227E-03
0
0.0
 -1.1407996218300525E+00 -2.3170985309886123E+00 3.8420614944644871E-01
 8.9214128075904564E-03 -5.7868236123180651E-03 -1.7822829897123271E-03
0
0.0
 -1.1407996218300525E+00 -2.3170985309886123E+00 3.8420614944644871E-01
 8.7284317568970971E-03 -5.7948569761775088E-03 -1.6680140514447543E-03
0
0.0
 -1.1407996218300525E+00 -2.3170985309886123E+00 3.8420614944644871E-01
 8.6931039435902500E-03 -5.8012648700475865E-03 -1.8179826239773380E-03
0
0.0
 -1.1407996218300525E+00 -2.3170985309886123E+00 3.8420614944644871E-01
 8.8052721111154027E-03 -5.8764235001002099E-03 -1.6477076980307888E-03
0
0.0
 -1.1407996218300525E+00 -2.3170985309886123E+00 3.8420614944644871E-01
 8.7467124046916277E-03 -5.8252250160152827E-03 -1.5357793706725043E-03
0
0.0
 -1.1407996218300525E+00 -2.3170985309886123E+00 3.8420614944644871E-01
 8.8425717598321161E-03 -6.1584581675414697E-03 -1.5521913247720908E-03
0
0.0
 -1.1407996218300525E+00 -2.3170985309886123E+00 3.8420614944644871E-01
 8.6701886338244449E-03 -5.7078332755999966E-03 -1.5258044116122289E-03
0
0.0
 -1.1407996218300525E+00 -2.3170985309886123E+00 3.8420614944644871E-01
 8.7415138150874067E-03 -6.0606023637780025E-03 -1.5311632525118182E-03
0
0.0
 -1.1407996218300525E+00 -2.3170985309886123E+00 3.8420614944644871E-01
 8.9697296371917777E-03 -5.8087573120387112E-03 -1.7243559476138900E-03
0
0.0
 -1.1407996218300525E+00 -2.3170985309886123E+00 3.8420614944644871E-01
 9.1151535575396004E-03 -5.9118032099680085E-03 -1.5631593037857836E-03
0
0.0
 -1.1407996218300525E+00 -2.3170985309886123E+00 3.8420614944644871E-01
 8.9564970679075120E-03 -5.9715292553469248E-03 -1.6735859884035047E-03
0
0.0
 -1.1407996218300525E+00 -2.3170985309886123E+00 3.8420614944644871E-01
 8.7212418042300448E-03 -6.0649649776045042E-03 -1.4089640747175123E-03
0
0.0
 -1.1407996218300525E+00 -2.3170985309886123E+00 3.8420614944644871E-01
 8.6205704689617958E-03 -5.8199701439337944E-03 -1.5483034148009456E-03
0
0.0
 -1.1407996218300525E+00 -2.3170985309886123E+00 3.8420614944644871E-01
 8.7568260371583134E-03 -5.9379084161011895E-03 -1.6110137136433422E-03
0
0.0
 -1.1407996218300525E+00 -2.3170985309886123E+00 3.8420614944644871E-01
 8.9537347196109902E-03 -5.7608524905849090E-03 -1.5705195855182025E-03
0
0.0
 -1.1407996218300525E+00 -2.3170985309886123E+00 3.8420614944644871E-01
 8.5926975397646339E-03 -5.7188332751454546E-03 -1.5422697255160222E-03
0
0.0
 -1.1407996218300525E+00 -2.3170985309886123E+00 3.8420614944644871E-01
 8.9123526176390199E-03 -6.1150387272703600E-03 -1.6263058784869837E-03
0
0.0
 -1.1407996218300525E+00 -2.3170985309886123E+00 3.8420614944644871E-01
 8.7564171044735972E-03 -5.8957403392584330E-03 -1.8928983602210338E-03
0
0.0
 -1.1407996218300525E+00 -2.3170985309886123E+00 3.8420614944644871E-01
 8.5064142806344275E-03 -5.7744860080423911E-03 -1.6695177591920488E-03
0
0.0
 -1.1407996218300525E+00 -2.3170985309886123E+00 3.8420614944644871E-01
 8.8436289778901691E-03 -5.7657764749096552E-03 -1.5926840081700502E-03
0
0.0
 -1.1407996218300525E+00 -2.3170985309886123E+00 3.8420614944644871E-01
 8.8041836677652842E-03 -5.9380226467049563E-03 -1.6108469106630770E-03
0
0.0
 -1.1407996218300525E+00 -2.3170985309886123E+00 3.8420614944644871E-01
 8.8338533531021161E-03 -5.8876182835257938E-03 -1.6746045928172706E-03
0
0.0
 -1.1407996218300525E+00 -2.3170985309886123E+00 3.8420614944644871E-01
 8.8790054656494623E-03 -5.9275920151897043E-03 -1.6352566563361862E-03
0
0.0
 -1.1407996218300525E+00 -2.3170985309886123E+00 3.8420614944644871E-01
 8.7789765096825557E-03 -5.8601400165239912E-03 -1.7470575462308815E-03
0
0.0
 -1.1407996218300525E+00 -2.3170985309886123E+00 3.8420614944644871E-01
 8.8081693837832199E-03 -6.0958954454330121E-03 -1.4123214197979796E-03
0
0.0
 -1.1407996218300525E+00 -2.3170985309886123E+00 3.8420614944644871E-01
 8.7450533932651470E-03 -5.6087529690780989E-03 -1.7825662748842406E-03
0
0.0
 -1.1407996218300525E+00 -2.3170985309886123E+00 3.8420614944644871E-01
 8.7049208406141474E-03 -5.8770714022440265E-03 -1.5478402102495296E-03
0
0.0
 -1.1407996218300525E+00 -2.3170985309886123E+00 3.8420614944644871E-01
 8.8111508314736332E-03 -5.8805023216745404E-03 -1.5721511240144176E-03
0
0.0
 -1.1407996218300525E+00 -2.3170985309886123E+00 3.8420614944644871E-01
 8.8257215904404482E-03 -5.7785791378785270E-03 -1.8325723472421636E-03
0
0.0
 -1.1407996218300525E+00 -2.3170985309886123E+00 3.8420614944644871E-01
 8.7444571491210460E-03 -5.9061524737185770E-03 -1.8301093464787044E-03
0
0.0
 -1.1407996218300525E+00 -2.3170985309886123E+00 3.8420614944644871E-01
 8.7095819524353590E-03 -5.8443765591615427E-03 -1.5005876563799372E-03
0
0.0
 -1.1407996218300525E+00 -2.3170985309886123E+00 3.8420614944644871E-01
 8.5617179421568455E-03 -5.8231431988054055E-03 -1.6523212460606560E-03
0
0.0
 -1.1407996218300525E+00 -2.3170985309886123E+00 3.8420614944644871E-01
 8.8135640088799171E-03 -5.8581192426627512E-03 -1.6706935845038282E-03
0
0.0
 -1.1407996218300525E+00 -2.3170985309886123E+00 3.8420614944644871E-01
 8.7117722746655017E-03 -6.1073138122890334E-03 -1.5162583478721587E-03
0
0.0
 -1.1407996218300525E+00 -2.3170985309886123E+00 3.8420614944644871E-01
 8.7399402856354336E-03 -5.6801543391569462E-03 -1.6634743385504944E-03
0
0.0
 -1.1407996218300525E+00 -2.3170985309886123E+00 3.8420614944644871E-01
 8.8464319524621839E-03 -6.0147976209253924E-03 -1.3679579428903625E-03
0
0.0
 -1.1407996218300525E+00 -2.3170985309886123E+00 3.8420614944644871E-01
 8.7111385103847364E-03 -6.0560169367740715E-03 -1.5223448693553448E-03
0
0.0
 -1.1407996218300525E+00 -2.3170985309886123E+00 3.8420614944644871E-01
 8.7790735590744639E-03 -5.9754902939899678E-03 -1.6558319713370236E-03
0
0.0
 -1.1407996218300525E+00 -2.3170985309886123E+00 3.8420614944644871E-01
 8.9249976353840028E-03 -5.6340809818436104E-03 -1.7155025256276326E-03
0
0.0
 -1.1407996218300525E+00 -2.3170985309886123E+00 3.8420614944644871E-01
 8.6100398960527944E-03 -5.8421452744943985E-03 -1.5696710152445629E-03
0
0.0
 -1.1407996218300525E+00 -2.3170985309886123E+00 3.8420614944644871E-01
 8.7296379172887711E-03 -5.9031775275465602E-03 -1.5685884856012661E-03
0
0.0
 -1.1407996218300525E+00 -2.3170985309886123E+00 3.8420614944644871E-01
 8.7137372288688987E-03 -5.8716264173855302E-03 -1.6178939597621634E-03
0
0.0
 -1.1407996218300525E+00 -2.3170985309886123E+00 3.8420614944644871E-01
 8.7505316317748744E-03 -5.9140719691105747E-03 -1.6432016180186703E-03
0
0.0
 -1.1407996218300525E+00 -2.3170985309886123E+00 3.8420614944644871E-01
 8.6828154626330568E-03 -6.0858979047542601E-03 -1.4568341874561211E-03
0
0.0
 -1.1407996218300525E+00 -2.3170985309886123E+00 3.8420614944644871E-01
 9.0888732384856868E-03 -5.8101862627348028E-03 -1.6968921803471265E-03
0
0.0
 -1.1407996218300525E+00 -2.3170985309886123E+00 3.8420614944644871E-01
 8.6686816745145719E-03 -5.7272387632856516E-03 -1.6873086300196066E-03
0
0.0
 -1.1407996218300525E+00 -2.3170985309886123E+00 3.8420614944644871E-01
 8.9753375644985416E-03 -5.7335836603924469E-03 -1.6845751759643761E-03
0
0.0
 -1.1407996218300525E+00 -2.3170985309886123E+00 3.8420614944644871E-01
 8.9205416196429434E-03 -5.9940820265889276E-03 -1.5951700108179569E-03
0
0.0
 -1.1407996218300525E+00 -2.3170985309886123E+00 3.8420614944644871E-01
 8.4844386393433495E-03 -6.0541369072947228E-03 -1.6799755921033666E-03
0
0.0
 -1.1407996218300525E+00 -2.3170985309886123E+00 3.8420614944644871E-01
 8.7994016449205095E-03 -5.9112860388152774E-03 -1.6404289910211896E-03
0
0.0
 -1.1407996218300525E+00 -2.3170985309886123E+00 3.8420614944644871E-01
 8.6741828719964220E-03 -5.9293945787950207E-03 -1.8315055933255174E-03
0
0.0
 -1.1407996218300525E+00 -2.3170985309886123E+00 3.8420614944644871E-01
 8.9539246976226648E-03 -6.1755894420348796E-03 -1.5854795434798404E-03
0
0.0
 -1.1407996218300525E+00 -2.3170985309886123E+00 3.8420614944644871E-01
 8.7953458310285511E-03 -6.0078427536803449E-03 -1.7072088240882705E-03
0
0.0
 -1.1407996218300525E+00 -2.3170985309886123E+00 3.8420614944644871E-01
 8.7749417161563908E-03 -5.7580353557611756E-03 -1.6617156119755078E-03
0
0.0
 -1.1407996218300525E+00 -2.3170985309886123E+00 3.8420614944644871E-01
 9.0642994843006062E-03 -5.7202490251569487E-03 -1.6154177384612727E-03
0
0.0
 -1.1407996218300525E+00 -2.3170985309886123E+00 3.8420614944644871E-01
 8.8277629435199248E-03 -6.0665582360685220E-03 -1.5647082462681653E-03
0
0.0
 -1.1407996218300525E+00 -2.3170985309886123E+00 3.8420614944644871E-01
 8.7689401570355194E-03 -6.1302615598732698E-03 -1.7252504828731004E-03
0
0.0
 -1.1407996218300525E+00 -2.3170985309886123E+00 3.8420614944644871E-01
 8.6086175144587836E-03 -5.8907617672613712E-03 -1.6676470276136448E-03
0
0.0
 -1.1407996218300525E+00 -2.3170985309886123E+00 3.8420614944644871E-01
 8.8679859219726303E-03 -5.7996001117221578E-03 -1.7217349639461765E-03
0
0.0
 -1.1407996218300525E+00 -2.3170985309886123E+00 3.8420614944644871E-01
 8.7646406084880227E-03 -5.7944926597397160E-03 -1.7110492999267177E-03
0
0.0
 -1.1407996218300525E+00 -2.3170985309886123E+00 3.8420614944644871E-01
 8.8075721643091007E-03 -5.7901370885672168E-03 -1.6492851200579446E-03
0
0.0
 -1.1407996218300525E+00 -2.3170985309886123E+00 3.8420614944644871E-01
 8.8099047213711229E-03 -5.8961957673508746E-03 -1.5874069365821371E-03
0
0.0
 -1.1407996218300525E+00 -2.3170985309886123E+00 3.8420614944644871E-01
 8.8226404217643314E-03 -5.9559455262896393E-03 -1.6270489604935886E-03
0
0.0
 -1.1407996218300525E+00 -2.3170985309886123E+00 3.8420614944644871E-01
 8.8037061149960211E-03 -5.9570365159741234E-03 -1.7329053504651466E-03
0
0.0
 -1.1407996218300525E+00 -2.3170985309886123E+00 3.8420614944644871E-01
 9.0152090731912826E-03 -6.0426553518620344E-03 -1.5506274752124867E-03
0
0.0
 -1.1407996218300525E+00 -2.3170985309886123E+00 3.8420614944644871E-01
 9.0929690314918484E-03 -5.8951389363052480E-03 -1.5204306877487808E-03
0
0.0
 -1.1407996218300525E+00 -2.3170985309886123E+00 3.8420614944644871E-01
 8.8945884964693207E-03 -5.8756070647617694E-03 -1.7252321405790891E-03
0
0.0
 -1.1407996218300525E+00 -2.3170985309886123E+00 3.8420614944644871E-01
 8.9210919549405215E-03 -5.7858365642147816E-03 -1.4161093409493311E-03
0
0.0
 -1.1407996218300525E+00 -2.3170985309886123E+00 3.8420614944644871E-01
 8.8162395303134442E-03 -5.8340403443641314E-03 -1.5652922540540458E-03
0
0.0
 -1.1407996218300525E+00 -2.3170985309886123E+00 3.8420614944644871E-01
 8.8965892943450274E-03 -5.9686715845482796E-03 -1.7393819291315945E-03
0
0.0
 -1.1407996218300525E+00 -2.3170985309886123E+00 3.8420614944644871E-01
 8.7080830433336302E-03 -5.8490625415117681E-03 -1.5110298391764110E-03
0
0.0
 -1.1407996218300525E+00 -2.3170985309886123E+00 3.8420614944644871E-01
 8.6661513378738630E-03 -5.9388696269923854E-03 -1.7598955368078797E-03
0
0.0
 -1.1407996218300525E+00 -2.3170985309886123E+00 3.8420614944644871E-01
 9.0340693082505141E-03 -6.1123684396500039E-03 -1.6891350843493580E-03
0
0.0
 -1.1407996218300525E+00 -2.3170985309886123E+00 3.8420614944644871E-01
 8.6871509311967372E-03 -5.8631787156446617E-03 -1.7975068209211535E-03
0
0.0
 -1.1407996218300525E+00 -2.3170985309886123E+00 3.8420614944644871E-01
 8.7766120245075935E-03 -5.9350925102074825E-03 -1.5951839414427729E-03
0
0.0
 -1.1407996218300525E+00 -2.3170985309886123E+00 3.8420614944644871E-01
 8.8099337571747802E-03 -5.9130205507624710E-03 -1.8093394553198618E-03
0
0.0
 -1.1407996218300525E+00 -2.3170985309886123E+00 3.8420614944644871E-01
 8.6356065947469415E-03 -5.7034510519291676E-03 -1.6354497992173153E-03
0
0.0
 -1.1407996218300525E+00 -2.3170985309886123E+00 3.8420614944644871E-01
 8.7609132423081271E-03 -5.9494659405288173E-03 -1.6721303405230338E-03
0
0.0
 -1.1407996218300525E+00 -2.3170985309886123E+00 3.8420614944644871E-01
 8.7852293550958263E-03 -5.9040039300467364E-03 -1.6173047841076002E-03
0
0.0
 -1.1407996218300525E+00 -2.3170985309886123E+00 3.8420614944644871E-01
 8.7976584553060774E-03 -5.7952219905334284E-03 -1.7546889603814370E-03
0
0.0
 -1.1407996218300525E+00 -2.3170985309886123E+00 3.8420614944644871E-01
 8.7552971945979840E-03 -5.7333487554246569E-03 -1.6206801266034959E-03
0
0.0
 -1.1407996218300525E+00 -2.3170985309886123E+00 3.8420614944644871E-01
 8.8806648379180144E-03 -5.9149284689034133E-03 -1.7803951323039642E-03
0
0.0
 -1.1407996218300525E+00 -2.3170985309886123E+00 3.8420614944644871E-01
 8.6047693262231266E-03 -5.6368123376103942E-03 -1.5391274602293724E-03
0
0.0
 -1.1407996218300525E+00 -2.3170985309886123E+00 3.8420614944644871E-01
 8.8943168534014617E-03 -6.1259092280412297E-03 -1.6382236626290138E-03
0
0.0
 -1.1407996218300525E+00 -2.3170985309886123E+00 3.8420614944644871E-01
 8.7431313200828278E-03 -5.9397120824122088E-03 -1.6135787650395255E-03
0
0.0
 -1.1407996218300525E+00 -2.3170985309886123E+00 3.8420614944644871E-01
 8.8067965826566213E-03 -5.6803913864028784E-03 -1.6182102521294824E-03
0
0.0
 -1.1407996218300525E+00 -2.3170985309886123E+00 3.8420614944644871E-01
 8.8384740277443839E-03 -5.7977305007373952E-03 -1.4526748057458920E-03
0
0.0
 -1.1407996218300525E+00 -2.3170985309886123E+00 3.8420614944644871E-01
 8.7760871206276885E-03 -5.9020136906429372E-03 -1.6220089018885474E-03
0
0.0
 -1.1407996218300525E+00 -2.3170985309886123E+00 3.8420614944644871E-01
 8.7682613866211286E-03 -5.8602282323865782E-03 -1.5999748752672759E-03
0
0.0
 -1.1407996218300525E+00 -2.3170985309886123E+00 3.8420614944644871E-01
 8.7695059324570893E-03 -6.0237437727511294E-03 -1.4990789855108516E-03
0
0.0
 -1.1407996218300525E+00 -2.3170985309886123E+00 3.8420614944644871E-01
 8.7235650955951264E-03 -5.8312153971265528E-03 -1.5378574796625760E-03
0
0.0
 -1.1407996218300525E+00 -2.3170985309886123E+00 3.8420614944644871E-01
 8.9514094808337968E-03 -5.9827890091846761E-03 -1.3914982073289766E-03
0
0.0
 -1.1407996218300525E+00 -2.3170985309886123E+00 3.8420614944644871E-01
 9.0919044117965704E-03 -5.9951622447719163E-03 -1.6180771517731131E-03
0
0.0
 -1.1407996218300525E+00 -2.3170985309886123E+00 3.8420614944644871E-01
 8.8472700245969052E-03 -5.6531437417818341E-03 -1.6592132032705639E-03
0
0.0
 -1.1407996218300525E+00 -2.3170985309886123E+00 3.8420614944644871E-01
 8.8025454245842776E-03 -5.8089076603407824E-03 -1.7754229983427126E-03
0
0.0
 -1.1407996218300525E+00 -2.3170985309886123E+00 3.8420614944644871E-01
 8.6916155281740425E-03 -5.6470077061124314E-03 -1.7612870976936850E-03
0
0.0
 -1.1407996218300525E+00 -2.3170985309886123E+00 3.8420614944644871E-01
 8.6342901285442961E-03 -6.1680257377387717E-03 -1.7516451444663335E-03
0
0.0
 -1.1407996218300525E+00 -2.3170985309886123E+00 3.8420614944644871E-01
 8.8590055694048476E-03 -5.8823941855173124E-03 -1.6256672882659575E-03
0
0.0
 -1.1407996218300525E+00 -2.3170985309886123E+00 3.8420614944644871E-01
 8.7700565005950932E-03 -5.8152739070908887E-03 -1.6285169014522193E-03
0
0.0
 -1.1407996218300525E+00 -2.3170985309886123E+00 3.8420614944644871E-01
 8.8645839903345632E-03 -5.9569326206482670E-03 -1.5126666964282703E-03
0
0.0
 -1.1407996218300525E+00 -2.3170985309886123E+00 3.8420614944644871E-01
 8.7138905140769166E-03 -5.9253122509581608E-03 -1.5282125330400322E-03
0
0.0
 -1.1407996218300525E+00 -2.3170985309886123E+00 3.8420614944644871E-01
 8.6977388446897470E-03 -5.7978871655555691E-03 -1.6066097034065036E-03
0
0.0
 -1.1407996218300525E+00 -2.3170985309886123E+00 3.8420614944644871E-01
 8.6543586167513679E-03 -6.1021317269608927E-03 -1.5479601004634422E-03
0
0.0
 -1.1407996218300525E+00 -2.3170985309886123E+00 3.8420614944644871E-01
 9.0360479471553665E-03 -5.9361196109593440E-03 -1.6401588717241198E-03
0
0.0
 -1.1407996218300525E+00 -2.3170985309886123E+00 3.8420614944644871E-01
 8.6202666234213264E-03 -5.8165800079571861E-03 -1.8797760483095585E-03
0
0.0
 -1.1407996218300525E+00 -2.3170985309886123E+00 3.8420614944644871E-01
 8.9769874800500575E-03 -5.7909739492787854E-03 -1.4619785940926460E-03
0
0.0
 -1.1407996218300525E+00 -2.3170985309886123E+00 3.8420614944644871E-01
 8.7870502061559164E-03 -5.7788575040412966E-03 -1.6244810326338397E-03
0
0.0
 -1.1407996218300525E+00 -2.3170985309886123E+00 3.8420614944644871E-01
 8.5258828002830397E-03 -5.9766971127884387E-03 -1.6228519773341054E-03
0
0.0
 -1.1407996218300525E+00 -2.3170985309886123E+00 3.8420614944644871E-01
 8.6555086505470131E-03 -5.8860257055316917E-03 -1.3745946098539386E-03
0
0.0
 -1.1407996218300525E+00 -2.3170985309886123E+00 3.8420614944644871E-01
 8.8188352623547201E-03 -5.9196249302497731E-03 -1.6119662129720448E-03
0
0.0
 -1.1407996218300525E+00 -2.3170985309886123E+00 3.8420614944644871E-01
 8.6875854619503402E-03 -5.9833838958662337E-03 -1.7042156535410058E-03
0
0.0
 -1.1407996218300525E+00 -2.3170985309886123E+00 3.8420614944644871E-01
 8.7768307806022558E-03 -6.0904583001494851E-03 -1.6425272981959399E-03
0
0.0
 -1.1407996218300525E+00 -2.3170985309886123E+00 3.8420614944644871E-01
 8.9203915886578045E-03 -5.9506990856422939E-03 -1.8093972903836654E-03
0
0.0
 -1.1407996218300525E+00 -2.3170985309886123E+00 3.8420614944644871E-01
 8.5696046789095568E-03 -5.8243512538074336E-03 -1.5401348990614410E-03
0
0.0
 -1.1407996218300525E+00 -2.3170985309886123E+00 3.8420614944644871E-01
 8.6239318750412127E-03 -5.9642262964811361E-03 -1.7203065713378015E-03
0
0.0
 -1.1407996218300525E+00 -2.3170985309886123E+00 3.8420614944644871E-01
 8.7950219751020270E-03 -5.9961588973473159E-03 -1.5225999495117352E-03
0
0.0
 -1.1407996218300525E+00 -2.3170985309886123E+00 3.8420614944644871E-01
 9.0891207707314552E-03 -5.8972307071353276E-03 -1.6113754856609281E-03
0
0.0
 -1.1407996218300525E+00 -2.3170985309886123E+00 3.8420614944644871E-01
 8.8621933252723828E-03 -5.8923207353466373E-03 -1.7487475202262008E-03
0
0.0
 -1.1407996218300525E+00 -2.3170985309886123E+00 3.8420614944644871E-01
 8.6697486868553865E-03 -5.9766080035572287E-03 -1.8303114757188812E-03
0
0.0
 -1.1407996218300525E+00 -2.3170985309886123E+00 3.8420614944644871E-01
 9.0062669140055542E-03 -5.8498196085054665E-03 -1.6764098220256928E-03
0
0.0
 -1.1407996218300525E+00 -2.3170985309886123E+00 3.8420614944644871E-01
 8.9243764518145002E-03 -5.8801798779246515E-03 -1.6857366826564500E-03
0
0.0
 -1.1407996218300525E+00 -2.3170985309886123E+00 3.8420614944644871E-01
 8.7222001668134670E-03 -5.9233152054532614E-03 -1.4682498249335432E-03
0
0.0
 -1.1407996218300525E+00 -2.3170985309886123E+00 3.8420614944644871E-01
 8.8001304465021753E-03 -5.9362409173865050E-03 -1.6568381623476693E-03
0
0.0
 -1.1407996218300525E+00 -2.3170985309886123E+00 3.8420614944644871E-01
 8.5171058908873176E-03 -5.7135009709873581E-03 -1.6556057305244210E-03
0
0.0
 -1.1407996218300525E+00 -2.3170985309886123E+00 3.8420614944644871E-01
 9.0889311450735363E-03 -5.9689798413480556E-03 -1.7746687165376802E-03
0
0.0
 -1.1407996218300525E+00 -2.3170985309886123E+00 3.8420614944644871E-01
 8.9156631097190246E-03 -6.1488653930679314E-03 -1.5827724795630491E-03
0
0.0
 -1.1407996218300525E+00 -2.3170985309886123E+00 3.8420614944644871E-01
 8.8645646326049737E-03 -5.7802902203816318E-03 -1.6983835341596249E-03
0
0.0
 -1.1407996218300525E+00 -2.3170985309886123E+00 3.8420614944644871E-01
 8.6573895598195342E-03 -5.8803786296886037E-03 -1.5521173165613618E-03
0
0.0
 -1.1407996218300525E+00 -2.3170985309886123E+00 3.8420614944644871E-01
 8.9479944735784134E-03 -5.9479349940476873E-03 -1.6649258594729328E-03
0
0.0
 -1.1407996218300525E+00 -2.3170985309886123E+00 3.8420614944644871E-01
 8.6932027986390010E-03 -5.8915481748611706E-03 -1.5668623164552305E-03
0
0.0
 -1.1407996218300525E+00 -2.3170985309886123E+00 3.8420614944644871E-01
 8.7501864957841048E-03 -5.6334993257139074E-03 -1.6968826032283985E-03
0
0.0
 -1.1407996218300525E+00 -2.3170985309886123E+00 3.8420614944644871E-01
 8.7786828365412819E-03 -6.0311416327869828E-03 -1.8091948233692682E-03
0
0.0
 -1.1407996218300525E+00 -2.3170985309886123E+00 3.8420614944644871E-01
 8.8046927650746332E-03 -5.9019059162398711E-03 -1.7218272240785478E-03
0
0.0
 -1.1407996218300525E+00 -2.3170985309886123E+00 3.8420614944644871E-01
 8.8124492515308309E-03 -5.8996795802703757E-03 -1.6468263198854739E-03
0
0.0
 -1.1407996218300525E+00 -2.3170985309886123E+00 3.8420614944644871E-01
 8.8373782286959041E-03 -6.1622346588654266E-03 -1.7224809486337271E-03
0
0.0
 -1.1407996218300525E+00 -2.3170985309886123E+00 3.8420614944644871E-01
 8.9208757272157407E-03 -6.1991378145400356E-03 -1.6280453007406445E-03
0
0.0
 -1.1407996218300525E+00 -2.3170985309886123E+00 3.8420614944644871E-01
 8.7138389053962942E-03 -5.7660076413287766E-03 -1.6297246923843963E-03
0
0.0
 -1.1407996218300525E+00 -2.3170985309886123E+00 3.8420614944644871E-01
 8.6996995993022207E-03 -5.9147652693715708E-03 -1.5040901938364055E-03
0
0.0
 -1.1407996218300525E+00 -2.3170985309886123E+00 3.8420614944644871E-01
 8.9574728052798386E-03 -5.9334608064479967E-03 -1.5173180499904850E-03
0
0.0
 -1.1407996218300525E+00 -2.3170985309886123E+00 3.8420614944644871E-01
 8.7567121823665800E-03 -6.0072191623819302E-03 -1.5442333421363539E-03
0
0.0
 -1.1407996218300525E+00 -2.3170985309886123E+00 3.8420614944644871E-01
 9.0071360740268044E-03 -5.7923873756994520E-03 -1.5630488154532900E-03
0
0.0
 -1.1407996218300525E+00 -2.3170985309886123E+00 3.8420614944644871E-01
 8.7780103244110130E-03 -5.9462700998851063E-03 -1.6262856406843082E-03
0
0.0
 -1.1407996218300525E+00 -2.3170985309886123E+00 3.8420614944644871E-01
 8.7095029542481293E-03 -5.9593939027927870E-03 -1.7174264894706519E-03
0
0.0
 -1.1407996218300525E+00 -2.3170985309886123E+00 3.8420614944644871E-01
 8.5305296088676284E-03 -5.9187360348048534E-03 -1.4648747476623599E-03
0
0.0
 -1.1407996218300525E+00 -2.3170985309886123E+00 3.8420614944644871E-01
 8.6824486399457168E-03 -5.9126925579316147E-03 -1.5614559488163239E-03
0
0.0
 -1.1407996218300525E+00 -2.3170985309886123E+00 3.8420614944644871E-01
 8.8714854306778130E-03 -5.7716958691014873E-03 -1.8162210974624637E-03
0
0.0
 -1.1407996218300525E+00 -2.3170985309886123E+00 3.8420614944644871E-01
 9.0056923737354792E-03 -5.9729500601298962E-03 -1.5900968094745848E-03
0
0.0
 -1.1407996218300525E+00 -2.3170985309886123E+00 3.8420614944644871E-01
 8.4690079372743577E-03 -5.9278134205625957E-03 -1.5286472901274374E-03
0
0.0
 -1.1407996218300525E+00 -2.3170985309886123E+00 3.8420614944644871E-01
 8.7518435106152086E-03 -6.0154196656404257E-03 -1.5875839101248714E-03
0
0.0
 -1.1407996218300525E+00 -2.3170985309886123E+00 3.8420614944644871E-01
 8.9759577173680848E-03 -5.8800426893488291E-03 -1.6107494061494234E-03
0
0.0
 -1.1407996218300525E+00 -2.3170985309886123E+00 3.8420614944644871E-01
 8.6906467954140747E-03 -6.0882510802753561E-03 -1.7072107921451661E-03
0
0.0
 -1.1407996218300525E+00 -2.3170985309886123E+00 3.8420614944644871E-01
 8.7923081764259316E-03 -5.8349530098012886E-03 -1.4912473036118490E-03
0
0.0
 -1.1407996218300525E+00 -2.3170985309886123E+00 3.8420614944644871E-01
 8.6746335530761276E-03 -5.7617829104303917E-03 -1.6393720757784391E-03
0
0.0
 -1.1407996218300525E+00 -2.3170985309886123E+00 3.8420614944644871E-01
 9.0031894321250961E-03 -5.8980995316777890E-03 -1.3911581565849490E-03
0
0.0
 -1.1407996218300525E+00 -2.3170985309886123E+00 3.8420614944644871E-01
 8.6958567211897469E-03 -5.8509875009870992E-03 -1.8319314944933696E-03
0
0.0
 -1.1407996218300525E+00 -2.3170985309886123E+00 3.8420614944644871E-01
 8.6437455159351240E-03 -5.9152524484381618E-03 -1.4419094804088211E-03
0
0.0
 -1.1407996218300525E+00 -2.3170985309886123E+00 3.8420614944644871E-01
 8.7466121157690653E-03 -5.8413435297566142E-03 -1.5905640381897084E-03
0
0.0
 -1.1407996218300525E+00 -2.3170985309886123E+00 3.8420614944644871E-01
 8.5452961507109359E-03 -6.0762102974733761E-03 -1.5134592932069188E-03
0
0.0
 -1.1407996218300525E+00 -2.3170985309886123E+00 3.8420614944644871E-01
 8.7425185005515996E-03 -5.8889645643500372E-03 -1.9209086874428646E-03
0
0.0
 -1.1407996218300525E+00 -2.3170985309886123E+00 3.8420614944644871E-01
 8.6702978893036711E-03 -5.7032293660474595E-03 -1.7903008160160591E-03
0
0.0
 -1.1407996218300525E+00 -2.3170985309886123E+00 3.8420614944644871E-01
 8.8743219569240757E-03 -5.8959803654672748E-03 -1.6556494146985035E-03
0
0.0
 -1.1407996218300525E+00 -2.3170985309886123E+00 3.8420614944644871E-01
 8.5728087156365894E-03 -6.1098053387645167E-03 -1.6298046734733280E-03
0
0.0
 -1.1407996218300525E+00 -2.3170985309886123E+00 3.8420614944644871E-01
 8.4790565776512571E-03 -5.9727572397013278E-03 -1.5045020401269354E-03
0
0.0
 -1.1407996218300525E+00 -2.3170985309886123E+00 3.8420614944644871E-01
 8.8301578721553062E-03 -6.2109167657698533E-03 -1.5591235651513657E-03
0
0.0
 -1.1407996218300525E+00 -2.3170985309886123E+00 3.8420614944644871E-01
 8.8983950921706478E-03 -6.0014917039911608E-03 -1.7912806716701534E-03
0
0.0
 -1.1407996218300525E+00 -2.3170985309886123E+00 3.8420614944644871E-01
 8.8617844466740391E-03 -6.1229029782748426E-03 -1.5978611633805091E-03
0
0.0
 -1.1407996218300525E+00 -2.3170985309886123E+00 3.8420614944644871E-01
 8.8575773759297267E-03 -5.6984025062809425E-03 -1.7754061095764425E-03
0
0.0
 -1.1407996218300525E+00 -2.3170985309886123E+00 3.8420614944644871E-01
 8.7639229664915382E-03 -5.9067085763408154E-03 -1.9356720935377980E-03
0
0.0
 -1.1407996218300525E+00 -2.3170985309886123E+00 3.8420614944644871E-01
 8.8471863364313532E-03 -6.1337962248501588E-03 -1.6803405801158263E-03
0
0.0
 -1.1407996218300525E+00 -2.3170985309886123E+00 3.8420614944644871E-01
 8.8266311840407806E-03 -5.8421101664132054E-03 -1.6480028805656976E-03
0
0.0
 -1.1407996218300525E+00 -2.3170985309886123E+00 3.8420614944644871E-01
 8.7805959419515883E-03 -5.9064574767536083E-03 -1.6399284988054192E-03
0
0.0
 -1.1407996218300525E+00 -2.3170985309886123E+00 3.8420614944644871E-01
 8.8766475178992769E-03 -5.7187228317237670E-03 -1.8824549944186629E-03
0
0.0
 -1.1407996218300525E+00 -2.3170985309886123E+00 3.8420614944644871E-01
 8.7084288812623763E-03 -5.7674950531093182E-03 -1.5398274475461105E-03
0
0.0
 -1.1407996218300525E+00 -2.3170985309886123E+00 3.8420614944644871E-01
 8.7353018466236939E-03 -5.9824585642756630E-03 -1.5335175413630818E-03
0
0.0
 -1.1407996218300525E+00 -2.3170985309886123E+00 3.8420614944644871E-01
 8.6904232918821669E-03 -5.8926917177949609E-03 -1.6932114195136686E-03
0
0.0
 -1.1407996218300525E+00 -2.3170985309886123E+00 3.8420614944644871E-01
 8.6171018585052012E-03 -6.0450764736001764E-03 -1.7501606995020884E-03
0
0.0
 -1.1407996218300525E+00 -2.3170985309886123E+00 3.8420614944644871E-01
 8.8648114213149137E-03 -5.8679350296542724E-03 -1.6124240449096351E-03
0
0.0
 -1.1407996218300525E+00 -2.3170985309886123E+00 3.8420614944644871E-01
 8.7916119692400870E-03 -5.9307862352136319E-03 -1.6096870640656701E-03
0
0.0
 -1.1407996218300525E+00 -2.3170985309886123E+00 3.8420614944644871E-01
 8.7248695452956885E-03 -6.1105634180671818E-03 -1.3780354753257966E-03
0
0.0
 -1.1407996218300525E+00 -2.3170985309886123E+00 3.8420614944644871E-01
 8.6878075394665518E-03 -5.7308103497778094E-03 -1.8265082169223530E-03
0
0.0
 -1.1407996218300525E+00 -2.3170985309886123E+00 3.8420614944644871E-01
 8.9384911757625050E-03 -6.0713137637519888E-03 -1.7668968541097157E-03
0
0.0
 -1.1407996218300525E+00 -2.3170985309886123E+00 3.8420614944644871E-01
 8.9424097687350098E-03 -5.8879545629501248E-03 -1.5741299779079110E-03
0
0.0
 -1.1407996218300525E+00 -2.3170985309886123E+00 3.8420614944644871E-01
 9.0794951668109435E-03 -5.9022448597547041E-03 -1.7322533382172277E-03
0
0.0
 -1.1407996218300525E+00 -2.3170985309886123E+00 3.8420614944644871E-01
 8.8315647591918345E-03 -5.9395514588319346E-03 -1.6778137891661662E-03
0
0.0
 -1.1407996218300525E+00 -2.3170985309886123E+00 3.8420614944644871E-01
 8.6085810778453644E-03 -5.9619434148782688E-03 -1.7572625547514552E-03
0
0.0
 -1.1407996218300525E+00 -2.3170985309886123E+00 3.8420614944644871E-01
 9.0733268695710554E-03 -5.8041046692441775E-03 -1.6981020827792355E-03
0
0.0
 -1.1407996218300525E+00 -2.3170985309886123E+00 3.8420614944644871E-01
 8.6549250468376058E-03 -5.8835454984915376E-03 -1.6164953266434099E-03
0
0.0
 -1.1407996218300525E+00 -2.3170985309886123E+00 3.8420614944644871E-01
 8.8388222160678577E-03 -5.7113677713366111E-03 -1.4002135019265324E-03
0
0.0
 -1.1407996218300525E+00 -2.3170985309886123E+00 3.8420614944644871E-01
 8.6068218145257305E-03 -5.8078140146125270E-03 -1.6937385940717295E-03
0
0.0
 -1.1407996218300525E+00 -2.3170985309886123E+00 3.8420614944644871E-01
 9.0565108436188712E-03 -5.8644240271347034E-03 -1.4490602998247996E-03
0
0.0
 -1.1407996218300525E+00 -2.3170985309886123E+00 3.8420614944644871E-01
 8.7531192498653473E-03 -5.9922171702999870E-03 -1.6231264224361198E-03
0
0.0
 -1.1407996218300525E+00 -2.3170985309886123E+00 3.8420614944644871E-01
 8.8317869790277958E-03 -5.8996266825875714E-03 -1.7080164263659943E-03
0
0.0
 -1.1407996218300525E+00 -2.3170985309886123E+00 3.8420614944644871E-01
 8.5263824502396536E-03 -5.9238541631255288E-03 -1.6437970568035686E-03
0
0.0
 -1.1407996218300525E+00 -2.3170985309886123E+00 3.8420614944644871E-01
 8.8217350022757046E-03 -5.9286396436237180E-03 -1.5534270981360872E-03
0
0.0
 -1.1407996218300525E+00 -2.3170985309886123E+00 3.8420614944644871E-01
 8.7993196927562238E-03 -5.9868649103486018E-03 -1.5197695138558633E-03
0
0.0
 -1.1407996218300525E+00 -2.3170985309886123E+00 3.8420614944644871E-01
 8.7958813233201105E-03 -5.9362242171073975E-03 -1.5765433548405989E-03
0
0.0
 -1.1407996218300525E+00 -2.3170985309886123E+00 3.8420614944644871E-01
 8.6371860785193922E-03 -5.8059506741167683E-03 -1.4241164275150477E-03
0
0.0
 -1.1407996218300525E+00 -2.3170985309886123E+00 3.8420614944644871E-01
 8.9101260781829280E-03 -5.9970062703527376E-03 -1.8672125508886342E-03
0
0.0
 -1.1407996218300525E+00 -2.3170985309886123E+00 3.8420614944644871E-01
 8.6370724514422265E-03 -5.8952287811023900E-03 -1.8582124065317177E-03
0
0.0
 -1.1407996218300525E+00 -2.3170985309886123E+00 3.8420614944644871E-01
 8.7447553671505217E-03 -5.8674206303327156E-03 -1.5708554784077467E-03
0
0.0
 -1.1407996218300525E+00 -2.3170985309886123E+00 3.8420614944644871E-01
 8.7873983125160374E-03 -5.9182471736202924E-03 -1.5412839647264657E-03
0
0.0
 -1.1407996218300525E+00 -2.3170985309886123E+00 3.8420614944644871E-01
 8.7769864546170286E-03 -5.8922176582323436E-03 -1.6378099512260264E-03
0
0.0
 -1.1407996218300525E+00 -2.3170985309886123E+00 3.8420614944644871E-01
 8.8964202347812955E-03 -5.9402684251666617E-03 -1.3490289557717289E-03
0
0.0
 -1.1407996218300525E+00 -2.3170985309886123E+00 3.8420614944644871E-01
 8.7309761545329833E-03 -5.7971321878350470E-03 -1.5879168355408940E-03
0
0.0
 -1.1407996218300525E+00 -2.3170985309886123E+00 3.8420614944644871E-01
 8.6560993066300308E-03 -5.7891963520422651E-03 -1.7232778664858963E-03
0
0.0
 -1.1407996218300525E+00 -2.3170985309886123E+00 3.8420614944644871E-01
 8.6978947225409917E-03 -5.7970255238748974E-03 -1.7549086525455548E-03
0
0.0
 -1.1407996218300525E+00 -2.3170985309886123E+00 3.8420614944644871E-01
 8.7311216369920508E-03 -6.0261815355420294E-03 -1.5936574647855925E-03
0
0.0
 -1.1407996218300525E+00 -2.3170985309886123E+00 3.8420614944644871E-01
 8.7511253453589986E-03 -6.0009308669354009E-03 -1.6621998765057055E-03
0
0.0
 -1.1407996218300525E+00 -2.3170985309886123E+00 3.8420614944644871E-01
 8.8878822086785794E-03 -6.0630634528457406E-03 -1.4814152598687273E-03
0
0.0
 -1.1407996218300525E+00 -2.3170985309886123E+00 3.8420614944644871E-01
 8.8907885627557692E-03 -5.8458666186613963E-03 -1.6644531276197067E-03
0
0.0
 -1.1407996218300525E+00 -2.3170985309886123E+00 3.8420614944644871E-01
 9.0654711901805608E-03 -5.8957843149626890E-03 -1.5968085279218273E-03
0
0.0
 -1.1407996218300525E+00 -2.3170985309886123E+00 3.8420614944644871E-01
 8.9699427626452506E-03 -6.1642759981223889E-03 -1.5860824198185215E-03
0
0.0
 -1.1407996218300525E+00 -2.3170985309886123E+00 3.8420614944644871E-01
 8.6766136173275932E-03 -5.8713404381628880E-03 -1.7455276283096892E-03
0
0.0
 -1.1407996218300525E+00 -2.3170985309886123E+00 3.8420614944644871E-01
 8.9811193391936255E-03 -5.7107097224139728E-03 -1.7033136668659326E-03
0
0.0
 -1.1407996218300525E+00 -2.3170985309886123E+00 3.8420614944644871E-01
 8.8185032494269983E-03 -5.7625503128091674E-03 -1.4653473929658256E-03
0
0.0
 -1.1407996218300525E+00 -2.3170985309886123E+00 3.8420614944644871E-01
 8.8430184073295531E-03 -5.8161739879020839E-03 -1.7057012658936114E-03
0
0.0
 -1.1407996218300525E+00 -2.3170985309886123E+00 3.8420614944644871E-01
 8.7325356570593527E-03 -5.9143577844182936E-03 -1.5810681243135659E-03
0
0.0
 -1.1407996218300525E+00 -2.3170985309886123E+00 3.8420614944644871E-01
 8.8716449761040150E-03 -5.8180661301024958E-03 -1.5612945386095807E-03
0
0.0
 -1.1407996218300525E+00 -2.3170985309886123E+00 3.8420614944644871E-01
 9.1181666233463767E-03 -5.9465138542597537E-03 -1.5597730074398692E-03
0
0.0
 -1.1407996218300525E+00 -2.3170985309886123E+00 3.8420614944644871E-01
 8.9368554695241024E-03 -5.7759478920878463E-03 -1.5464041955155700E-03
0
0.0
 -1.1407996218300525E+00 -2.3170985309886123E+00 3.8420614944644871E-01
 8.6885014468369333E-03 -5.9646864654924157E-03 -1.7956061517975562E-03
0
0.0
 -1.1407996218300525E+00 -2.3170985309886123E+00 3.8420614944644871E-01
 8.8432952701779678E-03 -6.0607142043841971E-03 -1.6424645677658384E-03
0
0.0
 -1.1407996218300525E+00 -2.3170985309886123E+00 3.8420614944644871E-01
 8.8758567381103295E-03 -5.8966558427375080E-03 -1.3031916511348073E-03
0
0.0
 -1.1407996218300525E+00 -2.3170985309886123E+00 3.8420614944644871E-01
 8.9244567301204596E-03 -5.8909323736294249E-03 -1.7536765483731648E-03
0
0.0
 -1.1407996218300525E+00 -2.3170985309886123E+00 3.8420614944644871E-01
 9.0575093341387219E-03 -5.8979617332599035E-03 -1.7402919746531465E-03
0
0.0
 -1.1407996218300525E+00 -2.3170985309886123E+00 3.8420614944644871E-01
 8.6818218473087901E-03 -5.7548960041754939E-03 -1.6473484103380874E-03
0
0.0
 -1.1407996218300525E+00 -2.3170985309886123E+00 3.8420614944644871E-01
 8.9035696261461732E-03 -5.8992386011135038E-03 -1.5019101002731350E-03
0
0.0
 -1.1407996218300525E+00 -2.3170985309886123E+00 3.8420614944644871E-01
 9.0756177823914357E-03 -5.8754186696792013E-03 -1.6216728409781261E-03
0
0.0
 -1.1407996218300525E+00 -2.3170985309886123E+00 3.8420614944644871E-01
 8.9270543329568099E-03 -5.6685743329723459E-03 -1.6025854358522513E-03
0
0.0
 -1.1407996218300525E+00 -2.3170985309886123E+00 3.8420614944644871E-01
 8.6638402485657018E-03 -5.7418194213307971E-03 -1.5819983755472127E-03
0
0.0
 -1.1407996218300525E+00 -2.3170985309886123E+00 3.8420614944644871E-01
 8.7548662877208801E-03 -5.8293260481783529E-03 -1.7328983919081334E-03
0
0.0
 -1.1407996218300525E+00 -2.3170985309886123E+00 3.8420614944644871E-01
 8.8482113336529385E-03 -6.0312359194731333E-03 -1.6002002038257971E-03
0
0.0
 -1.1407996218300525E+00 -2.3170985309886123E+00 3.8420614944644871E-01
 8.7820146064912768E-03 -5.7949328655441208E-03 -1.6748369854824533E-03
0
0.0
 -1.1407996218300525E+00 -2.3170985309886123E+00 3.8420614944644871E-01
 8.7799443209565821E-03 -5.9595608891053762E-03 -1.5899427122739963E-03
0
0.0
 -1.1407996218300525E+00 -2.3170985309886123E+00 3.8420614944644871E-01
 8.9302408150157726E-03 -6.0082037060134597E-03 -1.7479553744185021E-03
0
0.0
 -1.1407996218300525E+00 -2.3170985309886123E+00 3.8420614944644871E-01
 8.8003915267928674E-03 -5.9883249484103318E-03 -1.2870906157643064E-03
0
0.0
 -1.1407996218300525E+00 -2.3170985309886123E+00 3.8420614944644871E-01
 8.8357454782840381E-03 -5.8357051648854283E-03 -1.4429602903959151E-03
0
0.0
 -1.1407996218300525E+00 -2.3170985309886123E+00 3.8420614944644871E-01
 8.5842004733456250E-03 -5.8036666768459481E-03 -1.7438038157688148E-03
0
0.0
 -1.1407996218300525E+00 -2.3170985309886123E+00 3.8420614944644871E-01
 8.8767650643918183E-03 -5.8003333022670148E-03 -1.6631790600664382E-03
0
0.0
 -1.1407996218300525E+00 -2.3170985309886123E+00 3.8420614944644871E-01
 8.6032674347719090E-03 -5.9399864490098531E-03 -1.4737804253891441E-03
0
0.0
 -1.1407996218300525E+00 -2.3170985309886123E+00 3.8420614944644871E-01
 8.7263029643587283E-03 -6.0956058330412961E-03 -1.8013404207592692E-03
0
0.0
 -1.1407996218300525E+00 -2.3170985309886123E+00 3.8420614944644871E-01
 9.0050534541584060E-03 -6.0831609224718556E-03 -1.4507226444326637E-03
0
0.0
 -1.1407996218300525E+00 -2.3170985309886123E+00 3.8420614944644871E-01
 8.8430104459284748E-03 -6.0245885406087973E-03 -1.6953770991955683E-03
0
0.0
 -1.1407996218300525E+00 -2.3170985309886123E+00 3.8420614944644871E-01
 8.6884441777818084E-03 -5.7662589513815020E-03 -1.6769200114027168E-03
0
0.0
 -1.1407996218300525E+00 -2.3170985309886123E+00 3.8420614944644871E-01
 8.8419532786518495E-03 -5.9094915890758968E-03 -1.5557301414355952E-03
0
0.0
 -1.1407996218300525E+00 -2.3170985309886123E+00 3.8420614944644871E-01
 8.5738792699482508E-03 -5.9819398074527786E-03 -1.5584805462631156E-03
0
0.0
 -1.1407996218300525E+00 -2.3170985309886123E+00 3.8420614944644871E-01
 8.7866737462691542E-03 -6.0521690812356333E-03 -1.6849113161902427E-03
0
0.0
 -1.1407996218300525E+00 -2.3170985309886123E+00 3.8420614944644871E-01
 8.7207269368265328E-03 -5.7829479116959775E-03 -1.4443549461322157E-03
0
0.0
 -1.1407996218300525E+00 -2.3170985309886123E+00 3.8420614944644871E-01
 8.9114828145769025E-03 -5.7149622933822123E-03 -1.8231317284956440E-03
0
0.0
 -1.1407996218300525E+00 -2.3170985309886123E+00 3.8420614944644871E-01
 8.6532173399683880E-03 -5.6890145308705585E-03 -1.5812910364009338E-03
0
0.0
 -1.1407996218300525E+00 -2.3170985309886123E+00 3.8420614944644871E-01
 8.7788239534502040E-03 -5.9709615915626447E-03 -1.8162127508353648E-03
0
0.0
 -1.1407996218300525E+00 -2.3170985309886123E+00 3.8420614944644871E-01
 8.8557610821836993E-03 -6.0523256103279530E-03 -1.7038007232640679E-03
0
0.0
 -1.1407996218300525E+00 -2.3170985309886123E+00 3.8420614944644871E-01
 8.8631011974715911E-03 -5.8272925334362895E-03 -1.6340804512861085E-03
0
0.0
 -1.1407996218300525E+00 -2.3170985309886123E+00 3.8420614944644871E-01
 8.5731939354280560E-03 -5.7185835151550950E-03 -1.5948335739519081E-03
0
0.0
 -1.1407996218300525E+00 -2.3170985309886123E+00 3.8420614944644871E-01
 8.8650494579417607E-03 -5.9551664531517640E-03 -1.7198941661987122E-03
0
0.0
 -1.1407996218300525E+00 -2.3170985309886123E+00 3.8420614944644871E-01
 8.6521874418861583E-03 -5.9276625737614977E-03 -1.7433471093003840E-03
0
0.0
 -1.1407996218300525E+00 -2.3170985309886123E+00 3.8420614944644871E-01
 8.8221421396525151E-03 -5.9915734320743919E-03 -1.6819359666994623E-03
0
0.0
 -1.1407996218300525E+00 -2.3170985309886123E+00 3.8420614944644871E-01
 9.0003376836841308E-03 -5.7811547549319903E-03 -1.6965559192816670E-03
0
0.0
 -1.1407996218300525E+00 -2.3170985309886123E+00 3.8420614944644871E-01
 8.8320346842379605E-03 -5.9003916713004957E-03 -1.7991912983042441E-03
0
0.0
 -1.1407996218300525E+00 -2.3170985309886123E+00 3.8420614944644871E-01
 8.7664130852432957E-03 -5.9431280889707646E-03 -1.5740813736004132E-03
0
0.0
 -1.1407996218300525E+00 -2.3170985309886123E+00 3.8420614944644871E-01
 8.8111786072731686E-03 -5.7951301934468071E-03 -1.6809081052014297E-03
0
0.0
 -1.1407996218300525E+00 -2.3170985309886123E+00 3.8420614944644871E-01
 8.8553048573577781E-03 -6.0147800935699946E-03 -1.6844168645208922E-03
0
0.0
 -1.1407996218300525E+00 -2.3170985309886123E+00 3.8420614944644871E-01
 8.7306244394282917E-03 -5.8309349671537142E-03 -1.6496944507769561E-03
0
0.0
 -1.1407996218300525E+00 -2.3170985309886123E+00 3.8420614944644871E-01
 8.7198544475117334E-03 -5.9876113402108329E-03 -1.5720045169610310E-03
0
0.0
 -1.1407996218300525E+00 -2.3170985309886123E+00 3.8420614944644871E-01
 8.8169818802788773E-03 -5.8609818577239478E-03 -1.7125516499229005E-03
0
0.0
 -1.1407996218300525E+00 -2.3170985309886123E+00 3.8420614944644871E-01
 8.8716240833940155E-03 -5.8952357316963723E-03 -1.6943172230684637E-03
0
0.0
 -1.1407996218300525E+00 -2.3170985309886123E+00 3.8420614944644871E-01
 8.7954308387616989E-03 -5.9374349935240453E-03 -1.5952641411237643E-03
0
0.0
 -1.1407996218300525E+00 -2.3170985309886123E+00 3.8420614944644871E-01
 8.6819175392683912E-03 -6.0267326418443701E-03 -1.8593977357151015E-03
0
0.0
 -1.1407996218300525E+00 -2.3170985309886123E+00 3.8420614944644871E-01
 8.8351412186849741E-03 -5.9647662354986065E-03 -1.6049700976165700E-03
0
0.0
 -1.1407996218300525E+00 -2.3170985309886123E+00 3.8420614944644871E-01
 8.8040956846340002E-03 -5.9487235987199715E-03 -1.8070382124689968E-03
0
0.0
 -1.1407996218300525E+00 -2.3170985309886123E+00 3.8420614944644871E-01
 8.9680942800464368E-03 -5.8482834772562563E-03 -1.8014172329745204E-03
0
0.0
 -1.1407996218300525E+00 -2.3170985309886123E+00 3.8420614944644871E-01
 8.5922204546613860E-03 -6.0954829712796367E-03 -1.7839244725959085E-03
0
0.0
 -1.1407996218300525E+00 -2.3170985309886123E+00 3.8420614944644871E-01
 8.8023634141225233E-03 -5.9101155206761589E-03 -1.5630142705228499E-03
0
0.0
 -1.1407996218300525E+00 -2.3170985309886123E+00 3.8420614944644871E-01
 8.9217567020271043E-03 -5.8023159235808903E-03 -1.7535272382892496E-03
0
0.0
 -1.1407996218300525E+00 -2.3170985309886123E+00 3.8420614944644871E-01
 8.8623966209932323E-03 -6.1611354104689061E-03 -1.4748446774439572E-03
0
0.0
 -1.1407996218300525E+00 -2.3170985309886123E+00 3.8420614944644871E-01
 8.8878878072505552E-03 -5.6765528128557572E-03 -1.8167779952382693E-03
0
0.0
 -1.1407996218300525E+00 -2.3170985309886123E+00 3.8420614944644871E-01
 8.6405417957283025E-03 -5.9756868867665942E-03 -1.6975814283170722E-03
0
0.0
 -1.1407996218300525E+00 -2.3170985309886123E+00 3.8420614944644871E-01
 8.7540607498702606E-03 -5.6978606033839417E-03 -1.6287370249891998E-03
0
0.0
 -1.1407996218300525E+00 -2.3170985309886123E+00 3.8420614944644871E-01
 8.9029853910551193E-03 -6.0841070353787026E-03 -1.4963749257674444E-03
0
0.0
 -1.1407996218300525E+00 -2.3170985309886123E+00 3.8420614944644871E-01
 8.7718554466895502E-03 -6.2258625956884495E-03 -1.6422626513919833E-03
0
0.0
 -1.1407996218300525E+00 -2.3170985309886123E+00 3.8420614944644871E-01
 8.8667966876540497E-03 -5.8300028842964962E-03 -1.4742871310029358E-03
0
0.0
 -1.1407996218300525E+00 -2.3170985309886123E+00 3.8420614944644871E-01
 8.4999025633397882E-03 -5.8275287106905847E-03 -1.7992799979450007E-03
0
0.0
 -1.1407996218300525E+00 -2.3170985309886123E+00 3.8420614944644871E-01
 8.7952598275753604E-03 -5.9274383071584386E-03 -1.5608168475009427E-03
0
0.0
 -1.1407996218300525E+00 -2.3170985309886123E+00 3.8420614944644871E-01
 8.6993060404889494E-03 -5.9432558104451378E-03 -1.6264605929200823E-03
0
0.0
 -1.1407996218300525E+00 -2.3170985309886123E+00 3.8420614944644871E-01
 8.6329328581996080E-03 -5.9480168607758694E-03 -1.5144522865026323E-03
0
0.0
 -1.1407996218300525E+00 -2.3170985309886123E+00 3.8420614944644871E-01
 8.8299558915145189E-03 -6.0207339400544131E-03 -1.4500853727054076E-03
0
0.0
 -1.1407996218300525E+00 -2.3170985309886123E+00 3.8420614944644871E-01
 8.8617807863369188E-03 -5.9488225958466397E-03 -1.5768295685777574E-03
0
0.0
 -1.1407996218300525E+00 -2.3170985309886123E+00 3.8420614944644871E-01
 8.8586518651959222E-03 -5.6495084641263295E-03 -1.5454090781834471E-03
0
0.0
 -1.1407996218300525E+00 -2.3170985309886123E+00 3.8420614944644871E-01
 8.9673000810934558E-03 -5.8010450873168537E-03 -1.7314016807020943E-03
0
0.0
 -1.1407996218300525E+00 -2.3170985309886123E+00 3.8420614944644871E-01
 8.7016788050150173E-03 -5.7571561996724941E-03 -1.3362348644419709E-03
0
0.0
 -1.1407996218300525E+00 -2.3170985309886123E+00 3.8420614944644871E-01
 8.7035165126460676E-03 -5.7042809061473940E-03 -1.4461752135397628E-03
0
0.0
 -1.1407996218300525E+00 -2.3170985309886123E+00 3.8420614944644871E-01
 8.8976384873536481E-03 -5.9427223021340939E-03 -1.6060629873887241E-03
0
0.0
 -1.1407996218300525E+00 -2.3170985309886123E+00 3.8420614944644871E-01
 8.8907011900827785E-03 -5.9156033565300869E-03 -1.9365500790471659E-03
0
0.0
 -1.1407996218300525E+00 -2.3170985309886123E+00 3.8420614944644871E-01
 8.8168855309211109E-03 -5.6787012691515365E-03 -1.6893080641667533E-03
0
0.0
 -1.1407996218300525E+00 -2.3170985309886123E+00 3.8420614944644871E-01
 8.4971742955254597E-03 -5.7806393273021062E-03 -1.7439880808597615E-03
0
0.0
 -1.1407996218300525E+00 -2.3170985309886123E+00 3.8420614944644871E-01
 8.7568887144350536E-03 -6.1015820914721089E-03 -1.6252200379545311E-03
0
0.0
 -1.1407996218300525E+00 -2.3170985309886123E+00 3.8420614944644871E-01
 8.7198734302029336E-03 -6.0641815106025811E-03 -1.6128282136347689E-03
0
0.0
 -1.1407996218300525E+00 -2.3170985309886123E+00 3.8420614944644871E-01
 8.8650902249483056E-03 -5.8960749453121127E-03 -1.6653966814289373E-03
0
0.0
 -1.1407996218300525E+00 -2.3170985309886123E+00 3.8420614944644871E-01
 8.8075213478676345E-03 -5.9246506572548921E-03 -1.5861343762287204E-03
0
0.0
 -1.1407996218300525E+00 -2.3170985309886123E+00 3.8420614944644871E-01
 8.6995889083517491E-03 -6.0762148872821635E-03 -1.5691265111949209E-03
0
0.0
 -1.1407996218300525E+00 -2.3170985309886123E+00 3.8420614944644871E-01
 8.8673952701348781E-03 -5.8098781346616430E-03 -1.6075825218458989E-03
0
0.0
 -1.1407996218300525E+00 -2.3170985309886123E+00 3.8420614944644871E-01
 8.7904735866417248E-03 -6.0891855129442760E-03 -1.5809873812866601E-03
0
0.0
 -1.1407996218300525E+00 -2.3170985309886123E+00 3.8420614944644871E-01
 8.8420051335640626E-03 -5.9777622250871982E-03 -1.5678759006414722E-03
0
0.0
 -1.1407996218300525E+00 -2.3170985309886123E+00 3.8420614944644871E-01
 9.0222789966464233E-03 -5.8268070017617607E-03 -1.6413390586393895E-03
0
0.0
 -1.1407996218300525E+00 -2.3170985309886123E+00 3.8420614944644871E-01
 8.9908649858492194E-03 -6.0391656952985279E-03 -1.7936784194342431E-03
0
0.0
 -1.1407996218300525E+00 -2.3170985309886123E+00 3.8420614944644871E-01
 8.8213491267567275E-03 -5.9545689392610079E-03 -1.6862694773687932E-03
0
0.0
 -1.1407996218300525E+00 -2.3170985309886123E+00 3.8420614944644871E-01
 8.8244969761599543E-03 -6.0181720503928796E-03 -1.6628620440727782E-03
0
0.0
 -1.1407996218300525E+00 -2.3170985309886123E+00 3.8420614944644871E-01
 8.8884815398079277E-03 -5.8198507897315949E-03 -1.6369182769658281E-03
0
0.0
 -1.1407996218300525E+00 -2.3170985309886123E+00 3.8420614944644871E-01
 8.6375653624579211E-03 -5.7936019943490343E-03 -1.6025622389790784E-03
0
0.0
 -1.1407996218300525E+00 -2.3170985309886123E+00 3.8420614944644871E-01
 8.9556931118373387E-03 -5.8026462599591469E-03 -1.6449415429475546E-03
0
0.0
 -1.1407996218300525E+00 -2.3170985309886123E+00 3.8420614944644871E-01
 8.4736836496846126E-03 -5.9171506325219215E-03 -1.4824489030487997E-03
0
0.0
 -1.1407996218300525E+00 -2.3170985309886123E+00 3.8420614944644871E-01
 8.6510887948403441E-03 -5.9391671412561235E-03 -1.5877265870075318E-03
0
0.0
 -1.1407996218300525E+00 -2.3170985309886123E+00 3.8420614944644871E-01
 8.7004854942068742E-03 -5.8208379225800182E-03 -1.6649741686186983E-03
0
0.0
 -1.1407996218300525E+00 -2.3170985309886123E+00 3.8420614944644871E-01
 8.7929635521352481E-03 -5.7048384285832950E-03 -1.6277814988683811E-03
0
0.0
 -1.1407996218300525E+00 -2.3170985309886123E+00 3.8420614944644871E-01
 8.8333669895444712E-03 -5.8776489245813777E-03 -1.6700230458326806E-03
0
0.0
 -1.1407996218300525E+00 -2.3170985309886123E+00 3.8420614944644871E-01
 8.8035819160627669E-03 -5.9124054113047792E-03 -1.5030268605635490E-03
0
0.0
 -1.1407996218300525E+00 -2.3170985309886123E+00 3.8420614944644871E-01
 8.7345185584846909E-03 -6.0070139758500538E-03 -1.6626846417263647E-03
0
0.0
 -1.1407996218300525E+00 -2.3170985309886123E+00 3.8420614944644871E-01
 8.8078471387283523E-03 -5.9767496554482130E-03 -1.5318744277468539E-03
0
0.0
 -1.1407996218300525E+00 -2.3170985309886123E+00 3.8420614944644871E-01
 8.8461032725928625E-03 -5.7923605566356350E-03 -1.6263230025579415E-03
0
0.0
 -1.1407996218300525E+00 -2.3170985309886123E+00 3.8420614944644871E-01
 8.8892215322556884E-03 -6.0109690338596778E-03 -1.6360297206638647E-03
0
0.0
 -1.1407996218300525E+00 -2.3170985309886123E+00 3.8420614944644871E-01
 8.7942254534853770E-03 -5.8815682597701691E-03 -1.6845650311531066E-03
0
0.0
 -1.1407996218300525E+00 -2.3170985309886123E+00 3.8420614944644871E-01
 9.0110932906784392E-03 -5.9827624762088995E-03 -1.4720077296853607E-03
0
0.0
 -1.1407996218300525E+00 -2.3170985309886123E+00 3.8420614944644871E-01
 8.8440279395054031E-03 -5.8014426889795561E-03 -1.8184517027252261E-03
0
0.0
 -1.1407996218300525E+00 -2.3170985309886123E+00 3.8420614944644871E-01
 8.8010058243170718E-03 -6.1228094519122714E-03 -1.4422677425694364E-03
0
0.0
 -1.1407996218300525E+00 -2.3170985309886123E+00 3.8420614944644871E-01
 8.5198641348320607E-03 -5.7950360559788552E-03 -1.7639910207434013E-03
0
0.0
 -1.1407996218300525E+00 -2.3170985309886123E+00 3.8420614944644871E-01
 8.6795620124787524E-03 -5.7087905868381719E-03 -1.6083743873314394E-03
0
0.0
 -1.1407996218300525E+00 -2.3170985309886123E+00 3.8420614944644871E-01
 8.6522526922008496E-03 -5.7070813306893502E-03 -1.4284211583424791E-03
0
0.0
 -1.1407996218300525E+00 -2.3170985309886123E+00 3.8420614944644871E-01
 8.6958796669114914E-03 -5.8916740867112887E-03 -1.6641445194151780E-03
0
0.0
 -1.1407996218300525E+00 -2.3170985309886123E+00 3.8420614944644871E-01
 8.8078356275673782E-03 -5.8754159762881269E-03 -1.5300693417212190E-03
0
0.0
 -1.1407996218300525E+00 -2.3170985309886123E+00 3.8420614944644871E-01
 8.5096148936964367E-03 -6.0712078391446465E-03 -1.6208344612232077E-03
0
0.0
 -1.1407996218300525E+00 -2.3170985309886123E+00 3.8420614944644871E-01
 8.9520930189405067E-03 -5.9666787200206173E-03 -1.5512727427813037E-03
0
0.0
 -1.1407996218300525E+00 -2.3170985309886123E+00 3.8420614944644871E-01
 8.6318013025662669E-03 -5.8673546209221132E-03 -1.5897645838264512E-03
0
0.0
 -1.1407996218300525E+00 -2.3170985309886123E+00 3.8420614944644871E-01
 8.7796768609613631E-03 -5.7436833094063350E-03 -1.3634827378541572E-03
0
0.0
 -1.1407996218300525E+00 -2.3170985309886123E+00 3.8420614944644871E-01
 8.5319571908009321E-03 -5.8611281528977875E-03 -1.6948789929711503E-03
0
0.0
 -1.1407996218300525E+00 -2.3170985309886123E+00 3.8420614944644871E-01
 8.7823478932222872E-03 -5.9087799690926840E-03 -1.5819515389100666E-03
0
0.0
