400
 115844.00 3540.0 2000.0 0.0010  680.0 0.10 0.90
   1393.00 3540.0 2000.0 0.0010  680.0 0.10 0.90
   3182.00 3540.0 2000.0 0.0010  680.0 0.10 0.90
    763.00 3540.0 2000.0 0.0010  680.0 0.10 0.90
    635.00 3540.0 2000.0 0.0010  680.0 0.10 0.90
   1143.00 3540.0 2000.0 0.0010  680.0 0.10 0.90
    729.00 3540.0 2000.0 0.0010  680.0 0.10 0.90
   2478.00 3540.0 2000.0 0.0010  680.0 0.10 0.90
   1470.00 3540.0 2000.0 0.0010  680.0 0.10 0.90
    427.00 3540.0 2000.0 0.0010  680.0 0.10 0.90
   1587.00 3540.0 2000.0 0.0010  680.0 0.10 0.90
    917.00 3540.0 2000.0 0.0010  680.0 0.10 0.90
    763.00 3540.0 2000.0 0.0010  680.0 0.10 0.90
    696.00 3540.0 2000.0 0.0010  680.0 0.10 0.90
    528.00 3540.0 2000.0 0.0010  680.0 0.10 0.90
    523.00 3540.0 2000.0 0.0010  680.0 0.10 0.90
   3805.00 3540.0 2000.0 0.0010  680.0 0.10 0.90
    876.00 3540.0 2000.0 0.0010  680.0 0.10 0.90
    763.00 3540.0 2000.0 0.0010  680.0 0.10 0.90
   1637.00 3540.0 2000.0 0.0010  680.0 0.10 0.90
   1928.00 3540.0 2000.0 0.0010  680.0 0.10 0.90
   1210.00 3540.0 2000.0 0.0010  680.0 0.10 0.90
    504.00 3540.0 2000.0 0.0010  680.0 0.10 0.90
   3163.00 3540.0 2000.0 0.0010  680.0 0.10 0.90
   2957.00 3540.0 2000.0 0.0010  680.0 0.10 0.90
   2208.00 3540.0 2000.0 0.0010  680.0 0.10 0.90
   2634.00 3540.0 2000.0 0.0010  680.0 0.10 0.90
   2305.00 3540.0 2000.0 0.0010  680.0 0.10 0.90
    635.00 3540.0 2000.0 0.0010  680.0 0.10 0.90
    528.00 3540.0 2000.0 0.0010  680.0 0.10 0.90
   2187.00 3540.0 2000.0 0.0010  680.0 0.10 0.90
   1327.00 3540.0 2000.0 0.0010  680.0 0.10 0.90
    696.00 3540.0 2000.0 0.0010  680.0 0.10 0.90
    763.00 3540.0 2000.0 0.0010  680.0 0.10 0.90
    553.00 3540.0 2000.0 0.0010  680.0 0.10 0.90
    607.00 3540.0 2000.0 0.0010  680.0 0.10 0.90
    729.00 3540.0 2000.0 0.0010  680.0 0.10 0.90
    360.00 3540.0 2000.0 0.0010  680.0 0.10 0.90
   2291.00 3540.0 2000.0 0.0010  680.0 0.10 0.90
    504.00 3540.0 2000.0 0.0010  680.0 0.10 0.90
   1006.00 3540.0 2000.0 0.0010  680.0 0.10 0.90
    481.00 3540.0 2000.0 0.0010  680.0 0.10 0.90
   5992.00 3540.0 2000.0 0.0010  680.0 0.10 0.90
    729.00 3540.0 2000.0 0.0010  680.0 0.10 0.90
    528.00 3540.0 2000.0 0.0010  680.0 0.10 0.90
   1266.00 3540.0 2000.0 0.0010  680.0 0.10 0.90
   1006.00 3540.0 2000.0 0.0010  680.0 0.10 0.90
   2512.00 3540.0 2000.0 0.0010  680.0 0.10 0.90
   1389.00 3540.0 2000.0 0.0010  680.0 0.10 0.90
   1054.00 3540.0 2000.0 0.0010  680.0 0.10 0.90
    665.00 3540.0 2000.0 0.0010  680.0 0.10 0.90
   2652.00 3540.0 2000.0 0.0010  680.0 0.10 0.90
   2186.00 3540.0 2000.0 0.0010  680.0 0.10 0.90
   1591.00 3540.0 2000.0 0.0010  680.0 0.10 0.90
    837.00 3540.0 2000.0 0.0010  680.0 0.10 0.90
    553.00 3540.0 2000.0 0.0010  680.0 0.10 0.90
    504.00 3540.0 2000.0 0.0010  680.0 0.10 0.90
   3552.00 3540.0 2000.0 0.0010  680.0 0.10 0.90
   2986.00 3540.0 2000.0 0.0010  680.0 0.10 0.90
   1054.00 3540.0 2000.0 0.0010  680.0 0.10 0.90
    729.00 3540.0 2000.0 0.0010  680.0 0.10 0.90
    799.00 3540.0 2000.0 0.0010  680.0 0.10 0.90
   3347.00 3540.0 2000.0 0.0010  680.0 0.10 0.90
    961.00 3540.0 2000.0 0.0010  680.0 0.10 0.90
   1327.00 3540.0 2000.0 0.0010  680.0 0.10 0.90
    917.00 3540.0 2000.0 0.0010  680.0 0.10 0.90
    395.00 3540.0 2000.0 0.0010  680.0 0.10 0.90
   1006.00 3540.0 2000.0 0.0010  680.0 0.10 0.90
    763.00 3540.0 2000.0 0.0010  680.0 0.10 0.90
   2801.00 3540.0 2000.0 0.0010  680.0 0.10 0.90
   1280.00 3540.0 2000.0 0.0010  680.0 0.10 0.90
   1006.00 3540.0 2000.0 0.0010  680.0 0.10 0.90
    528.00 3540.0 2000.0 0.0010  680.0 0.10 0.90
    497.00 3540.0 2000.0 0.0010  680.0 0.10 0.90
    696.00 3540.0 2000.0 0.0010  680.0 0.10 0.90
   4864.00 3540.0 2000.0 0.0010  680.0 0.10 0.90
   1103.00 3540.0 2000.0 0.0010  680.0 0.10 0.90
    548.00 3540.0 2000.0 0.0010  680.0 0.10 0.90
   1103.00 3540.0 2000.0 0.0010  680.0 0.10 0.90
   1210.00 3540.0 2000.0 0.0010  680.0 0.10 0.90
   1103.00 3540.0 2000.0 0.0010  680.0 0.10 0.90
   1155.00 3540.0 2000.0 0.0010  680.0 0.10 0.90
   1054.00 3540.0 2000.0 0.0010  680.0 0.10 0.90
    607.00 3540.0 2000.0 0.0010  680.0 0.10 0.90
    528.00 3540.0 2000.0 0.0010  680.0 0.10 0.90
    528.00 3540.0 2000.0 0.0010  680.0 0.10 0.90
    837.00 3540.0 2000.0 0.0010  680.0 0.10 0.90
    917.00 3540.0 2000.0 0.0010  680.0 0.10 0.90
    837.00 3540.0 2000.0 0.0010  680.0 0.10 0.90
    665.00 3540.0 2000.0 0.0010  680.0 0.10 0.90
    726.00 3540.0 2000.0 0.0010  680.0 0.10 0.90
   4779.00 3540.0 2000.0 0.0010  680.0 0.10 0.90
    961.00 3540.0 2000.0 0.0010  680.0 0.10 0.90
    579.00 3540.0 2000.0 0.0010  680.0 0.10 0.90
    477.00 3540.0 2000.0 0.0010  680.0 0.10 0.90
   1858.00 3540.0 2000.0 0.0010  680.0 0.10 0.90
    665.00 3540.0 2000.0 0.0010  680.0 0.10 0.90
    460.00 3540.0 2000.0 0.0010  680.0 0.10 0.90
    452.00 3540.0 2000.0 0.0010  680.0 0.10 0.90
   3557.00 3540.0 2000.0 0.0010  680.0 0.10 0.90
   1523.00 3540.0 2000.0 0.0010  680.0 0.10 0.90
   1637.00 3540.0 2000.0 0.0010  680.0 0.10 0.90
   1821.00 3540.0 2000.0 0.0010  680.0 0.10 0.90
   1523.00 3540.0 2000.0 0.0010  680.0 0.10 0.90
    635.00 3540.0 2000.0 0.0010  680.0 0.10 0.90
    635.00 3540.0 2000.0 0.0010  680.0 0.10 0.90
    665.00 3540.0 2000.0 0.0010  680.0 0.10 0.90
    553.00 3540.0 2000.0 0.0010  680.0 0.10 0.90
    917.00 3540.0 2000.0 0.0010  680.0 0.10 0.90
   2527.00 3540.0 2000.0 0.0010  680.0 0.10 0.90
    729.00 3540.0 2000.0 0.0010  680.0 0.10 0.90
    790.00 3540.0 2000.0 0.0010  680.0 0.10 0.90
   2967.00 3540.0 2000.0 0.0010  680.0 0.10 0.90
   2752.00 3540.0 2000.0 0.0010  680.0 0.10 0.90
    837.00 3540.0 2000.0 0.0010  680.0 0.10 0.90
    799.00 3540.0 2000.0 0.0010  680.0 0.10 0.90
    579.00 3540.0 2000.0 0.0010  680.0 0.10 0.90
   1647.00 3540.0 2000.0 0.0010  680.0 0.10 0.90
   1670.00 3540.0 2000.0 0.0010  680.0 0.10 0.90
   1692.00 3540.0 2000.0 0.0010  680.0 0.10 0.90
   1273.00 3540.0 2000.0 0.0010  680.0 0.10 0.90
    665.00 3540.0 2000.0 0.0010  680.0 0.10 0.90
   1054.00 3540.0 2000.0 0.0010  680.0 0.10 0.90
   2902.00 3540.0 2000.0 0.0010  680.0 0.10 0.90
    358.00 3540.0 2000.0 0.0010  680.0 0.10 0.90
  11492.00 3540.0 2000.0 0.0010  680.0 0.10 0.90
    876.00 3540.0 2000.0 0.0010  680.0 0.10 0.90
   1917.00 3540.0 2000.0 0.0010  680.0 0.10 0.90
   3643.00 3540.0 2000.0 0.0010  680.0 0.10 0.90
   1448.00 3540.0 2000.0 0.0010  680.0 0.10 0.90
    607.00 3540.0 2000.0 0.0010  680.0 0.10 0.90
    837.00 3540.0 2000.0 0.0010  680.0 0.10 0.90
   1006.00 3540.0 2000.0 0.0010  680.0 0.10 0.90
    553.00 3540.0 2000.0 0.0010  680.0 0.10 0.90
   2027.00 3540.0 2000.0 0.0010  680.0 0.10 0.90
    665.00 3540.0 2000.0 0.0010  680.0 0.10 0.90
   1103.00 3540.0 2000.0 0.0010  680.0 0.10 0.90
    917.00 3540.0 2000.0 0.0010  680.0 0.10 0.90
   1266.00 3540.0 2000.0 0.0010  680.0 0.10 0.90
   1054.00 3540.0 2000.0 0.0010  680.0 0.10 0.90
   1210.00 3540.0 2000.0 0.0010  680.0 0.10 0.90
    504.00 3540.0 2000.0 0.0010  680.0 0.10 0.90
    528.00 3540.0 2000.0 0.0010  680.0 0.10 0.90
   2305.00 3540.0 2000.0 0.0010  680.0 0.10 0.90
    665.00 3540.0 2000.0 0.0010  680.0 0.10 0.90
    763.00 3540.0 2000.0 0.0010  680.0 0.10 0.90
    763.00 3540.0 2000.0 0.0010  680.0 0.10 0.90
   1210.00 3540.0 2000.0 0.0010  680.0 0.10 0.90
    665.00 3540.0 2000.0 0.0010  680.0 0.10 0.90
    926.00 3540.0 2000.0 0.0010  680.0 0.10 0.90
    696.00 3540.0 2000.0 0.0010  680.0 0.10 0.90
    635.00 3540.0 2000.0 0.0010  680.0 0.10 0.90
    419.00 3540.0 2000.0 0.0010  680.0 0.10 0.90
   1565.00 3540.0 2000.0 0.0010  680.0 0.10 0.90
   1103.00 3540.0 2000.0 0.0010  680.0 0.10 0.90
    665.00 3540.0 2000.0 0.0010  680.0 0.10 0.90
    696.00 3540.0 2000.0 0.0010  680.0 0.10 0.90
    799.00 3540.0 2000.0 0.0010  680.0 0.10 0.90
    545.00 3540.0 2000.0 0.0010  680.0 0.10 0.90
    799.00 3540.0 2000.0 0.0010  680.0 0.10 0.90
   2554.00 3540.0 2000.0 0.0010  680.0 0.10 0.90
    961.00 3540.0 2000.0 0.0010  680.0 0.10 0.90
   3450.00 3540.0 2000.0 0.0010  680.0 0.10 0.90
    665.00 3540.0 2000.0 0.0010  680.0 0.10 0.90
    799.00 3540.0 2000.0 0.0010  680.0 0.10 0.90
    635.00 3540.0 2000.0 0.0010  680.0 0.10 0.90
   2007.00 3540.0 2000.0 0.0010  680.0 0.10 0.90
   1155.00 3540.0 2000.0 0.0010  680.0 0.10 0.90
    579.00 3540.0 2000.0 0.0010  680.0 0.10 0.90
    799.00 3540.0 2000.0 0.0010  680.0 0.10 0.90
    799.00 3540.0 2000.0 0.0010  680.0 0.10 0.90
   3254.00 3540.0 2000.0 0.0010  680.0 0.10 0.90
   1270.00 3540.0 2000.0 0.0010  680.0 0.10 0.90
   1670.00 3540.0 2000.0 0.0010  680.0 0.10 0.90
   1006.00 3540.0 2000.0 0.0010  680.0 0.10 0.90
    502.00 3540.0 2000.0 0.0010  680.0 0.10 0.90
    579.00 3540.0 2000.0 0.0010  680.0 0.10 0.90
    579.00 3540.0 2000.0 0.0010  680.0 0.10 0.90
    481.00 3540.0 2000.0 0.0010  680.0 0.10 0.90
   2070.00 3540.0 2000.0 0.0010  680.0 0.10 0.90
   1198.00 3540.0 2000.0 0.0010  680.0 0.10 0.90
    665.00 3540.0 2000.0 0.0010  680.0 0.10 0.90
   1740.00 3540.0 2000.0 0.0010  680.0 0.10 0.90
    528.00 3540.0 2000.0 0.0010  680.0 0.10 0.90
    439.00 3540.0 2000.0 0.0010  680.0 0.10 0.90
    799.00 3540.0 2000.0 0.0010  680.0 0.10 0.90
   3087.00 3540.0 2000.0 0.0010  680.0 0.10 0.90
   1523.00 3540.0 2000.0 0.0010  680.0 0.10 0.90
   1903.00 3540.0 2000.0 0.0010  680.0 0.10 0.90
    837.00 3540.0 2000.0 0.0010  680.0 0.10 0.90
    696.00 3540.0 2000.0 0.0010  680.0 0.10 0.90
    763.00 3540.0 2000.0 0.0010  680.0 0.10 0.90
    579.00 3540.0 2000.0 0.0010  680.0 0.10 0.90
   3635.00 3540.0 2000.0 0.0010  680.0 0.10 0.90
   1766.00 3540.0 2000.0 0.0010  680.0 0.10 0.90
   1454.00 3540.0 2000.0 0.0010  680.0 0.10 0.90
    799.00 3540.0 2000.0 0.0010  680.0 0.10 0.90
   1149.00 3540.0 2000.0 0.0010  680.0 0.10 0.90
    401.00 3540.0 2000.0 0.0010  680.0 0.10 0.90
    876.00 3540.0 2000.0 0.0010  680.0 0.10 0.90
    763.00 3540.0 2000.0 0.0010  680.0 0.10 0.90
    553.00 3540.0 2000.0 0.0010  680.0 0.10 0.90
    421.00 3540.0 2000.0 0.0010  680.0 0.10 0.90
   1744.00 3540.0 2000.0 0.0010  680.0 0.10 0.90
   2268.00 3540.0 2000.0 0.0010  680.0 0.10 0.90
   1813.00 3540.0 2000.0 0.0010  680.0 0.10 0.90
   4668.00 3540.0 2000.0 0.0010  680.0 0.10 0.90
   2051.00 3540.0 2000.0 0.0010  680.0 0.10 0.90
   1129.00 3540.0 2000.0 0.0010  680.0 0.10 0.90
    850.00 3540.0 2000.0 0.0010  680.0 0.10 0.90
    729.00 3540.0 2000.0 0.0010  680.0 0.10 0.90
   1134.00 3540.0 2000.0 0.0010  680.0 0.10 0.90
    665.00 3540.0 2000.0 0.0010  680.0 0.10 0.90
    635.00 3540.0 2000.0 0.0010  680.0 0.10 0.90
   3218.00 3540.0 2000.0 0.0010  680.0 0.10 0.90
   1103.00 3540.0 2000.0 0.0010  680.0 0.10 0.90
    837.00 3540.0 2000.0 0.0010  680.0 0.10 0.90
    696.00 3540.0 2000.0 0.0010  680.0 0.10 0.90
    504.00 3540.0 2000.0 0.0010  680.0 0.10 0.90
   1859.00 3540.0 2000.0 0.0010  680.0 0.10 0.90
    504.00 3540.0 2000.0 0.0010  680.0 0.10 0.90
    763.00 3540.0 2000.0 0.0010  680.0 0.10 0.90
   1776.00 3540.0 2000.0 0.0010  680.0 0.10 0.90
   1831.00 3540.0 2000.0 0.0010  680.0 0.10 0.90
   1337.00 3540.0 2000.0 0.0010  680.0 0.10 0.90
    763.00 3540.0 2000.0 0.0010  680.0 0.10 0.90
    460.00 3540.0 2000.0 0.0010  680.0 0.10 0.90
   8543.00 3540.0 2000.0 0.0010  680.0 0.10 0.90
   2916.00 3540.0 2000.0 0.0010  680.0 0.10 0.90
    696.00 3540.0 2000.0 0.0010  680.0 0.10 0.90
    665.00 3540.0 2000.0 0.0010  680.0 0.10 0.90
    439.00 3540.0 2000.0 0.0010  680.0 0.10 0.90
    968.00 3540.0 2000.0 0.0010  680.0 0.10 0.90
    528.00 3540.0 2000.0 0.0010  680.0 0.10 0.90
    961.00 3540.0 2000.0 0.0010  680.0 0.10 0.90
   1210.00 3540.0 2000.0 0.0010  680.0 0.10 0.90
    785.00 3540.0 2000.0 0.0010  680.0 0.10 0.90
   1266.00 3540.0 2000.0 0.0010  680.0 0.10 0.90
   1006.00 3540.0 2000.0 0.0010  680.0 0.10 0.90
   1006.00 3540.0 2000.0 0.0010  680.0 0.10 0.90
    837.00 3540.0 2000.0 0.0010  680.0 0.10 0.90
    481.00 3540.0 2000.0 0.0010  680.0 0.10 0.90
   1210.00 3540.0 2000.0 0.0010  680.0 0.10 0.90
   1327.00 3540.0 2000.0 0.0010  680.0 0.10 0.90
   1210.00 3540.0 2000.0 0.0010  680.0 0.10 0.90
    961.00 3540.0 2000.0 0.0010  680.0 0.10 0.90
    837.00 3540.0 2000.0 0.0010  680.0 0.10 0.90
    696.00 3540.0 2000.0 0.0010  680.0 0.10 0.90
   2652.00 3540.0 2000.0 0.0010  680.0 0.10 0.90
   2287.00 3540.0 2000.0 0.0010  680.0 0.10 0.90
   1454.00 3540.0 2000.0 0.0010  680.0 0.10 0.90
    967.00 3540.0 2000.0 0.0010  680.0 0.10 0.90
   1006.00 3540.0 2000.0 0.0010  680.0 0.10 0.90
    665.00 3540.0 2000.0 0.0010  680.0 0.10 0.90
    876.00 3540.0 2000.0 0.0010  680.0 0.10 0.90
    763.00 3540.0 2000.0 0.0010  680.0 0.10 0.90
   1006.00 3540.0 2000.0 0.0010  680.0 0.10 0.90
    504.00 3540.0 2000.0 0.0010  680.0 0.10 0.90
   5097.00 3540.0 2000.0 0.0010  680.0 0.10 0.90
    876.00 3540.0 2000.0 0.0010  680.0 0.10 0.90
    460.00 3540.0 2000.0 0.0010  680.0 0.10 0.90
    635.00 3540.0 2000.0 0.0010  680.0 0.10 0.90
   1849.00 3540.0 2000.0 0.0010  680.0 0.10 0.90
   1006.00 3540.0 2000.0 0.0010  680.0 0.10 0.90
    607.00 3540.0 2000.0 0.0010  680.0 0.10 0.90
    876.00 3540.0 2000.0 0.0010  680.0 0.10 0.90
    917.00 3540.0 2000.0 0.0010  680.0 0.10 0.90
    799.00 3540.0 2000.0 0.0010  680.0 0.10 0.90
    607.00 3540.0 2000.0 0.0010  680.0 0.10 0.90
   2035.00 3540.0 2000.0 0.0010  680.0 0.10 0.90
    401.00 3540.0 2000.0 0.0010  680.0 0.10 0.90
   5058.00 3540.0 2000.0 0.0010  680.0 0.10 0.90
   1266.00 3540.0 2000.0 0.0010  680.0 0.10 0.90
    665.00 3540.0 2000.0 0.0010  680.0 0.10 0.90
    665.00 3540.0 2000.0 0.0010  680.0 0.10 0.90
    696.00 3540.0 2000.0 0.0010  680.0 0.10 0.90
    357.00 3540.0 2000.0 0.0010  680.0 0.10 0.90
   3038.00 3540.0 2000.0 0.0010  680.0 0.10 0.90
   1041.00 3540.0 2000.0 0.0010  680.0 0.10 0.90
   7771.00 3540.0 2000.0 0.0010  680.0 0.10 0.90
   1103.00 3540.0 2000.0 0.0010  680.0 0.10 0.90
    729.00 3540.0 2000.0 0.0010  680.0 0.10 0.90
    763.00 3540.0 2000.0 0.0010  680.0 0.10 0.90
    553.00 3540.0 2000.0 0.0010  680.0 0.10 0.90
   1917.00 3540.0 2000.0 0.0010  680.0 0.10 0.90
   5931.00 3540.0 2000.0 0.0010  680.0 0.10 0.90
   1954.00 3540.0 2000.0 0.0010  680.0 0.10 0.90
   1972.00 3540.0 2000.0 0.0010  680.0 0.10 0.90
    917.00 3540.0 2000.0 0.0010  680.0 0.10 0.90
    607.00 3540.0 2000.0 0.0010  680.0 0.10 0.90
    635.00 3540.0 2000.0 0.0010  680.0 0.10 0.90
    696.00 3540.0 2000.0 0.0010  680.0 0.10 0.90
    763.00 3540.0 2000.0 0.0010  680.0 0.10 0.90
    607.00 3540.0 2000.0 0.0010  680.0 0.10 0.90
   1114.00 3540.0 2000.0 0.0010  680.0 0.10 0.90
    696.00 3540.0 2000.0 0.0010  680.0 0.10 0.90
    729.00 3540.0 2000.0 0.0010  680.0 0.10 0.90
    553.00 3540.0 2000.0 0.0010  680.0 0.10 0.90
   4876.00 3540.0 2000.0 0.0010  680.0 0.10 0.90
    763.00 3540.0 2000.0 0.0010  680.0 0.10 0.90
   4197.00 3540.0 2000.0 0.0010  680.0 0.10 0.90
   3351.00 3540.0 2000.0 0.0010  680.0 0.10 0.90
    665.00 3540.0 2000.0 0.0010  680.0 0.10 0.90
    553.00 3540.0 2000.0 0.0010  680.0 0.10 0.90
   4386.00 3540.0 2000.0 0.0010  680.0 0.10 0.90
   2527.00 3540.0 2000.0 0.0010  680.0 0.10 0.90
    961.00 3540.0 2000.0 0.0010  680.0 0.10 0.90
   4616.00 3540.0 2000.0 0.0010  680.0 0.10 0.90
   1196.00 3540.0 2000.0 0.0010  680.0 0.10 0.90
    530.00 3540.0 2000.0 0.0010  680.0 0.10 0.90
   2289.00 3540.0 2000.0 0.0010  680.0 0.10 0.90
   1454.00 3540.0 2000.0 0.0010  680.0 0.10 0.90
    837.00 3540.0 2000.0 0.0010  680.0 0.10 0.90
    696.00 3540.0 2000.0 0.0010  680.0 0.10 0.90
   1287.00 3540.0 2000.0 0.0010  680.0 0.10 0.90
   1103.00 3540.0 2000.0 0.0010  680.0 0.10 0.90
   1210.00 3540.0 2000.0 0.0010  680.0 0.10 0.90
    876.00 3540.0 2000.0 0.0010  680.0 0.10 0.90
    579.00 3540.0 2000.0 0.0010  680.0 0.10 0.90
    665.00 3540.0 2000.0 0.0010  680.0 0.10 0.90
    763.00 3540.0 2000.0 0.0010  680.0 0.10 0.90
   1389.00 3540.0 2000.0 0.0010  680.0 0.10 0.90
   4837.00 3540.0 2000.0 0.0010  680.0 0.10 0.90
   3236.00 3540.0 2000.0 0.0010  680.0 0.10 0.90
   2340.00 3540.0 2000.0 0.0010  680.0 0.10 0.90
   1175.00 3540.0 2000.0 0.0010  680.0 0.10 0.90
    579.00 3540.0 2000.0 0.0010  680.0 0.10 0.90
   1672.00 3540.0 2000.0 0.0010  680.0 0.10 0.90
    961.00 3540.0 2000.0 0.0010  680.0 0.10 0.90
    579.00 3540.0 2000.0 0.0010  680.0 0.10 0.90
    504.00 3540.0 2000.0 0.0010  680.0 0.10 0.90
    696.00 3540.0 2000.0 0.0010  680.0 0.10 0.90
    579.00 3540.0 2000.0 0.0010  680.0 0.10 0.90
   1655.00 3540.0 2000.0 0.0010  680.0 0.10 0.90
    799.00 3540.0 2000.0 0.0010  680.0 0.10 0.90
    452.00 3540.0 2000.0 0.0010  680.0 0.10 0.90
   5130.00 3540.0 2000.0 0.0010  680.0 0.10 0.90
    729.00 3540.0 2000.0 0.0010  680.0 0.10 0.90
   3814.00 3540.0 2000.0 0.0010  680.0 0.10 0.90
    799.00 3540.0 2000.0 0.0010  680.0 0.10 0.90
    665.00 3540.0 2000.0 0.0010  680.0 0.10 0.90
    696.00 3540.0 2000.0 0.0010  680.0 0.10 0.90
    696.00 3540.0 2000.0 0.0010  680.0 0.10 0.90
   3489.00 3540.0 2000.0 0.0010  680.0 0.10 0.90
    607.00 3540.0 2000.0 0.0010  680.0 0.10 0.90
   1103.00 3540.0 2000.0 0.0010  680.0 0.10 0.90
    579.00 3540.0 2000.0 0.0010  680.0 0.10 0.90
    607.00 3540.0 2000.0 0.0010  680.0 0.10 0.90
    481.00 3540.0 2000.0 0.0010  680.0 0.10 0.90
    504.00 3540.0 2000.0 0.0010  680.0 0.10 0.90
   1308.00 3540.0 2000.0 0.0010  680.0 0.10 0.90
   1887.00 3540.0 2000.0 0.0010  680.0 0.10 0.90
   1480.00 3540.0 2000.0 0.0010  680.0 0.10 0.90
    607.00 3540.0 2000.0 0.0010  680.0 0.10 0.90
    729.00 3540.0 2000.0 0.0010  680.0 0.10 0.90
    495.00 3540.0 2000.0 0.0010  680.0 0.10 0.90
    415.00 3540.0 2000.0 0.0010  680.0 0.10 0.90
    665.00 3540.0 2000.0 0.0010  680.0 0.10 0.90
   3978.00 3540.0 2000.0 0.0010  680.0 0.10 0.90
    876.00 3540.0 2000.0 0.0010  680.0 0.10 0.90
    729.00 3540.0 2000.0 0.0010  680.0 0.10 0.90
    607.00 3540.0 2000.0 0.0010  680.0 0.10 0.90
   3912.00 3540.0 2000.0 0.0010  680.0 0.10 0.90
    729.00 3540.0 2000.0 0.0010  680.0 0.10 0.90
   3773.00 3540.0 2000.0 0.0010  680.0 0.10 0.90
    488.00 3540.0 2000.0 0.0010  680.0 0.10 0.90
    799.00 3540.0 2000.0 0.0010  680.0 0.10 0.90
   1006.00 3540.0 2000.0 0.0010  680.0 0.10 0.90
   1996.00 3540.0 2000.0 0.0010  680.0 0.10 0.90
   1175.00 3540.0 2000.0 0.0010  680.0 0.10 0.90
    837.00 3540.0 2000.0 0.0010  680.0 0.10 0.90
    696.00 3540.0 2000.0 0.0010  680.0 0.10 0.90
    460.00 3540.0 2000.0 0.0010  680.0 0.10 0.90
    560.00 3540.0 2000.0 0.0010  680.0 0.10 0.90
    917.00 3540.0 2000.0 0.0010  680.0 0.10 0.90
    665.00 3540.0 2000.0 0.0010  680.0 0.10 0.90
   2296.00 3540.0 2000.0 0.0010  680.0 0.10 0.90
    961.00 3540.0 2000.0 0.0010  680.0 0.10 0.90
    665.00 3540.0 2000.0 0.0010  680.0 0.10 0.90
    763.00 3540.0 2000.0 0.0010  680.0 0.10 0.90
    917.00 3540.0 2000.0 0.0010  680.0 0.10 0.90
    579.00 3540.0 2000.0 0.0010  680.0 0.10 0.90
   1454.00 3540.0 2000.0 0.0010  680.0 0.10 0.90
   3322.00 3540.0 2000.0 0.0010  680.0 0.10 0.90
    961.00 3540.0 2000.0 0.0010  680.0 0.10 0.90
   1748.00 3540.0 2000.0 0.0010  680.0 0.10 0.90
   1103.00 3540.0 2000.0 0.0010  680.0 0.10 0.90
   1054.00 3540.0 2000.0 0.0010  680.0 0.10 0.90
    799.00 3540.0 2000.0 0.0010  680.0 0.10 0.90
   4051.00 3540.0 2000.0 0.0010  680.0 0.10 0.90
   1501.00 3540.0 2000.0 0.0010  680.0 0.10 0.90
    876.00 3540.0 2000.0 0.0010  680.0 0.10 0.90
    587.00 3540.0 2000.0 0.0010  680.0 0.10 0.90
    961.00 3540.0 2000.0 0.0010  680.0 0.10 0.90
   2128.00 3540.0 2000.0 0.0010  680.0 0.10 0.90
    961.00 3540.0 2000.0 0.0010  680.0 0.10 0.90
    504.00 3540.0 2000.0 0.0010  680.0 0.10 0.90
   1831.00 3540.0 2000.0 0.0010  680.0 0.10 0.90
    553.00 3540.0 2000.0 0.0010  680.0 0.10 0.90
   1292.00 3540.0 2000.0 0.0010  680.0 0.10 0.90
