20
-1
1
 -0.78292132   0.31364468  -0.53727202  2.07540423e-04
 -0.70584313   0.66681385   0.23904971  1.81586162e-04
  0.35935140   0.36627062   0.85831952  1.48249089e-04
 -0.00508829  -0.98621562   0.16538702  2.95978053e-04
 -0.32732501  -0.03391862  -0.94430285  1.60612372e-04
  0.58516914  -0.50846051  -0.63170007  2.26194870e-04
 -0.60567197   0.79570013  -0.00477126  2.13582444e-04
 -0.03518245   0.94536072   0.32412235  1.77004627e-04
  0.41932956  -0.64257276   0.64129788  3.40200151e-04
  0.76372004   0.59433531   0.25198658  7.77194610e-04
  0.39848131   0.16235950  -0.90269155  1.66816720e-04
  0.15998087   0.01170501  -0.98705071  1.46148696e-04
  0.41508626  -0.83928505   0.35114669  1.48719053e-04
  0.00672616  -0.96762426   0.25230546  1.64746195e-04
  0.74439043  -0.62254226  -0.24150368  5.40039348e-04
  0.87389303   0.47536288  -0.10169119  1.48513943e-04
 -0.17940437  -0.94197757  -0.28371169  2.75761157e-04
 -0.49501970  -0.78144382   0.37986979  2.69194464e-04
  0.45145599  -0.56522212   0.69044293  1.91369237e-04
 -0.37981581   0.69355832   0.61214117  3.57294529e-04
