20
 -1.1407996218300525E+00 -2.3170985309886123E+00 3.8420614944644871E-01
 8.8251788343675138E-03 -5.8206936930551194E-03 -1.5349860376980878E-03
0
0.0
 -1.1407996218300525E+00 -2.3170985309886123E+00 3.8420614944644871E-01
 8.7614071736817171E-03 -6.0048661598176151E-03 -1.6498323740458626E-03
0
0.0
 -1.1407996218300525E+00 -2.3170985309886123E+00 3.8420614944644871E-01
 8.9417176074229904E-03 -5.7343205554693114E-03 -1.6469218501218750E-03
0
0.0
 -1.1407996218300525E+00 -2.3170985309886123E+00 3.8420614944644871E-01
 8.8285033568227186E-03 -5.6847308721354765E-03 -1.5946290413306513E-03
0
0.0
 -1.1407996218300525E+00 -2.3170985309886123E+00 3.8420614944644871E-01
 8.8148240300229049E-03 -5.9038336672473934E-03 -1.6118853109562119E-03
0
0.0
 -1.1407996218300525E+00 -2.3170985309886123E+00 3.8420614944644871E-01
 8.6893720283044099E-03 -6.0263016731663694E-03 -1.6788442288993249E-03
0
0.0
 -1.1407996218300525E+00 -2.3170985309886123E+00 3.8420614944644871E-01
 8.7531366042176602E-03 -5.9928450044753005E-03 -1.7097633317537406E-03
0
0.0
 -1.1407996218300525E+00 -2.3170985309886123E+00 3.8420614944644871E-01
 8.9804748039692180E-03 -5.7724534776392956E-03 -1.5834861264653586E-03
0
0.0
 -1.1407996218300525E+00 -2.3170985309886123E+00 3.8420614944644871E-01
 9.0973734384027609E-03 -5.9250951682644562E-03 -1.5650332487236339E-03
0
0.0
 -1.1407996218300525E+00 -2.3170985309886123E+00 3.8420614944644871E-01
 8.9287474797291634E-03 -5.9077685823427165E-03 -1.7614761465082833E-03
0
0.0
 -1.1407996218300525E+00 -2.3170985309886123E+00 3.8420614944644871E-01
 8.8132919075025323E-03 -5.8661304253479216E-03 -1.7181765046496676E-03
0
0.0
 -1.1407996218300525E+00 -2.3170985309886123E+00 3.8420614944644871E-01
 8.6489943783657937E-03 -6.1876390464448081E-03 -1.6369928512651765E-03
0
0.0
 -1.1407996218300525E+00 -2.3170985309886123E+00 3.8420614944644871E-01
 8.7967623463226004E-03 -5.9553043357363318E-03 -1.7607063749182405E-03
0
0.0
 -1.1407996218300525E+00 -2.3170985309886123E+00 3.8420614944644871E-01
 9.0814507608712666E-03 -5.8576772554139560E-03 -1.5359886344583876E-03
0
0.0
 -1.1407996218300525E+00 -2.3170985309886123E+00 3.8420614944644871E-01
 8.7664032281618894E-03 -6.0356893860524620E-03 -1.7789672154100472E-03
0
0.0
 -1.1407996218300525E+00 -2.3170985309886123E+00 3.8420614944644871E-01
 8.9099188649098444E-03 -6.2070327808059107E-03 -1.5128409150177349E-03
0
0.0
 -1.1407996218300525E+00 -2.3170985309886123E+00 3.8420614944644871E-01
 8.8786747788490630E-03 -5.9676012691708830E-03 -1.4527590183444023E-03
0
0.0
 -1.1407996218300525E+00 -2.3170985309886123E+00 3.8420614944644871E-01
 8.5334537426423815E-03 -5.9984382637421349E-03 -1.5710375698905290E-03
0
0.0
 -1.1407996218300525E+00 -2.3170985309886123E+00 3.8420614944644871E-01
 8.7860408076780028E-03 -5.8973216028663329E-03 -1.7393405409155851E-03
0
0.0
 -1.1407996218300525E+00 -2.3170985309886123E+00 3.8420614944644871E-01
 8.8751755943746596E-03 -5.9024897327361343E-03 -1.7856902590889577E-03
0
0.0
