20
-1
1
 -0.70908791  -0.53425140  -0.46018449  1.98551100e-04
  0.66191596   0.72766298  -0.17992736  1.53908031e-04
  0.56468425  -0.80218769  -0.19397578  1.70546815e-04
  0.70396911  -0.26691636   0.65816650  1.90868877e-04
  0.79748058  -0.21569897  -0.56347020  4.29348483e-04
 -0.35676418   0.67272252  -0.64820038  2.29960706e-04
  0.99091104  -0.04592010   0.12643837  1.83302839e-04
 -0.38858149  -0.48483550   0.78354257  1.45555174e-04
 -0.61390314   0.76254352   0.20408408  2.33957392e-04
 -0.24312686   0.95348872   0.17818131  4.14938453e-04
  0.12266687   0.18179322   0.97565571  3.58174905e-04
  0.24278788  -0.73142231  -0.63724049  2.10649579e-04
 -0.17224183   0.54517112   0.82043964  2.86564512e-04
 -0.72062862   0.35291552   0.59677888  3.10895242e-04
  0.84552587  -0.29044929   0.44802368  1.56509684e-04
  0.95843373   0.25160627   0.13453280  3.12705581e-04
  0.82834930  -0.28007285  -0.48517691  2.92672321e-04
 -0.80567732   0.43249091  -0.40476620  1.59140976e-04
  0.74580908  -0.59899993  -0.29149254  4.72810554e-04
  0.68842869   0.70758430   0.15934364  1.79097581e-04
