50
-1
1
 -0.69794784   0.64251133   0.31630364  1.99176654e-04
 -0.68706673  -0.65533348  -0.31381099  1.77081454e-04
 -0.00966986   0.95489687  -0.29678015  2.63526171e-04
  0.34849659  -0.83538293  -0.42507115  4.40105548e-04
  0.11944843  -0.71696850  -0.68679563  2.09877814e-04
 -0.68869214   0.16277718  -0.70654563  1.81100361e-04
 -0.70215728  -0.70316357   0.11196493  1.93018089e-04
 -0.80021764  -0.57880204   0.15697107  3.03505345e-04
 -0.39463489  -0.33857722   0.85418310  2.11762390e-04
  0.12081182  -0.83559366   0.53589900  2.82216194e-04
  0.08585326   0.97836628   0.18822495  2.27631510e-04
 -0.49948625  -0.75833994  -0.41884846  2.02489820e-04
  0.84927656   0.51260954  -0.12633595  2.84451402e-04
  0.52045758   0.25097985   0.81616973  1.49729583e-04
 -0.68596943   0.66447155  -0.29651897  3.05981906e-04
 -0.35906551   0.93104099   0.06507401  1.63848144e-04
  0.67371126  -0.69686137  -0.24596213  5.76463751e-04
  0.22392725   0.70194951   0.67610907  5.17154317e-04
  0.32384329   0.63903089  -0.69768549  3.04723665e-04
  0.35316898  -0.21645442  -0.91017534  1.60562167e-04
 -0.94592426  -0.26982029   0.18006748  3.87120191e-04
  0.72875159   0.59029096  -0.34709898  6.85231428e-04
 -0.02975863  -0.36168047   0.93182706  1.46675420e-04
 -0.93846798   0.32570390   0.11486868  3.25592807e-04
 -0.38133633   0.91025028   0.16132897  4.78958643e-04
 -0.49405055   0.08007961  -0.86573744  2.12100625e-04
  0.84575450   0.08497203  -0.52676284  3.57607825e-04
 -0.57981454  -0.75222210   0.31301281  2.17352362e-04
  0.31953610   0.19650165   0.92697561  7.05657665e-04
 -0.65000303  -0.44568718   0.61551523  2.52025126e-04
 -0.52451260  -0.40885048  -0.74681177  1.73120564e-04
  0.28708573  -0.95661522   0.04969004  2.90704111e-04
 -0.05137201  -0.82027526   0.56965728  1.97621016e-04
 -0.13342918   0.96397378  -0.23011131  1.46121156e-04
 -0.89325767   0.37726078  -0.24446892  7.89852382e-04
 -0.33769682  -0.85977821  -0.38306956  2.87266027e-04
 -0.42470886  -0.28371690  -0.85972502  1.48010553e-04
 -0.70618896   0.09572530  -0.70152250  1.92141988e-04
  0.88099942   0.27309086   0.38634363  1.70445076e-04
  0.04280321  -0.93662011  -0.34772209  1.51562688e-04
 -0.50609716  -0.78613413  -0.35476584  1.46496441e-04
  0.37697726   0.89736812   0.22938747  2.07195648e-04
 -0.04185579   0.39274445  -0.91869467  4.55847463e-04
 -0.43617641  -0.74038747  -0.51144553  1.50385526e-04
  0.47119286  -0.86248955  -0.18463222  5.13235997e-04
  0.02234843   0.85920644   0.51114072  2.15426098e-04
 -0.60105687  -0.67093658  -0.43425195  1.61271904e-04
  0.99654139   0.04054196   0.07253688  1.91378059e-04
  0.39600495  -0.73817899  -0.54614271  1.86899458e-04
  0.27139027   0.32546704  -0.90576958  2.07668886e-04
