50
-1
1
  0.67433726  -0.00525902   0.73840477  2.94973034e-04
 -0.67308192   0.33975414   0.65690779  5.38438599e-04
 -0.85170283   0.20389607   0.48273044  1.80433368e-04
  0.19489367  -0.70401329  -0.68292148  4.94750239e-04
 -0.01877849   0.97810478   0.20726410  3.10221484e-04
  0.60306380   0.01639495  -0.79752445  1.61365023e-04
 -0.61537056   0.76416407   0.19331927  2.91367342e-04
 -0.12424043  -0.10635489  -0.98653584  6.68956668e-04
 -0.88179382  -0.40239555   0.24600302  1.93542777e-04
  0.62472842  -0.77651102   0.08212817  2.25705798e-04
  0.92536950  -0.34062152  -0.16633781  1.92736590e-04
  0.17372410  -0.83610599   0.52033326  2.32229336e-04
 -0.89121886   0.20218054   0.40601968  3.44855565e-04
 -0.38152857   0.73209218   0.56433766  1.62070913e-04
 -0.86420581   0.30457540  -0.40047739  1.71415014e-04
 -0.06866853   0.56855324  -0.81977548  2.04804107e-04
  0.45768499  -0.64128112   0.61585954  1.51263377e-04
  0.97251946   0.00911702   0.23264303  5.54981807e-04
  0.10650892  -0.93747209  -0.33136374  4.77794535e-04
  0.27111031  -0.46956210   0.84024439  1.96357961e-04
 -0.92353572   0.37037530  -0.09951838  3.70647988e-04
  0.56462951   0.62877513  -0.53463572  1.68477982e-04
 -0.66994151  -0.18366153   0.71933776  1.49761548e-04
 -0.33592984   0.83599776   0.43388810  1.70786586e-04
 -0.30214661  -0.45555760   0.83736175  2.27466108e-04
  0.13447710   0.91079120   0.39035279  5.70085222e-04
  0.84385390   0.46297370  -0.27123044  6.09453881e-04
 -0.22033777  -0.91453157  -0.33923926  1.65735389e-04
 -0.63652232   0.60082970  -0.48357317  4.13285637e-04
 -0.98412960  -0.17223128   0.04272372  1.53059867e-04
 -0.84148366   0.01015177  -0.54018718  3.39340370e-04
 -0.57423308  -0.81828207  -0.02590019  2.38844996e-04
 -0.10637953   0.97702588   0.18467219  4.91772550e-04
  0.33178967   0.87048200  -0.36356115  2.43210841e-04
 -0.24759562   0.29314834   0.92345030  1.65971194e-04
 -0.98320646   0.17970981  -0.03177182  1.85538603e-04
 -0.48922808  -0.79388654   0.36110948  2.69964583e-04
 -0.51537427  -0.65866669  -0.54822218  1.85143185e-04
 -0.14979997  -0.48094084  -0.86386103  1.94879325e-04
 -0.31614169  -0.80298922  -0.50523534  6.32377871e-04
  0.33866484  -0.43168588  -0.83603435  3.43439215e-04
  0.15730349  -0.49686282  -0.85345355  8.32703113e-04
  0.95917818   0.25585528  -0.12047947  3.84636495e-04
  0.03003922  -0.91205553   0.40896499  4.93878591e-04
 -0.37179179   0.89069470   0.26159858  1.50748812e-04
  0.53590051  -0.60569204   0.58817326  1.47087647e-04
  0.68099847   0.00245848  -0.73228071  4.30521075e-04
 -0.92212651  -0.07584313   0.37938176  2.83600560e-04
 -0.00881965  -0.85545279  -0.51780569  2.17095419e-04
  0.24754212   0.09144556  -0.96455202  2.95907401e-04
