50
 -1.1407996218300525E+00 -2.3170985309886123E+00 3.8420614944644871E-01
 8.8084614694620127E-03 -5.9984827139791573E-03 -1.5702561341774458E-03
0
0.0
 -1.1407996218300525E+00 -2.3170985309886123E+00 3.8420614944644871E-01
 8.5252166014113256E-03 -5.9285104771467992E-03 -1.8344634629811438E-03
0
0.0
 -1.1407996218300525E+00 -2.3170985309886123E+00 3.8420614944644871E-01
 8.8243944978819346E-03 -5.8054696632536809E-03 -1.6633377877318895E-03
0
0.0
 -1.1407996218300525E+00 -2.3170985309886123E+00 3.8420614944644871E-01
 8.9086588547482200E-03 -5.6569981342024294E-03 -1.4613174999365177E-03
0
0.0
 -1.1407996218300525E+00 -2.3170985309886123E+00 3.8420614944644871E-01
 8.8197417191194557E-03 -5.9510158755769673E-03 -1.6599895623242277E-03
0
0.0
 -1.1407996218300525E+00 -2.3170985309886123E+00 3.8420614944644871E-01
 8.7870762380626369E-03 -5.9067435050887363E-03 -1.6608923536088876E-03
0
0.0
 -1.1407996218300525E+00 -2.3170985309886123E+00 3.8420614944644871E-01
 8.8960009139411947E-03 -6.0232153503292918E-03 -1.4840141157206311E-03
0
0.0
 -1.1407996218300525E+00 -2.3170985309886123E+00 3.8420614944644871E-01
 8.7696455130547597E-03 -5.9245830144478984E-03 -1.6386472301015815E-03
0
0.0
 -1.1407996218300525E+00 -2.3170985309886123E+00 3.8420614944644871E-01
 8.9135486298670130E-03 -6.0544469745398722E-03 -1.5511515265891924E-03
0
0.0
 -1.1407996218300525E+00 -2.3170985309886123E+00 3.8420614944644871E-01
 9.1107993654299460E-03 -5.8456419345311872E-03 -1.5685026647244975E-03
0
0.0
 -1.1407996218300525E+00 -2.3170985309886123E+00 3.8420614944644871E-01
 8.6642830262540216E-03 -5.8405646928709589E-03 -1.6617962465060444E-03
0
0.0
 -1.1407996218300525E+00 -2.3170985309886123E+00 3.8420614944644871E-01
 8.7168700612044545E-03 -6.1509072085883373E-03 -1.5365746149644103E-03
0
0.0
 -1.1407996218300525E+00 -2.3170985309886123E+00 3.8420614944644871E-01
 8.8215116700812481E-03 -5.8335066758488886E-03 -1.6622240851989795E-03
0
0.0
 -1.1407996218300525E+00 -2.3170985309886123E+00 3.8420614944644871E-01
 8.6151686737040555E-03 -6.1244468142187918E-03 -1.6380372569059335E-03
0
0.0
 -1.1407996218300525E+00 -2.3170985309886123E+00 3.8420614944644871E-01
 8.8077450061473193E-03 -5.9864895685584792E-03 -1.5677699410453737E-03
0
0.0
 -1.1407996218300525E+00 -2.3170985309886123E+00 3.8420614944644871E-01
 8.8601125699795426E-03 -5.8760946709577070E-03 -1.5855919224736803E-03
0
0.0
 -1.1407996218300525E+00 -2.3170985309886123E+00 3.8420614944644871E-01
 8.7901558990966921E-03 -5.8536411477891782E-03 -1.6090622960169738E-03
0
0.0
 -1.1407996218300525E+00 -2.3170985309886123E+00 3.8420614944644871E-01
 8.8548938134008961E-03 -5.9529273831044234E-03 -1.5391279388446196E-03
0
0.0
 -1.1407996218300525E+00 -2.3170985309886123E+00 3.8420614944644871E-01
 8.8013269741409120E-03 -5.6765281655179797E-03 -1.6550874174244368E-03
0
0.0
 -1.1407996218300525E+00 -2.3170985309886123E+00 3.8420614944644871E-01
 8.9122987956614681E-03 -5.7922569132814019E-03 -1.4768440561205233E-03
0
0.0
 -1.1407996218300525E+00 -2.3170985309886123E+00 3.8420614944644871E-01
 8.6406849050205559E-03 -5.9920982345868798E-03 -1.6357063837487338E-03
0
0.0
 -1.1407996218300525E+00 -2.3170985309886123E+00 3.8420614944644871E-01
 8.8047083876765814E-03 -5.9369573489188171E-03 -1.6527136851397339E-03
0
0.0
 -1.1407996218300525E+00 -2.3170985309886123E+00 3.8420614944644871E-01
 8.5088286698280606E-03 -6.1128081824517039E-03 -1.6107087180361951E-03
0
0.0
 -1.1407996218300525E+00 -2.3170985309886123E+00 3.8420614944644871E-01
 8.6413680741983436E-03 -5.8082959277632549E-03 -1.7002451908604522E-03
0
0.0
 -1.1407996218300525E+00 -2.3170985309886123E+00 3.8420614944644871E-01
 8.8474596233757835E-03 -5.9172711387219194E-03 -1.6811772352021612E-03
0
0.0
 -1.1407996218300525E+00 -2.3170985309886123E+00 3.8420614944644871E-01
 8.7538226318411346E-03 -5.9423358906011917E-03 -1.6328405679492813E-03
0
0.0
 -1.1407996218300525E+00 -2.3170985309886123E+00 3.8420614944644871E-01
 8.7693710849310168E-03 -5.8699350307665887E-03 -1.5007459066075637E-03
0
0.0
 -1.1407996218300525E+00 -2.3170985309886123E+00 3.8420614944644871E-01
 8.7031892751651112E-03 -5.9654193158138191E-03 -1.7055135370552467E-03
0
0.0
 -1.1407996218300525E+00 -2.3170985309886123E+00 3.8420614944644871E-01
 8.6994199736749999E-03 -5.8650749962844582E-03 -1.7750227043389565E-03
0
0.0
 -1.1407996218300525E+00 -2.3170985309886123E+00 3.8420614944644871E-01
 8.7133391168900919E-03 -5.9321103874087388E-03 -1.7271930520497607E-03
0
0.0
 -1.1407996218300525E+00 -2.3170985309886123E+00 3.8420614944644871E-01
 8.7236001096456239E-03 -5.9348062485873928E-03 -1.6317620077196879E-03
0
0.0
 -1.1407996218300525E+00 -2.3170985309886123E+00 3.8420614944644871E-01
 8.6397835066319550E-03 -5.7110343549526396E-03 -1.5685323493051506E-03
0
0.0
 -1.1407996218300525E+00 -2.3170985309886123E+00 3.8420614944644871E-01
 8.6867450386294461E-03 -5.9970465928325511E-03 -1.8730161189155802E-03
0
0.0
 -1.1407996218300525E+00 -2.3170985309886123E+00 3.8420614944644871E-01
 8.8783374874020111E-03 -5.8052159183804566E-03 -1.7899500657975933E-03
0
0.0
 -1.1407996218300525E+00 -2.3170985309886123E+00 3.8420614944644871E-01
 9.0128878039607372E-03 -6.1464688832266103E-03 -1.6632972780955867E-03
0
0.0
 -1.1407996218300525E+00 -2.3170985309886123E+00 3.8420614944644871E-01
 8.7620958122415996E-03 -5.9094702955867868E-03 -1.2836181164628522E-03
0
0.0
 -1.1407996218300525E+00 -2.3170985309886123E+00 3.8420614944644871E-01
 8.7122911368952231E-03 -5.9980521795128840E-03 -1.5504968239391859E-03
0
0.0
 -1.1407996218300525E+00 -2.3170985309886123E+00 3.8420614944644871E-01
 8.7746111843730774E-03 -5.9264421436944015E-03 -1.6317252381442928E-03
0
0.0
 -1.1407996218300525E+00 -2.3170985309886123E+00 3.8420614944644871E-01
 8.7188951183280461E-03 -5.7432930300552873E-03 -1.8721374778685443E-03
0
0.0
 -1.1407996218300525E+00 -2.3170985309886123E+00 3.8420614944644871E-01
 8.8568618219105680E-03 -5.7556612964400266E-03 -1.7557449895060277E-03
0
0.0
 -1.1407996218300525E+00 -2.3170985309886123E+00 3.8420614944644871E-01
 9.0903473108864923E-03 -6.0013286169313404E-03 -1.6317539467421616E-03
0
0.0
 -1.1407996218300525E+00 -2.3170985309886123E+00 3.8420614944644871E-01
 8.5167016087493910E-03 -5.9682029930585257E-03 -1.4661410227270514E-03
0
0.0
 -1.1407996218300525E+00 -2.3170985309886123E+00 3.8420614944644871E-01
 8.7188788241461777E-03 -6.0853334741100985E-03 -1.7004783845927212E-03
0
0.0
 -1.1407996218300525E+00 -2.3170985309886123E+00 3.8420614944644871E-01
 8.5391650670668760E-03 -5.7735697498401311E-03 -1.4893926681975012E-03
0
0.0
 -1.1407996218300525E+00 -2.3170985309886123E+00 3.8420614944644871E-01
 8.5710489509030711E-03 -6.0454830087937859E-03 -1.6667291436277569E-03
0
0.0
 -1.1407996218300525E+00 -2.3170985309886123E+00 3.8420614944644871E-01
 8.7279437354552993E-03 -5.9622441282409736E-03 -1.6868149318800148E-03
0
0.0
 -1.1407996218300525E+00 -2.3170985309886123E+00 3.8420614944644871E-01
 8.6711610030146408E-03 -5.7476162951820972E-03 -1.7285658611312623E-03
0
0.0
 -1.1407996218300525E+00 -2.3170985309886123E+00 3.8420614944644871E-01
 8.6422214779214752E-03 -5.9377816995892585E-03 -1.7602359816158741E-03
0
0.0
 -1.1407996218300525E+00 -2.3170985309886123E+00 3.8420614944644871E-01
 8.9622989280385111E-03 -5.9929116652837691E-03 -1.9018526398906356E-03
0
0.0
 -1.1407996218300525E+00 -2.3170985309886123E+00 3.8420614944644871E-01
 8.7618137073131527E-03 -6.0752976155595230E-03 -1.7150332007842542E-03
0
0.0
