20
 -1.1407996218300525E+00 -2.3170985309886123E+00 3.8420614944644871E-01
 8.7146467698148884E-03 -5.8539322732847447E-03 -1.4529160624571487E-03
0
0.0
 -1.1407996218300525E+00 -2.3170985309886123E+00 3.8420614944644871E-01
 8.6181346981265717E-03 -5.8520922909973830E-03 -1.7438671753721147E-03
0
0.0
 -1.1407996218300525E+00 -2.3170985309886123E+00 3.8420614944644871E-01
 9.0329480253234333E-03 -5.9832069468552344E-03 -1.6853043877812870E-03
0
0.0
 -1.1407996218300525E+00 -2.3170985309886123E+00 3.8420614944644871E-01
 8.9366623401397876E-03 -5.8100252285703154E-03 -1.8114381295837891E-03
0
0.0
 -1.1407996218300525E+00 -2.3170985309886123E+00 3.8420614944644871E-01
 8.8023904535595304E-03 -6.1206624654203141E-03 -1.5350231922098168E-03
0
0.0
 -1.1407996218300525E+00 -2.3170985309886123E+00 3.8420614944644871E-01
 8.8790543415779490E-03 -6.1515283885827041E-03 -1.5955204830478561E-03
0
0.0
 -1.1407996218300525E+00 -2.3170985309886123E+00 3.8420614944644871E-01
 8.6500613849388973E-03 -6.1650743034872800E-03 -1.4303335659220518E-03
0
0.0
 -1.1407996218300525E+00 -2.3170985309886123E+00 3.8420614944644871E-01
 8.7544516549003769E-03 -5.9082993018946131E-03 -1.6122887361770628E-03
0
0.0
 -1.1407996218300525E+00 -2.3170985309886123E+00 3.8420614944644871E-01
 8.9419592255631525E-03 -5.7488321996557422E-03 -1.6561831053656041E-03
0
0.0
 -1.1407996218300525E+00 -2.3170985309886123E+00 3.8420614944644871E-01
 8.7979608419874004E-03 -5.8464353190793130E-03 -1.6805008554049766E-03
0
0.0
 -1.1407996218300525E+00 -2.3170985309886123E+00 3.8420614944644871E-01
 8.7599068463273186E-03 -5.7045517295298319E-03 -1.6211391546070101E-03
0
0.0
 -1.1407996218300525E+00 -2.3170985309886123E+00 3.8420614944644871E-01
 8.7860976429653525E-03 -6.0271471474119499E-03 -1.4923193889201064E-03
0
0.0
 -1.1407996218300525E+00 -2.3170985309886123E+00 3.8420614944644871E-01
 8.6030514128694145E-03 -5.9881560653015850E-03 -1.4321567748013804E-03
0
0.0
 -1.1407996218300525E+00 -2.3170985309886123E+00 3.8420614944644871E-01
 8.7613096542106129E-03 -5.7471942140674866E-03 -1.6599002924032082E-03
0
0.0
 -1.1407996218300525E+00 -2.3170985309886123E+00 3.8420614944644871E-01
 8.5074236613365377E-03 -5.8020454773551498E-03 -1.4904938176483495E-03
0
0.0
 -1.1407996218300525E+00 -2.3170985309886123E+00 3.8420614944644871E-01
 8.8597699074653719E-03 -5.9111436086712859E-03 -1.6246527432981503E-03
0
0.0
 -1.1407996218300525E+00 -2.3170985309886123E+00 3.8420614944644871E-01
 8.8008061312023819E-03 -5.9143070006126000E-03 -1.6355111403233101E-03
0
0.0
 -1.1407996218300525E+00 -2.3170985309886123E+00 3.8420614944644871E-01
 8.7991660226647457E-03 -6.0251347856967652E-03 -1.4157027883103137E-03
0
0.0
 -1.1407996218300525E+00 -2.3170985309886123E+00 3.8420614944644871E-01
 8.9536305398112848E-03 -5.8416446022664494E-03 -1.7203723987367155E-03
0
0.0
 -1.1407996218300525E+00 -2.3170985309886123E+00 3.8420614944644871E-01
 8.8953112876634551E-03 -5.8032868369599713E-03 -1.4813759181536135E-03
0
0.0
