20
-1
1
  0.93649396  -0.24473213  -0.25116777  4.27326007e-04
  0.45279652  -0.88262583  -0.12628125  2.98872583e-04
  0.02327990   0.96197569  -0.27214118  1.56152854e-04
  0.35317791  -0.92668063   0.12856275  1.60106642e-04
  0.05483880  -0.83527350   0.54709312  4.16011574e-04
 -0.79753077  -0.43001808   0.42311833  1.55421937e-04
  0.37544155  -0.91074451  -0.17201185  2.42052804e-04
 -0.19166633   0.95318713   0.23387672  1.66530635e-04
 -0.76862722   0.02167526   0.63932963  1.60630647e-04
  0.63115683  -0.46171737  -0.62326409  5.94363502e-04
 -0.54035056   0.61569140  -0.57353759  1.78773379e-04
  0.72778573  -0.68532730  -0.02558169  6.75981204e-04
 -0.68800574  -0.30965645   0.65632384  1.73165246e-04
  0.80173571  -0.41721371  -0.42796328  1.54183594e-04
  0.72408435  -0.38488306  -0.57233459  1.85341219e-04
  0.78773627  -0.59322979  -0.16598188  2.75272997e-04
 -0.76587591   0.51854879  -0.38018581  3.76891408e-04
  0.79917080   0.20692605  -0.56436482  1.77352633e-04
 -0.91981107   0.10171508   0.37894807  1.47784536e-04
  0.70462635   0.67574002   0.21651126  1.70547219e-04
