20
 -1.1407996218300525E+00 -2.3170985309886123E+00 3.8420614944644871E-01
 8.6220055377259804E-03 -5.6937871350101390E-03 -1.8366659659550752E-03
0
0.0
 -1.1407996218300525E+00 -2.3170985309886123E+00 3.8420614944644871E-01
 8.7167620903129267E-03 -5.8428257930226860E-03 -1.6505337569159271E-03
0
0.0
 -1.1407996218300525E+00 -2.3170985309886123E+00 3.8420614944644871E-01
 8.6217900044667523E-03 -5.9788549784224538E-03 -1.4996905258946140E-03
0
0.0
 -1.1407996218300525E+00 -2.3170985309886123E+00 3.8420614944644871E-01
 8.7498325010937020E-03 -5.9539905512433515E-03 -1.5578981968164122E-03
0
0.0
 -1.1407996218300525E+00 -2.3170985309886123E+00 3.8420614944644871E-01
 8.9300648712679637E-03 -6.0291838547702811E-03 -1.6962351921260479E-03
0
0.0
 -1.1407996218300525E+00 -2.3170985309886123E+00 3.8420614944644871E-01
 8.5677295550608424E-03 -6.0841197766367937E-03 -1.4432501999620683E-03
0
0.0
 -1.1407996218300525E+00 -2.3170985309886123E+00 3.8420614944644871E-01
 8.7810021585217040E-03 -5.8908148109100833E-03 -1.5984431214432987E-03
0
0.0
 -1.1407996218300525E+00 -2.3170985309886123E+00 3.8420614944644871E-01
 8.6263440319076477E-03 -6.1264066036732755E-03 -1.7407252052272179E-03
0
0.0
 -1.1407996218300525E+00 -2.3170985309886123E+00 3.8420614944644871E-01
 8.8623539628951316E-03 -5.8907858095254900E-03 -1.6223034798747533E-03
0
0.0
 -1.1407996218300525E+00 -2.3170985309886123E+00 3.8420614944644871E-01
 8.4896805826706022E-03 -6.0308009679558346E-03 -1.6904473577397628E-03
0
0.0
 -1.1407996218300525E+00 -2.3170985309886123E+00 3.8420614944644871E-01
 8.7034964006379670E-03 -5.8939174355449736E-03 -1.5041924646687133E-03
0
0.0
 -1.1407996218300525E+00 -2.3170985309886123E+00 3.8420614944644871E-01
 8.5501598120767634E-03 -5.8044546167998080E-03 -1.4650501763133531E-03
0
0.0
 -1.1407996218300525E+00 -2.3170985309886123E+00 3.8420614944644871E-01
 8.8073399555975793E-03 -5.8242047884614311E-03 -1.6102381852506498E-03
0
0.0
 -1.1407996218300525E+00 -2.3170985309886123E+00 3.8420614944644871E-01
 8.5716283399652898E-03 -5.8941325856275480E-03 -1.5184747025769859E-03
0
0.0
 -1.1407996218300525E+00 -2.3170985309886123E+00 3.8420614944644871E-01
 8.8429128975781746E-03 -5.8678593652645118E-03 -1.6900389165323524E-03
0
0.0
 -1.1407996218300525E+00 -2.3170985309886123E+00 3.8420614944644871E-01
 8.8340336160184132E-03 -5.8803985447109988E-03 -1.4978011247851178E-03
0
0.0
 -1.1407996218300525E+00 -2.3170985309886123E+00 3.8420614944644871E-01
 8.9133777466510015E-03 -5.9478431904749236E-03 -1.5067389472137834E-03
0
0.0
 -1.1407996218300525E+00 -2.3170985309886123E+00 3.8420614944644871E-01
 8.6311032193122673E-03 -5.8495946760945619E-03 -1.5907171099449444E-03
0
0.0
 -1.1407996218300525E+00 -2.3170985309886123E+00 3.8420614944644871E-01
 8.8139453556608030E-03 -5.8640422590829312E-03 -1.4429427039304229E-03
0
0.0
 -1.1407996218300525E+00 -2.3170985309886123E+00 3.8420614944644871E-01
 8.7810541569434720E-03 -5.9128106283872399E-03 -1.6087828797176186E-03
0
0.0
