50
-1
1
 -0.55462749   0.36310655   0.74869351  1.51951444e-04
 -0.97265079  -0.19945777   0.11902541  5.54609220e-04
 -0.40476837  -0.75462271  -0.51643695  1.69473474e-04
  0.79775094  -0.12058018   0.59080780  6.91434294e-04
  0.90491956  -0.08685697  -0.41662508  2.41474241e-04
  0.58476402   0.01239345  -0.81110877  1.82072313e-04
  0.60041266  -0.18623852   0.77770165  7.98522663e-04
 -0.25402694  -0.96557120   0.05605865  2.60234761e-04
  0.97583848  -0.21843990  -0.00482486  1.46253359e-04
  0.59797722  -0.29043966   0.74703952  2.02402689e-04
  0.31216404   0.10499670  -0.94420830  4.47911256e-04
  0.90199403  -0.41107072   0.13201377  1.87812348e-04
  0.78427984  -0.44115871  -0.43621569  2.49870509e-04
 -0.74407868   0.52018827  -0.41922676  1.47588661e-04
 -0.85059393  -0.49257612  -0.18400740  1.69941752e-04
 -0.45888902  -0.80976347   0.36565555  2.05327085e-04
  0.43481698  -0.65344154   0.61963566  6.39909326e-04
  0.66468864   0.18396291  -0.72411785  2.87878867e-04
  0.23876140   0.77285405   0.58795375  3.23676910e-04
 -0.21953965   0.96412966   0.14918562  2.06385903e-04
 -0.76224647   0.52387181   0.38018239  6.97382740e-04
 -0.50580960   0.55627485   0.65932916  2.59671288e-04
  0.14624707  -0.05094509  -0.98793542  3.53942669e-04
 -0.82865835   0.55858660   0.03614345  1.53775797e-04
  0.13983418  -0.98893708   0.04949594  2.17639526e-04
  0.40358882   0.49641649  -0.76856147  1.52273329e-04
  0.86824872   0.10614426   0.48464168  2.55731789e-04
  0.54654773   0.82261447  -0.15681523  4.05015790e-04
 -0.22100998  -0.95226011   0.21060689  1.99917118e-04
  0.29090203  -0.85766982   0.42400293  3.55178863e-04
 -0.07963787   0.03983236  -0.99602771  5.68860166e-04
 -0.87923497  -0.45185480  -0.15090760  2.57143839e-04
 -0.12835670  -0.23475581  -0.96354256  2.02525679e-04
  0.76212084   0.64535791  -0.05181693  1.76426911e-04
  0.12667514   0.85188519   0.50817816  1.60680660e-04
 -0.02738795  -0.73054781  -0.68231209  3.88628470e-04
 -0.65262285  -0.64168493   0.40289437  8.09504798e-04
 -0.30138740  -0.93764402   0.17317429  1.63189444e-04
  0.89021776  -0.03335025  -0.45431278  2.81710374e-04
 -0.76718428  -0.58128488   0.27117552  6.10835767e-04
 -0.34666675   0.57293823  -0.74267351  3.08146892e-04
  0.64415026   0.05176252   0.76314552  3.96951459e-04
  0.40048660  -0.17356953   0.89971334  3.63085024e-04
  0.26712993  -0.57909202   0.77025582  1.48981174e-04
 -0.96551405   0.25412468   0.05659744  3.39850375e-04
  0.68570883   0.11607334   0.71856133  2.02627770e-04
 -0.61381017  -0.62961585  -0.47625724  2.21769261e-04
 -0.01074379  -0.82701636  -0.56207519  1.71959004e-04
  0.37841900   0.26211101   0.88774821  2.73627124e-04
 -0.76741931  -0.62661301  -0.13573406  3.42544638e-04
