20
-1
1
  0.18355615   0.36476235   0.91282834  5.11817006e-04
  0.58819083  -0.13697198  -0.79703841  1.45923034e-04
  0.00559564  -0.45074347  -0.89263599  1.73916282e-04
 -0.74498039   0.62388040  -0.23617252  3.60595270e-04
  0.32871277   0.25364100  -0.90973301  4.26411702e-04
  0.08773515   0.82320584  -0.56092307  1.56635201e-04
 -0.11701070  -0.99273088  -0.02817616  4.50440537e-04
 -0.84501904   0.15809402   0.51083178  1.58636182e-04
 -0.67604405  -0.73057040   0.09607982  1.62021386e-04
 -0.92034109  -0.37218864   0.12019941  4.16825144e-04
 -0.62224306  -0.72757297  -0.28887911  5.40676974e-04
  0.41712756   0.85062035   0.32007754  1.87974555e-04
 -0.89383964  -0.17012101   0.41486086  2.74298410e-04
 -0.82490531   0.56526562  -0.00245216  1.50944615e-04
  0.49410740  -0.72523781  -0.47946637  4.92088894e-04
 -0.26359334   0.82044541   0.50733408  7.07449495e-04
 -0.27163373  -0.52081903  -0.80929763  1.89657301e-04
  0.37061516   0.59174998   0.71587455  5.64415948e-04
  0.78372993   0.42885454  -0.44927850  1.52736255e-04
  0.78921202  -0.58955989  -0.17194046  2.39458371e-04
