20
 -1.1407996218300525E+00 -2.3170985309886123E+00 3.8420614944644871E-01
 8.6620911671463612E-03 -5.7834768146069948E-03 -1.7806762049986712E-03
0
0.0
 -1.1407996218300525E+00 -2.3170985309886123E+00 3.8420614944644871E-01
 8.4959669078976674E-03 -6.0932373022789888E-03 -1.6131146224663427E-03
0
0.0
 -1.1407996218300525E+00 -2.3170985309886123E+00 3.8420614944644871E-01
 8.7689711855694023E-03 -5.8098065215881362E-03 -1.7998468708400547E-03
0
0.0
 -1.1407996218300525E+00 -2.3170985309886123E+00 3.8420614944644871E-01
 9.0404269432502807E-03 -5.9788177599611374E-03 -1.5050159685492943E-03
0
0.0
 -1.1407996218300525E+00 -2.3170985309886123E+00 3.8420614944644871E-01
 8.8360965119327842E-03 -5.6606268243494535E-03 -1.5187251819319305E-03
0
0.0
 -1.1407996218300525E+00 -2.3170985309886123E+00 3.8420614944644871E-01
 8.7794607464270098E-03 -5.9846964154761945E-03 -1.3949087037555060E-03
0
0.0
 -1.1407996218300525E+00 -2.3170985309886123E+00 3.8420614944644871E-01
 8.8316667411716884E-03 -5.9195307815484207E-03 -1.5890691431755077E-03
0
0.0
 -1.1407996218300525E+00 -2.3170985309886123E+00 3.8420614944644871E-01
 9.0635677389196197E-03 -5.9923870148114577E-03 -1.4852046816744889E-03
0
0.0
 -1.1407996218300525E+00 -2.3170985309886123E+00 3.8420614944644871E-01
 8.8600980810451865E-03 -6.0275021762464312E-03 -1.8891456992216435E-03
0
0.0
 -1.1407996218300525E+00 -2.3170985309886123E+00 3.8420614944644871E-01
 8.7817727786992927E-03 -5.9665565184722821E-03 -1.5856077906520791E-03
0
0.0
 -1.1407996218300525E+00 -2.3170985309886123E+00 3.8420614944644871E-01
 8.6192926540763198E-03 -5.7669949098235126E-03 -1.7982437455009710E-03
0
0.0
 -1.1407996218300525E+00 -2.3170985309886123E+00 3.8420614944644871E-01
 8.7521647753407931E-03 -5.9202233574895168E-03 -1.5152083323755968E-03
0
0.0
 -1.1407996218300525E+00 -2.3170985309886123E+00 3.8420614944644871E-01
 8.7033308525156245E-03 -5.9643906172582957E-03 -1.6516059078798657E-03
0
0.0
 -1.1407996218300525E+00 -2.3170985309886123E+00 3.8420614944644871E-01
 8.7558819428661134E-03 -6.1767927800555726E-03 -1.6224460524304105E-03
0
0.0
 -1.1407996218300525E+00 -2.3170985309886123E+00 3.8420614944644871E-01
 8.7862200332884666E-03 -5.8039432654888191E-03 -1.5466729555846748E-03
0
0.0
 -1.1407996218300525E+00 -2.3170985309886123E+00 3.8420614944644871E-01
 8.7793045640622673E-03 -6.0409682982725827E-03 -1.4805048706880925E-03
0
0.0
 -1.1407996218300525E+00 -2.3170985309886123E+00 3.8420614944644871E-01
 8.9653882806214873E-03 -5.8959725831144779E-03 -1.6853353972828499E-03
0
0.0
 -1.1407996218300525E+00 -2.3170985309886123E+00 3.8420614944644871E-01
 8.6910976680609417E-03 -5.9593100703509011E-03 -1.3699521528378336E-03
0
0.0
 -1.1407996218300525E+00 -2.3170985309886123E+00 3.8420614944644871E-01
 8.7699690032205495E-03 -5.8612800196576574E-03 -1.6507008351557963E-03
0
0.0
 -1.1407996218300525E+00 -2.3170985309886123E+00 3.8420614944644871E-01
 8.8224486326569408E-03 -5.6703852035525091E-03 -1.4953949611844382E-03
0
0.0
