20
-1
1
 -0.50587217  -0.83167453  -0.22893409  3.22277998e-04
 -0.34217706  -0.76108132  -0.55106268  3.11316671e-04
  0.91716842   0.39837659  -0.00990857  1.61545909e-04
 -0.53133637   0.56708975   0.62935751  1.97186615e-04
  0.96923719   0.24603565   0.00676218  2.33750180e-04
 -0.21844233   0.70733512   0.67227968  2.05278837e-04
 -0.37617060   0.31747133  -0.87046403  1.97766691e-04
 -0.95179183   0.13386235  -0.27599491  4.47397557e-04
  0.74347548  -0.26146056  -0.61553439  1.45569208e-04
 -0.90616341   0.03278149   0.42165537  2.03690514e-04
 -0.94864190   0.10130697  -0.29969224  2.09587403e-04
  0.22475972  -0.92676433  -0.30098329  6.44184690e-04
  0.65130072   0.57986851  -0.48944856  3.02414466e-04
  0.05697175   0.63369756   0.77148015  1.52347769e-04
 -0.82034583   0.34601364  -0.45531008  1.45966339e-04
 -0.60900522  -0.34792785   0.71278247  1.72740020e-04
  0.63425247  -0.74027133   0.22298467  2.48286885e-04
 -0.79783978  -0.57831852   0.17029202  2.51625437e-04
  0.79418107  -0.60537008   0.05294803  1.55148098e-04
  0.43167537  -0.89649640  -0.09975258  1.83337050e-04
