20
 -1.1407996218300525E+00 -2.3170985309886123E+00 3.8420614944644871E-01
 8.7310747641851979E-03 -5.6241891641182666E-03 -1.7084081804508795E-03
0
0.0
 -1.1407996218300525E+00 -2.3170985309886123E+00 3.8420614944644871E-01
 8.7025608964025527E-03 -5.8915131426069941E-03 -1.6284455520931538E-03
0
0.0
 -1.1407996218300525E+00 -2.3170985309886123E+00 3.8420614944644871E-01
 8.9459352175777287E-03 -5.9824677528849532E-03 -1.4895473583910518E-03
0
0.0
 -1.1407996218300525E+00 -2.3170985309886123E+00 3.8420614944644871E-01
 8.5658209837857525E-03 -5.8813199165641331E-03 -1.4231662489533664E-03
0
0.0
 -1.1407996218300525E+00 -2.3170985309886123E+00 3.8420614944644871E-01
 8.7399984555700735E-03 -5.9271763762726824E-03 -1.5982796944779372E-03
0
0.0
 -1.1407996218300525E+00 -2.3170985309886123E+00 3.8420614944644871E-01
 8.7761242024752099E-03 -5.8051649126613760E-03 -1.5328640584678466E-03
0
0.0
 -1.1407996218300525E+00 -2.3170985309886123E+00 3.8420614944644871E-01
 8.7620171869908295E-03 -5.7899511322241030E-03 -1.8348305506314456E-03
0
0.0
 -1.1407996218300525E+00 -2.3170985309886123E+00 3.8420614944644871E-01
 8.5586667571870088E-03 -6.1613396513576883E-03 -1.6317093837552742E-03
0
0.0
 -1.1407996218300525E+00 -2.3170985309886123E+00 3.8420614944644871E-01
 8.5377562546650916E-03 -5.8445551426217091E-03 -1.8214911459911623E-03
0
0.0
 -1.1407996218300525E+00 -2.3170985309886123E+00 3.8420614944644871E-01
 8.9180126292540528E-03 -5.8839481121401279E-03 -1.5990153755633429E-03
0
0.0
 -1.1407996218300525E+00 -2.3170985309886123E+00 3.8420614944644871E-01
 8.7203798303770799E-03 -5.9461146424399031E-03 -1.5340360177151227E-03
0
0.0
 -1.1407996218300525E+00 -2.3170985309886123E+00 3.8420614944644871E-01
 8.6843260405726434E-03 -5.9363684695031334E-03 -1.5243041157775249E-03
0
0.0
 -1.1407996218300525E+00 -2.3170985309886123E+00 3.8420614944644871E-01
 8.5342474139879828E-03 -5.9707088427496981E-03 -1.5700671064442289E-03
0
0.0
 -1.1407996218300525E+00 -2.3170985309886123E+00 3.8420614944644871E-01
 8.7243128835790724E-03 -5.8510245945456825E-03 -1.6471492550852447E-03
0
0.0
 -1.1407996218300525E+00 -2.3170985309886123E+00 3.8420614944644871E-01
 8.9022168470349640E-03 -5.9820418409734502E-03 -1.6311206116965695E-03
0
0.0
 -1.1407996218300525E+00 -2.3170985309886123E+00 3.8420614944644871E-01
 8.7641926506595181E-03 -5.8540805407859935E-03 -1.4932324057132401E-03
0
0.0
 -1.1407996218300525E+00 -2.3170985309886123E+00 3.8420614944644871E-01
 8.8226424763428370E-03 -5.9210605259816121E-03 -1.5487774806289027E-03
0
0.0
 -1.1407996218300525E+00 -2.3170985309886123E+00 3.8420614944644871E-01
 8.9947932290371842E-03 -5.9222601192176622E-03 -1.5629153963537569E-03
0
0.0
 -1.1407996218300525E+00 -2.3170985309886123E+00 3.8420614944644871E-01
 8.7724951020415037E-03 -6.2083187296771607E-03 -1.7491379186430566E-03
0
0.0
 -1.1407996218300525E+00 -2.3170985309886123E+00 3.8420614944644871E-01
 8.8819483324673373E-03 -6.0039050091334218E-03 -1.6179657549420970E-03
0
0.0
