50
 -1.1407996218300525E+00 -2.3170985309886123E+00 3.8420614944644871E-01
 8.9141701885007939E-03 -6.1599002694579606E-03 -1.7096239459397592E-03
0
0.0
 -1.1407996218300525E+00 -2.3170985309886123E+00 3.8420614944644871E-01
 8.8069542683078730E-03 -5.9606091499497318E-03 -1.6221795748751382E-03
0
0.0
 -1.1407996218300525E+00 -2.3170985309886123E+00 3.8420614944644871E-01
 8.5855195244728851E-03 -6.0740279375234183E-03 -1.4552682815852272E-03
0
0.0
 -1.1407996218300525E+00 -2.3170985309886123E+00 3.8420614944644871E-01
 8.6073213775881997E-03 -5.8727788439273017E-03 -1.3410902120926963E-03
0
0.0
 -1.1407996218300525E+00 -2.3170985309886123E+00 3.8420614944644871E-01
 8.7024569602966676E-03 -5.9924355836934598E-03 -1.4791695995866729E-03
0
0.0
 -1.1407996218300525E+00 -2.3170985309886123E+00 3.8420614944644871E-01
 8.7208581769956470E-03 -5.9721976643514647E-03 -1.3876664027206087E-03
0
0.0
 -1.1407996218300525E+00 -2.3170985309886123E+00 3.8420614944644871E-01
 8.5530651787506830E-03 -5.6830818015655999E-03 -1.5405961044957436E-03
0
0.0
 -1.1407996218300525E+00 -2.3170985309886123E+00 3.8420614944644871E-01
 8.6870390018566560E-03 -6.0408146668206346E-03 -1.5689648582617309E-03
0
0.0
 -1.1407996218300525E+00 -2.3170985309886123E+00 3.8420614944644871E-01
 8.8041289025145384E-03 -5.9629373509782558E-03 -1.6336435252566602E-03
0
0.0
 -1.1407996218300525E+00 -2.3170985309886123E+00 3.8420614944644871E-01
 8.6059170654882427E-03 -5.7370678167042635E-03 -1.8195250168223237E-03
0
0.0
 -1.1407996218300525E+00 -2.3170985309886123E+00 3.8420614944644871E-01
 8.5250632272602066E-03 -6.0264523915838216E-03 -1.7626928250436612E-03
0
0.0
 -1.1407996218300525E+00 -2.3170985309886123E+00 3.8420614944644871E-01
 8.8073852707603248E-03 -5.9195363073491014E-03 -1.6512598942751097E-03
0
0.0
 -1.1407996218300525E+00 -2.3170985309886123E+00 3.8420614944644871E-01
 8.8524652566841621E-03 -5.5953079742526585E-03 -1.5106290339995758E-03
0
0.0
 -1.1407996218300525E+00 -2.3170985309886123E+00 3.8420614944644871E-01
 8.8975986253760058E-03 -5.8724018254266786E-03 -1.7011311086028657E-03
0
0.0
 -1.1407996218300525E+00 -2.3170985309886123E+00 3.8420614944644871E-01
 8.8506614096369122E-03 -5.7299988640906003E-03 -1.5422682238586578E-03
0
0.0
 -1.1407996218300525E+00 -2.3170985309886123E+00 3.8420614944644871E-01
 8.5792436257538206E-03 -6.1234977919983336E-03 -1.6352020200865853E-03
0
0.0
 -1.1407996218300525E+00 -2.3170985309886123E+00 3.8420614944644871E-01
 8.6152046325995522E-03 -5.8041444465456067E-03 -1.3824536497651896E-03
0
0.0
 -1.1407996218300525E+00 -2.3170985309886123E+00 3.8420614944644871E-01
 8.7616110114204261E-03 -5.8407039005738282E-03 -1.6723635240297003E-03
0
0.0
 -1.1407996218300525E+00 -2.3170985309886123E+00 3.8420614944644871E-01
 8.6859869934406437E-03 -6.0159678431375213E-03 -1.7251366178367622E-03
0
0.0
 -1.1407996218300525E+00 -2.3170985309886123E+00 3.8420614944644871E-01
 8.8115997534895848E-03 -5.9013233073467643E-03 -1.5999467251965769E-03
0
0.0
 -1.1407996218300525E+00 -2.3170985309886123E+00 3.8420614944644871E-01
 8.9237958571557804E-03 -5.8901820561145643E-03 -1.5198122381742858E-03
0
0.0
 -1.1407996218300525E+00 -2.3170985309886123E+00 3.8420614944644871E-01
 8.7860649002750608E-03 -5.9332615086130644E-03 -1.6683949005134098E-03
0
0.0
 -1.1407996218300525E+00 -2.3170985309886123E+00 3.8420614944644871E-01
 8.9441119374490258E-03 -5.8946983517969365E-03 -1.5766175847176441E-03
0
0.0
 -1.1407996218300525E+00 -2.3170985309886123E+00 3.8420614944644871E-01
 8.7710013083461061E-03 -5.8726599660114164E-03 -1.5709030155042043E-03
0
0.0
 -1.1407996218300525E+00 -2.3170985309886123E+00 3.8420614944644871E-01
 8.8591286850580996E-03 -5.9512560088406333E-03 -1.6108347134846780E-03
0
0.0
 -1.1407996218300525E+00 -2.3170985309886123E+00 3.8420614944644871E-01
 8.7424750971895841E-03 -5.9090466991284733E-03 -1.6304950165911115E-03
0
0.0
 -1.1407996218300525E+00 -2.3170985309886123E+00 3.8420614944644871E-01
 8.9287623483895392E-03 -5.9492414483947285E-03 -1.8739349766732612E-03
0
0.0
 -1.1407996218300525E+00 -2.3170985309886123E+00 3.8420614944644871E-01
 8.7460681946850780E-03 -5.6331465740328684E-03 -1.6553239502624462E-03
0
0.0
 -1.1407996218300525E+00 -2.3170985309886123E+00 3.8420614944644871E-01
 8.8789729630756216E-03 -6.0241256255674632E-03 -1.4054124881055202E-03
0
0.0
 -1.1407996218300525E+00 -2.3170985309886123E+00 3.8420614944644871E-01
 8.9522660796725329E-03 -6.0029249512768270E-03 -1.6067285266248346E-03
0
0.0
 -1.1407996218300525E+00 -2.3170985309886123E+00 3.8420614944644871E-01
 8.6414684008394964E-03 -5.8631866692805861E-03 -1.4795340827793357E-03
0
0.0
 -1.1407996218300525E+00 -2.3170985309886123E+00 3.8420614944644871E-01
 8.6855491740518761E-03 -5.9498879673354306E-03 -1.7883724505832869E-03
0
0.0
 -1.1407996218300525E+00 -2.3170985309886123E+00 3.8420614944644871E-01
 8.8595985793032943E-03 -5.9498325676776605E-03 -1.8003965956969739E-03
0
0.0
 -1.1407996218300525E+00 -2.3170985309886123E+00 3.8420614944644871E-01
 8.7721294262858140E-03 -5.7435213291369188E-03 -1.7582400143260186E-03
0
0.0
 -1.1407996218300525E+00 -2.3170985309886123E+00 3.8420614944644871E-01
 8.8652796375891674E-03 -6.2025535548439576E-03 -1.4721177362526678E-03
0
0.0
 -1.1407996218300525E+00 -2.3170985309886123E+00 3.8420614944644871E-01
 8.6935484272489261E-03 -5.9631617376781016E-03 -1.7822937808219747E-03
0
0.0
 -1.1407996218300525E+00 -2.3170985309886123E+00 3.8420614944644871E-01
 8.8551426681126779E-03 -5.9421266545267625E-03 -1.3839883873114479E-03
0
0.0
 -1.1407996218300525E+00 -2.3170985309886123E+00 3.8420614944644871E-01
 8.6421692413347628E-03 -5.9715140411352339E-03 -1.6767859776882234E-03
0
0.0
 -1.1407996218300525E+00 -2.3170985309886123E+00 3.8420614944644871E-01
 8.8387269656745055E-03 -5.8919911419471806E-03 -1.6561350951736751E-03
0
0.0
 -1.1407996218300525E+00 -2.3170985309886123E+00 3.8420614944644871E-01
 8.6450863882679366E-03 -6.0416171207404541E-03 -1.5267051526508901E-03
0
0.0
 -1.1407996218300525E+00 -2.3170985309886123E+00 3.8420614944644871E-01
 8.6263662777979668E-03 -6.1224668765366445E-03 -1.7895947294404783E-03
0
0.0
 -1.1407996218300525E+00 -2.3170985309886123E+00 3.8420614944644871E-01
 8.7169998644951556E-03 -5.8863828937807394E-03 -1.5885338926882443E-03
0
0.0
 -1.1407996218300525E+00 -2.3170985309886123E+00 3.8420614944644871E-01
 8.7198956175561972E-03 -5.9623759615432129E-03 -1.6364730497832247E-03
0
0.0
 -1.1407996218300525E+00 -2.3170985309886123E+00 3.8420614944644871E-01
 8.7614230525119557E-03 -5.9432264552028756E-03 -1.5486675958834911E-03
0
0.0
 -1.1407996218300525E+00 -2.3170985309886123E+00 3.8420614944644871E-01
 8.8941981459712324E-03 -6.0581580057643891E-03 -1.5398147491332943E-03
0
0.0
 -1.1407996218300525E+00 -2.3170985309886123E+00 3.8420614944644871E-01
 8.6941770386053420E-03 -5.8661203922545941E-03 -1.5889275673233825E-03
0
0.0
 -1.1407996218300525E+00 -2.3170985309886123E+00 3.8420614944644871E-01
 8.8776031679724757E-03 -5.6361778223498801E-03 -1.5617261937952600E-03
0
0.0
 -1.1407996218300525E+00 -2.3170985309886123E+00 3.8420614944644871E-01
 8.6875708240249181E-03 -5.9204696190074835E-03 -1.8830117689987529E-03
0
0.0
 -1.1407996218300525E+00 -2.3170985309886123E+00 3.8420614944644871E-01
 8.7825291213571108E-03 -6.0119508954170429E-03 -1.6721646303657310E-03
0
0.0
 -1.1407996218300525E+00 -2.3170985309886123E+00 3.8420614944644871E-01
 8.6952561189139171E-03 -6.0520916670919684E-03 -1.7587042496250780E-03
0
0.0
