20
-1
1
  0.15398707   0.98616317   0.06140190  5.64860769e-04
 -0.78332058   0.00050335  -0.62161774  2.30817513e-04
 -0.45693297  -0.87891823   0.13680279  3.79169591e-04
  0.95946804   0.26406672  -0.09843701  3.55984086e-04
 -0.62351435   0.68405597   0.37854627  4.23699784e-04
 -0.84961537   0.48115385  -0.21597383  4.16796245e-04
  0.04394557  -0.99601859   0.07756132  5.67953161e-04
 -0.14322620   0.94036771  -0.30853658  3.36981688e-04
  0.66931624   0.06668928  -0.73997858  6.71926164e-04
  0.80259502  -0.58104242  -0.13502200  1.56076579e-04
  0.26410750   0.66716939  -0.69651435  4.69940795e-04
 -0.75244439   0.58154869   0.30923868  1.51577332e-04
  0.08937221  -0.27476169  -0.95734979  3.62893438e-04
 -0.14760474  -0.98224170  -0.11581921  6.96437374e-04
  0.91653908   0.21293416   0.33854859  6.61122848e-04
 -0.00580402  -0.94999575   0.31220888  1.93504563e-04
  0.80109380  -0.38867978   0.45516674  3.81405940e-04
 -0.50720385  -0.13461195  -0.85124842  1.72058810e-04
  0.04401381   0.74189948  -0.66906498  2.02687858e-04
 -0.10435345   0.99452580  -0.00536507  2.71116413e-04
