20
 -1.1407996218300525E+00 -2.3170985309886123E+00 3.8420614944644871E-01
 8.7961898630053870E-03 -5.8605111402775046E-03 -1.6023712331747569E-03
0
0.0
 -1.1407996218300525E+00 -2.3170985309886123E+00 3.8420614944644871E-01
 8.5057488403218334E-03 -5.8291398598035128E-03 -1.6526328214942787E-03
0
0.0
 -1.1407996218300525E+00 -2.3170985309886123E+00 3.8420614944644871E-01
 8.5932443033756700E-03 -6.0485619990196639E-03 -1.3949561905704608E-03
0
0.0
 -1.1407996218300525E+00 -2.3170985309886123E+00 3.8420614944644871E-01
 8.9342208461872536E-03 -5.9619535283696196E-03 -1.8741700231029628E-03
0
0.0
 -1.1407996218300525E+00 -2.3170985309886123E+00 3.8420614944644871E-01
 8.7884665294126890E-03 -5.7943964060405513E-03 -1.7720250693266533E-03
0
0.0
 -1.1407996218300525E+00 -2.3170985309886123E+00 3.8420614944644871E-01
 9.0590769087619729E-03 -5.9513832242892931E-03 -1.5751770105807208E-03
0
0.0
 -1.1407996218300525E+00 -2.3170985309886123E+00 3.8420614944644871E-01
 8.8108204126232017E-03 -5.8268531084116294E-03 -1.7627395033150330E-03
0
0.0
 -1.1407996218300525E+00 -2.3170985309886123E+00 3.8420614944644871E-01
 8.9125148292700952E-03 -5.7282060573310952E-03 -1.5819117221181026E-03
0
0.0
 -1.1407996218300525E+00 -2.3170985309886123E+00 3.8420614944644871E-01
 8.9288847084441833E-03 -5.8713493662120942E-03 -1.5860100191422309E-03
0
0.0
 -1.1407996218300525E+00 -2.3170985309886123E+00 3.8420614944644871E-01
 8.6203422082103114E-03 -5.8772784700590833E-03 -1.5665791411857328E-03
0
0.0
 -1.1407996218300525E+00 -2.3170985309886123E+00 3.8420614944644871E-01
 8.8312018546351408E-03 -5.9868103453484664E-03 -1.5892897941704657E-03
0
0.0
 -1.1407996218300525E+00 -2.3170985309886123E+00 3.8420614944644871E-01
 8.7946085336078634E-03 -6.0745418701776584E-03 -1.8517008673407027E-03
0
0.0
 -1.1407996218300525E+00 -2.3170985309886123E+00 3.8420614944644871E-01
 8.9218702844388546E-03 -5.8691569548259236E-03 -1.7411985489269781E-03
0
0.0
 -1.1407996218300525E+00 -2.3170985309886123E+00 3.8420614944644871E-01
 8.8828424082724542E-03 -5.7767076206415831E-03 -1.6830519019276947E-03
0
0.0
 -1.1407996218300525E+00 -2.3170985309886123E+00 3.8420614944644871E-01
 8.8001703515054822E-03 -5.9323406947323848E-03 -1.3965037149261757E-03
0
0.0
 -1.1407996218300525E+00 -2.3170985309886123E+00 3.8420614944644871E-01
 8.7816397538627612E-03 -5.8961055481032516E-03 -1.6374040776570796E-03
0
0.0
 -1.1407996218300525E+00 -2.3170985309886123E+00 3.8420614944644871E-01
 8.8330222116200559E-03 -6.0259065754621841E-03 -1.6627208901318373E-03
0
0.0
 -1.1407996218300525E+00 -2.3170985309886123E+00 3.8420614944644871E-01
 8.6818901141236700E-03 -5.8200454156242688E-03 -1.6064181749358209E-03
0
0.0
 -1.1407996218300525E+00 -2.3170985309886123E+00 3.8420614944644871E-01
 8.7315588185263616E-03 -5.8566869854569130E-03 -1.4841603129852100E-03
0
0.0
 -1.1407996218300525E+00 -2.3170985309886123E+00 3.8420614944644871E-01
 8.9733441963183239E-03 -5.7988595933803275E-03 -1.5163779889843015E-03
0
0.0
