20
-1
1
 -0.72431636  -0.40796597  -0.55581434  3.33861171e-04
 -0.83917361   0.32230755   0.43807019  2.13896097e-04
  0.72768632  -0.57242187  -0.37789658  3.01386990e-04
 -0.08697708   0.11992963  -0.98896505  5.94365058e-04
  0.27409757   0.38184364  -0.88264713  2.88393047e-04
 -0.05443771   0.83219939  -0.55179771  2.29192748e-04
  0.78609091  -0.61685166   0.03943493  5.85857025e-04
  0.90933153  -0.41520792   0.02680587  6.64452677e-04
 -0.79193167  -0.58679774  -0.16885688  2.73580667e-04
  0.55919029   0.10575267   0.82226674  1.57629622e-04
  0.99130061   0.08123126   0.10355957  3.64369858e-04
  0.98944015   0.03044534  -0.14170840  1.68715477e-04
 -0.67680167  -0.19237899   0.71058414  2.03546762e-04
  0.23505828   0.25093602   0.93903073  3.12454924e-04
 -0.24235368   0.54494300  -0.80268413  2.24584967e-04
  0.00632188   0.74347591   0.66873283  2.74728837e-04
  0.61811569   0.07692151  -0.78231456  1.96272639e-04
  0.08121566  -0.08333727   0.99320638  1.93368640e-04
 -0.77319329   0.28902396   0.56447966  3.63670706e-04
 -0.77193308   0.49201765   0.40253937  8.07540220e-04
