20
-1
1
  0.78402046  -0.36730732   0.50039710  3.62642410e-04
  0.36712960   0.79911119   0.47606424  5.01237275e-04
  0.66086292   0.65339120   0.36924267  1.90643700e-04
 -0.69882695  -0.66063327   0.27423453  1.72402826e-04
 -0.29882470  -0.24805011  -0.92150689  6.12884000e-04
  0.55332526  -0.16456731   0.81654685  1.94022584e-04
 -0.35124735   0.93599861  -0.02306312  6.03960759e-04
 -0.86839288   0.47718632  -0.13485928  1.85780622e-04
  0.29876458   0.70065738  -0.64793438  2.55098867e-04
  0.09171534  -0.96844053   0.23175683  1.68286777e-04
 -0.26608474   0.43764951  -0.85887241  2.48864007e-04
 -0.86116271  -0.30243098   0.40857594  1.90546812e-04
 -0.79574286  -0.56376772  -0.22126739  3.20185318e-04
 -0.83742292  -0.52626929   0.14752452  2.07597309e-04
  0.00553912   0.90147630   0.43279301  1.76080174e-04
 -0.70743886   0.41770134   0.57013670  5.05671629e-04
  0.77946678   0.59169769   0.20573136  1.48957834e-04
 -0.99337397   0.03471618  -0.10955796  4.14341877e-04
  0.87490700  -0.05322354  -0.48135745  1.53617544e-04
  0.44705089  -0.70554974  -0.54985913  1.75207382e-04
