20
 -1.1407996218300525E+00 -2.3170985309886123E+00 3.8420614944644871E-01
 8.5605955721081237E-03 -5.9878841285642605E-03 -1.5656248403308455E-03
0
0.0
 -1.1407996218300525E+00 -2.3170985309886123E+00 3.8420614944644871E-01
 8.7853139898733147E-03 -5.8489528145315977E-03 -1.5740956331782240E-03
0
0.0
 -1.1407996218300525E+00 -2.3170985309886123E+00 3.8420614944644871E-01
 8.7721589657754444E-03 -5.8940188232002415E-03 -1.5310726095673515E-03
0
0.0
 -1.1407996218300525E+00 -2.3170985309886123E+00 3.8420614944644871E-01
 8.7803476741201928E-03 -6.0896848482001635E-03 -1.5739441627584615E-03
0
0.0
 -1.1407996218300525E+00 -2.3170985309886123E+00 3.8420614944644871E-01
 8.7741189967690675E-03 -5.8832804118562803E-03 -1.7968048411771806E-03
0
0.0
 -1.1407996218300525E+00 -2.3170985309886123E+00 3.8420614944644871E-01
 8.8545544454858467E-03 -5.7548778721827646E-03 -1.5775612035551288E-03
0
0.0
 -1.1407996218300525E+00 -2.3170985309886123E+00 3.8420614944644871E-01
 8.8363382328892331E-03 -5.9326924634482796E-03 -1.6944799283060258E-03
0
0.0
 -1.1407996218300525E+00 -2.3170985309886123E+00 3.8420614944644871E-01
 8.6215988320476437E-03 -6.0231701761329593E-03 -1.7329707376258141E-03
0
0.0
 -1.1407996218300525E+00 -2.3170985309886123E+00 3.8420614944644871E-01
 9.0313562471958618E-03 -6.0464740019422645E-03 -1.6134472413155449E-03
0
0.0
 -1.1407996218300525E+00 -2.3170985309886123E+00 3.8420614944644871E-01
 8.7178064753003093E-03 -5.8674386228395482E-03 -1.6420828798654659E-03
0
0.0
 -1.1407996218300525E+00 -2.3170985309886123E+00 3.8420614944644871E-01
 8.6299989964712595E-03 -5.9844938032287990E-03 -1.6050670522123678E-03
0
0.0
 -1.1407996218300525E+00 -2.3170985309886123E+00 3.8420614944644871E-01
 8.7031629200138641E-03 -5.9296685842526687E-03 -1.6720461933640725E-03
0
0.0
 -1.1407996218300525E+00 -2.3170985309886123E+00 3.8420614944644871E-01
 8.9525801653935339E-03 -5.9245351475062822E-03 -1.8103682718858252E-03
0
0.0
 -1.1407996218300525E+00 -2.3170985309886123E+00 3.8420614944644871E-01
 8.7415366293963782E-03 -5.9918879050861375E-03 -1.4066024924206659E-03
0
0.0
 -1.1407996218300525E+00 -2.3170985309886123E+00 3.8420614944644871E-01
 8.7432829431041102E-03 -5.8789447540323198E-03 -1.7559861086777050E-03
0
0.0
 -1.1407996218300525E+00 -2.3170985309886123E+00 3.8420614944644871E-01
 8.7418410187789647E-03 -5.9653488775606653E-03 -1.7550798585343709E-03
0
0.0
 -1.1407996218300525E+00 -2.3170985309886123E+00 3.8420614944644871E-01
 8.8573824660100886E-03 -6.1304334345242545E-03 -1.4720472624128087E-03
0
0.0
 -1.1407996218300525E+00 -2.3170985309886123E+00 3.8420614944644871E-01
 8.8293906551603196E-03 -6.0743819219578428E-03 -1.3899685570117279E-03
0
0.0
 -1.1407996218300525E+00 -2.3170985309886123E+00 3.8420614944644871E-01
 8.8383891719340836E-03 -6.0256929299674937E-03 -1.5614567927143843E-03
0
0.0
 -1.1407996218300525E+00 -2.3170985309886123E+00 3.8420614944644871E-01
 8.7814112411207946E-03 -6.0776377850900358E-03 -1.6256588730043534E-03
0
0.0
