20
-1
1
 -0.64873377   0.61170849  -0.45272200  5.68183119e-04
  0.61809787   0.76860460   0.16493028  1.77021902e-04
  0.59963930   0.59951810   0.53010448  2.79610545e-04
 -0.70277413  -0.37851056   0.60236058  7.73291119e-04
  0.43738815   0.10268815  -0.89339059  4.42442028e-04
  0.03027716   0.52995741  -0.84748359  4.70471595e-04
 -0.86068520  -0.49306350  -0.12692270  5.62046786e-04
 -0.94200856  -0.33331049  -0.03903825  1.53779037e-04
 -0.53459728  -0.83997776   0.09296835  1.65581113e-04
 -0.15795247  -0.89345392   0.42046535  8.72108282e-04
  0.41375704  -0.83304248  -0.36721294  1.93579527e-04
  0.53898563   0.16614757  -0.82576599  2.56201201e-04
 -0.29235231   0.79308813  -0.53436069  1.55985354e-04
  0.96142704   0.25101529   0.11246945  2.33701629e-04
 -0.48591123   0.85565222   0.17818405  1.82571595e-04
  0.21960111  -0.97511508  -0.03042920  2.70946759e-04
  0.18874691  -0.97957837   0.06928794  6.30061862e-04
 -0.37471624  -0.58616993  -0.71832622  4.95681286e-04
  0.67968068  -0.67774386  -0.28053065  2.28581399e-04
  0.83311150   0.37468887   0.40685806  3.54052031e-04
