20
 -1.1407996218300525E+00 -2.3170985309886123E+00 3.8420614944644871E-01
 9.0274074585403579E-03 -5.8282356967769601E-03 -1.7202077254623270E-03
0
0.0
 -1.1407996218300525E+00 -2.3170985309886123E+00 3.8420614944644871E-01
 8.8306565987792181E-03 -5.8431372987387794E-03 -1.5215818506195220E-03
0
0.0
 -1.1407996218300525E+00 -2.3170985309886123E+00 3.8420614944644871E-01
 8.9593591985470070E-03 -5.8863356942067697E-03 -1.8290401172780331E-03
0
0.0
 -1.1407996218300525E+00 -2.3170985309886123E+00 3.8420614944644871E-01
 8.6191755030086553E-03 -6.1555877753688582E-03 -1.4662131937540376E-03
0
0.0
 -1.1407996218300525E+00 -2.3170985309886123E+00 3.8420614944644871E-01
 8.9906364969478438E-03 -6.0694064349505594E-03 -1.7435858601635389E-03
0
0.0
 -1.1407996218300525E+00 -2.3170985309886123E+00 3.8420614944644871E-01
 8.7734099949236151E-03 -5.8859597594810870E-03 -1.6569145125730430E-03
0
0.0
 -1.1407996218300525E+00 -2.3170985309886123E+00 3.8420614944644871E-01
 8.7744383339647108E-03 -5.9312724357517390E-03 -1.5588298520089264E-03
0
0.0
 -1.1407996218300525E+00 -2.3170985309886123E+00 3.8420614944644871E-01
 8.8045081497482580E-03 -5.8790528147690847E-03 -1.6086100112896933E-03
0
0.0
 -1.1407996218300525E+00 -2.3170985309886123E+00 3.8420614944644871E-01
 8.7141585054987432E-03 -5.8212142120919134E-03 -1.6922178815979056E-03
0
0.0
 -1.1407996218300525E+00 -2.3170985309886123E+00 3.8420614944644871E-01
 8.8925795621624653E-03 -5.9126182311965538E-03 -1.5618408700371212E-03
0
0.0
 -1.1407996218300525E+00 -2.3170985309886123E+00 3.8420614944644871E-01
 8.6637238381257562E-03 -5.9810353571642903E-03 -1.6860985720134939E-03
0
0.0
 -1.1407996218300525E+00 -2.3170985309886123E+00 3.8420614944644871E-01
 8.8669856714152888E-03 -5.6235320880394487E-03 -1.4605058387271341E-03
0
0.0
 -1.1407996218300525E+00 -2.3170985309886123E+00 3.8420614944644871E-01
 8.6935092331047927E-03 -5.7602776723941927E-03 -1.7671286048700843E-03
0
0.0
 -1.1407996218300525E+00 -2.3170985309886123E+00 3.8420614944644871E-01
 8.7564509935533271E-03 -5.8883287943532663E-03 -1.6597811482406890E-03
0
0.0
 -1.1407996218300525E+00 -2.3170985309886123E+00 3.8420614944644871E-01
 8.7893559327372611E-03 -5.8999215528151355E-03 -1.5671891092903115E-03
0
0.0
 -1.1407996218300525E+00 -2.3170985309886123E+00 3.8420614944644871E-01
 8.4519671136385182E-03 -5.8399729091767015E-03 -1.5703173396624936E-03
0
0.0
 -1.1407996218300525E+00 -2.3170985309886123E+00 3.8420614944644871E-01
 9.0491726657962786E-03 -5.7974040893433018E-03 -1.5975263896747518E-03
0
0.0
 -1.1407996218300525E+00 -2.3170985309886123E+00 3.8420614944644871E-01
 8.7085802840930256E-03 -5.6863051555565746E-03 -1.6725302917603860E-03
0
0.0
 -1.1407996218300525E+00 -2.3170985309886123E+00 3.8420614944644871E-01
 8.6982604009877059E-03 -5.7104150033730839E-03 -1.6803444644780865E-03
0
0.0
 -1.1407996218300525E+00 -2.3170985309886123E+00 3.8420614944644871E-01
 8.8025520944350084E-03 -6.0128645128795562E-03 -1.7400390454889866E-03
0
0.0
