50
-1
1
  0.46763418   0.09377264  -0.87893399  8.50567229e-04
  0.18965632   0.22828879   0.95494226  2.18206190e-04
 -0.94882207   0.29155622   0.12137402  8.31181794e-04
  0.38135189   0.92401281   0.02776796  1.62777601e-04
 -0.72990671  -0.64076320   0.23803091  4.30192831e-04
  0.98463379  -0.09206653  -0.14839158  3.46135354e-04
  0.47582918   0.56079798   0.67756344  2.59044581e-04
  0.76110527  -0.64151246   0.09581515  3.30979712e-04
  0.58575110  -0.60307460   0.54147639  4.63012797e-04
 -0.15755010   0.75384060   0.63788895  7.35307268e-04
  0.45114959   0.39378900  -0.80087095  1.87176500e-04
  0.09986552  -0.86847541   0.48556910  2.96412960e-04
 -0.34747023   0.92992766   0.12041176  2.02187317e-04
 -0.48959523   0.85701385  -0.16069773  6.52432696e-04
  0.35211076   0.73324810   0.58169170  4.53389297e-04
 -0.08097815   0.46620616   0.88096218  2.57731396e-04
  0.88071742   0.24132928  -0.40755000  1.65572549e-04
  0.61302543   0.76397178   0.20136273  1.46055192e-04
  0.24129675  -0.05406536   0.96894418  1.64814303e-04
 -0.34991730   0.77896576  -0.52035587  2.74994416e-04
 -0.41028925  -0.74565763  -0.52503088  1.51953349e-04
  0.12083681   0.02091762   0.99245197  1.81733593e-04
 -0.79526157   0.20662196   0.56997053  2.57863808e-04
 -0.35668802   0.74388018   0.56516895  3.25441279e-04
 -0.27703706   0.90154531   0.33236504  4.51083214e-04
 -0.31592072  -0.16525884  -0.93428241  2.65116304e-04
 -0.78404269   0.60610919   0.13382346  2.18825069e-04
  0.24163922  -0.27314172  -0.93113054  8.40516275e-04
  0.80153647  -0.50720840   0.31666849  4.19328751e-04
  0.24388570   0.77810105   0.57885967  3.60200909e-04
 -0.66482476  -0.55116687  -0.50420542  2.84172380e-04
  0.45749834   0.67944251   0.57363154  8.12513673e-04
  0.77804856  -0.62677237  -0.04238897  2.37248414e-04
  0.17573828   0.95773538  -0.22772571  1.63318787e-04
 -0.25501211  -0.73880105   0.62381234  2.24208311e-04
 -0.89724948  -0.02306067  -0.44092128  2.38244523e-04
 -0.77541174  -0.24668037  -0.58127913  1.59480347e-04
  0.89184219   0.33081127   0.30851485  1.70101668e-04
  0.38081048  -0.92007768  -0.09187186  3.25413063e-04
 -0.04845388  -0.86649945  -0.49682082  1.53064394e-04
  0.78822366  -0.59604423  -0.15308412  4.40177816e-04
  0.85104104   0.15234594  -0.50251355  4.65426445e-04
 -0.68197279  -0.00447297   0.73136387  2.33806846e-04
 -0.76882105   0.22951801  -0.59685482  2.12908218e-04
 -0.42932799   0.32277344  -0.84350150  2.92181041e-04
  0.09595147  -0.09395082   0.99094226  5.73725915e-04
  0.94521981  -0.03576596   0.32446928  6.01972794e-04
 -0.47155323  -0.46189238  -0.75119437  5.04273782e-04
  0.51573184   0.00025781   0.85675002  5.94231404e-04
 -0.24288376   0.93706106  -0.25084668  2.52964557e-04
