20
-1
1
 -0.80573471  -0.42501390  -0.41249819  1.73774777e-04
  0.20793935  -0.41332457  -0.88652356  1.50889700e-04
 -0.23794783   0.84062172   0.48655519  6.20109378e-04
  0.34279032   0.92950267  -0.13608665  2.07781962e-04
 -0.25575764   0.82613585   0.50208324  3.51372391e-04
 -0.27043710  -0.76362336  -0.58629611  1.65622671e-04
  0.89394992   0.32154060  -0.31219414  1.55606350e-04
 -0.00523643  -0.36030932   0.93281819  8.26298328e-04
 -0.24498776  -0.67801668   0.69301831  2.07174663e-04
 -0.63184066   0.45033804  -0.63085104  2.05814685e-04
 -0.03705053  -0.11973339  -0.99211450  3.67114984e-04
 -0.42531109   0.43598712  -0.79311141  1.67942984e-04
  0.13056126   0.40402445   0.90538279  6.56890540e-04
 -0.01575118  -0.39739949  -0.91751052  4.07507837e-04
 -0.16584008   0.05561405  -0.98458323  2.87270945e-04
 -0.38963698   0.70642944  -0.59088110  1.53001549e-04
 -0.15086188   0.98215881  -0.11227093  2.00496947e-04
  0.08521431  -0.97279468   0.21542757  1.84413529e-04
 -0.80460489   0.39042454   0.44741441  1.48038749e-04
 -0.58949059  -0.32850692   0.73795938  1.85921251e-04
