20
 -1.1407996218300525E+00 -2.3170985309886123E+00 3.8420614944644871E-01
 8.8474463043980590E-03 -5.9323688248365423E-03 -1.5883964950260186E-03
0
0.0
 -1.1407996218300525E+00 -2.3170985309886123E+00 3.8420614944644871E-01
 8.6568800997619717E-03 -5.8956730757345520E-03 -1.6431886129344452E-03
0
0.0
 -1.1407996218300525E+00 -2.3170985309886123E+00 3.8420614944644871E-01
 8.7205830930922237E-03 -5.9653356155425661E-03 -1.6362475614770415E-03
0
0.0
 -1.1407996218300525E+00 -2.3170985309886123E+00 3.8420614944644871E-01
 8.9065220676902718E-03 -5.9559453523422940E-03 -1.5058930795547223E-03
0
0.0
 -1.1407996218300525E+00 -2.3170985309886123E+00 3.8420614944644871E-01
 8.7587248077123283E-03 -5.8576672737340376E-03 -1.5315445781775576E-03
0
0.0
 -1.1407996218300525E+00 -2.3170985309886123E+00 3.8420614944644871E-01
 8.8297922640785242E-03 -5.7739045225119094E-03 -1.6010927207072596E-03
0
0.0
 -1.1407996218300525E+00 -2.3170985309886123E+00 3.8420614944644871E-01
 8.6960020102010028E-03 -5.8719688148385837E-03 -1.4689498126735426E-03
0
0.0
 -1.1407996218300525E+00 -2.3170985309886123E+00 3.8420614944644871E-01
 9.0373151692646602E-03 -6.0807943687877881E-03 -1.5264150753947379E-03
0
0.0
 -1.1407996218300525E+00 -2.3170985309886123E+00 3.8420614944644871E-01
 8.8606615080101710E-03 -5.8763202150423303E-03 -1.8505583869913797E-03
0
0.0
 -1.1407996218300525E+00 -2.3170985309886123E+00 3.8420614944644871E-01
 8.9118323798901816E-03 -5.8290009365187948E-03 -1.6210242599939196E-03
0
0.0
 -1.1407996218300525E+00 -2.3170985309886123E+00 3.8420614944644871E-01
 8.8362379314779749E-03 -5.9371905987480938E-03 -1.4474565847692141E-03
0
0.0
 -1.1407996218300525E+00 -2.3170985309886123E+00 3.8420614944644871E-01
 8.7761669539501066E-03 -5.9095127658495656E-03 -1.7404297137440497E-03
0
0.0
 -1.1407996218300525E+00 -2.3170985309886123E+00 3.8420614944644871E-01
 8.8550070148208648E-03 -5.9506555878256458E-03 -1.6160647160171596E-03
0
0.0
 -1.1407996218300525E+00 -2.3170985309886123E+00 3.8420614944644871E-01
 8.7389170626415904E-03 -5.7881067105508112E-03 -1.5538131445405367E-03
0
0.0
 -1.1407996218300525E+00 -2.3170985309886123E+00 3.8420614944644871E-01
 8.7071541987481203E-03 -5.8164029438903947E-03 -1.5244960488736937E-03
0
0.0
 -1.1407996218300525E+00 -2.3170985309886123E+00 3.8420614944644871E-01
 9.0589297223329385E-03 -6.0297970100939317E-03 -1.7062657741681198E-03
0
0.0
 -1.1407996218300525E+00 -2.3170985309886123E+00 3.8420614944644871E-01
 8.6300698564944871E-03 -5.9579779837492944E-03 -1.6519592994124659E-03
0
0.0
 -1.1407996218300525E+00 -2.3170985309886123E+00 3.8420614944644871E-01
 8.9175075980203015E-03 -5.6698127113741026E-03 -1.4443396850491886E-03
0
0.0
 -1.1407996218300525E+00 -2.3170985309886123E+00 3.8420614944644871E-01
 8.7580853563720522E-03 -5.9306589663250166E-03 -1.6407820635630699E-03
0
0.0
 -1.1407996218300525E+00 -2.3170985309886123E+00 3.8420614944644871E-01
 8.7582004941994494E-03 -6.1073224632140731E-03 -1.6066012625831412E-03
0
0.0
