20
-1
1
  0.56159780   0.07939371   0.82359247  4.20744770e-04
  0.79396910   0.35563062  -0.49309222  2.50394433e-04
 -0.16713998   0.68251496   0.71150373  6.31743803e-04
  0.27606710   0.26434846  -0.92407080  1.97592597e-04
 -0.50250137   0.55541177  -0.66257841  2.35562286e-04
 -0.99957903   0.02178042  -0.01916726  4.42791371e-04
 -0.78762095   0.60206726   0.13102769  2.75520326e-04
 -0.31512329   0.11907595   0.94155097  2.27370146e-04
 -0.91419001  -0.27090901  -0.30143811  1.82739807e-04
 -0.48801709  -0.83921819  -0.23990031  1.96170425e-04
 -0.60633430   0.58680169   0.53667727  5.77623420e-04
 -0.38922854   0.85510414   0.34248804  2.52104148e-04
  0.46097016   0.50389558  -0.73047639  5.96108036e-04
  0.82214427  -0.44163996  -0.35921156  3.31368051e-04
 -0.14983217  -0.50355278  -0.85087303  1.49263434e-04
  0.03297625   0.99925930   0.01983457  1.60203143e-04
  0.61796910  -0.40981290  -0.67094529  3.30742852e-04
  0.08377851   0.14930529   0.98523555  2.60271420e-04
  0.77932017  -0.18058741  -0.60004021  3.45851855e-04
 -0.50626937  -0.81057473  -0.29438059  1.59284931e-04
