20
-1
1
 -0.64155952   0.00158323  -0.76707162  2.07707853e-04
  0.89031228  -0.16773543   0.42333068  1.83199914e-04
 -0.50264586  -0.65717962   0.56166012  1.60751317e-04
  0.42575102  -0.64392776   0.63568318  2.23347500e-04
  0.52708292   0.81338654  -0.24614211  4.59790240e-04
  0.25381882  -0.51110764  -0.82118511  2.57690377e-04
  0.17777897  -0.43217083   0.88409446  5.98507887e-04
 -0.23228530   0.86907466   0.43675253  2.78054469e-04
  0.06220648   0.90744922   0.41553131  1.56873575e-04
 -0.98083168   0.15276972  -0.12095712  3.56393984e-04
  0.63398685   0.77289881   0.02623178  5.73847139e-04
 -0.42752999  -0.69898622  -0.57326815  2.66119263e-04
  0.97608707  -0.17932539   0.12286758  5.03043920e-04
 -0.80773649  -0.58096811   0.10018889  2.03701520e-04
  0.64039964   0.40775699   0.65086292  1.81962379e-04
  0.06767675  -0.99770714   0.00057379  4.77345005e-04
  0.09772772  -0.76697715   0.63418873  8.40290716e-04
  0.27067672   0.90550323  -0.32679966  3.78233613e-04
 -0.09471532   0.33969397   0.93575478  1.71762445e-04
  0.14423500  -0.38370760  -0.91212101  3.23536124e-04
