20
 -1.1407996218300525E+00 -2.3170985309886123E+00 3.8420614944644871E-01
 8.8334315493348806E-03 -5.9029561950339551E-03 -1.6502472310842111E-03
0
0.0
 -1.1407996218300525E+00 -2.3170985309886123E+00 3.8420614944644871E-01
 8.9663840678537547E-03 -6.1049778896841156E-03 -1.4847833462559971E-03
0
0.0
 -1.1407996218300525E+00 -2.3170985309886123E+00 3.8420614944644871E-01
 8.9119966121696415E-03 -5.8631153683487217E-03 -1.6198733897750551E-03
0
0.0
 -1.1407996218300525E+00 -2.3170985309886123E+00 3.8420614944644871E-01
 8.8214907057687277E-03 -5.8115720389335839E-03 -1.8054332137919578E-03
0
0.0
 -1.1407996218300525E+00 -2.3170985309886123E+00 3.8420614944644871E-01
 8.8550948088633487E-03 -5.5952467593012910E-03 -1.6583729005176485E-03
0
0.0
 -1.1407996218300525E+00 -2.3170985309886123E+00 3.8420614944644871E-01
 8.7403152890165314E-03 -5.8602497678908964E-03 -1.6855564550603515E-03
0
0.0
 -1.1407996218300525E+00 -2.3170985309886123E+00 3.8420614944644871E-01
 8.7311487886472579E-03 -5.8721738930286151E-03 -1.6316054433091391E-03
0
0.0
 -1.1407996218300525E+00 -2.3170985309886123E+00 3.8420614944644871E-01
 8.7080965992998478E-03 -6.0636356450532334E-03 -1.6618597939605671E-03
0
0.0
 -1.1407996218300525E+00 -2.3170985309886123E+00 3.8420614944644871E-01
 9.0366922498041485E-03 -5.8863508601383558E-03 -1.6844491160112579E-03
0
0.0
 -1.1407996218300525E+00 -2.3170985309886123E+00 3.8420614944644871E-01
 8.9076372715938285E-03 -6.1990811204493618E-03 -1.6516757839780899E-03
0
0.0
 -1.1407996218300525E+00 -2.3170985309886123E+00 3.8420614944644871E-01
 8.7376138999590673E-03 -5.8921271919399184E-03 -1.6050505227591123E-03
0
0.0
 -1.1407996218300525E+00 -2.3170985309886123E+00 3.8420614944644871E-01
 8.6531394129566400E-03 -5.8918314564965811E-03 -1.4121466882235224E-03
0
0.0
 -1.1407996218300525E+00 -2.3170985309886123E+00 3.8420614944644871E-01
 8.8135401882856301E-03 -5.9208521490717089E-03 -1.4810357911772738E-03
0
0.0
 -1.1407996218300525E+00 -2.3170985309886123E+00 3.8420614944644871E-01
 9.0505899270763388E-03 -6.1226518395375599E-03 -1.5927322703228458E-03
0
0.0
 -1.1407996218300525E+00 -2.3170985309886123E+00 3.8420614944644871E-01
 8.5841840025841585E-03 -6.0859703384675574E-03 -1.6419140311653183E-03
0
0.0
 -1.1407996218300525E+00 -2.3170985309886123E+00 3.8420614944644871E-01
 8.9985710474347474E-03 -5.9382819188932593E-03 -1.6184154008984557E-03
0
0.0
 -1.1407996218300525E+00 -2.3170985309886123E+00 3.8420614944644871E-01
 8.7109096587252542E-03 -6.0611852051729986E-03 -1.5948517085761667E-03
0
0.0
 -1.1407996218300525E+00 -2.3170985309886123E+00 3.8420614944644871E-01
 8.7528048795932397E-03 -5.9356790371561368E-03 -1.4928242029344152E-03
0
0.0
 -1.1407996218300525E+00 -2.3170985309886123E+00 3.8420614944644871E-01
 8.6910468049774103E-03 -5.7916852229954775E-03 -1.5666519340499590E-03
0
0.0
 -1.1407996218300525E+00 -2.3170985309886123E+00 3.8420614944644871E-01
 8.8258409613281782E-03 -6.0842698895000854E-03 -1.3419123231868044E-03
0
0.0
