50
-1
1
  0.94614230   0.20590745  -0.24983369  2.24457751e-04
  0.93513568  -0.05696676   0.34967993  6.25762047e-04
  0.14851032  -0.06104039   0.98702520  1.81290120e-04
 -0.49494874   0.85767501  -0.13935321  5.60701527e-04
  0.83553129   0.54736468   0.04774279  1.87769102e-04
 -0.10091857  -0.05410223  -0.99342256  3.27435143e-04
 -0.29703241   0.91697432  -0.26632656  2.44665053e-04
  0.29415787   0.29750642   0.90827368  1.56378615e-04
  0.10278422   0.94702076   0.30428125  3.04683585e-04
  0.40604506   0.68336314  -0.60674726  2.73108647e-04
 -0.32987133  -0.85020708   0.41028384  4.96384739e-04
  0.67933553  -0.65672317  -0.32744145  7.98950853e-04
 -0.98274878  -0.17775240   0.05107760  3.04286148e-04
  0.18114188  -0.02087945   0.98323531  5.28873729e-04
  0.25376306  -0.93545041   0.24604236  2.67117030e-04
  0.40297737   0.83835005   0.36712181  3.63724426e-04
 -0.31668587  -0.15163319  -0.93633190  1.62525279e-04
 -0.07601074   0.37101036  -0.92551266  3.41639875e-04
  0.65586232  -0.01342009  -0.75476123  3.90429991e-04
 -0.88925840   0.07494681   0.45122332  1.89384579e-04
 -0.64873377   0.61170849  -0.45272200  5.68183119e-04
  0.61809787   0.76860460   0.16493028  1.77021902e-04
  0.59963930   0.59951810   0.53010448  2.79610545e-04
 -0.70277413  -0.37851056   0.60236058  7.73291119e-04
  0.43738815   0.10268815  -0.89339059  4.42442028e-04
  0.03027716   0.52995741  -0.84748359  4.70471595e-04
 -0.86068520  -0.49306350  -0.12692270  5.62046786e-04
 -0.94200856  -0.33331049  -0.03903825  1.53779037e-04
 -0.53459728  -0.83997776   0.09296835  1.65581113e-04
 -0.15795247  -0.89345392   0.42046535  8.72108282e-04
  0.41375704  -0.83304248  -0.36721294  1.93579527e-04
  0.53898563   0.16614757  -0.82576599  2.56201201e-04
 -0.29235231   0.79308813  -0.53436069  1.55985354e-04
  0.96142704   0.25101529   0.11246945  2.33701629e-04
 -0.48591123   0.85565222   0.17818405  1.82571595e-04
  0.21960111  -0.97511508  -0.03042920  2.70946759e-04
  0.18874691  -0.97957837   0.06928794  6.30061862e-04
 -0.37471624  -0.58616993  -0.71832622  4.95681286e-04
  0.67968068  -0.67774386  -0.28053065  2.28581399e-04
  0.83311150   0.37468887   0.40685806  3.54052031e-04
  0.30362809   0.64031662  -0.70555270  3.70675410e-04
 -0.67407680   0.39433633   0.62459533  1.61523220e-04
 -0.45428010  -0.03214129   0.89027890  2.04477106e-04
 -0.95998490  -0.01421715  -0.27969066  2.76625996e-04
 -0.67234646  -0.72625525  -0.14319061  1.70166212e-04
 -0.21065926  -0.81980231  -0.53249117  1.90735443e-04
  0.10586086  -0.97969674  -0.17025798  4.59716160e-04
 -0.17231678   0.73006952  -0.66129072  3.50799984e-04
  0.12209071   0.89443574   0.43020758  1.87375113e-04
 -0.97299501  -0.02737196  -0.22919747  2.74180371e-04
