50
 -1.1407996218300525E+00 -2.3170985309886123E+00 3.8420614944644871E-01
 8.7977681963982771E-03 -5.8592431797607342E-03 -1.6079629424230921E-03
0
0.0
 -1.1407996218300525E+00 -2.3170985309886123E+00 3.8420614944644871E-01
 8.9588090210437066E-03 -5.6940032500960172E-03 -1.6018188009668968E-03
0
0.0
 -1.1407996218300525E+00 -2.3170985309886123E+00 3.8420614944644871E-01
 8.8278980754342169E-03 -6.2148639953282922E-03 -1.5152933043094550E-03
0
0.0
 -1.1407996218300525E+00 -2.3170985309886123E+00 3.8420614944644871E-01
 8.7766102871554598E-03 -5.8841960173573573E-03 -1.6809142927182907E-03
0
0.0
 -1.1407996218300525E+00 -2.3170985309886123E+00 3.8420614944644871E-01
 8.7766139614271436E-03 -6.0336491152309206E-03 -1.3984963795031905E-03
0
0.0
 -1.1407996218300525E+00 -2.3170985309886123E+00 3.8420614944644871E-01
 8.6739855792062059E-03 -5.7919629784265918E-03 -1.5820133099402579E-03
0
0.0
 -1.1407996218300525E+00 -2.3170985309886123E+00 3.8420614944644871E-01
 9.0685877268340178E-03 -5.9125882385898379E-03 -1.5584190406266487E-03
0
0.0
 -1.1407996218300525E+00 -2.3170985309886123E+00 3.8420614944644871E-01
 8.7906885366216062E-03 -5.8191635722158446E-03 -1.7041514853147945E-03
0
0.0
 -1.1407996218300525E+00 -2.3170985309886123E+00 3.8420614944644871E-01
 8.8314700482806964E-03 -5.9110645559059052E-03 -1.5960796449175916E-03
0
0.0
 -1.1407996218300525E+00 -2.3170985309886123E+00 3.8420614944644871E-01
 8.7812125585231132E-03 -5.9745523834034541E-03 -1.8526643876948597E-03
0
0.0
 -1.1407996218300525E+00 -2.3170985309886123E+00 3.8420614944644871E-01
 8.7055050272019825E-03 -5.9516084972799739E-03 -1.3377105579798199E-03
0
0.0
 -1.1407996218300525E+00 -2.3170985309886123E+00 3.8420614944644871E-01
 8.9884699742718791E-03 -5.9847677480544493E-03 -1.6801540323716491E-03
0
0.0
 -1.1407996218300525E+00 -2.3170985309886123E+00 3.8420614944644871E-01
 8.8434775001358049E-03 -5.8536492777514111E-03 -1.6730943293084919E-03
0
0.0
 -1.1407996218300525E+00 -2.3170985309886123E+00 3.8420614944644871E-01
 8.6870269034398165E-03 -5.9409308770407851E-03 -1.8509225745011243E-03
0
0.0
 -1.1407996218300525E+00 -2.3170985309886123E+00 3.8420614944644871E-01
 8.7216008569842435E-03 -6.0748137486901898E-03 -1.4610090485804035E-03
0
0.0
 -1.1407996218300525E+00 -2.3170985309886123E+00 3.8420614944644871E-01
 8.8425296978115377E-03 -5.7149223929493656E-03 -1.5017261369915749E-03
0
0.0
 -1.1407996218300525E+00 -2.3170985309886123E+00 3.8420614944644871E-01
 8.8030650895275092E-03 -5.9279130258782465E-03 -1.6064754918995857E-03
0
0.0
 -1.1407996218300525E+00 -2.3170985309886123E+00 3.8420614944644871E-01
 8.6864231066582417E-03 -6.0108963942531292E-03 -1.7072949573511743E-03
0
0.0
 -1.1407996218300525E+00 -2.3170985309886123E+00 3.8420614944644871E-01
 8.6138349005872167E-03 -6.0315967035077574E-03 -1.6692435914833052E-03
0
0.0
 -1.1407996218300525E+00 -2.3170985309886123E+00 3.8420614944644871E-01
 8.8088547354096079E-03 -5.8922658925055858E-03 -1.5929123114079618E-03
0
0.0
 -1.1407996218300525E+00 -2.3170985309886123E+00 3.8420614944644871E-01
 9.0274074585403579E-03 -5.8282356967769601E-03 -1.7202077254623270E-03
0
0.0
 -1.1407996218300525E+00 -2.3170985309886123E+00 3.8420614944644871E-01
 8.8306565987792181E-03 -5.8431372987387794E-03 -1.5215818506195220E-03
0
0.0
 -1.1407996218300525E+00 -2.3170985309886123E+00 3.8420614944644871E-01
 8.9593591985470070E-03 -5.8863356942067697E-03 -1.8290401172780331E-03
0
0.0
 -1.1407996218300525E+00 -2.3170985309886123E+00 3.8420614944644871E-01
 8.6191755030086553E-03 -6.1555877753688582E-03 -1.4662131937540376E-03
0
0.0
 -1.1407996218300525E+00 -2.3170985309886123E+00 3.8420614944644871E-01
 8.9906364969478438E-03 -6.0694064349505594E-03 -1.7435858601635389E-03
0
0.0
 -1.1407996218300525E+00 -2.3170985309886123E+00 3.8420614944644871E-01
 8.7734099949236151E-03 -5.8859597594810870E-03 -1.6569145125730430E-03
0
0.0
 -1.1407996218300525E+00 -2.3170985309886123E+00 3.8420614944644871E-01
 8.7744383339647108E-03 -5.9312724357517390E-03 -1.5588298520089264E-03
0
0.0
 -1.1407996218300525E+00 -2.3170985309886123E+00 3.8420614944644871E-01
 8.8045081497482580E-03 -5.8790528147690847E-03 -1.6086100112896933E-03
0
0.0
 -1.1407996218300525E+00 -2.3170985309886123E+00 3.8420614944644871E-01
 8.7141585054987432E-03 -5.8212142120919134E-03 -1.6922178815979056E-03
0
0.0
 -1.1407996218300525E+00 -2.3170985309886123E+00 3.8420614944644871E-01
 8.8925795621624653E-03 -5.9126182311965538E-03 -1.5618408700371212E-03
0
0.0
 -1.1407996218300525E+00 -2.3170985309886123E+00 3.8420614944644871E-01
 8.6637238381257562E-03 -5.9810353571642903E-03 -1.6860985720134939E-03
0
0.0
 -1.1407996218300525E+00 -2.3170985309886123E+00 3.8420614944644871E-01
 8.8669856714152888E-03 -5.6235320880394487E-03 -1.4605058387271341E-03
0
0.0
 -1.1407996218300525E+00 -2.3170985309886123E+00 3.8420614944644871E-01
 8.6935092331047927E-03 -5.7602776723941927E-03 -1.7671286048700843E-03
0
0.0
 -1.1407996218300525E+00 -2.3170985309886123E+00 3.8420614944644871E-01
 8.7564509935533271E-03 -5.8883287943532663E-03 -1.6597811482406890E-03
0
0.0
 -1.1407996218300525E+00 -2.3170985309886123E+00 3.8420614944644871E-01
 8.7893559327372611E-03 -5.8999215528151355E-03 -1.5671891092903115E-03
0
0.0
 -1.1407996218300525E+00 -2.3170985309886123E+00 3.8420614944644871E-01
 8.4519671136385182E-03 -5.8399729091767015E-03 -1.5703173396624936E-03
0
0.0
 -1.1407996218300525E+00 -2.3170985309886123E+00 3.8420614944644871E-01
 9.0491726657962786E-03 -5.7974040893433018E-03 -1.5975263896747518E-03
0
0.0
 -1.1407996218300525E+00 -2.3170985309886123E+00 3.8420614944644871E-01
 8.7085802840930256E-03 -5.6863051555565746E-03 -1.6725302917603860E-03
0
0.0
 -1.1407996218300525E+00 -2.3170985309886123E+00 3.8420614944644871E-01
 8.6982604009877059E-03 -5.7104150033730839E-03 -1.6803444644780865E-03
0
0.0
 -1.1407996218300525E+00 -2.3170985309886123E+00 3.8420614944644871E-01
 8.8025520944350084E-03 -6.0128645128795562E-03 -1.7400390454889866E-03
0
0.0
 -1.1407996218300525E+00 -2.3170985309886123E+00 3.8420614944644871E-01
 8.8080465296193500E-03 -5.8140685926681051E-03 -1.5971750621837971E-03
0
0.0
 -1.1407996218300525E+00 -2.3170985309886123E+00 3.8420614944644871E-01
 8.6540982956531398E-03 -5.8279517743547050E-03 -1.7151002539233171E-03
0
0.0
 -1.1407996218300525E+00 -2.3170985309886123E+00 3.8420614944644871E-01
 8.7107378816102081E-03 -5.8226275731587986E-03 -1.6889889766799951E-03
0
0.0
 -1.1407996218300525E+00 -2.3170985309886123E+00 3.8420614944644871E-01
 8.8511125124546650E-03 -5.8770192634527429E-03 -1.4603932649011756E-03
0
0.0
 -1.1407996218300525E+00 -2.3170985309886123E+00 3.8420614944644871E-01
 8.6750388721930482E-03 -6.0272069460865973E-03 -1.7282638049984321E-03
0
0.0
 -1.1407996218300525E+00 -2.3170985309886123E+00 3.8420614944644871E-01
 8.8986302878540074E-03 -5.6418663166922711E-03 -1.7523385007201151E-03
0
0.0
 -1.1407996218300525E+00 -2.3170985309886123E+00 3.8420614944644871E-01
 8.9360360930577313E-03 -5.7782361700395909E-03 -1.5728007307333285E-03
0
0.0
 -1.1407996218300525E+00 -2.3170985309886123E+00 3.8420614944644871E-01
 8.8959581368795743E-03 -6.1131958499819356E-03 -1.8250311060697922E-03
0
0.0
 -1.1407996218300525E+00 -2.3170985309886123E+00 3.8420614944644871E-01
 8.7035141319260333E-03 -6.0206650470438269E-03 -1.5111768598072386E-03
0
0.0
 -1.1407996218300525E+00 -2.3170985309886123E+00 3.8420614944644871E-01
 8.6472182838819699E-03 -5.9591436695976092E-03 -1.8489938600932047E-03
0
0.0
