20
-1
1
 -0.62083284  -0.77910380   0.08697040  5.37978103e-04
 -0.83022813   0.51147050   0.22162848  7.21684064e-04
  0.15119278   0.93629752  -0.31699795  7.94691349e-04
 -0.39646308  -0.89866335  -0.18767314  3.42692699e-04
 -0.04603272  -0.20456849   0.97776926  4.89499349e-04
 -0.56781944   0.01891212  -0.82293585  3.72331536e-04
 -0.56679407  -0.30766606  -0.76425524  2.00016963e-04
  0.48399042   0.30760439  -0.81922696  3.44809955e-04
  0.55889812  -0.24005734  -0.79372877  2.14480409e-04
  0.13411020   0.44006087   0.88789689  1.58071863e-04
  0.85403067  -0.51202089  -0.09201213  1.57486886e-04
  0.56581288   0.43754784   0.69886170  3.10973455e-04
 -0.52717013  -0.38965407  -0.75515651  1.88734089e-04
  0.02450491  -0.94474162  -0.32689873  2.40225414e-04
 -0.50153370   0.76593567   0.40225178  1.65950603e-04
 -0.28885724  -0.65488140  -0.69834938  1.54678777e-04
 -0.61534071   0.76210969   0.20135699  1.59160957e-04
  0.75781698   0.21298809   0.61672482  1.54370009e-04
 -0.23855252   0.70387028  -0.66907348  1.66222863e-04
 -0.33345104   0.87089498  -0.36104339  3.43261473e-04
