20
 -1.1407996218300525E+00 -2.3170985309886123E+00 3.8420614944644871E-01
 8.6835223461954603E-03 -5.8646493520202094E-03 -1.5031997280669203E-03
0
0.0
 -1.1407996218300525E+00 -2.3170985309886123E+00 3.8420614944644871E-01
 8.6786814618118064E-03 -5.7698012391338184E-03 -1.7516902492204492E-03
0
0.0
 -1.1407996218300525E+00 -2.3170985309886123E+00 3.8420614944644871E-01
 8.9405052719535340E-03 -5.8407315423137512E-03 -1.4176486493880601E-03
0
0.0
 -1.1407996218300525E+00 -2.3170985309886123E+00 3.8420614944644871E-01
 8.8681199666041464E-03 -6.0500380210037393E-03 -1.6746669168225925E-03
0
0.0
 -1.1407996218300525E+00 -2.3170985309886123E+00 3.8420614944644871E-01
 8.7918117160916895E-03 -5.8163419172057610E-03 -1.7004826399113319E-03
0
0.0
 -1.1407996218300525E+00 -2.3170985309886123E+00 3.8420614944644871E-01
 8.7385517651228910E-03 -5.9999652299027135E-03 -1.4727290556112963E-03
0
0.0
 -1.1407996218300525E+00 -2.3170985309886123E+00 3.8420614944644871E-01
 8.9105019511446504E-03 -5.9426191985343041E-03 -1.7520679712489703E-03
0
0.0
 -1.1407996218300525E+00 -2.3170985309886123E+00 3.8420614944644871E-01
 8.6872782398093613E-03 -5.7173163582104891E-03 -1.4292111365940276E-03
0
0.0
 -1.1407996218300525E+00 -2.3170985309886123E+00 3.8420614944644871E-01
 8.8702417874834232E-03 -6.0256367526455197E-03 -1.6429970461137502E-03
0
0.0
 -1.1407996218300525E+00 -2.3170985309886123E+00 3.8420614944644871E-01
 8.8181496638365543E-03 -6.0130050729047483E-03 -1.5899021361687350E-03
0
0.0
 -1.1407996218300525E+00 -2.3170985309886123E+00 3.8420614944644871E-01
 9.0101964334223985E-03 -5.7411210246966285E-03 -1.6587108098854559E-03
0
0.0
 -1.1407996218300525E+00 -2.3170985309886123E+00 3.8420614944644871E-01
 8.6908147379195760E-03 -5.9991592989412793E-03 -1.6176504647524134E-03
0
0.0
 -1.1407996218300525E+00 -2.3170985309886123E+00 3.8420614944644871E-01
 8.6118090453908350E-03 -5.7663299779296675E-03 -1.4310735079821185E-03
0
0.0
 -1.1407996218300525E+00 -2.3170985309886123E+00 3.8420614944644871E-01
 8.7451581092414642E-03 -5.8657097624427472E-03 -1.9643509388757390E-03
0
0.0
 -1.1407996218300525E+00 -2.3170985309886123E+00 3.8420614944644871E-01
 8.7404286872172395E-03 -5.9544479908481135E-03 -1.6317933276854535E-03
0
0.0
 -1.1407996218300525E+00 -2.3170985309886123E+00 3.8420614944644871E-01
 8.6120403199327032E-03 -6.0415520601378352E-03 -1.8864516758199240E-03
0
0.0
 -1.1407996218300525E+00 -2.3170985309886123E+00 3.8420614944644871E-01
 8.7334630388651007E-03 -5.7343192443213894E-03 -1.3625695938150400E-03
0
0.0
 -1.1407996218300525E+00 -2.3170985309886123E+00 3.8420614944644871E-01
 8.5555611494796419E-03 -5.8267264908287300E-03 -1.4601171265331782E-03
0
0.0
 -1.1407996218300525E+00 -2.3170985309886123E+00 3.8420614944644871E-01
 8.7902799317809196E-03 -5.9343489918683191E-03 -1.5420540144057302E-03
0
0.0
 -1.1407996218300525E+00 -2.3170985309886123E+00 3.8420614944644871E-01
 8.7999200433769541E-03 -5.8047153234020328E-03 -1.7229328320060562E-03
0
0.0
