20
-1
1
  0.30362809   0.64031662  -0.70555270  3.70675410e-04
 -0.67407680   0.39433633   0.62459533  1.61523220e-04
 -0.45428010  -0.03214129   0.89027890  2.04477106e-04
 -0.95998490  -0.01421715  -0.27969066  2.76625996e-04
 -0.67234646  -0.72625525  -0.14319061  1.70166212e-04
 -0.21065926  -0.81980231  -0.53249117  1.90735443e-04
  0.10586086  -0.97969674  -0.17025798  4.59716160e-04
 -0.17231678   0.73006952  -0.66129072  3.50799984e-04
  0.12209071   0.89443574   0.43020758  1.87375113e-04
 -0.97299501  -0.02737196  -0.22919747  2.74180371e-04
 -0.26022785   0.94398663  -0.20290567  1.73029212e-04
  0.14791884  -0.86735608   0.47519832  3.64182736e-04
  0.32419620   0.48206533   0.81394708  2.09165695e-04
 -0.67186654  -0.67004974  -0.31564013  7.31182662e-04
  0.00912159   0.93193622   0.36250749  3.51176716e-04
  0.08758003   0.12210539   0.98864554  1.90708601e-04
  0.61451830  -0.78834626   0.02962151  1.61336905e-04
 -0.17613754   0.90928470  -0.37706353  3.27067024e-04
  0.22367202   0.94967123  -0.21930660  7.71505257e-04
 -0.82342468   0.28079585   0.49307758  3.98615278e-04
