20
 -1.1407996218300525E+00 -2.3170985309886123E+00 3.8420614944644871E-01
 8.8080465296193500E-03 -5.8140685926681051E-03 -1.5971750621837971E-03
0
0.0
 -1.1407996218300525E+00 -2.3170985309886123E+00 3.8420614944644871E-01
 8.6540982956531398E-03 -5.8279517743547050E-03 -1.7151002539233171E-03
0
0.0
 -1.1407996218300525E+00 -2.3170985309886123E+00 3.8420614944644871E-01
 8.7107378816102081E-03 -5.8226275731587986E-03 -1.6889889766799951E-03
0
0.0
 -1.1407996218300525E+00 -2.3170985309886123E+00 3.8420614944644871E-01
 8.8511125124546650E-03 -5.8770192634527429E-03 -1.4603932649011756E-03
0
0.0
 -1.1407996218300525E+00 -2.3170985309886123E+00 3.8420614944644871E-01
 8.6750388721930482E-03 -6.0272069460865973E-03 -1.7282638049984321E-03
0
0.0
 -1.1407996218300525E+00 -2.3170985309886123E+00 3.8420614944644871E-01
 8.8986302878540074E-03 -5.6418663166922711E-03 -1.7523385007201151E-03
0
0.0
 -1.1407996218300525E+00 -2.3170985309886123E+00 3.8420614944644871E-01
 8.9360360930577313E-03 -5.7782361700395909E-03 -1.5728007307333285E-03
0
0.0
 -1.1407996218300525E+00 -2.3170985309886123E+00 3.8420614944644871E-01
 8.8959581368795743E-03 -6.1131958499819356E-03 -1.8250311060697922E-03
0
0.0
 -1.1407996218300525E+00 -2.3170985309886123E+00 3.8420614944644871E-01
 8.7035141319260333E-03 -6.0206650470438269E-03 -1.5111768598072386E-03
0
0.0
 -1.1407996218300525E+00 -2.3170985309886123E+00 3.8420614944644871E-01
 8.6472182838819699E-03 -5.9591436695976092E-03 -1.8489938600932047E-03
0
0.0
 -1.1407996218300525E+00 -2.3170985309886123E+00 3.8420614944644871E-01
 8.6640379531938132E-03 -5.9521623521258497E-03 -1.7995454756660116E-03
0
0.0
 -1.1407996218300525E+00 -2.3170985309886123E+00 3.8420614944644871E-01
 8.9550016265959060E-03 -6.1119374559688100E-03 -1.5427147205569381E-03
0
0.0
 -1.1407996218300525E+00 -2.3170985309886123E+00 3.8420614944644871E-01
 8.8628760313902988E-03 -5.6884705103642137E-03 -1.4823284803131833E-03
0
0.0
 -1.1407996218300525E+00 -2.3170985309886123E+00 3.8420614944644871E-01
 8.7929338007691014E-03 -5.8668756674389545E-03 -1.6374796977877929E-03
0
0.0
 -1.1407996218300525E+00 -2.3170985309886123E+00 3.8420614944644871E-01
 8.7361113471467466E-03 -5.9806256816565791E-03 -1.6043609922853431E-03
0
0.0
 -1.1407996218300525E+00 -2.3170985309886123E+00 3.8420614944644871E-01
 8.7684168609554834E-03 -5.6463184392414895E-03 -1.4275976325745191E-03
0
0.0
 -1.1407996218300525E+00 -2.3170985309886123E+00 3.8420614944644871E-01
 8.7643890624698826E-03 -5.7687543192005575E-03 -1.7039079629941390E-03
0
0.0
 -1.1407996218300525E+00 -2.3170985309886123E+00 3.8420614944644871E-01
 8.9397810666051840E-03 -5.9034746284732436E-03 -1.5016774969829258E-03
0
0.0
 -1.1407996218300525E+00 -2.3170985309886123E+00 3.8420614944644871E-01
 8.7900236903647767E-03 -5.8371837891618098E-03 -1.5989028994557186E-03
0
0.0
 -1.1407996218300525E+00 -2.3170985309886123E+00 3.8420614944644871E-01
 8.4624191034460994E-03 -5.8513731566204701E-03 -1.6375614272185720E-03
0
0.0
