50
-1
1
  0.60160214  -0.76308261   0.23617745  2.04113368e-04
 -0.41922419  -0.28686468  -0.86137085  3.95076700e-04
 -0.87197558  -0.48912431  -0.02039613  2.02106761e-04
 -0.27554914  -0.55486065   0.78498556  1.59113424e-04
 -0.03213873   0.52075776  -0.85309933  7.35551205e-04
  0.83682580  -0.45542578  -0.30382551  1.72893968e-04
  0.68080451   0.58651141  -0.43875914  1.68349994e-04
 -0.79384349  -0.45894673  -0.39897421  5.81087988e-04
  0.80249397   0.56001066  -0.20589193  4.85194622e-04
 -0.87332556   0.48645941  -0.02568498  1.93395783e-04
 -0.68125350  -0.72714998  -0.08453744  6.44489202e-04
  0.17507025   0.84820640   0.49989630  4.32989849e-04
 -0.14924679   0.98297955  -0.10712888  1.67692504e-04
 -0.79558953  -0.58351822  -0.16292267  4.74632972e-04
 -0.04775240  -0.16123586   0.98575996  2.01218966e-04
  0.29022423  -0.50252931  -0.81439191  2.37407921e-04
  0.63404877   0.77052770   0.06533927  8.61893753e-04
 -0.95793308  -0.27226921   0.09073966  1.48819868e-04
 -0.62292241  -0.31780130   0.71482166  1.93185019e-04
 -0.43335823   0.00565968  -0.90120398  2.83729172e-04
  0.09077036  -0.42255740  -0.90177934  1.74579786e-04
  0.79906882  -0.54113314  -0.26203808  1.66982619e-04
  0.28936138  -0.95087266  -0.11005079  3.25602164e-04
  0.33019255  -0.83682528   0.43668791  3.57628805e-04
  0.16933723  -0.64815397   0.74244281  1.81924254e-04
 -0.84713069   0.50242777  -0.17302003  1.74025146e-04
  0.17037881  -0.68446902   0.70885346  2.94290849e-04
  0.61581591   0.78272594  -0.09006034  3.06302416e-04
 -0.72504941   0.18349288   0.66380247  2.77046974e-04
  0.57079240   0.27806570   0.77257719  1.51155318e-04
 -0.09994906  -0.85764483  -0.50443585  7.87972704e-04
  0.03705805  -0.95828728  -0.28339405  2.01749716e-04
 -0.94809846  -0.02918343  -0.31663485  1.93475733e-04
 -0.63233142   0.69929631  -0.33337914  4.31829732e-04
 -0.24321805  -0.84631122  -0.47392225  1.71604846e-04
 -0.22974559  -0.90020037   0.36994089  1.50956681e-04
  0.52989341  -0.35258604  -0.77129505  1.82495683e-04
 -0.23526530   0.35653159  -0.90417668  1.77725902e-04
 -0.17115619   0.75381646   0.63440232  8.38453873e-04
  0.10571523  -0.30966548  -0.94495057  5.08486264e-04
  0.16893001  -0.96456535  -0.20267300  1.74329240e-04
  0.00252895   0.01886706   0.99981880  3.57315968e-04
  0.16090741  -0.50828027  -0.84602599  1.94410011e-04
 -0.79205134  -0.44629816  -0.41650044  2.68568658e-04
 -0.38888424  -0.51450920  -0.76423120  1.72030394e-04
 -0.85154357   0.04550340   0.52230546  1.99027485e-04
  0.27071600   0.50277152  -0.82093462  3.42323167e-04
  0.54905885  -0.60015312   0.58167912  1.72621296e-04
 -0.24810207  -0.46879959   0.84774542  1.53494221e-04
 -0.52070463   0.78855530  -0.32718074  2.25982905e-04
