50
 -1.1407996218300525E+00 -2.3170985309886123E+00 3.8420614944644871E-01
 8.8473662590100415E-03 -5.8553255512790430E-03 -1.4494045779566618E-03
0
0.0
 -1.1407996218300525E+00 -2.3170985309886123E+00 3.8420614944644871E-01
 8.8509249438070356E-03 -5.8783687212607700E-03 -1.4632311740249322E-03
0
0.0
 -1.1407996218300525E+00 -2.3170985309886123E+00 3.8420614944644871E-01
 8.8286863949668323E-03 -5.7785300704929618E-03 -1.6812054085749428E-03
0
0.0
 -1.1407996218300525E+00 -2.3170985309886123E+00 3.8420614944644871E-01
 8.8552291919061221E-03 -5.9588608485797480E-03 -1.8135497040503619E-03
0
0.0
 -1.1407996218300525E+00 -2.3170985309886123E+00 3.8420614944644871E-01
 8.5807198856967058E-03 -5.7994419965478891E-03 -1.8269854558558383E-03
0
0.0
 -1.1407996218300525E+00 -2.3170985309886123E+00 3.8420614944644871E-01
 8.7184017370520173E-03 -5.7632793336630239E-03 -1.5301558624710491E-03
0
0.0
 -1.1407996218300525E+00 -2.3170985309886123E+00 3.8420614944644871E-01
 8.6117099418659138E-03 -5.9394842530837823E-03 -1.7853816209504512E-03
0
0.0
 -1.1407996218300525E+00 -2.3170985309886123E+00 3.8420614944644871E-01
 8.9875557092132605E-03 -6.0839281201643079E-03 -1.4905762764749022E-03
0
0.0
 -1.1407996218300525E+00 -2.3170985309886123E+00 3.8420614944644871E-01
 8.6843287033453002E-03 -5.9647112732206988E-03 -1.7121542253717898E-03
0
0.0
 -1.1407996218300525E+00 -2.3170985309886123E+00 3.8420614944644871E-01
 8.7253300954457848E-03 -6.0260514601722763E-03 -1.6613619774512320E-03
0
0.0
 -1.1407996218300525E+00 -2.3170985309886123E+00 3.8420614944644871E-01
 8.9313586309238586E-03 -5.7918516587383900E-03 -1.6298227045866969E-03
0
0.0
 -1.1407996218300525E+00 -2.3170985309886123E+00 3.8420614944644871E-01
 8.8433557768472539E-03 -5.9057380568926883E-03 -1.5686315688745915E-03
0
0.0
 -1.1407996218300525E+00 -2.3170985309886123E+00 3.8420614944644871E-01
 8.9134920469627812E-03 -5.7744047256894325E-03 -1.8949575275489948E-03
0
0.0
 -1.1407996218300525E+00 -2.3170985309886123E+00 3.8420614944644871E-01
 8.7523999996046258E-03 -6.0051443260282890E-03 -1.6681328438995038E-03
0
0.0
 -1.1407996218300525E+00 -2.3170985309886123E+00 3.8420614944644871E-01
 8.8722133961354598E-03 -5.8406435709895200E-03 -1.6051106622844932E-03
0
0.0
 -1.1407996218300525E+00 -2.3170985309886123E+00 3.8420614944644871E-01
 8.8011206435158560E-03 -6.0002182701907854E-03 -1.5392204740695139E-03
0
0.0
 -1.1407996218300525E+00 -2.3170985309886123E+00 3.8420614944644871E-01
 8.8912602854289754E-03 -6.0939531712631417E-03 -1.6598526904488006E-03
0
0.0
 -1.1407996218300525E+00 -2.3170985309886123E+00 3.8420614944644871E-01
 8.6865660522813613E-03 -5.8231357911752149E-03 -1.7594997229310751E-03
0
0.0
 -1.1407996218300525E+00 -2.3170985309886123E+00 3.8420614944644871E-01
 9.0296457022367785E-03 -5.9291688186297372E-03 -1.6891651803664519E-03
0
0.0
 -1.1407996218300525E+00 -2.3170985309886123E+00 3.8420614944644871E-01
 8.6621558740537785E-03 -6.0561769424711228E-03 -1.8257137457190461E-03
0
0.0
 -1.1407996218300525E+00 -2.3170985309886123E+00 3.8420614944644871E-01
 8.9530849095992102E-03 -5.9105766370412234E-03 -1.4779796479966339E-03
0
0.0
 -1.1407996218300525E+00 -2.3170985309886123E+00 3.8420614944644871E-01
 8.5121685463396962E-03 -5.8838510431219954E-03 -1.7216441225159523E-03
0
0.0
 -1.1407996218300525E+00 -2.3170985309886123E+00 3.8420614944644871E-01
 8.6371642635773814E-03 -6.0372237471809130E-03 -1.7224491186273929E-03
0
0.0
 -1.1407996218300525E+00 -2.3170985309886123E+00 3.8420614944644871E-01
 8.9142292570278704E-03 -6.1181200941454357E-03 -1.6537508074573675E-03
0
0.0
 -1.1407996218300525E+00 -2.3170985309886123E+00 3.8420614944644871E-01
 9.0918124256681738E-03 -5.8914721100435958E-03 -1.5431484174352264E-03
0
0.0
 -1.1407996218300525E+00 -2.3170985309886123E+00 3.8420614944644871E-01
 8.9481894823601592E-03 -6.0255921628721149E-03 -1.6107649065353262E-03
0
0.0
 -1.1407996218300525E+00 -2.3170985309886123E+00 3.8420614944644871E-01
 8.8406060311027393E-03 -5.9242945104100433E-03 -1.6976442416666256E-03
0
0.0
 -1.1407996218300525E+00 -2.3170985309886123E+00 3.8420614944644871E-01
 8.7941002416840417E-03 -5.8704024869742797E-03 -1.8304451733941959E-03
0
0.0
 -1.1407996218300525E+00 -2.3170985309886123E+00 3.8420614944644871E-01
 8.7793737361209576E-03 -5.7037331675162516E-03 -1.4769464673291832E-03
0
0.0
 -1.1407996218300525E+00 -2.3170985309886123E+00 3.8420614944644871E-01
 8.6537072048238368E-03 -5.9733728592744045E-03 -1.6020122385221555E-03
0
0.0
 -1.1407996218300525E+00 -2.3170985309886123E+00 3.8420614944644871E-01
 8.7609691623524583E-03 -5.8781076038752498E-03 -1.4518115280881701E-03
0
0.0
 -1.1407996218300525E+00 -2.3170985309886123E+00 3.8420614944644871E-01
 8.8487609351254083E-03 -5.8927770321027320E-03 -1.6600321782760971E-03
0
0.0
 -1.1407996218300525E+00 -2.3170985309886123E+00 3.8420614944644871E-01
 8.7530608223817599E-03 -5.7252339945025659E-03 -1.5857293005383680E-03
0
0.0
 -1.1407996218300525E+00 -2.3170985309886123E+00 3.8420614944644871E-01
 8.9063228109550960E-03 -5.8654203684006751E-03 -1.5995933496602078E-03
0
0.0
 -1.1407996218300525E+00 -2.3170985309886123E+00 3.8420614944644871E-01
 8.7838733024956581E-03 -5.9343372700766889E-03 -1.5910510609318577E-03
0
0.0
 -1.1407996218300525E+00 -2.3170985309886123E+00 3.8420614944644871E-01
 8.5464176043629284E-03 -5.8074799488442774E-03 -1.6178466029686486E-03
0
0.0
 -1.1407996218300525E+00 -2.3170985309886123E+00 3.8420614944644871E-01
 8.7974105933194650E-03 -5.8769383824482137E-03 -1.5203448070697778E-03
0
0.0
 -1.1407996218300525E+00 -2.3170985309886123E+00 3.8420614944644871E-01
 8.8782476515464944E-03 -5.8515650539028461E-03 -1.4977799361217627E-03
0
0.0
 -1.1407996218300525E+00 -2.3170985309886123E+00 3.8420614944644871E-01
 8.7132372556831990E-03 -6.0229523980846631E-03 -1.6150135913953233E-03
0
0.0
 -1.1407996218300525E+00 -2.3170985309886123E+00 3.8420614944644871E-01
 8.6539704616171356E-03 -5.8775566617779692E-03 -1.5914923205584835E-03
0
0.0
 -1.1407996218300525E+00 -2.3170985309886123E+00 3.8420614944644871E-01
 8.5235815248890980E-03 -6.0492806069641471E-03 -1.7520601730017244E-03
0
0.0
 -1.1407996218300525E+00 -2.3170985309886123E+00 3.8420614944644871E-01
 8.8511767703698101E-03 -5.8970391704387323E-03 -1.6348465493467241E-03
0
0.0
 -1.1407996218300525E+00 -2.3170985309886123E+00 3.8420614944644871E-01
 8.8218039038221504E-03 -5.8505162915318994E-03 -1.6521608678004953E-03
0
0.0
 -1.1407996218300525E+00 -2.3170985309886123E+00 3.8420614944644871E-01
 8.6892493552321055E-03 -5.9325453414177925E-03 -1.7445964142191002E-03
0
0.0
 -1.1407996218300525E+00 -2.3170985309886123E+00 3.8420614944644871E-01
 8.8579260614929968E-03 -6.1269198522877115E-03 -1.8423210386083449E-03
0
0.0
 -1.1407996218300525E+00 -2.3170985309886123E+00 3.8420614944644871E-01
 8.9253819544619275E-03 -5.9338128005435959E-03 -1.6722609268745667E-03
0
0.0
 -1.1407996218300525E+00 -2.3170985309886123E+00 3.8420614944644871E-01
 8.5944547097307148E-03 -5.7678486952580741E-03 -1.6241293325520371E-03
0
0.0
 -1.1407996218300525E+00 -2.3170985309886123E+00 3.8420614944644871E-01
 8.9314538367658639E-03 -5.9477483288620384E-03 -1.5458370494323319E-03
0
0.0
 -1.1407996218300525E+00 -2.3170985309886123E+00 3.8420614944644871E-01
 8.8828615262796177E-03 -5.9839320439803367E-03 -1.6777347585094249E-03
0
0.0
 -1.1407996218300525E+00 -2.3170985309886123E+00 3.8420614944644871E-01
 8.8052782954987554E-03 -6.0648649664476950E-03 -1.4852272404506353E-03
0
0.0
