
# Surface 0 of 1 surfaces

# Curve title: ""d46.dat" matrix"

# Contour 0, label:      0.5
 11  32.7031  0.5 
 10  32.5342  0.5 
 9  32.3633  0.5 
 8  32.1902  0.5 
 7  32.0149  0.5 
 6.91534  32  0.5 
 6  31.84  0.5 
 5  31.663  0.5 
 4  31.4836  0.5 
 3  31.3017  0.5 
 2  31.117  0.5 
 1.37419  31  0.5 
 1  30.9307  0.5 
 0  30.7435  0.5 

# Contour 1, label: 
 100  42.3856  0.5 
 99  42.3341  0.5 
 98  42.2812  0.5 
 97  42.2268  0.5 
 96  42.1712  0.5 
 95  42.114  0.5 
 94  42.0556  0.5 
 93.0723  42  0.5 
 93  41.9957  0.5 
 92  41.9356  0.5 
 91  41.8741  0.5 
 90  41.8112  0.5 
 89  41.7468  0.5 
 88  41.6812  0.5 
 87  41.6141  0.5 
 86  41.5457  0.5 
 85  41.4758  0.5 
 84  41.4046  0.5 
 83  41.3319  0.5 
 82  41.2579  0.5 
 81  41.1824  0.5 
 80  41.1056  0.5 
 79  41.0273  0.5 
 78.6564  41  0.5 
 78  40.9485  0.5 
 77  40.8688  0.5 
 76  40.7877  0.5 
 75  40.7053  0.5 
 74  40.6214  0.5 
 73  40.5361  0.5 
 72  40.4493  0.5 
 71  40.3611  0.5 
 70  40.2715  0.5 
 69  40.1804  0.5 
 68  40.0879  0.5 
 67.0637  40  0.5 
 67  39.9941  0.5 
 66  39.9004  0.5 
 65  39.8052  0.5 
 64  39.7086  0.5 
 63  39.6105  0.5 
 62  39.511  0.5 
 61  39.41  0.5 
 60  39.3075  0.5 
 59  39.2036  0.5 
 58  39.0981  0.5 
 57.0825  39  0.5 
 57  38.9913  0.5 
 56  38.8848  0.5 
 55  38.7767  0.5 
 54  38.6673  0.5 
 53  38.5563  0.5 
 52  38.4437  0.5 
 51  38.3297  0.5 
 50  38.2142  0.5 
 49  38.0971  0.5 
 48.1811  38  0.5 
 48  37.9788  0.5 
 47  37.8608  0.5 
 46  37.7412  0.5 
 45  37.62  0.5 
 44  37.4973  0.5 
 43  37.373  0.5 
 42  37.2472  0.5 
 41  37.1198  0.5 
 40.0709  37  0.5 
 40  36.991  0.5 
 39  36.8626  0.5 
 38  36.7327  0.5 
 37  36.6012  0.5 
 36  36.4681  0.5 
 35  36.3334  0.5 
 34  36.197  0.5 
 33  36.0591  0.5 
 32.5753  36  0.5 
 32  35.9208  0.5 
 31  35.782  0.5 
 30  35.6415  0.5 
 29  35.4993  0.5 
 28  35.3554  0.5 
 27  35.2099  0.5 
 26  35.0627  0.5 
 25.578  35  0.5 
 25  34.9151  0.5 
 24  34.767  0.5 
 23  34.6171  0.5 
 22  34.4655  0.5 
 21  34.3121  0.5 
 20  34.157  0.5 
 19  34  0.5 
 18  33.8439  0.5 
 17  33.6859  0.5 
 16  33.5261  0.5 
 15  33.3643  0.5 
 14  33.2008  0.5 
 13  33.0352  0.5 
 12.7891  33  0.5 
 12  32.8698  0.5 
 11  32.7031  0.5 


# Contour 2, label:     -0.5
 12  31.8308 -0.5 
 11  31.6602 -0.5 
 10  31.4876 -0.5 
 9  31.313 -0.5 
 8  31.1361 -0.5 
 7.23868  31 -0.5 
 7  30.9578 -0.5 
 6  30.7794 -0.5 
 5  30.5986 -0.5 
 4  30.4155 -0.5 
 3  30.2298 -0.5 
 2  30.0414 -0.5 
 1.78204  30 -0.5 
 1  29.8528 -0.5 
 0  29.6619 -0.5 

# Contour 3, label: 
 100  41.6992 -0.5 
 99  41.6438 -0.5 
 98  41.5871 -0.5 
 97  41.5289 -0.5 
 96  41.4694 -0.5 
 95  41.4085 -0.5 
 94  41.3462 -0.5 
 93  41.2825 -0.5 
 92  41.2173 -0.5 
 91  41.1508 -0.5 
 90  41.0829 -0.5 
 89  41.0135 -0.5 
 88.8081  41 -0.5 
 88  40.9438 -0.5 
 87  40.8729 -0.5 
 86  40.8007 -0.5 
 85  40.7271 -0.5 
 84  40.652 -0.5 
 83  40.5756 -0.5 
 82  40.4977 -0.5 
 81  40.4184 -0.5 
 80  40.3377 -0.5 
 79  40.2556 -0.5 
 78  40.1721 -0.5 
 77  40.0871 -0.5 
 76  40.0007 -0.5 
 75.9919  40 -0.5 
 75  39.9144 -0.5 
 74  39.8267 -0.5 
 73  39.7377 -0.5 
 72  39.6471 -0.5 
 71  39.5551 -0.5 
 70  39.4617 -0.5 
 69  39.3668 -0.5 
 68  39.2705 -0.5 
 67  39.1727 -0.5 
 66  39.0734 -0.5 
 65.2697  39 -0.5 
 65  38.9732 -0.5 
 64  38.8727 -0.5 
 63  38.7709 -0.5 
 62  38.6676 -0.5 
 61  38.5628 -0.5 
 60  38.4565 -0.5 
 59  38.3487 -0.5 
 58  38.2395 -0.5 
 57  38.1287 -0.5 
 56  38.0164 -0.5 
 55.855  38 -0.5 
 55  37.9043 -0.5 
 54  37.7911 -0.5 
 53  37.6763 -0.5 
 52  37.5599 -0.5 
 51  37.4421 -0.5 
 50  37.3227 -0.5 
 49  37.2018 -0.5 
 48  37.0793 -0.5 
 47.3586  37 -0.5 
 47  36.9561 -0.5 
 46  36.8327 -0.5 
 45  36.7078 -0.5 
 44  36.5813 -0.5 
 43  36.4532 -0.5 
 42  36.3236 -0.5 
 41  36.1923 -0.5 
 40  36.0595 -0.5 
 39.5556  36 -0.5 
 39  35.9264 -0.5 
 38  35.7926 -0.5 
 37  35.6573 -0.5 
 36  35.5204 -0.5 
 35  35.3819 -0.5 
 34  35.2418 -0.5 
 33  35.0999 -0.5 
 32.3019  35 -0.5 
 32  34.9572 -0.5 
 31  34.8145 -0.5 
 30  34.6703 -0.5 
 29  34.5243 -0.5 
 28  34.3766 -0.5 
 27  34.2272 -0.5 
 26  34.0762 -0.5 
 25.5  34 -0.5 
 25  33.9246 -0.5 
 24  33.7727 -0.5 
 23  33.6191 -0.5 
 22  33.4636 -0.5 
 21  33.3064 -0.5 
 20  33.1475 -0.5 
 19.0821  33 -0.5 
 19  32.9869 -0.5 
 18  32.827 -0.5 
 17  32.6652 -0.5 
 16  32.5016 -0.5 
 15  32.3361 -0.5 
 14  32.1687 -0.5 
 13.0043  32 -0.5 
 13  31.9993 -0.5 
 12  31.8308 -0.5 

