20
 -1.1407996218300525E+00 -2.3170985309886123E+00 3.8420614944644871E-01
 8.7856438131541995E-03 -5.8805540563391535E-03 -1.5601592011950697E-03
0
0.0
 -1.1407996218300525E+00 -2.3170985309886123E+00 3.8420614944644871E-01
 8.8834011515758655E-03 -5.9731958679577462E-03 -1.6597725208435576E-03
0
0.0
 -1.1407996218300525E+00 -2.3170985309886123E+00 3.8420614944644871E-01
 8.6596432174207479E-03 -6.0990993501338457E-03 -1.6932440921611689E-03
0
0.0
 -1.1407996218300525E+00 -2.3170985309886123E+00 3.8420614944644871E-01
 8.7128746314158283E-03 -5.9140246071655517E-03 -1.5967299322560728E-03
0
0.0
 -1.1407996218300525E+00 -2.3170985309886123E+00 3.8420614944644871E-01
 8.9933067687646973E-03 -5.8099340831699901E-03 -1.5691279217516212E-03
0
0.0
 -1.1407996218300525E+00 -2.3170985309886123E+00 3.8420614944644871E-01
 9.0314912916664505E-03 -5.9391293790837345E-03 -1.6043147976875017E-03
0
0.0
 -1.1407996218300525E+00 -2.3170985309886123E+00 3.8420614944644871E-01
 8.6753632360550698E-03 -5.8788479415484655E-03 -1.5792266083376357E-03
0
0.0
 -1.1407996218300525E+00 -2.3170985309886123E+00 3.8420614944644871E-01
 8.8151775863681472E-03 -5.9314146940072192E-03 -1.6410133818507994E-03
0
0.0
 -1.1407996218300525E+00 -2.3170985309886123E+00 3.8420614944644871E-01
 8.7139693711392272E-03 -5.9274650446981599E-03 -1.9446680568157718E-03
0
0.0
 -1.1407996218300525E+00 -2.3170985309886123E+00 3.8420614944644871E-01
 8.8554336866766056E-03 -5.9237185421389107E-03 -1.5697956846088146E-03
0
0.0
 -1.1407996218300525E+00 -2.3170985309886123E+00 3.8420614944644871E-01
 8.6577852439230704E-03 -5.9918366139027953E-03 -1.6203289890570427E-03
0
0.0
 -1.1407996218300525E+00 -2.3170985309886123E+00 3.8420614944644871E-01
 8.5321586635314466E-03 -5.9229193346373981E-03 -1.7835516332341600E-03
0
0.0
 -1.1407996218300525E+00 -2.3170985309886123E+00 3.8420614944644871E-01
 8.8473635673309309E-03 -5.9922355614330496E-03 -1.5241947288178186E-03
0
0.0
 -1.1407996218300525E+00 -2.3170985309886123E+00 3.8420614944644871E-01
 8.7673494145518865E-03 -5.8228481481547058E-03 -1.6101012769191559E-03
0
0.0
 -1.1407996218300525E+00 -2.3170985309886123E+00 3.8420614944644871E-01
 8.7576337837210801E-03 -5.9298479054796247E-03 -1.6463336895339198E-03
0
0.0
 -1.1407996218300525E+00 -2.3170985309886123E+00 3.8420614944644871E-01
 8.5260902263973141E-03 -6.1074303701675672E-03 -1.6938813533718994E-03
0
0.0
 -1.1407996218300525E+00 -2.3170985309886123E+00 3.8420614944644871E-01
 8.6091097462904827E-03 -6.1305325435450564E-03 -1.5245974636751581E-03
0
0.0
 -1.1407996218300525E+00 -2.3170985309886123E+00 3.8420614944644871E-01
 8.8653265629273278E-03 -5.9111559689578475E-03 -1.7591855185416264E-03
0
0.0
 -1.1407996218300525E+00 -2.3170985309886123E+00 3.8420614944644871E-01
 8.6333300260741340E-03 -5.9897394275674146E-03 -1.7073772952962485E-03
0
0.0
 -1.1407996218300525E+00 -2.3170985309886123E+00 3.8420614944644871E-01
 8.6906092690951942E-03 -5.9627629698804372E-03 -1.7955589496653111E-03
0
0.0
