20
-1
1
 -0.69415202  -0.62273364   0.36104817  2.11291225e-04
 -0.71573126   0.55158896   0.42834376  3.82669043e-04
 -0.57050449   0.71924445  -0.39649975  3.63991402e-04
 -0.19970020  -0.86490415   0.46050042  1.62299613e-04
  0.31594122   0.34336494   0.88446688  1.54312536e-04
 -0.18917125   0.10358499   0.97646525  2.99715543e-04
 -0.70256667   0.56303362   0.43519332  1.81051394e-04
 -0.60661270  -0.45518118  -0.65179070  2.22560639e-04
  0.88940102  -0.45708379   0.00634282  1.99739522e-04
 -0.16078648   0.24609368  -0.95581672  2.18685179e-04
  0.90706585  -0.25741132   0.33312303  4.26124407e-04
 -0.82016049   0.22408125   0.52642603  2.05319535e-04
 -0.25200781  -0.91100819  -0.32642938  1.93800432e-04
  0.08852183   0.90028550   0.42620407  3.47962749e-04
 -0.13313685   0.46506890   0.87520597  5.01759781e-04
 -0.01465704  -0.95291724   0.30287606  1.67367613e-04
  0.86476500   0.47238492   0.17039362  1.72807897e-04
 -0.36573830   0.33379223  -0.86880276  1.78358030e-04
  0.21573370   0.74178986   0.63498565  5.93909585e-04
 -0.22200144   0.62879339  -0.74520751  3.95561954e-04
