20
-1
1
  0.52217264   0.42923381  -0.73694917  2.12897094e-04
 -0.57109870   0.77896412  -0.25896172  3.76381955e-04
  0.80309128   0.05224134  -0.59356148  2.51960059e-04
 -0.39043698  -0.91185457   0.12680772  5.10601901e-04
 -0.17656053  -0.73449623  -0.65524169  4.19177364e-04
 -0.89715462  -0.07694896  -0.43496257  3.85189057e-04
 -0.05371518  -0.22200619  -0.97356455  2.52085239e-04
 -0.54197852  -0.50678627  -0.67039313  1.52603740e-04
 -0.67079865   0.64319650   0.36922545  2.31638822e-04
  0.71974656   0.11563406   0.68453901  1.50944840e-04
  0.19610584   0.44137451   0.87563180  1.52396897e-04
 -0.02292946  -0.99573750  -0.08933681  5.03879692e-04
 -0.20415074   0.95401262   0.21950487  8.28454599e-04
 -0.67994158  -0.22702019   0.69723833  1.67746288e-04
 -0.41892118  -0.03374625   0.90739530  1.56202129e-04
 -0.43355678  -0.30271630   0.84875872  1.47835714e-04
  0.73695647   0.31175187  -0.59975489  3.36850504e-04
  0.44152194  -0.81049615   0.38490825  1.69205960e-04
 -0.12233699   0.76354889  -0.63405580  2.69875653e-04
  0.96771513  -0.24769565  -0.04662936  1.62110434e-04
