20
 -1.1407996218300525E+00 -2.3170985309886123E+00 3.8420614944644871E-01
 8.9205081082246035E-03 -6.0682431146761749E-03 -1.6776805004268911E-03
0
0.0
 -1.1407996218300525E+00 -2.3170985309886123E+00 3.8420614944644871E-01
 8.7406503467536024E-03 -5.8431726857871282E-03 -1.7133399957473567E-03
0
0.0
 -1.1407996218300525E+00 -2.3170985309886123E+00 3.8420614944644871E-01
 8.6970893476096146E-03 -5.9640554231452734E-03 -1.5416843491004575E-03
0
0.0
 -1.1407996218300525E+00 -2.3170985309886123E+00 3.8420614944644871E-01
 8.9810368150211890E-03 -6.0604458503430228E-03 -1.4868964003246551E-03
0
0.0
 -1.1407996218300525E+00 -2.3170985309886123E+00 3.8420614944644871E-01
 8.7843487251838010E-03 -5.9050510529375308E-03 -1.5813532951452155E-03
0
0.0
 -1.1407996218300525E+00 -2.3170985309886123E+00 3.8420614944644871E-01
 8.6312693508095555E-03 -5.7048680903842653E-03 -1.4013392439139944E-03
0
0.0
 -1.1407996218300525E+00 -2.3170985309886123E+00 3.8420614944644871E-01
 8.7122693537760188E-03 -5.9266267198074905E-03 -1.5452186742510921E-03
0
0.0
 -1.1407996218300525E+00 -2.3170985309886123E+00 3.8420614944644871E-01
 8.8538723983009725E-03 -6.0333358825978593E-03 -1.7171132066621504E-03
0
0.0
 -1.1407996218300525E+00 -2.3170985309886123E+00 3.8420614944644871E-01
 8.9844159218489365E-03 -5.9349564630620409E-03 -1.4711744287677468E-03
0
0.0
 -1.1407996218300525E+00 -2.3170985309886123E+00 3.8420614944644871E-01
 8.7445018412169225E-03 -6.0054791936502800E-03 -1.6430144571739868E-03
0
0.0
 -1.1407996218300525E+00 -2.3170985309886123E+00 3.8420614944644871E-01
 8.7744704553986193E-03 -5.5823449760383408E-03 -1.5496358042520033E-03
0
0.0
 -1.1407996218300525E+00 -2.3170985309886123E+00 3.8420614944644871E-01
 8.7019535336393238E-03 -5.9238630306969013E-03 -1.6974362450904990E-03
0
0.0
 -1.1407996218300525E+00 -2.3170985309886123E+00 3.8420614944644871E-01
 8.6653896053323701E-03 -5.9917025608544104E-03 -1.4517091132087725E-03
0
0.0
 -1.1407996218300525E+00 -2.3170985309886123E+00 3.8420614944644871E-01
 8.8802792328559598E-03 -6.0938283354879177E-03 -1.5058000878978997E-03
0
0.0
 -1.1407996218300525E+00 -2.3170985309886123E+00 3.8420614944644871E-01
 8.6812666995201692E-03 -5.8803635682190269E-03 -1.4278125632863692E-03
0
0.0
 -1.1407996218300525E+00 -2.3170985309886123E+00 3.8420614944644871E-01
 8.8961119078857943E-03 -5.8156010101049647E-03 -1.6414046744269576E-03
0
0.0
 -1.1407996218300525E+00 -2.3170985309886123E+00 3.8420614944644871E-01
 8.8183572005023116E-03 -5.7878786779373354E-03 -1.3347905124706594E-03
0
0.0
 -1.1407996218300525E+00 -2.3170985309886123E+00 3.8420614944644871E-01
 8.7288152699565389E-03 -5.7900365380266425E-03 -1.8592826499072945E-03
0
0.0
 -1.1407996218300525E+00 -2.3170985309886123E+00 3.8420614944644871E-01
 8.6844618616191572E-03 -5.8188254301546850E-03 -1.9088676134949895E-03
0
0.0
 -1.1407996218300525E+00 -2.3170985309886123E+00 3.8420614944644871E-01
 8.9869821645539860E-03 -5.9643944029837545E-03 -1.5590709704528067E-03
0
0.0
