20
-1
1
  0.44023809   0.89602699   0.05767189  2.72778849e-04
  0.67398357   0.60444573   0.42472522  2.06408386e-04
  0.23906419   0.78636954   0.56962379  1.80395384e-04
  0.83416446   0.21234467  -0.50899842  4.37494448e-04
 -0.98739099   0.12275060  -0.09995659  4.24385493e-04
 -0.28014981  -0.66150127  -0.69565232  1.50418071e-04
  0.75611888   0.09980681   0.64677882  1.77207179e-04
 -0.95682376   0.05703799  -0.28501746  1.53392561e-04
  0.47563400  -0.61214790  -0.63170186  2.31493616e-04
 -0.66410254   0.74107319   0.09888545  1.51082939e-04
 -0.24036486   0.34137309  -0.90867439  2.05810019e-04
  0.52450706  -0.50485708  -0.68557397  3.35434039e-04
  0.77043558  -0.62088825  -0.14466097  1.81660274e-04
 -0.69947709   0.64480258  -0.30815812  1.86161731e-04
 -0.36289786   0.06814456   0.92933388  2.20540125e-04
  0.11336495   0.05951331  -0.99176941  2.67290980e-04
 -0.89139078   0.43473795   0.12816159  3.70513793e-04
 -0.15643656   0.78706526  -0.59670419  1.90069618e-04
  0.78524234  -0.47471281   0.39754524  2.16013326e-04
  0.33631570  -0.89649326   0.28842952  5.18063698e-04
