20
 -1.1407996218300525E+00 -2.3170985309886123E+00 3.8420614944644871E-01
 8.6717799348783771E-03 -5.8542019581469852E-03 -1.5073129615041422E-03
0
0.0
 -1.1407996218300525E+00 -2.3170985309886123E+00 3.8420614944644871E-01
 8.8120369971176424E-03 -5.6964320144790026E-03 -1.6333748008645205E-03
0
0.0
 -1.1407996218300525E+00 -2.3170985309886123E+00 3.8420614944644871E-01
 8.9608082623146169E-03 -6.0950794318476746E-03 -1.5002550720715684E-03
0
0.0
 -1.1407996218300525E+00 -2.3170985309886123E+00 3.8420614944644871E-01
 8.8755330688569008E-03 -5.9858747249690349E-03 -1.8394116942404412E-03
0
0.0
 -1.1407996218300525E+00 -2.3170985309886123E+00 3.8420614944644871E-01
 9.0191765114572449E-03 -5.8204472979500503E-03 -1.6195202313976120E-03
0
0.0
 -1.1407996218300525E+00 -2.3170985309886123E+00 3.8420614944644871E-01
 8.7676478760168892E-03 -5.9082913598937341E-03 -1.6098996065369384E-03
0
0.0
 -1.1407996218300525E+00 -2.3170985309886123E+00 3.8420614944644871E-01
 8.8211780854900758E-03 -5.8395030683847087E-03 -1.5825234362551622E-03
0
0.0
 -1.1407996218300525E+00 -2.3170985309886123E+00 3.8420614944644871E-01
 8.8321210099377868E-03 -5.9533294460756758E-03 -1.3241079144038163E-03
0
0.0
 -1.1407996218300525E+00 -2.3170985309886123E+00 3.8420614944644871E-01
 8.6605555773228149E-03 -5.9989082231588749E-03 -1.6442551658206921E-03
0
0.0
 -1.1407996218300525E+00 -2.3170985309886123E+00 3.8420614944644871E-01
 8.6892655000830443E-03 -6.1263486613809415E-03 -1.6907995836209426E-03
0
0.0
 -1.1407996218300525E+00 -2.3170985309886123E+00 3.8420614944644871E-01
 8.9560910255045215E-03 -5.8691695805317638E-03 -1.3641875503875099E-03
0
0.0
 -1.1407996218300525E+00 -2.3170985309886123E+00 3.8420614944644871E-01
 9.0344474689489952E-03 -5.8748875382854289E-03 -1.6302344598116156E-03
0
0.0
 -1.1407996218300525E+00 -2.3170985309886123E+00 3.8420614944644871E-01
 8.7890553525510444E-03 -5.9199142043954130E-03 -1.6815808289872755E-03
0
0.0
 -1.1407996218300525E+00 -2.3170985309886123E+00 3.8420614944644871E-01
 8.7166836500980789E-03 -5.9199140213419110E-03 -1.6054378766464730E-03
0
0.0
 -1.1407996218300525E+00 -2.3170985309886123E+00 3.8420614944644871E-01
 8.4981099595830070E-03 -5.8385927626817043E-03 -1.6873242017761167E-03
0
0.0
 -1.1407996218300525E+00 -2.3170985309886123E+00 3.8420614944644871E-01
 8.6441356337259422E-03 -5.7754289379430088E-03 -1.5781722085741494E-03
0
0.0
 -1.1407996218300525E+00 -2.3170985309886123E+00 3.8420614944644871E-01
 8.7545661474580424E-03 -6.0142962050432087E-03 -1.4274071459827555E-03
0
0.0
 -1.1407996218300525E+00 -2.3170985309886123E+00 3.8420614944644871E-01
 9.0061069174818160E-03 -5.7504633571963427E-03 -1.5688011620863271E-03
0
0.0
 -1.1407996218300525E+00 -2.3170985309886123E+00 3.8420614944644871E-01
 8.6422024585524164E-03 -5.8829092565390456E-03 -1.8693379049581032E-03
0
0.0
 -1.1407996218300525E+00 -2.3170985309886123E+00 3.8420614944644871E-01
 8.7330089583848702E-03 -5.8846918504625034E-03 -1.3034429806055075E-03
0
0.0
