20
-1
1
  0.73672113  -0.55498673  -0.38630521  2.22499984e-04
  0.75909163  -0.60754580  -0.23381189  3.40257724e-04
  0.01453607   0.99877521   0.04729459  1.92270528e-04
  0.25289336  -0.71680493  -0.64979661  1.59638589e-04
 -0.57577981  -0.81601278   0.05099769  2.15251922e-04
  0.40324137  -0.84488257  -0.35152503  4.34437993e-04
 -0.50881270  -0.03423050   0.86019644  2.88127296e-04
  0.36843331  -0.08416094  -0.92583683  6.01328460e-04
 -0.58004334   0.65878696  -0.47911321  2.78381357e-04
 -0.75296448  -0.21839619  -0.62076372  1.65948567e-04
 -0.08582758   0.94125937  -0.32659521  2.18756569e-04
 -0.30225493   0.13701987  -0.94332789  4.53263705e-04
 -0.30131125   0.81501891  -0.49493000  1.89045677e-04
 -0.80940837   0.00447784  -0.58722912  8.12261336e-04
  0.83205343  -0.53812193  -0.13458038  1.46945097e-04
  0.39093813  -0.68893121   0.61036150  2.01526925e-04
  0.57467317   0.07459699  -0.81497609  3.32029113e-04
 -0.94716563   0.15483821  -0.28089571  2.05860360e-04
 -0.63449187  -0.10508727   0.76575239  2.36485841e-04
  0.63859875  -0.39649183   0.65953458  1.56212469e-04
