20
 -1.1407996218300525E+00 -2.3170985309886123E+00 3.8420614944644871E-01
 8.8023289568732333E-03 -5.9373365466803569E-03 -1.4699716556607393E-03
0
0.0
 -1.1407996218300525E+00 -2.3170985309886123E+00 3.8420614944644871E-01
 8.4753319971434468E-03 -5.9493671190306652E-03 -1.4762048810648598E-03
0
0.0
 -1.1407996218300525E+00 -2.3170985309886123E+00 3.8420614944644871E-01
 8.8275726953761062E-03 -5.9341316764385523E-03 -1.7709268575519775E-03
0
0.0
 -1.1407996218300525E+00 -2.3170985309886123E+00 3.8420614944644871E-01
 8.7981634475308001E-03 -5.7593178769868728E-03 -1.9330765091922671E-03
0
0.0
 -1.1407996218300525E+00 -2.3170985309886123E+00 3.8420614944644871E-01
 8.7210242172925008E-03 -6.1922855594611177E-03 -1.6425936868910828E-03
0
0.0
 -1.1407996218300525E+00 -2.3170985309886123E+00 3.8420614944644871E-01
 8.6561189585576941E-03 -5.8012189280833727E-03 -1.7441416184406872E-03
0
0.0
 -1.1407996218300525E+00 -2.3170985309886123E+00 3.8420614944644871E-01
 8.7152471803873411E-03 -5.8546404230620814E-03 -1.8859924371829894E-03
0
0.0
 -1.1407996218300525E+00 -2.3170985309886123E+00 3.8420614944644871E-01
 8.7602350268256614E-03 -5.8349420482307866E-03 -1.5530632551330676E-03
0
0.0
 -1.1407996218300525E+00 -2.3170985309886123E+00 3.8420614944644871E-01
 8.5723320276033209E-03 -5.8770503191036922E-03 -1.7022070565721743E-03
0
0.0
 -1.1407996218300525E+00 -2.3170985309886123E+00 3.8420614944644871E-01
 8.8216123342081589E-03 -5.9405947687446855E-03 -1.6732113905329935E-03
0
0.0
 -1.1407996218300525E+00 -2.3170985309886123E+00 3.8420614944644871E-01
 8.8225706135998342E-03 -5.8696118841284478E-03 -1.6551763039580536E-03
0
0.0
 -1.1407996218300525E+00 -2.3170985309886123E+00 3.8420614944644871E-01
 8.8538414721846728E-03 -5.9076713567870528E-03 -1.4738959943610883E-03
0
0.0
 -1.1407996218300525E+00 -2.3170985309886123E+00 3.8420614944644871E-01
 8.8461322018900720E-03 -5.8817568689700558E-03 -1.7426467416892389E-03
0
0.0
 -1.1407996218300525E+00 -2.3170985309886123E+00 3.8420614944644871E-01
 9.0226411729570754E-03 -5.8643836683786371E-03 -1.4096859325583994E-03
0
0.0
 -1.1407996218300525E+00 -2.3170985309886123E+00 3.8420614944644871E-01
 8.8463722469629483E-03 -5.9435902578399702E-03 -1.6570767199650623E-03
0
0.0
 -1.1407996218300525E+00 -2.3170985309886123E+00 3.8420614944644871E-01
 8.6756750883041980E-03 -5.8309451269266876E-03 -1.5033186843841008E-03
0
0.0
 -1.1407996218300525E+00 -2.3170985309886123E+00 3.8420614944644871E-01
 9.0445968413098727E-03 -6.0870872444691009E-03 -1.5891851914555538E-03
0
0.0
 -1.1407996218300525E+00 -2.3170985309886123E+00 3.8420614944644871E-01
 8.8184796458504119E-03 -5.8781600237267605E-03 -1.5188336102760147E-03
0
0.0
 -1.1407996218300525E+00 -2.3170985309886123E+00 3.8420614944644871E-01
 8.6317258735443374E-03 -5.8708237125314868E-03 -1.7174364728541735E-03
0
0.0
 -1.1407996218300525E+00 -2.3170985309886123E+00 3.8420614944644871E-01
 8.6512505183504989E-03 -6.1401683683761530E-03 -1.4332325948010457E-03
0
0.0
